-2.215259149670600891e-02
3.642779961228370667e-02
7.340308278799057007e-03
-4.667568020522594452e-03
1.052482053637504578e-01
-1.413024514913558960e-01
-1.151258707977831364e-03
-1.498650480061769485e-02
1.678520813584327698e-02
7.851946167647838593e-03
7.024452555924654007e-03
5.463195266202092171e-04
-5.186839401721954346e-02
1.899392902851104736e-02
-7.359657436609268188e-03
3.777027130126953125e-02
3.136014938354492188e-02
4.967809468507766724e-02
1.096540363505482674e-03
-2.359372749924659729e-02
2.822394482791423798e-02
-4.448179528117179871e-02
1.060884259641170502e-02
2.083023311570286751e-03
9.388630278408527374e-03
