1.821331866085529327e-02
8.310492150485515594e-03
-7.813116535544395447e-03
-9.058573246002197266e-01
-1.395189296454191208e-02
2.930228598415851593e-02
-1.518632471561431885e-02
2.117518708109855652e-02
-1.890367642045021057e-02
1.101948879659175873e-02
7.614367604255676270e-01
3.409042209386825562e-02
-6.305343005806207657e-03
-4.097301047295331955e-03
1.462446246296167374e-02
1.517951488494873047e-02
-4.014826845377683640e-03
3.230402991175651550e-02
1.482419949024915695e-02
4.085106402635574341e-02
-5.859283264726400375e-03
-6.361736450344324112e-04
-3.433652967214584351e-02
5.682496819645166397e-03
1.571182012557983398e-01
-1.956022717058658600e-02
8.824677206575870514e-03
6.068245274946093559e-04
1.540779252536594868e-03
-3.491304442286491394e-02
-2.983962651342153549e-03
2.324341097846627235e-03
-5.350271239876747131e-03
4.199288040399551392e-02
-1.408896408975124359e-02
