5.405733245424926281e-04
-7.099848240613937378e-03
1.150651136413216591e-03
2.244438364868983626e-04
1.252824149560183287e-04
2.267262153327465057e-02
-9.230672731064260006e-05
1.016611815430223942e-03
-4.125890508294105530e-02
-2.051645331084728241e-02
-2.632047422230243683e-02
-8.595892041921615601e-02
-2.362630330026149750e-03
-3.215286135673522949e-02
3.007039055228233337e-02
-3.229156881570816040e-02
8.698543906211853027e-02
4.830956086516380310e-02
5.906927981413900852e-04
1.292523555457592010e-02
5.951568018645048141e-04
5.594961694441735744e-04
-7.802481204271316528e-02
-3.499127691611647606e-03
-1.457561552524566650e-01
