0.000000000000000000e+00 6.284845352172851562e+00 8.788066864013671875e+00
1.250000018626451492e-02 6.303590297698974609e+00 8.770910263061523438e+00
2.500000037252902985e-02 6.284939289093017578e+00 8.774172782897949219e+00
3.750000149011611938e-02 6.227199077606201172e+00 8.795384407043457031e+00
5.000000074505805969e-02 6.129127979278564453e+00 8.827536582946777344e+00
6.250000000000000000e-02 5.991793155670166016e+00 8.866431236267089844e+00
7.500000298023223877e-02 5.818367004394531250e+00 8.916121482849121094e+00
8.749999850988388062e-02 5.611865520477294922e+00 8.986741065979003906e+00
1.000000014901161194e-01 5.372977733612060547e+00 9.085931777954101562e+00
1.124999970197677612e-01 5.100329399108886719e+00 9.211522102355957031e+00
1.250000000000000000e-01 4.793455123901367188e+00 9.353009223937988281e+00
1.375000029802322388e-01 4.456017017364501953e+00 9.502168655395507812e+00
1.500000059604644775e-01 4.096012592315673828e+00 9.664299011230468750e+00
1.624999940395355225e-01 3.721789121627807617e+00 9.859218597412109375e+00
1.749999970197677612e-01 3.336278438568115234e+00 1.010794353485107422e+01
1.875000000000000000e-01 2.933980464935302734e+00 1.041260433197021484e+01
2.000000029802322388e-01 2.503853797912597656e+00 1.074430370330810547e+01
2.125000059604644775e-01 2.037089347839355469e+00 1.104998111724853516e+01
2.249999940395355225e-01 1.534806489944458008e+00 1.127656841278076172e+01
2.374999970197677612e-01 1.010185360908508301e+00 1.139804458618164062e+01
2.500000000000000000e-01 4.830965101718902588e-01 1.142793083190917969e+01
2.624999880790710449e-01 -2.950867079198360443e-02 1.140913391113281250e+01
2.750000059604644775e-01 -5.211680531501770020e-01 1.138820075988769531e+01
2.874999940395355225e-01 -9.965916275978088379e-01 1.139111518859863281e+01
3.000000119209289551e-01 -1.465455174446105957e+00 1.141554737091064453e+01
3.125000000000000000e-01 -1.933987021446228027e+00 1.144207096099853516e+01
3.249999880790710449e-01 -2.400161743164062500e+00 1.145374870300292969e+01
3.375000059604644775e-01 -2.855247259140014648e+00 1.144913387298583984e+01
3.499999940395355225e-01 -3.289683103561401367e+00 1.144061851501464844e+01
3.625000119209289551e-01 -3.698424339294433594e+00 1.144199848175048828e+01
3.750000000000000000e-01 -4.081921577453613281e+00 1.145674705505371094e+01
3.874999880790710449e-01 -4.442692279815673828e+00 1.147636604309082031e+01
4.000000059604644775e-01 -4.780848503112792969e+00 1.148894309997558594e+01
4.124999940395355225e-01 -5.092336177825927734e+00 1.148972797393798828e+01
4.250000119209289551e-01 -5.371052265167236328e+00 1.148463439941406250e+01
4.375000000000000000e-01 -5.612677097320556641e+00 1.148429965972900391e+01
4.499999880790710449e-01 -5.816834449768066406e+00 1.149446582794189453e+01
4.625000059604644775e-01 -5.985866069793701172e+00 1.151119995117187500e+01
4.749999940395355225e-01 -6.121494770050048828e+00 1.152482986450195312e+01
4.875000119209289551e-01 -6.222402095794677734e+00 1.152874755859375000e+01
5.000000000000000000e-01 -6.284787654876708984e+00 1.152517700195312500e+01
5.124999880790710449e-01 -6.305317878723144531e+00 1.152293682098388672e+01
5.249999761581420898e-01 -6.283784389495849609e+00 1.152937984466552734e+01
5.375000238418579102e-01 -6.223132610321044922e+00 1.154375743865966797e+01
5.500000119209289551e-01 -6.126872062683105469e+00 1.155791759490966797e+01
5.625000000000000000e-01 -5.996207237243652344e+00 1.156366443634033203e+01
5.749999880790710449e-01 -5.829460144042968750e+00 1.156019401550292969e+01
5.874999761581420898e-01 -5.624315738677978516e+00 1.155492210388183594e+01
6.000000238418579102e-01 -5.380893707275390625e+00 1.155682563781738281e+01
6.125000119209289551e-01 -5.102869033813476562e+00 1.156817531585693359e+01
6.250000000000000000e-01 -4.795549392700195312e+00 1.158212184906005859e+01
6.374999880790710449e-01 -4.462538242340087891e+00 1.158858489990234375e+01
6.499999761581420898e-01 -4.103984355926513672e+00 1.158346748352050781e+01
6.625000238418579102e-01 -3.718112230300903320e+00 1.157289791107177734e+01
6.750000119209289551e-01 -3.304855108261108398e+00 1.156823348999023438e+01
6.875000000000000000e-01 -2.868350028991699219e+00 1.157567787170410156e+01
6.999999880790710449e-01 -2.415807485580444336e+00 1.158965015411376953e+01
7.124999761581420898e-01 -1.953319072723388672e+00 1.159657287597656250e+01
7.250000238418579102e-01 -1.482058763504028320e+00 1.158691215515136719e+01
7.375000119209289551e-01 -9.984846711158752441e-01 1.156547927856445312e+01
7.500000000000000000e-01 -4.991566836833953857e-01 1.154993820190429688e+01
7.624999880790710449e-01 1.314156968146562576e-02 1.155619716644287109e+01
7.749999761581420898e-01 5.269153118133544922e-01 1.158037471771240234e+01
7.875000238418579102e-01 1.025824904441833496e+00 1.159149837493896484e+01
8.000000119209289551e-01 1.496979832649230957e+00 1.154274654388427734e+01
8.125000000000000000e-01 1.938154101371765137e+00 1.139599609375000000e+01
8.249999880790710449e-01 2.358734846115112305e+00 1.114434909820556641e+01
8.374999761581420898e-01 2.773385047912597656e+00 1.081785678863525391e+01
8.500000238418579102e-01 3.192429304122924805e+00 1.046875572204589844e+01
8.625000119209289551e-01 3.615181207656860352e+00 1.014607429504394531e+01
8.750000000000000000e-01 4.030253887176513672e+00 9.875786781311035156e+00
8.874999880790710449e-01 4.422010421752929688e+00 9.657442092895507812e+00
8.999999761581420898e-01 4.778372764587402344e+00 9.476057052612304688e+00
9.125000238418579102e-01 5.094905376434326172e+00 9.318199157714843750e+00
9.250000119209289551e-01 5.373364925384521484e+00 9.180518150329589844e+00
9.375000000000000000e-01 5.616975307464599609e+00 9.066901206970214844e+00
9.499999880790710449e-01 5.826522827148437500e+00 8.979852676391601562e+00
9.624999761581420898e-01 5.999868392944335938e+00 8.915125846862792969e+00
9.750000238418579102e-01 6.134284973144531250e+00 8.864188194274902344e+00
9.875000119209289551e-01 6.228881835937500000e+00 8.821309089660644531e+00
1.000000000000000000e+00 6.284842967987060547e+00 8.788068771362304688e+00
1.012500047683715820e+00 6.303590297698974609e+00 8.770910263061523438e+00
1.024999976158142090e+00 6.284941673278808594e+00 8.774171829223632812e+00
1.037500023841857910e+00 6.227204322814941406e+00 8.795382499694824219e+00
1.049999952316284180e+00 6.129136085510253906e+00 8.827533721923828125e+00
1.062500000000000000e+00 5.991804122924804688e+00 8.866428375244140625e+00
1.075000047683715820e+00 5.818379402160644531e+00 8.916117668151855469e+00
1.087499976158142090e+00 5.611880779266357422e+00 8.986735343933105469e+00
1.100000023841857910e+00 5.372994899749755859e+00 9.085924148559570312e+00
1.112499952316284180e+00 5.100349426269531250e+00 9.211512565612792969e+00
1.125000000000000000e+00 4.793476581573486328e+00 9.352999687194824219e+00
1.137500047683715820e+00 4.456040382385253906e+00 9.502158164978027344e+00
1.149999976158142090e+00 4.096037387847900391e+00 9.664286613464355469e+00
1.162500023841857910e+00 3.721814632415771484e+00 9.859203338623046875e+00
1.174999952316284180e+00 3.336304903030395508e+00 1.010792541503906250e+01
1.187500000000000000e+00 2.934008359909057617e+00 1.041258239746093750e+01
1.200000047683715820e+00 2.503884077072143555e+00 1.074428176879882812e+01
1.212499976158142090e+00 2.037122011184692383e+00 1.104996204376220703e+01
1.225000023841857910e+00 1.534841299057006836e+00 1.127655601501464844e+01
1.237499952316284180e+00 1.010221123695373535e+00 1.139803981781005859e+01
1.250000000000000000e+00 4.831317663192749023e-01 1.142793178558349609e+01
1.262500047683715820e+00 -2.947474084794521332e-02 1.140913581848144531e+01
1.274999976158142090e+00 -5.211355090141296387e-01 1.138820075988769531e+01
1.287500023841857910e+00 -9.965598583221435547e-01 1.139111423492431641e+01
1.299999952316284180e+00 -1.465423464775085449e+00 1.141554546356201172e+01
1.312500000000000000e+00 -1.933955311775207520e+00 1.144207000732421875e+01
1.325000047683715820e+00 -2.400130510330200195e+00 1.145374774932861328e+01
1.337499976158142090e+00 -2.855216979980468750e+00 1.144913482666015625e+01
1.350000023841857910e+00 -3.289654493331909180e+00 1.144061946868896484e+01
1.362499952316284180e+00 -3.698397636413574219e+00 1.144199752807617188e+01
1.375000000000000000e+00 -4.081896305084228516e+00 1.145674514770507812e+01
1.387500047683715820e+00 -4.442668914794921875e+00 1.147636413574218750e+01
1.399999976158142090e+00 -4.780826091766357422e+00 1.148894309997558594e+01
1.412500023841857910e+00 -5.092316150665283203e+00 1.148972797393798828e+01
1.424999952316284180e+00 -5.371034622192382812e+00 1.148463439941406250e+01
1.437500000000000000e+00 -5.612661838531494141e+00 1.148429965972900391e+01
1.450000047683715820e+00 -5.816822052001953125e+00 1.149446487426757812e+01
1.462499976158142090e+00 -5.985855579376220703e+00 1.151119804382324219e+01
1.475000023841857910e+00 -6.121486663818359375e+00 1.152482891082763672e+01
1.487499952316284180e+00 -6.222396373748779297e+00 1.152874755859375000e+01
1.500000000000000000e+00 -6.284784793853759766e+00 1.152517700195312500e+01
1.512500047683715820e+00 -6.305317878723144531e+00 1.152293682098388672e+01
1.524999976158142090e+00 -6.283787250518798828e+00 1.152937889099121094e+01
1.537500023841857910e+00 -6.223137855529785156e+00 1.154375648498535156e+01
1.549999952316284180e+00 -6.126879692077636719e+00 1.155791759490966797e+01
1.562500000000000000e+00 -5.996217250823974609e+00 1.156366443634033203e+01
1.575000047683715820e+00 -5.829472541809082031e+00 1.156019401550292969e+01
1.587499976158142090e+00 -5.624330997467041016e+00 1.155492210388183594e+01
1.600000023841857910e+00 -5.380911350250244141e+00 1.155682468414306641e+01
1.612499952316284180e+00 -5.102889060974121094e+00 1.156817436218261719e+01
1.625000000000000000e+00 -4.795570850372314453e+00 1.158212089538574219e+01
1.637500047683715820e+00 -4.462561607360839844e+00 1.158858489990234375e+01
1.649999976158142090e+00 -4.104009151458740234e+00 1.158346843719482422e+01
1.662500023841857910e+00 -3.718139171600341797e+00 1.157289791107177734e+01
1.674999952316284180e+00 -3.304883956909179688e+00 1.156823348999023438e+01
1.687500000000000000e+00 -2.868380069732666016e+00 1.157567691802978516e+01
1.700000047683715820e+00 -2.415838479995727539e+00 1.158964920043945312e+01
1.712499976158142090e+00 -1.953350663185119629e+00 1.159657287597656250e+01
1.725000023841857910e+00 -1.482090950012207031e+00 1.158691310882568359e+01
1.737499952316284180e+00 -9.985178709030151367e-01 1.156548023223876953e+01
1.750000000000000000e+00 -4.991909563541412354e-01 1.154993915557861328e+01
1.762500047683715820e+00 1.310672983527183533e-02 1.155619621276855469e+01
1.774999976158142090e+00 5.268809199333190918e-01 1.158037281036376953e+01
1.787500023841857910e+00 1.025792002677917480e+00 1.159149932861328125e+01
1.799999952316284180e+00 1.496948957443237305e+00 1.154275321960449219e+01
1.812500000000000000e+00 1.938125133514404297e+00 1.139600944519042969e+01
1.825000047683715820e+00 2.358706951141357422e+00 1.114436912536621094e+01
1.837499976158142090e+00 2.773356914520263672e+00 1.081788063049316406e+01
1.850000023841857910e+00 3.192400693893432617e+00 1.046877861022949219e+01
1.862499952316284180e+00 3.615152835845947266e+00 1.014609432220458984e+01
1.875000000000000000e+00 4.030226230621337891e+00 9.875803947448730469e+00
1.887500047683715820e+00 4.421985149383544922e+00 9.657455444335937500e+00
1.899999976158142090e+00 4.778349876403808594e+00 9.476068496704101562e+00
1.912500023841857910e+00 5.094885349273681641e+00 9.318208694458007812e+00
1.924999952316284180e+00 5.373347282409667969e+00 9.180526733398437500e+00
1.937500000000000000e+00 5.616959571838378906e+00 9.066907882690429688e+00
1.950000047683715820e+00 5.826509952545166016e+00 8.979857444763183594e+00
1.962499976158142090e+00 5.999857902526855469e+00 8.915129661560058594e+00
1.975000023841857910e+00 6.134277343750000000e+00 8.864191055297851562e+00
1.987499952316284180e+00 6.228876590728759766e+00 8.821311950683593750e+00
2.000000000000000000e+00 6.284840583801269531e+00 8.788070678710937500e+00
