0.000000000000000000e+00 6.282135486602783203e+00 8.790061950683593750e+00
1.250000018626451492e-02 6.302143096923828125e+00 8.771690368652343750e+00
2.500000037252902985e-02 6.282103538513183594e+00 8.775151252746582031e+00
3.750000149011611938e-02 6.220148086547851562e+00 8.797636985778808594e+00
5.000000074505805969e-02 6.114968299865722656e+00 8.831415176391601562e+00
6.250000000000000000e-02 5.967959403991699219e+00 8.872509956359863281e+00
7.500000298023223877e-02 5.782772064208984375e+00 8.926478385925292969e+00
8.749999850988388062e-02 5.562503337860107422e+00 9.004719734191894531e+00
1.000000014901161194e-01 5.307395458221435547e+00 9.113986968994140625e+00
1.124999970197677612e-01 5.015802860260009766e+00 9.249279022216796875e+00
1.250000000000000000e-01 4.688103199005126953e+00 9.398366928100585938e+00
1.375000029802322388e-01 4.329952716827392578e+00 9.555630683898925781e+00
1.500000059604644775e-01 3.951070785522460938e+00 9.732814788818359375e+00
1.624999940395355225e-01 3.559317111968994141e+00 9.954493522644042969e+00
1.749999970197677612e-01 3.154346704483032227e+00 1.023789501190185547e+01
1.875000000000000000e-01 2.726528644561767578e+00 1.057100486755371094e+01
2.000000029802322388e-01 2.263338804244995117e+00 1.090721797943115234e+01
2.125000059604644775e-01 1.759499788284301758e+00 1.118424320220947266e+01
2.249999940395355225e-01 1.223567843437194824e+00 1.135678482055664062e+01
2.374999970197677612e-01 6.756656169891357422e-01 1.142111778259277344e+01
2.500000000000000000e-01 1.374199688434600830e-01 1.141446971893310547e+01
2.624999880790710449e-01 -3.789867460727691650e-01 1.139000511169433594e+01
2.750000059604644775e-01 -8.750503063201904297e-01 1.138543701171875000e+01
2.874999940395355225e-01 -1.360919475555419922e+00 1.140667152404785156e+01
3.000000119209289551e-01 -1.845395684242248535e+00 1.143529605865478516e+01
3.125000000000000000e-01 -2.328517675399780273e+00 1.145066070556640625e+01
3.249999880790710449e-01 -2.801650524139404297e+00 1.144788455963134766e+01
3.375000059604644775e-01 -3.253858566284179688e+00 1.143903255462646484e+01
3.499999940395355225e-01 -3.678742408752441406e+00 1.143970775604248047e+01
3.625000119209289551e-01 -4.076361179351806641e+00 1.145467948913574219e+01
3.750000000000000000e-01 -4.449521064758300781e+00 1.147499561309814453e+01
3.874999880790710449e-01 -4.798418998718261719e+00 1.148766040802001953e+01
4.000000059604644775e-01 -5.118480205535888672e+00 1.148793220520019531e+01
4.124999940395355225e-01 -5.402930259704589844e+00 1.148297500610351562e+01
4.250000119209289551e-01 -5.647328853607177734e+00 1.148431110382080078e+01
4.375000000000000000e-01 -5.851797580718994141e+00 1.149678325653076172e+01
4.499999880790710449e-01 -6.019101142883300781e+00 1.151439285278320312e+01
4.625000059604644775e-01 -6.150619506835937500e+00 1.152645683288574219e+01
4.749999940395355225e-01 -6.244062900543212891e+00 1.152788829803466797e+01
4.875000119209289551e-01 -6.294980525970458984e+00 1.152382755279541016e+01
5.000000000000000000e-01 -6.300515651702880859e+00 1.152446079254150391e+01
5.124999880790710449e-01 -6.261807441711425781e+00 1.153515625000000000e+01
5.249999761581420898e-01 -6.182799339294433594e+00 1.155131530761718750e+01
5.375000238418579102e-01 -6.066638469696044922e+00 1.156280612945556641e+01
5.500000119209289551e-01 -5.913106441497802734e+00 1.156371688842773438e+01
5.625000000000000000e-01 -5.719548225402832031e+00 1.155813121795654297e+01
5.749999880790710449e-01 -5.484436511993408203e+00 1.155629920959472656e+01
5.874999761581420898e-01 -5.210160255432128906e+00 1.156471538543701172e+01
6.000000238418579102e-01 -4.902311325073242188e+00 1.157951736450195312e+01
6.125000119209289551e-01 -4.566008567810058594e+00 1.158977603912353516e+01
6.250000000000000000e-01 -4.202721595764160156e+00 1.158793926239013672e+01
6.374999880790710449e-01 -3.810735940933227539e+00 1.157759666442871094e+01
6.499999761581420898e-01 -3.389054059982299805e+00 1.157073211669921875e+01
6.625000238418579102e-01 -2.941121578216552734e+00 1.157629585266113281e+01
6.750000119209289551e-01 -2.474589347839355469e+00 1.159059715270996094e+01
6.875000000000000000e-01 -1.996798753738403320e+00 1.159934139251708984e+01
6.999999880790710449e-01 -1.509837985038757324e+00 1.159086513519287109e+01
7.124999761581420898e-01 -1.010033369064331055e+00 1.156908416748046875e+01
7.250000238418579102e-01 -4.932928979396820068e-01 1.155302906036376953e+01
7.375000119209289551e-01 3.750231117010116577e-02 1.156022930145263672e+01
7.500000000000000000e-01 5.693614482879638672e-01 1.158556556701660156e+01
7.624999880790710449e-01 1.083890199661254883e+00 1.159327220916748047e+01
7.749999761581420898e-01 1.567328214645385742e+00 1.153142929077148438e+01
7.875000238418579102e-01 2.018793106079101562e+00 1.136141014099121094e+01
8.000000119209289551e-01 2.450381517410278320e+00 1.108251953125000000e+01
8.125000000000000000e-01 2.878586053848266602e+00 1.073456573486328125e+01
8.249999880790710449e-01 3.312864780426025391e+00 1.037672710418701172e+01
8.374999761581420898e-01 3.749201774597167969e+00 1.005765438079833984e+01
8.500000238418579102e-01 4.172617435455322266e+00 9.796686172485351562e+00
8.625000119209289551e-01 4.566019058227539062e+00 9.586149215698242188e+00
8.750000000000000000e-01 4.918655872344970703e+00 9.408629417419433594e+00
8.874999880790710449e-01 5.228661060333251953e+00 9.253676414489746094e+00
8.999999761581420898e-01 5.499319076538085938e+00 9.122148513793945312e+00
9.125000238418579102e-01 5.733304977416992188e+00 9.018636703491210938e+00
9.250000119209289551e-01 5.929738044738769531e+00 8.942114830017089844e+00
9.375000000000000000e-01 6.085545063018798828e+00 8.884392738342285156e+00
9.499999880790710449e-01 6.198702812194824219e+00 8.836935043334960938e+00
9.624999761581420898e-01 6.269795417785644531e+00 8.798342704772949219e+00
9.750000238418579102e-01 6.300609588623046875e+00 8.774621963500976562e+00
9.875000119209289551e-01 6.291635036468505859e+00 8.772054672241210938e+00
1.000000000000000000e+00 6.241319656372070312e+00 8.790047645568847656e+00
1.012500047683715820e+00 6.147924900054931641e+00 8.821463584899902344e+00
1.024999976158142090e+00 6.012020111083984375e+00 8.860431671142578125e+00
1.037500023841857910e+00 5.836857795715332031e+00 8.909838676452636719e+00
1.049999952316284180e+00 5.625999450683593750e+00 8.980392456054687500e+00
1.062500000000000000e+00 5.380535602569580078e+00 9.081169128417968750e+00
1.075000047683715820e+00 5.099025249481201172e+00 9.210479736328125000e+00
1.087499976158142090e+00 4.780860900878906250e+00 9.356918334960937500e+00
1.100000023841857910e+00 4.430145740509033203e+00 9.511590003967285156e+00
1.112499952316284180e+00 4.055926799774169922e+00 9.681174278259277344e+00
1.125000000000000000e+00 3.667292356491088867e+00 9.888239860534667969e+00
1.137500047683715820e+00 3.266549825668334961e+00 1.015447330474853516e+01
1.149999976158142090e+00 2.846263408660888672e+00 1.047733974456787109e+01
1.162500023841857910e+00 2.393728494644165039e+00 1.081877899169921875e+01
1.174999952316284180e+00 1.900752782821655273e+00 1.111775875091552734e+01
1.187500000000000000e+00 1.371929168701171875e+00 1.132115268707275391e+01
1.200000047683715820e+00 8.249861598014831543e-01 1.141273689270019531e+01
1.212499976158142090e+00 2.823460400104522705e-01 1.142024230957031250e+01
1.225000023841857910e+00 -2.404254525899887085e-01 1.139576053619384766e+01
1.237499952316284180e+00 -7.412279248237609863e-01 1.138378429412841797e+01
1.250000000000000000e+00 -1.228764414787292480e+00 1.139912891387939453e+01
1.262500047683715820e+00 -1.713180780410766602e+00 1.142812347412109375e+01
1.274999976158142090e+00 -2.197244882583618164e+00 1.144843292236328125e+01
1.287500023841857910e+00 -2.674236536026000977e+00 1.144995975494384766e+01
1.299999952316284180e+00 -3.133066654205322266e+00 1.144105243682861328e+01
1.312500000000000000e+00 -3.565640687942504883e+00 1.143802356719970703e+01
1.325000047683715820e+00 -3.970429658889770508e+00 1.144950199127197266e+01
1.337499976158142090e+00 -4.350052833557128906e+00 1.146973133087158203e+01
1.350000023841857910e+00 -4.705833911895751953e+00 1.148546886444091797e+01
1.362499952316284180e+00 -5.034423828125000000e+00 1.148885250091552734e+01
1.375000000000000000e+00 -5.329200267791748047e+00 1.148414802551269531e+01
1.387500047683715820e+00 -5.584702968597412109e+00 1.148284244537353516e+01
1.399999976158142090e+00 -5.799830913543701172e+00 1.149244976043701172e+01
1.412500023841857910e+00 -5.977007865905761719e+00 1.150971126556396484e+01
1.424999952316284180e+00 -6.118356704711914062e+00 1.152419090270996094e+01
1.437500000000000000e+00 -6.222599506378173828e+00 1.152842712402343750e+01
1.450000047683715820e+00 -6.285536289215087891e+00 1.152489089965820312e+01
1.462499976158142090e+00 -6.303516864776611328e+00 1.152334213256835938e+01
1.475000023841857910e+00 -6.276547908782958984e+00 1.153133106231689453e+01
1.487499952316284180e+00 -6.208118915557861328e+00 1.154693794250488281e+01
1.500000000000000000e+00 -6.101957798004150391e+00 1.156063938140869141e+01
1.512500047683715820e+00 -5.958834171295166016e+00 1.156446552276611328e+01
1.524999976158142090e+00 -5.776465415954589844e+00 1.155973339080810547e+01
1.537500023841857910e+00 -5.552637577056884766e+00 1.155589008331298828e+01
1.549999952316284180e+00 -5.288573265075683594e+00 1.156142807006835938e+01
1.562500000000000000e+00 -4.989277839660644531e+00 1.157543563842773438e+01
1.575000047683715820e+00 -4.660409450531005859e+00 1.158802986145019531e+01
1.587499976158142090e+00 -4.304571151733398438e+00 1.158965587615966797e+01
1.600000023841857910e+00 -3.920629978179931641e+00 1.158063220977783203e+01
1.612499952316284180e+00 -3.506932258605957031e+00 1.157156562805175781e+01
1.625000000000000000e+00 -3.065523624420166016e+00 1.157349300384521484e+01
1.637500047683715820e+00 -2.603217601776123047e+00 1.158655834197998047e+01
1.649999976158142090e+00 -2.128009557723999023e+00 1.159838104248046875e+01
1.662500023841857910e+00 -1.643726587295532227e+00 1.159500885009765625e+01
1.674999952316284180e+00 -1.147954702377319336e+00 1.157541656494140625e+01
1.687500000000000000e+00 -6.359565854072570801e-01 1.155558395385742188e+01
1.700000047683715820e+00 -1.081136986613273621e-01 1.155567932128906250e+01
1.712499976158142090e+00 4.252128005027770996e-01 1.157840061187744141e+01
1.725000023841857910e+00 9.462240934371948242e-01 1.159586048126220703e+01
1.737499952316284180e+00 1.438856959342956543e+00 1.155795097351074219e+01
1.750000000000000000e+00 1.898293137550354004e+00 1.141937637329101562e+01
1.762500047683715820e+00 2.333637714385986328e+00 1.116771984100341797e+01
1.774999976158142090e+00 2.761347055435180664e+00 1.083300113677978516e+01
1.787500023841857910e+00 3.193769931793212891e+00 1.047209262847900391e+01
1.799999952316284180e+00 3.630700588226318359e+00 1.013915634155273438e+01
1.812500000000000000e+00 4.059431552886962891e+00 9.862204551696777344e+00
1.825000047683715820e+00 4.462461471557617188e+00 9.639597892761230469e+00
1.837499976158142090e+00 4.826751232147216797e+00 9.454603195190429688e+00
1.850000023841857910e+00 5.148167610168457031e+00 9.293818473815917969e+00
1.862499952316284180e+00 5.429177761077880859e+00 9.155400276184082031e+00
1.875000000000000000e+00 5.673098564147949219e+00 9.043996810913085938e+00
1.887500047683715820e+00 5.880045890808105469e+00 8.960697174072265625e+00
1.899999976158142090e+00 6.047233581542968750e+00 8.898846626281738281e+00
1.912500023841857910e+00 6.172074317932128906e+00 8.849110603332519531e+00
1.924999952316284180e+00 6.254467487335205078e+00 8.807728767395019531e+00
1.937500000000000000e+00 6.296129226684570312e+00 8.779173851013183594e+00
1.950000047683715820e+00 6.298091888427734375e+00 8.770532608032226562e+00
1.962499976158142090e+00 6.259270668029785156e+00 8.783449172973632812e+00
1.975000023841857910e+00 6.177700519561767578e+00 8.812016487121582031e+00
1.987499952316284180e+00 6.053157806396484375e+00 8.849078178405761719e+00
2.000000000000000000e+00 5.888303756713867188e+00 8.894782066345214844e+00
