0.000000000000000000e+00 6.249980449676513672e+00 8.812626838684082031e+00
1.250000018626451492e-02 6.284804821014404297e+00 8.779587745666503906e+00
2.500000037252902985e-02 6.248174190521240234e+00 8.784754753112792969e+00
3.750000149011611938e-02 6.136016368865966797e+00 8.821030616760253906e+00
5.000000074505805969e-02 5.947186470031738281e+00 8.873358726501464844e+00
6.250000000000000000e-02 5.689081668853759766e+00 8.948715209960937500e+00
7.500000298023223877e-02 5.369065761566162109e+00 9.070974349975585938e+00
8.749999850988388062e-02 4.986029148101806641e+00 9.244074821472167969e+00
1.000000014901161194e-01 4.539344310760498047e+00 9.444622039794921875e+00
1.124999970197677612e-01 4.043717861175537109e+00 9.665678977966308594e+00
1.250000000000000000e-01 3.522568464279174805e+00 9.946733474731445312e+00
1.375000029802322388e-01 2.980636596679687500e+00 1.032692527770996094e+01
1.500000059604644775e-01 2.392445087432861328e+00 1.076562786102294922e+01
1.624999940395355225e-01 1.730577468872070312e+00 1.113965511322021484e+01
1.749999970197677612e-01 1.005544543266296387e+00 1.134331130981445312e+01
1.875000000000000000e-01 2.674718499183654785e-01 1.138420677185058594e+01
2.000000029802322388e-01 -4.363287389278411865e-01 1.136368083953857422e+01
2.125000059604644775e-01 -1.098913550376892090e+00 1.136853408813476562e+01
2.249999940395355225e-01 -1.743954658508300781e+00 1.140266132354736328e+01
2.374999970197677612e-01 -2.385712862014770508e+00 1.142450332641601562e+01
2.500000000000000000e-01 -3.009675025939941406e+00 1.142089462280273438e+01
2.624999880790710449e-01 -3.591837167739868164e+00 1.141910743713378906e+01
2.750000059604644775e-01 -4.123925209045410156e+00 1.143873977661132812e+01
2.874999940395355225e-01 -4.611122608184814453e+00 1.146397495269775391e+01
3.000000119209289551e-01 -5.051927089691162109e+00 1.147264289855957031e+01
3.125000000000000000e-01 -5.432385921478271484e+00 1.147085189819335938e+01
3.249999880790710449e-01 -5.741012096405029297e+00 1.148062801361083984e+01
3.375000059604644775e-01 -5.979433059692382812e+00 1.150418186187744141e+01
3.499999940395355225e-01 -6.153014183044433594e+00 1.152168655395507812e+01
3.625000119209289551e-01 -6.257613182067871094e+00 1.152374267578125000e+01
3.750000000000000000e-01 -6.283402442932128906e+00 1.152587509155273438e+01
3.874999880790710449e-01 -6.228963851928710938e+00 1.154284858703613281e+01
4.000000059604644775e-01 -6.102971076965332031e+00 1.156461906433105469e+01
4.124999940395355225e-01 -5.910982608795166016e+00 1.157242012023925781e+01
4.250000119209289551e-01 -5.648659706115722656e+00 1.156922912597656250e+01
4.375000000000000000e-01 -5.312484264373779297e+00 1.157536220550537109e+01
4.499999880790710449e-01 -4.910872459411621094e+00 1.159523296356201172e+01
4.625000059604644775e-01 -4.457258701324462891e+00 1.160865211486816406e+01
4.749999940395355225e-01 -3.955433368682861328e+00 1.160279083251953125e+01
4.875000119209289551e-01 -3.401082754135131836e+00 1.159479618072509766e+01
5.000000000000000000e-01 -2.798622369766235352e+00 1.160575199127197266e+01
5.124999880790710449e-01 -2.166220188140869141e+00 1.162381553649902344e+01
5.249999761581420898e-01 -1.517573833465576172e+00 1.161844539642333984e+01
5.375000238418579102e-01 -8.467217087745666504e-01 1.159184074401855469e+01
5.500000119209289551e-01 -1.437570750713348389e-01 1.158633327484130859e+01
5.625000000000000000e-01 5.743603110313415527e-01 1.161805152893066406e+01
5.749999880790710449e-01 1.262131214141845703e+00 1.161797904968261719e+01
5.874999761581420898e-01 1.884352445602416992e+00 1.147205543518066406e+01
6.000000238418579102e-01 2.451761960983276367e+00 1.113163757324218750e+01
6.125000119209289551e-01 3.007928133010864258e+00 1.066914176940917969e+01
6.250000000000000000e-01 3.580019950866699219e+00 1.021398925781250000e+01
6.374999880790710449e-01 4.149721145629882812e+00 9.845643043518066406e+00
6.499999761581420898e-01 4.673716068267822266e+00 9.560789108276367188e+00
6.625000238418579102e-01 5.123262882232666016e+00 9.327642440795898438e+00
6.750000119209289551e-01 5.496785163879394531e+00 9.139028549194335938e+00
6.875000000000000000e-01 5.801136016845703125e+00 9.003866195678710938e+00
6.999999880790710449e-01 6.034551143646240234e+00 8.914011955261230469e+00
7.124999761581420898e-01 6.191083431243896484e+00 8.847001075744628906e+00
7.250000238418579102e-01 6.271280765533447266e+00 8.796426773071289062e+00
7.375000119209289551e-01 6.279644966125488281e+00 8.776906967163085938e+00
7.500000000000000000e-01 6.215432643890380859e+00 8.795635223388671875e+00
7.624999880790710449e-01 6.074337005615234375e+00 8.838956832885742188e+00
7.749999761581420898e-01 5.858517646789550781e+00 8.897502899169921875e+00
7.875000238418579102e-01 5.576886177062988281e+00 8.987819671630859375e+00
8.000000119209289551e-01 5.233860969543457031e+00 9.130516052246093750e+00
8.125000000000000000e-01 4.826552867889404297e+00 9.316946983337402344e+00
8.249999880790710449e-01 4.358969211578369141e+00 9.523434638977050781e+00
8.374999761581420898e-01 3.851453304290771484e+00 9.760435104370117188e+00
8.500000238418579102e-01 3.323772907257080078e+00 1.007674503326416016e+01
8.625000119209289551e-01 2.768652677536010742e+00 1.048914051055908203e+01
8.750000000000000000e-01 2.154828071594238281e+00 1.092001533508300781e+01
8.874999880790710449e-01 1.465516805648803711e+00 1.123799228668212891e+01
8.999999761581420898e-01 7.287508249282836914e-01 1.137323570251464844e+01
9.125000238418579102e-01 -3.270200104452669621e-04 1.137760353088378906e+01
9.250000119209289551e-01 -6.871930956840515137e-01 1.136045455932617188e+01
9.375000000000000000e-01 -1.340096354484558105e+00 1.137993621826171875e+01
9.499999880790710449e-01 -1.983816862106323242e+00 1.141409397125244141e+01
9.624999761581420898e-01 -2.621843338012695312e+00 1.142517566680908203e+01
9.750000238418579102e-01 -3.232524156570434570e+00 1.141824150085449219e+01
9.875000119209289551e-01 -3.795885801315307617e+00 1.142408847808837891e+01
1.000000000000000000e+00 -4.310569763183593750e+00 1.144904613494873047e+01
1.012500047683715820e+00 -4.781467437744140625e+00 1.146954822540283203e+01
1.024999976158142090e+00 -5.201693534851074219e+00 1.147196006774902344e+01
1.037500023841857910e+00 -5.556035041809082031e+00 1.147233390808105469e+01
1.049999952316284180e+00 -5.837722778320312500e+00 1.148865509033203125e+01
1.062500000000000000e+00 -6.051688671112060547e+00 1.151249694824218750e+01
1.075000047683715820e+00 -6.200630664825439453e+00 1.152384376525878906e+01
1.087499976158142090e+00 -6.276813983917236328e+00 1.152333164215087891e+01
1.100000023841857910e+00 -6.272137165069580078e+00 1.153043746948242188e+01
1.112499952316284180e+00 -6.189837932586669922e+00 1.155159854888916016e+01
1.125000000000000000e+00 -6.039169311523437500e+00 1.156965351104736328e+01
1.137500047683715820e+00 -5.821782588958740234e+00 1.157148742675781250e+01
1.149999976158142090e+00 -5.531787395477294922e+00 1.156952953338623047e+01
1.162500023841857910e+00 -5.169615745544433594e+00 1.158191871643066406e+01
1.174999952316284180e+00 -4.747323036193847656e+00 1.160226249694824219e+01
1.187500000000000000e+00 -4.276006221771240234e+00 1.160840415954589844e+01
1.200000047683715820e+00 -3.755017042160034180e+00 1.159851837158203125e+01
1.212499976158142090e+00 -3.181309223175048828e+00 1.159642124176025391e+01
1.225000023841857910e+00 -2.565253496170043945e+00 1.161340332031250000e+01
1.237499952316284180e+00 -1.926177263259887695e+00 1.162560272216796875e+01
1.250000000000000000e+00 -1.270844221115112305e+00 1.160918331146240234e+01
1.262500047683715820e+00 -5.883005857467651367e-01 1.158497524261474609e+01
1.274999976158142090e+00 1.242925226688385010e-01 1.159552001953125000e+01
1.287500023841857910e+00 8.369585871696472168e-01 1.162792778015136719e+01
1.299999952316284180e+00 1.502333879470825195e+00 1.158575630187988281e+01
1.312500000000000000e+00 2.100237846374511719e+00 1.136647605895996094e+01
1.325000047683715820e+00 2.658106327056884766e+00 1.096658039093017578e+01
1.337499976158142090e+00 3.219352245330810547e+00 1.049240016937255859e+01
1.350000023841857910e+00 3.794919490814208984e+00 1.006519603729248047e+01
1.362499952316284180e+00 4.352600574493408203e+00 9.731540679931640625e+00
1.375000000000000000e+00 4.850592613220214844e+00 9.468935966491699219e+00
1.387500047683715820e+00 5.270965099334716797e+00 9.251585960388183594e+00
1.399999976158142090e+00 5.618204593658447266e+00 9.082246780395507812e+00
1.412500023841857910e+00 5.896824359893798828e+00 8.966264724731445312e+00
1.424999952316284180e+00 6.102060317993164062e+00 8.887313842773437500e+00
1.437500000000000000e+00 6.229642391204833984e+00 8.825676918029785156e+00
1.450000047683715820e+00 6.282667636871337891e+00 8.784644126892089844e+00
1.462499976158142090e+00 6.264447689056396484e+00 8.779818534851074219e+00
1.475000023841857910e+00 6.171922683715820312e+00 8.809886932373046875e+00
1.487499952316284180e+00 6.002182006835937500e+00 8.858663558959960938e+00
1.500000000000000000e+00 5.760759830474853516e+00 8.925998687744140625e+00
1.512500047683715820e+00 5.456259727478027344e+00 9.034578323364257812e+00
1.524999976158142090e+00 5.089645862579345703e+00 9.196352005004882812e+00
1.537500023841857910e+00 4.658490657806396484e+00 9.392196655273437500e+00
1.549999952316284180e+00 4.173030376434326172e+00 9.605980873107910156e+00
1.562500000000000000e+00 3.656702041625976562e+00 9.866540908813476562e+00
1.575000047683715820e+00 3.121461153030395508e+00 1.022121906280517578e+01
1.587499976158142090e+00 2.548353433609008789e+00 1.065458393096923828e+01
1.600000023841857910e+00 1.906194329261779785e+00 1.105800914764404297e+01
1.612499952316284180e+00 1.193540811538696289e+00 1.130951595306396484e+01
1.625000000000000000e+00 4.532730579376220703e-01 1.138432598114013672e+01
1.637500047683715820e+00 -2.617536783218383789e-01 1.136865329742431641e+01
1.649999976158142090e+00 -9.331547021865844727e-01 1.136326885223388672e+01
1.662500023841857910e+00 -1.580272078514099121e+00 1.139352035522460938e+01
1.674999952316284180e+00 -2.223187446594238281e+00 1.142176437377929688e+01
1.687500000000000000e+00 -2.854137182235717773e+00 1.142303657531738281e+01
1.700000047683715820e+00 -3.448560476303100586e+00 1.141768932342529297e+01
1.712499976158142090e+00 -3.993097782135009766e+00 1.143209934234619141e+01
1.725000023841857910e+00 -4.491282939910888672e+00 1.145859813690185547e+01
1.737499952316284180e+00 -4.944873809814453125e+00 1.147222995758056641e+01
1.750000000000000000e+00 -5.342193126678466797e+00 1.147097587585449219e+01
1.762500047683715820e+00 -5.669438362121582031e+00 1.147637176513671875e+01
1.774999976158142090e+00 -5.925052642822265625e+00 1.149787235260009766e+01
1.787500023841857910e+00 -6.115041255950927734e+00 1.151880931854248047e+01
1.799999952316284180e+00 -6.238139629364013672e+00 1.152411365509033203e+01
1.812500000000000000e+00 -6.284631729125976562e+00 1.152414703369140625e+01
1.825000047683715820e+00 -6.250007152557373047e+00 1.153725624084472656e+01
1.837499976158142090e+00 -6.141307353973388672e+00 1.155986595153808594e+01
1.850000023841857910e+00 -5.966193199157714844e+00 1.157210540771484375e+01
1.862499952316284180e+00 -5.722411632537841797e+00 1.156995201110839844e+01
1.875000000000000000e+00 -5.404734611511230469e+00 1.157213592529296875e+01
1.887500047683715820e+00 -5.018402099609375000e+00 1.158978652954101562e+01
1.899999976158142090e+00 -4.577111244201660156e+00 1.160706233978271484e+01
1.912500023841857910e+00 -4.087885379791259766e+00 1.160559749603271484e+01
1.924999952316284180e+00 -3.547104597091674805e+00 1.159547615051269531e+01
1.937500000000000000e+00 -2.955529451370239258e+00 1.160114765167236328e+01
1.950000047683715820e+00 -2.328835725784301758e+00 1.162040996551513672e+01
1.962499976158142090e+00 -1.684103846549987793e+00 1.162285518646240234e+01
1.975000023841857910e+00 -1.020252108573913574e+00 1.159852695465087891e+01
1.987499952316284180e+00 -3.253104388713836670e-01 1.158356666564941406e+01
2.000000000000000000e+00 3.925746083259582520e-01 1.160875129699707031e+01
