0.000000000000000000e+00 6.249575614929199219e+00 8.812956809997558594e+00
1.250000018626451492e-02 6.284590721130371094e+00 8.779733657836914062e+00
2.500000037252902985e-02 6.247750282287597656e+00 8.784925460815429688e+00
3.750000149011611938e-02 6.134951114654541016e+00 8.821368217468261719e+00
5.000000074505805969e-02 5.945065498352050781e+00 8.873929977416992188e+00
6.250000000000000000e-02 5.685588359832763672e+00 8.949820518493652344e+00
7.500000298023223877e-02 5.363890647888183594e+00 9.073073387145996094e+00
8.749999850988388062e-02 4.978779792785644531e+00 9.247254371643066406e+00
1.000000014901161194e-01 4.529771327972412109e+00 9.448658943176269531e+00
1.124999970197677612e-01 4.031992435455322266e+00 9.671049118041992188e+00
1.250000000000000000e-01 3.508966445922851562e+00 9.954908370971679688e+00
1.375000029802322388e-01 2.964761734008789062e+00 1.033854866027832031e+01
1.500000059604644775e-01 2.373123407363891602e+00 1.077836227416992188e+01
1.624999940395355225e-01 1.707007050514221191e+00 1.114905548095703125e+01
1.749999970197677612e-01 9.785044193267822266e-01 1.134675312042236328e+01
1.875000000000000000e-01 2.389064878225326538e-01 1.138347244262695312e+01
2.000000029802322388e-01 -4.651105999946594238e-01 1.136281776428222656e+01
2.125000059604644775e-01 -1.128260374069213867e+00 1.136948585510253906e+01
2.249999940395355225e-01 -1.774830102920532227e+00 1.140404224395751953e+01
2.374999970197677612e-01 -2.417997598648071289e+00 1.142457866668701172e+01
2.500000000000000000e-01 -3.042024374008178711e+00 1.142025661468505859e+01
2.624999880790710449e-01 -3.623073101043701172e+00 1.141948127746582031e+01
2.750000059604644775e-01 -4.153868198394775391e+00 1.144020175933837891e+01
2.874999940395355225e-01 -4.639779090881347656e+00 1.146494865417480469e+01
3.000000119209289551e-01 -5.078444480895996094e+00 1.147249031066894531e+01
3.125000000000000000e-01 -5.455413818359375000e+00 1.147088432312011719e+01
3.249999880790710449e-01 -5.759850978851318359e+00 1.148195838928222656e+01
3.375000059604644775e-01 -5.994136810302734375e+00 1.150589847564697266e+01
3.499999940395355225e-01 -6.163304805755615234e+00 1.152230834960937500e+01
3.625000119209289551e-01 -6.262381553649902344e+00 1.152364826202392578e+01
3.750000000000000000e-01 -6.281648635864257812e+00 1.152674674987792969e+01
3.874999880790710449e-01 -6.220693111419677734e+00 1.154491233825683594e+01
4.000000059604644775e-01 -6.088573455810546875e+00 1.156613826751708984e+01
4.124999940395355225e-01 -5.890049934387207031e+00 1.157246494293212891e+01
4.250000119209289551e-01 -5.620206832885742188e+00 1.156931781768798828e+01
4.375000000000000000e-01 -5.276340961456298828e+00 1.157708930969238281e+01
4.499999880790710449e-01 -4.868001461029052734e+00 1.159748458862304688e+01
4.625000059604644775e-01 -4.408326625823974609e+00 1.160913085937500000e+01
4.749999940395355225e-01 -3.899870395660400391e+00 1.160184669494628906e+01
4.875000119209289551e-01 -3.338371515274047852e+00 1.159525680541992188e+01
5.000000000000000000e-01 -2.729955673217773438e+00 1.160829925537109375e+01
5.124999880790710449e-01 -2.093605518341064453e+00 1.162513637542724609e+01
5.249999761581420898e-01 -1.441243171691894531e+00 1.161620903015136719e+01
5.375000238418579102e-01 -7.649860978126525879e-01 1.158957099914550781e+01
5.500000119209289551e-01 -5.658105015754699707e-02 1.158912467956542969e+01
5.625000000000000000e-01 6.625736355781555176e-01 1.162248611450195312e+01
5.749999880790710449e-01 1.345239639282226562e+00 1.161004352569580078e+01
5.874999761581420898e-01 1.960452675819396973e+00 1.143891429901123047e+01
6.000000238418579102e-01 2.525179386138916016e+00 1.107513523101806641e+01
6.125000119209289551e-01 3.084205150604248047e+00 1.060508060455322266e+01
6.250000000000000000e-01 3.659495830535888672e+00 1.015793704986572266e+01
6.374999880790710449e-01 4.227010726928710938e+00 9.801839828491210938e+00
6.499999761581420898e-01 4.742962360382080078e+00 9.525126457214355469e+00
6.625000238418579102e-01 5.182385444641113281e+00 9.297362327575683594e+00
6.750000119209289551e-01 5.546422004699707031e+00 9.115626335144042969e+00
6.875000000000000000e-01 5.841277122497558594e+00 8.988045692443847656e+00
6.999999880790710449e-01 6.063802719116210938e+00 8.902833938598632812e+00
7.124999761581420898e-01 6.208528518676757812e+00 8.837889671325683594e+00
7.250000238418579102e-01 6.277194499969482422e+00 8.790907859802246094e+00
7.375000119209289551e-01 6.274002075195312500e+00 8.777639389038085938e+00
7.500000000000000000e-01 6.197109699249267578e+00 8.801741600036621094e+00
7.624999880790710449e-01 6.042599201202392578e+00 8.847749710083007812e+00
7.749999761581420898e-01 5.814221858978271484e+00 8.910083770751953125e+00
7.875000238418579102e-01 5.521057605743408203e+00 9.008802413940429688e+00
8.000000119209289551e-01 5.165953159332275391e+00 9.161196708679199219e+00
8.125000000000000000e-01 4.745906352996826172e+00 9.353116035461425781e+00
8.249999880790710449e-01 4.267842769622802734e+00 9.563400268554687500e+00
8.374999761581420898e-01 3.754197597503662109e+00 9.811748504638671875e+00
8.500000238418579102e-01 3.221495389938354492e+00 1.014806365966796875e+01
8.625000119209289551e-01 2.656304359436035156e+00 1.057389354705810547e+01
8.750000000000000000e-01 2.026329755783081055e+00 1.099398899078369141e+01
8.874999880790710449e-01 1.322153329849243164e+00 1.127870178222656250e+01
8.999999761581420898e-01 5.803759098052978516e-01 1.138077545166015625e+01
9.125000238418579102e-01 -1.437021642923355103e-01 1.137242221832275391e+01
9.250000119209289551e-01 -8.237572312355041504e-01 1.136103153228759766e+01
9.375000000000000000e-01 -1.474817395210266113e+00 1.138721179962158203e+01
9.499999880790710449e-01 -2.119889259338378906e+00 1.141872596740722656e+01
9.624999761581420898e-01 -2.756054162979125977e+00 1.142396736145019531e+01
9.750000238418579102e-01 -3.359287977218627930e+00 1.141740798950195312e+01
9.875000119209289551e-01 -3.913088798522949219e+00 1.142835617065429688e+01
1.000000000000000000e+00 -4.419275283813476562e+00 1.145478725433349609e+01
1.012500047683715820e+00 -4.881190299987792969e+00 1.147136211395263672e+01
1.024999976158142090e+00 -5.288846969604492188e+00 1.147121047973632812e+01
1.037500023841857910e+00 -5.627471446990966797e+00 1.147447109222412109e+01
1.049999952316284180e+00 -5.893487453460693359e+00 1.149435138702392578e+01
1.062500000000000000e+00 -6.092814445495605469e+00 1.151676559448242188e+01
1.075000047683715820e+00 -6.225740432739257812e+00 1.152418899536132812e+01
1.087499976158142090e+00 -6.282969951629638672e+00 1.152372169494628906e+01
1.100000023841857910e+00 -6.258507251739501953e+00 1.153480529785156250e+01
1.112499952316284180e+00 -6.158275127410888672e+00 1.155734634399414062e+01
1.125000000000000000e+00 -5.990759849548339844e+00 1.157171440124511719e+01
1.137500047683715820e+00 -5.754930019378662109e+00 1.157059955596923828e+01
1.149999976158142090e+00 -5.445057392120361328e+00 1.157126808166503906e+01
1.162500023841857910e+00 -5.064867973327636719e+00 1.158757019042968750e+01
1.174999952316284180e+00 -4.627902507781982422e+00 1.160617256164550781e+01
1.187500000000000000e+00 -4.142602443695068359e+00 1.160687732696533203e+01
1.200000047683715820e+00 -3.605992555618286133e+00 1.159642887115478516e+01
1.212499976158142090e+00 -3.017526388168334961e+00 1.159991836547851562e+01
1.225000023841857910e+00 -2.391670465469360352e+00 1.161906337738037109e+01
1.237499952316284180e+00 -1.746587872505187988e+00 1.162434291839599609e+01
1.250000000000000000e+00 -1.083247303962707520e+00 1.160154533386230469e+01
1.262500047683715820e+00 -3.894032239913940430e-01 1.158373165130615234e+01
1.274999976158142090e+00 3.297460377216339111e-01 1.160588741302490234e+01
1.287500023841857910e+00 1.035378336906433105e+00 1.162929058074951172e+01
1.299999952316284180e+00 1.682942390441894531e+00 1.154331970214843750e+01
1.312500000000000000e+00 2.266157865524291992e+00 1.126505470275878906e+01
1.325000047683715820e+00 2.822594404220581055e+00 1.082812118530273438e+01
1.337499976158142090e+00 3.390628099441528320e+00 1.035639858245849609e+01
1.350000023841857910e+00 3.967039585113525391e+00 9.955466270446777344e+00
1.362499952316284180e+00 4.511860847473144531e+00 9.646232604980468750e+00
1.375000000000000000e+00 4.987987995147705078e+00 9.398043632507324219e+00
1.387500047683715820e+00 5.386020183563232422e+00 9.193626403808593750e+00
1.399999976158142090e+00 5.712807178497314453e+00 9.040778160095214844e+00
1.412500023841857910e+00 5.969823837280273438e+00 8.938747406005859375e+00
1.424999952316284180e+00 6.151003837585449219e+00 8.866378784179687500e+00
1.437500000000000000e+00 6.254388332366943359e+00 8.809593200683593750e+00
1.450000047683715820e+00 6.284373283386230469e+00 8.778786659240722656e+00
1.462499976158142090e+00 6.242358684539794922e+00 8.786679267883300781e+00
1.475000023841857910e+00 6.124073505401611328e+00 8.824626922607421875e+00
1.487499952316284180e+00 5.928972721099853516e+00 8.878243446350097656e+00
1.500000000000000000e+00 5.664962768554687500e+00 8.956699371337890625e+00
1.512500047683715820e+00 5.338932991027832031e+00 9.083841323852539062e+00
1.524999976158142090e+00 4.949223041534423828e+00 9.260833740234375000e+00
1.537500023841857910e+00 4.496077537536621094e+00 9.463387489318847656e+00
1.549999952316284180e+00 3.995811700820922852e+00 9.688337326049804688e+00
1.562500000000000000e+00 3.471546888351440430e+00 9.978534698486328125e+00
1.575000047683715820e+00 2.925125360488891602e+00 1.036879730224609375e+01
1.587499976158142090e+00 2.328857183456420898e+00 1.080833053588867188e+01
1.600000023841857910e+00 1.657368063926696777e+00 1.116923046112060547e+01
1.612499952316284180e+00 9.261581897735595703e-01 1.135368633270263672e+01
1.625000000000000000e+00 1.879039406776428223e-01 1.138253116607666016e+01
1.637500047683715820e+00 -5.128781199455261230e-01 1.136189842224121094e+01
1.649999976158142090e+00 -1.173965930938720703e+00 1.137145233154296875e+01
1.662500023841857910e+00 -1.820206284523010254e+00 1.140636825561523438e+01
1.674999952316284180e+00 -2.462818145751953125e+00 1.142489051818847656e+01
1.687500000000000000e+00 -3.084499120712280273e+00 1.141969013214111328e+01
1.700000047683715820e+00 -3.662006616592407227e+00 1.142026138305664062e+01
1.712499976158142090e+00 -4.189449787139892578e+00 1.144215297698974609e+01
1.725000023841857910e+00 -4.672296524047851562e+00 1.146613788604736328e+01
1.737499952316284180e+00 -5.107163429260253906e+00 1.147240638732910156e+01
1.750000000000000000e+00 -5.479237079620361328e+00 1.147106647491455078e+01
1.762500047683715820e+00 -5.778534889221191406e+00 1.148340797424316406e+01
1.774999976158142090e+00 -6.008152484893798828e+00 1.150753879547119141e+01
1.787500023841857910e+00 -6.172685623168945312e+00 1.152280426025390625e+01
1.799999952316284180e+00 -6.266427516937255859e+00 1.152354526519775391e+01
1.812500000000000000e+00 -6.279907226562500000e+00 1.152752685546875000e+01
1.825000047683715820e+00 -6.213614463806152344e+00 1.154656791687011719e+01
1.837499976158142090e+00 -6.076797485351562500e+00 1.156717491149902344e+01
1.850000023841857910e+00 -5.873487949371337891e+00 1.157232379913330078e+01
1.862499952316284180e+00 -5.598404407501220703e+00 1.156931400299072266e+01
1.875000000000000000e+00 -5.249557971954345703e+00 1.157828330993652344e+01
1.887500047683715820e+00 -4.837244510650634766e+00 1.159886646270751953e+01
1.899999976158142090e+00 -4.374212265014648438e+00 1.160915756225585938e+01
1.912500023841857910e+00 -3.862140417098999023e+00 1.160101985931396484e+01
1.924999952316284180e+00 -3.296940565109252930e+00 1.159549236297607422e+01
1.937500000000000000e+00 -2.685879945755004883e+00 1.160975170135498047e+01
1.950000047683715820e+00 -2.048238039016723633e+00 1.162556362152099609e+01
1.962499976158142090e+00 -1.394641876220703125e+00 1.161449146270751953e+01
1.975000023841857910e+00 -7.161833047866821289e-01 1.158818435668945312e+01
1.987499952316284180e+00 -5.882509984076023102e-03 1.159079456329345703e+01
2.000000000000000000e+00 7.123453021049499512e-01 1.162449359893798828e+01
