0.000000000000000000e+00 6.249160289764404297e+00 8.813186645507812500e+00
1.250000018626451492e-02 6.284366607666015625e+00 8.779779434204101562e+00
2.500000037252902985e-02 6.247316837310791016e+00 8.784996986389160156e+00
3.750000149011611938e-02 6.133875370025634766e+00 8.821605682373046875e+00
5.000000074505805969e-02 5.942931175231933594e+00 8.874402999877929688e+00
6.250000000000000000e-02 5.682079315185546875e+00 8.950831413269042969e+00
7.500000298023223877e-02 5.358695507049560547e+00 9.075082778930664062e+00
8.749999850988388062e-02 4.971506595611572266e+00 9.250341415405273438e+00
1.000000014901161194e-01 4.520174503326416016e+00 9.452603340148925781e+00
1.124999970197677612e-01 4.020250797271728516e+00 9.676349639892578125e+00
1.250000000000000000e-01 3.495350837707519531e+00 9.963044166564941406e+00
1.375000029802322388e-01 2.948852062225341797e+00 1.035011196136474609e+01
1.500000059604644775e-01 2.353732585906982422e+00 1.079092311859130859e+01
1.624999940395355225e-01 1.683364748954772949e+00 1.115815067291259766e+01
1.749999970197677612e-01 9.514472484588623047e-01 1.134988021850585938e+01
1.875000000000000000e-01 2.103956043720245361e-01 1.138256359100341797e+01
2.000000029802322388e-01 -4.938186109066009521e-01 1.136192131042480469e+01
2.125000059604644775e-01 -1.157572150230407715e+00 1.137039852142333984e+01
2.249999940395355225e-01 -1.805694580078125000e+00 1.140528106689453125e+01
2.374999970197677612e-01 -2.450224876403808594e+00 1.142448329925537109e+01
2.500000000000000000e-01 -3.074237823486328125e+00 1.141953659057617188e+01
2.624999880790710449e-01 -3.654137849807739258e+00 1.141983509063720703e+01
2.750000059604644775e-01 -4.183646678924560547e+00 1.144157791137695312e+01
2.874999940395355225e-01 -4.668247699737548828e+00 1.146574687957763672e+01
3.000000119209289551e-01 -5.104691028594970703e+00 1.147219944000244141e+01
3.125000000000000000e-01 -5.478094577789306641e+00 1.147088909149169922e+01
3.249999880790710449e-01 -5.778331279754638672e+00 1.148326301574707031e+01
3.375000059604644775e-01 -6.008486270904541016e+00 1.150746822357177734e+01
3.499999940395355225e-01 -6.173182487487792969e+00 1.152273178100585938e+01
3.625000119209289551e-01 -6.266639709472656250e+00 1.152347373962402344e+01
3.750000000000000000e-01 -6.279345512390136719e+00 1.152764225006103516e+01
3.874999880790710449e-01 -6.211909294128417969e+00 1.154690265655517578e+01
4.000000059604644775e-01 -6.073668479919433594e+00 1.156742858886718750e+01
4.124999940395355225e-01 -5.868529319763183594e+00 1.157232952117919922e+01
4.250000119209289551e-01 -5.591099262237548828e+00 1.156942844390869141e+01
4.375000000000000000e-01 -5.239599704742431641e+00 1.157886219024658203e+01
4.499999880790710449e-01 -4.824638843536376953e+00 1.159954452514648438e+01
4.625000059604644775e-01 -4.358898162841796875e+00 1.160929107666015625e+01
4.749999940395355225e-01 -3.843720197677612305e+00 1.160082149505615234e+01
4.875000119209289551e-01 -3.275108575820922852e+00 1.159589195251464844e+01
5.000000000000000000e-01 -2.660960912704467773e+00 1.161081314086914062e+01
5.124999880790710449e-01 -2.020815849304199219e+00 1.162598228454589844e+01
5.249999761581420898e-01 -1.364601731300354004e+00 1.161359119415283203e+01
5.375000238418579102e-01 -6.827647686004638672e-01 1.158762264251708984e+01
5.500000119209289551e-01 3.079427033662796021e-02 1.159244155883789062e+01
5.625000000000000000e-01 7.502120733261108398e-01 1.162616729736328125e+01
5.749999880790710449e-01 1.427188158035278320e+00 1.159934234619140625e+01
5.874999761581420898e-01 2.035631656646728516e+00 1.140227031707763672e+01
6.000000238418579102e-01 2.598483085632324219e+00 1.101664066314697266e+01
6.125000119209289551e-01 3.160805940628051758e+00 1.054147624969482422e+01
6.250000000000000000e-01 3.738826274871826172e+00 1.010365772247314453e+01
6.374999880790710449e-01 4.303237438201904297e+00 9.759501457214355469e+00
6.499999761581420898e-01 4.810593128204345703e+00 9.490264892578125000e+00
6.625000238418579102e-01 5.239898204803466797e+00 9.267910957336425781e+00
6.750000119209289551e-01 5.594545364379882812e+00 9.093358993530273438e+00
6.875000000000000000e-01 5.879747867584228516e+00 8.973118782043457031e+00
6.999999880790710449e-01 6.091160774230957031e+00 8.891980171203613281e+00
7.124999761581420898e-01 6.224063396453857422e+00 8.829065322875976562e+00
7.250000238418579102e-01 6.281260490417480469e+00 8.786175727844238281e+00
7.375000119209289551e-01 6.266389369964599609e+00 8.779312133789062500e+00
7.500000000000000000e-01 6.176613807678222656e+00 8.808319091796875000e+00
7.624999880790710449e-01 6.008727073669433594e+00 8.856825828552246094e+00
7.749999761581420898e-01 5.768022537231445312e+00 8.923634529113769531e+00
7.875000238418579102e-01 5.463355541229248047e+00 9.031404495239257812e+00
8.000000119209289551e-01 5.095972061157226562e+00 9.193038940429687500e+00
8.125000000000000000e-01 4.663324832916259766e+00 9.389646530151367188e+00
8.249999880790710449e-01 4.175536155700683594e+00 9.604418754577636719e+00
8.374999761581420898e-01 3.656386137008666992e+00 9.866107940673828125e+00
8.500000238418579102e-01 3.118154525756835938e+00 1.022272491455078125e+01
8.625000119209289551e-01 2.541549682617187500e+00 1.065839767456054688e+01
8.750000000000000000e-01 1.894905924797058105e+00 1.106244850158691406e+01
8.874999880790710449e-01 1.177265048027038574e+00 1.131182956695556641e+01
8.999999761581420898e-01 4.327875673770904541e-01 1.138374805450439453e+01
9.125000238418579102e-01 -2.851448953151702881e-01 1.136732482910156250e+01
9.250000119209289551e-01 -9.590787887573242188e-01 1.136338043212890625e+01
9.375000000000000000e-01 -1.609367847442626953e+00 1.139458560943603516e+01
9.499999880790710449e-01 -2.255621194839477539e+00 1.142188262939453125e+01
9.624999761581420898e-01 -2.888696670532226562e+00 1.142207717895507812e+01
9.750000238418579102e-01 -3.483629226684570312e+00 1.141746139526367188e+01
9.875000119209289551e-01 -4.027974128723144531e+00 1.143337917327880859e+01
1.000000000000000000e+00 -4.525835037231445312e+00 1.145984554290771484e+01
1.012500047683715820e+00 -4.978163242340087891e+00 1.147210597991943359e+01
1.024999976158142090e+00 -5.372336387634277344e+00 1.147059726715087891e+01
1.037500023841857910e+00 -5.694974899291992188e+00 1.147755241394042969e+01
1.049999952316284180e+00 -5.945625305175781250e+00 1.150010490417480469e+01
1.062500000000000000e+00 -6.130262851715087891e+00 1.151996517181396484e+01
1.075000047683715820e+00 -6.246482372283935547e+00 1.152393341064453125e+01
1.087499976158142090e+00 -6.284257411956787109e+00 1.152482509613037109e+01
1.100000023841857910e+00 -6.240307331085205078e+00 1.153988742828369141e+01
1.112499952316284180e+00 -6.122630119323730469e+00 1.156242370605468750e+01
1.125000000000000000e+00 -5.938081741333007812e+00 1.157256698608398438e+01
1.137500047683715820e+00 -5.683259963989257812e+00 1.156977272033691406e+01
1.149999976158142090e+00 -5.353646278381347656e+00 1.157413196563720703e+01
1.162500023841857910e+00 -4.956341743469238281e+00 1.159333229064941406e+01
1.174999952316284180e+00 -4.505245208740234375e+00 1.160858345031738281e+01
1.187500000000000000e+00 -4.005593776702880859e+00 1.160435867309570312e+01
1.200000047683715820e+00 -3.453158855438232422e+00 1.159542274475097656e+01
1.212499976158142090e+00 -2.850986242294311523e+00 1.160470008850097656e+01
1.225000023841857910e+00 -2.216781377792358398e+00 1.162348842620849609e+01
1.237499952316284180e+00 -1.565723061561584473e+00 1.162049770355224609e+01
1.250000000000000000e+00 -8.931751251220703125e-01 1.159417247772216797e+01
1.262500047683715820e+00 -1.882508695125579834e-01 1.158610057830810547e+01
1.274999976158142090e+00 5.341768860816955566e-01 1.161679840087890625e+01
1.287500023841857910e+00 1.228740096092224121e+00 1.162133789062500000e+01
1.299999952316284180e+00 1.857773303985595703e+00 1.148376178741455078e+01
1.312500000000000000e+00 2.429683923721313477e+00 1.114931774139404297e+01
1.325000047683715820e+00 2.988303899765014648e+00 1.068676567077636719e+01
1.337499976158142090e+00 3.562846660614013672e+00 1.022731399536132812e+01
1.350000023841857910e+00 4.136229038238525391e+00 9.854305267333984375e+00
1.362499952316284180e+00 4.664558410644531250e+00 9.566224098205566406e+00
1.375000000000000000e+00 5.117939472198486328e+00 9.330858230590820312e+00
1.387500047683715820e+00 5.494328498840332031e+00 9.140551567077636719e+00
1.399999976158142090e+00 5.800672531127929688e+00 9.004344940185546875e+00
1.412500023841857910e+00 6.035230159759521484e+00 8.913993835449218750e+00
1.424999952316284180e+00 6.191990375518798828e+00 8.846660614013671875e+00
1.437500000000000000e+00 6.271582126617431641e+00 8.796038627624511719e+00
1.450000047683715820e+00 6.278572082519531250e+00 8.777082443237304688e+00
1.462499976158142090e+00 6.212084293365478516e+00 8.796693801879882812e+00
1.475000023841857910e+00 6.067785263061523438e+00 8.840714454650878906e+00
1.487499952316284180e+00 5.848148822784423828e+00 8.900287628173828125e+00
1.500000000000000000e+00 5.562284469604492188e+00 8.992976188659667969e+00
1.512500047683715820e+00 5.214323997497558594e+00 9.138957977294921875e+00
1.524999976158142090e+00 4.801270961761474609e+00 9.327963829040527344e+00
1.537500023841857910e+00 4.328017711639404297e+00 9.536602020263671875e+00
1.549999952316284180e+00 3.815929651260375977e+00 9.778410911560058594e+00
1.562500000000000000e+00 3.284039497375488281e+00 1.010340595245361328e+01
1.575000047683715820e+00 2.722673177719116211e+00 1.052308464050292969e+01
1.587499976158142090e+00 2.099539041519165039e+00 1.095169544219970703e+01
1.600000023841857910e+00 1.400537490844726562e+00 1.125653362274169922e+01
1.612499952316284180e+00 6.579234600067138672e-01 1.137673282623291016e+01
1.625000000000000000e+00 -7.211145758628845215e-02 1.137454509735107422e+01
1.637500047683715820e+00 -7.584275007247924805e-01 1.136009597778320312e+01
1.649999976158142090e+00 -1.412917733192443848e+00 1.138335895538330078e+01
1.662500023841857910e+00 -2.059931039810180664e+00 1.141638565063476562e+01
1.674999952316284180e+00 -2.699526786804199219e+00 1.142416191101074219e+01
1.687500000000000000e+00 -3.308320283889770508e+00 1.141729640960693359e+01
1.700000047683715820e+00 -3.868056058883666992e+00 1.142627620697021484e+01
1.712499976158142090e+00 -4.379353523254394531e+00 1.145240688323974609e+01
1.725000023841857910e+00 -4.846287250518798828e+00 1.147055244445800781e+01
1.737499952316284180e+00 -5.259877681732177734e+00 1.147122287750244141e+01
1.750000000000000000e+00 -5.604936122894287109e+00 1.147350502014160156e+01
1.762500047683715820e+00 -5.876764774322509766e+00 1.149244594573974609e+01
1.774999976158142090e+00 -6.081113815307617188e+00 1.151550197601318359e+01
1.787500023841857910e+00 -6.219043731689453125e+00 1.152406978607177734e+01
1.799999952316284180e+00 -6.281546115875244141e+00 1.152352714538574219e+01
1.812500000000000000e+00 -6.261929988861083984e+00 1.153367900848388672e+01
1.825000047683715820e+00 -6.165529727935791016e+00 1.155610466003417969e+01
1.837499976158142090e+00 -6.001176834106445312e+00 1.157142734527587891e+01
1.850000023841857910e+00 -5.768432140350341797e+00 1.157088470458984375e+01
1.862499952316284180e+00 -5.461400508880615234e+00 1.157100582122802734e+01
1.875000000000000000e+00 -5.083170413970947266e+00 1.158673191070556641e+01
1.887500047683715820e+00 -4.647210121154785156e+00 1.160581207275390625e+01
1.899999976158142090e+00 -4.162546634674072266e+00 1.160738182067871094e+01
1.912500023841857910e+00 -3.626497983932495117e+00 1.159690856933593750e+01
1.924999952316284180e+00 -3.038078546524047852e+00 1.159967517852783203e+01
1.937500000000000000e+00 -2.411369562149047852e+00 1.161873817443847656e+01
1.950000047683715820e+00 -1.764933109283447266e+00 1.162486171722412109e+01
1.962499976158142090e+00 -1.100395083427429199e+00 1.160254478454589844e+01
1.975000023841857910e+00 -4.054219722747802734e-01 1.158403587341308594e+01
1.987499952316284180e+00 3.155242800712585449e-01 1.160546779632568359e+01
2.000000000000000000e+00 1.023882627487182617e+00 1.162976741790771484e+01
