0.000000000000000000e+00 6.248745441436767578e+00 8.813526153564453125e+00
1.250000018626451492e-02 6.284143924713134766e+00 8.779933929443359375e+00
2.500000037252902985e-02 6.246883869171142578e+00 8.785178184509277344e+00
3.750000149011611938e-02 6.132797241210937500e+00 8.821952819824218750e+00
5.000000074505805969e-02 5.940792083740234375e+00 8.874984741210937500e+00
6.250000000000000000e-02 5.678562641143798828e+00 8.951954841613769531e+00
7.500000298023223877e-02 5.353489398956298828e+00 9.077207565307617188e+00
8.749999850988388062e-02 4.964215755462646484e+00 9.253541946411132812e+00
1.000000014901161194e-01 4.510559558868408203e+00 9.456659317016601562e+00
1.124999970197677612e-01 4.008498668670654297e+00 9.681782722473144531e+00
1.250000000000000000e-01 3.481725692749023438e+00 9.971345901489257812e+00
1.375000029802322388e-01 2.932910203933715820e+00 1.036181735992431641e+01
1.500000059604644775e-01 2.334274530410766602e+00 1.080350780487060547e+01
1.624999940395355225e-01 1.659653186798095703e+00 1.116714096069335938e+01
1.749999970197677612e-01 9.243760704994201660e-01 1.135290050506591797e+01
1.875000000000000000e-01 1.819403171539306641e-01 1.138168811798095703e+01
2.000000029802322388e-01 -5.224553942680358887e-01 1.136119174957275391e+01
2.125000059604644775e-01 -1.186853528022766113e+00 1.137146568298339844e+01
2.249999940395355225e-01 -1.836550951004028320e+00 1.140657043457031250e+01
2.374999970197677612e-01 -2.482395887374877930e+00 1.142441558837890625e+01
2.500000000000000000e-01 -3.106318235397338867e+00 1.141893577575683594e+01
2.624999880790710449e-01 -3.685038566589355469e+00 1.142036342620849609e+01
2.750000059604644775e-01 -4.213269233703613281e+00 1.144305515289306641e+01
2.874999940395355225e-01 -4.696533203125000000e+00 1.146656036376953125e+01
3.000000119209289551e-01 -5.130671024322509766e+00 1.147197055816650391e+01
3.125000000000000000e-01 -5.500437736511230469e+00 1.147106552124023438e+01
3.249999880790710449e-01 -5.796464920043945312e+00 1.148473167419433594e+01
3.375000059604644775e-01 -6.022490978240966797e+00 1.150907707214355469e+01
3.499999940395355225e-01 -6.182651996612548828e+00 1.152315807342529297e+01
3.625000119209289551e-01 -6.270392894744873047e+00 1.152342510223388672e+01
3.750000000000000000e-01 -6.276506900787353516e+00 1.152875232696533203e+01
3.874999880790710449e-01 -6.202628135681152344e+00 1.154899883270263672e+01
4.000000059604644775e-01 -6.058265686035156250e+00 1.156867694854736328e+01
4.124999940395355225e-01 -5.846425056457519531e+00 1.157221889495849609e+01
4.250000119209289551e-01 -5.561348915100097656e+00 1.156976127624511719e+01
4.375000000000000000e-01 -5.202280998229980469e+00 1.158085060119628906e+01
4.499999880790710449e-01 -4.780800342559814453e+00 1.160157585144042969e+01
4.625000059604644775e-01 -4.308974742889404297e+00 1.160932922363281250e+01
4.749999940395355225e-01 -3.786985874176025391e+00 1.159993934631347656e+01
4.875000119209289551e-01 -3.211318492889404297e+00 1.159689521789550781e+01
5.000000000000000000e-01 -2.591670036315917969e+00 1.161343669891357422e+01
5.124999880790710449e-01 -1.947854280471801758e+00 1.162652397155761719e+01
5.249999761581420898e-01 -1.287624478340148926e+00 1.161085319519042969e+01
5.375000238418579102e-01 -6.000621318817138672e-01 1.158627128601074219e+01
5.500000119209289551e-01 1.182940378785133362e-01 1.159640979766845703e+01
5.625000000000000000e-01 8.371812701225280762e-01 1.162905883789062500e+01
5.749999880790710449e-01 1.507964968681335449e+00 1.158589458465576172e+01
5.874999761581420898e-01 2.109986066818237305e+00 1.136242389678955078e+01
6.000000238418579102e-01 2.671777248382568359e+00 1.095668792724609375e+01
6.125000119209289551e-01 3.237724781036376953e+00 1.047880935668945312e+01
6.250000000000000000e-01 3.817902565002441406e+00 1.005138492584228516e+01
6.374999880790710449e-01 4.378304004669189453e+00 9.718718528747558594e+00
6.499999761581420898e-01 4.876599311828613281e+00 9.456364631652832031e+00
6.625000238418579102e-01 5.295840263366699219e+00 9.239545822143554688e+00
6.750000119209289551e-01 5.641166687011718750e+00 9.072439193725585938e+00
6.875000000000000000e-01 5.916526794433593750e+00 8.959205627441406250e+00
6.999999880790710449e-01 6.116626739501953125e+00 8.881605148315429688e+00
7.124999761581420898e-01 6.237721443176269531e+00 8.820796012878417969e+00
7.250000238418579102e-01 6.283496379852294922e+00 8.782506942749023438e+00
7.375000119209289551e-01 6.256791591644287109e+00 8.782080650329589844e+00
7.500000000000000000e-01 6.153950214385986328e+00 8.815489768981933594e+00
7.624999880790710449e-01 5.972774505615234375e+00 8.866450309753417969e+00
7.749999761581420898e-01 5.719968318939208984e+00 8.938507080078125000e+00
7.875000238418579102e-01 5.403769016265869141e+00 9.055831909179687500e+00
8.000000119209289551e-01 5.023918628692626953e+00 9.226071357727050781e+00
8.125000000000000000e-01 4.578922271728515625e+00 9.426717758178710938e+00
8.249999880790710449e-01 4.082221031188964844e+00 9.647012710571289062e+00
8.374999761581420898e-01 3.558035135269165039e+00 9.923983573913574219e+00
8.500000238418579102e-01 3.013534784317016602e+00 1.030053615570068359e+01
8.625000119209289551e-01 2.424187421798706055e+00 1.074184513092041016e+01
8.750000000000000000e-01 1.760693073272705078e+00 1.112485408782958984e+01
8.874999880790710449e-01 1.031304121017456055e+00 1.133785629272460938e+01
8.999999761581420898e-01 2.863548994064331055e-01 1.138334465026855469e+01
9.125000238418579102e-01 -4.246790111064910889e-01 1.136317729949951172e+01
9.250000119209289551e-01 -1.093419671058654785e+00 1.136753559112548828e+01
9.375000000000000000e-01 -1.743842959403991699e+00 1.140179252624511719e+01
9.499999880790710449e-01 -2.390806674957275391e+00 1.142374134063720703e+01
9.624999761581420898e-01 -3.019527912139892578e+00 1.142007732391357422e+01
9.750000238418579102e-01 -3.605522632598876953e+00 1.141874694824218750e+01
9.875000119209289551e-01 -4.140636444091796875e+00 1.143906784057617188e+01
1.000000000000000000e+00 -4.630206584930419922e+00 1.146417427062988281e+01
1.012500047683715820e+00 -5.072194099426269531e+00 1.147215652465820312e+01
1.024999976158142090e+00 -5.452054500579833984e+00 1.147061634063720703e+01
1.037500023841857910e+00 -5.758625507354736328e+00 1.148169898986816406e+01
1.049999952316284180e+00 -5.994217395782470703e+00 1.150578117370605469e+01
1.062500000000000000e+00 -6.163940906524658203e+00 1.152224254608154297e+01
1.075000047683715820e+00 -6.262715816497802734e+00 1.152359390258789062e+01
1.087499976158142090e+00 -6.280716419219970703e+00 1.152700710296630859e+01
1.100000023841857910e+00 -6.217715740203857422e+00 1.154559516906738281e+01
1.112499952316284180e+00 -6.082964897155761719e+00 1.156672573089599609e+01
1.125000000000000000e+00 -5.881025791168212891e+00 1.157259178161621094e+01
1.137500047683715820e+00 -5.606746673583984375e+00 1.156959533691406250e+01
1.149999976158142090e+00 -5.257778644561767578e+00 1.157824039459228516e+01
1.162500023841857910e+00 -4.844289302825927734e+00 1.159890651702880859e+01
1.174999952316284180e+00 -4.379349708557128906e+00 1.160956001281738281e+01
1.187500000000000000e+00 -3.864871501922607422e+00 1.160156250000000000e+01
1.200000047683715820e+00 -3.296694517135620117e+00 1.159604358673095703e+01
1.212499976158142090e+00 -2.682141542434692383e+00 1.161044120788574219e+01
1.225000023841857910e+00 -2.040794134140014648e+00 1.162618446350097656e+01
1.237499952316284180e+00 -1.383300065994262695e+00 1.161466503143310547e+01
1.250000000000000000e+00 -7.004329562187194824e-01 1.158845520019531250e+01
1.262500047683715820e+00 1.451527979224920273e-02 1.159225559234619141e+01
1.274999976158142090e+00 7.363418936729431152e-01 1.162609577178955078e+01
1.287500023841857910e+00 1.416393995285034180e+00 1.160139274597167969e+01
1.299999952316284180e+00 2.027512788772583008e+00 1.140696144104003906e+01
1.312500000000000000e+00 2.592090606689453125e+00 1.102238178253173828e+01
1.325000047683715820e+00 3.155647754669189453e+00 1.054625415802001953e+01
1.337499976158142090e+00 3.735100030899047852e+00 1.010667419433593750e+01
1.350000023841857910e+00 4.301225185394287109e+00 9.761065483093261719e+00
1.362499952316284180e+00 4.810174465179443359e+00 9.490836143493652344e+00
1.375000000000000000e+00 5.240663528442382812e+00 9.267782211303710938e+00
1.387500047683715820e+00 5.596072673797607422e+00 9.092875480651855469e+00
1.399999976158142090e+00 5.881613731384277344e+00 8.972596168518066406e+00
1.412500023841857910e+00 6.092874050140380859e+00 8.891450881958007812e+00
1.424999952316284180e+00 6.225161552429199219e+00 8.828505516052246094e+00
1.437500000000000000e+00 6.281383514404296875e+00 8.785895347595214844e+00
1.450000047683715820e+00 6.265141963958740234e+00 8.779703140258789062e+00
1.462499976158142090e+00 6.173483848571777344e+00 8.809343338012695312e+00
1.475000023841857910e+00 6.003290653228759766e+00 8.858300209045410156e+00
1.487499952316284180e+00 5.760098457336425781e+00 8.926018714904785156e+00
1.500000000000000000e+00 5.452754020690917969e+00 9.035603523254394531e+00
1.512500047683715820e+00 5.082260131835937500e+00 9.199202537536621094e+00
1.524999976158142090e+00 4.646203517913818359e+00 9.397076606750488281e+00
1.537500023841857910e+00 4.155414104461669922e+00 9.613376617431640625e+00
1.549999952316284180e+00 3.633994340896606445e+00 9.878803253173828125e+00
1.562500000000000000e+00 3.093255996704101562e+00 1.024075508117675781e+01
1.575000047683715820e+00 2.512512922286987305e+00 1.067897415161132812e+01
1.587499976158142090e+00 1.860303878784179688e+00 1.107887172698974609e+01
1.600000023841857910e+00 1.137916564941406250e+00 1.131919956207275391e+01
1.612499952316284180e+00 3.915443718433380127e-01 1.138369083404541016e+01
1.625000000000000000e+00 -3.259760439395904541e-01 1.136583614349365234e+01
1.637500047683715820e+00 -9.996331930160522461e-01 1.136430549621582031e+01
1.649999976158142090e+00 -1.651125073432922363e+00 1.139669609069824219e+01
1.662500023841857910e+00 -2.298862457275390625e+00 1.142245769500732422e+01
1.674999952316284180e+00 -2.931829214096069336e+00 1.142128753662109375e+01
1.687500000000000000e+00 -3.524940252304077148e+00 1.141765117645263672e+01
1.700000047683715820e+00 -4.067090511322021484e+00 1.143518733978271484e+01
1.712499976158142090e+00 -4.562935829162597656e+00 1.146137523651123047e+01
1.725000023841857910e+00 -5.012440681457519531e+00 1.147211837768554688e+01
1.737499952316284180e+00 -5.402146339416503906e+00 1.147047424316406250e+01
1.750000000000000000e+00 -5.719330787658691406e+00 1.147897720336914062e+01
1.762500047683715820e+00 -5.964621543884277344e+00 1.150230216979980469e+01
1.774999976158142090e+00 -6.143791198730468750e+00 1.152096557617187500e+01
1.787500023841857910e+00 -6.253368854522705078e+00 1.152381324768066406e+01
1.799999952316284180e+00 -6.283251762390136719e+00 1.152562713623046875e+01
1.812500000000000000e+00 -6.231348514556884766e+00 1.154225349426269531e+01
1.825000047683715820e+00 -6.106313705444335938e+00 1.156441020965576172e+01
1.837499976158142090e+00 -5.914143562316894531e+00 1.157275199890136719e+01
1.850000023841857910e+00 -5.650592803955078125e+00 1.156970882415771484e+01
1.862499952316284180e+00 -5.311952114105224609e+00 1.157592487335205078e+01
1.875000000000000000e+00 -4.906752109527587891e+00 1.159600448608398438e+01
1.887500047683715820e+00 -4.448727607727050781e+00 1.160934543609619141e+01
1.899999976158142090e+00 -3.941636800765991211e+00 1.160324192047119141e+01
1.912500023841857910e+00 -3.381096363067626953e+00 1.159567546844482422e+01
1.924999952316284180e+00 -2.772083520889282227e+00 1.160749816894531250e+01
1.937500000000000000e+00 -2.133447170257568359e+00 1.162520313262939453e+01
1.950000047683715820e+00 -1.478455781936645508e+00 1.161810302734375000e+01
1.962499976158142090e+00 -8.000849485397338867e-01 1.159133434295654297e+01
1.975000023841857910e+00 -8.907336741685867310e-02 1.158889389038085938e+01
1.987499952316284180e+00 6.346091032028198242e-01 1.162198925018310547e+01
2.000000000000000000e+00 1.323317646980285645e+00 1.161325073242187500e+01
