0.000000000000000000e+00 6.248330593109130859e+00 8.813755035400390625e+00
1.250000018626451492e-02 6.283921241760253906e+00 8.779977798461914062e+00
2.500000037252902985e-02 6.246450424194335938e+00 8.785247802734375000e+00
3.750000149011611938e-02 6.131717205047607422e+00 8.822190284729003906e+00
5.000000074505805969e-02 5.938648700714111328e+00 8.875459671020507812e+00
6.250000000000000000e-02 5.675038814544677734e+00 8.952975273132324219e+00
7.500000298023223877e-02 5.348271369934082031e+00 9.079236030578613281e+00
8.749999850988388062e-02 4.956907749176025391e+00 9.256642341613769531e+00
1.000000014901161194e-01 4.500926494598388672e+00 9.460616111755371094e+00
1.124999970197677612e-01 3.996734857559204102e+00 9.687142372131347656e+00
1.250000000000000000e-01 3.468090295791625977e+00 9.979604721069335938e+00
1.375000029802322388e-01 2.916934728622436523e+00 1.037345504760742188e+01
1.500000059604644775e-01 2.314747810363769531e+00 1.081590938568115234e+01
1.624999940395355225e-01 1.635872483253479004e+00 1.117582321166992188e+01
1.749999970197677612e-01 8.972925543785095215e-01 1.135561466217041016e+01
1.875000000000000000e-01 1.535412371158599854e-01 1.138065338134765625e+01
2.000000029802322388e-01 -5.510232448577880859e-01 1.136043548583984375e+01
2.125000059604644775e-01 -1.216107487678527832e+00 1.137248897552490234e+01
2.249999940395355225e-01 -1.867399811744689941e+00 1.140771579742431641e+01
2.374999970197677612e-01 -2.514508008956909180e+00 1.142418861389160156e+01
2.500000000000000000e-01 -3.138264417648315430e+00 1.141826915740966797e+01
2.624999880790710449e-01 -3.715776920318603516e+00 1.142087650299072266e+01
2.750000059604644775e-01 -4.242737770080566406e+00 1.144444179534912109e+01
2.874999940395355225e-01 -4.724634170532226562e+00 1.146720504760742188e+01
3.000000119209289551e-01 -5.156380653381347656e+00 1.147162818908691406e+01
3.125000000000000000e-01 -5.522441864013671875e+00 1.147123336791992188e+01
3.249999880790710449e-01 -5.814255714416503906e+00 1.148617076873779297e+01
3.375000059604644775e-01 -6.036151409149169922e+00 1.151053237915039062e+01
3.499999940395355225e-01 -6.191709041595458984e+00 1.152340602874755859e+01
3.625000119209289551e-01 -6.273638725280761719e+00 1.152333068847656250e+01
3.750000000000000000e-01 -6.273137092590332031e+00 1.152989196777343750e+01
3.874999880790710449e-01 -6.192855358123779297e+00 1.155100250244140625e+01
4.000000059604644775e-01 -6.042361736297607422e+00 1.156969642639160156e+01
4.124999940395355225e-01 -5.823730945587158203e+00 1.157196998596191406e+01
4.250000119209289551e-01 -5.530959129333496094e+00 1.157014846801757812e+01
4.375000000000000000e-01 -5.164399623870849609e+00 1.158285617828369141e+01
4.499999880790710449e-01 -4.736492633819580078e+00 1.160337352752685547e+01
4.625000059604644775e-01 -4.258549213409423828e+00 1.160907649993896484e+01
4.749999940395355225e-01 -3.729665517807006836e+00 1.159905242919921875e+01
4.875000119209289551e-01 -3.147022485733032227e+00 1.159807300567626953e+01
5.000000000000000000e-01 -2.522108316421508789e+00 1.161592578887939453e+01
5.124999880790710449e-01 -1.874715924263000488e+00 1.162654781341552734e+01
5.249999761581420898e-01 -1.210284471511840820e+00 1.160786914825439453e+01
5.375000238418579102e-01 -5.168893933296203613e-01 1.158538055419921875e+01
5.500000119209289551e-01 2.058365494012832642e-01 1.160072898864746094e+01
5.625000000000000000e-01 9.233905673027038574e-01 1.163070583343505859e+01
5.749999880790710449e-01 1.587570548057556152e+00 1.156933021545410156e+01
5.874999761581420898e-01 2.183617353439331055e+00 1.131929969787597656e+01
6.000000238418579102e-01 2.745152235031127930e+00 1.089540195465087891e+01
6.125000119209289551e-01 3.314934015274047852e+00 1.041710948944091797e+01
6.250000000000000000e-01 3.896603345870971680e+00 1.000089740753173828e+01
6.374999880790710449e-01 4.452115058898925781e+00 9.679157257080078125e+00
6.499999761581420898e-01 4.940975189208984375e+00 9.423177719116210938e+00
6.625000238418579102e-01 5.350242137908935547e+00 9.212097167968750000e+00
6.750000119209289551e-01 5.686280727386474609e+00 9.052633285522460938e+00
6.875000000000000000e-01 5.951584815979003906e+00 8.945987701416015625e+00
6.999999880790710449e-01 6.140199184417724609e+00 8.871445655822753906e+00
7.124999761581420898e-01 6.249526500701904297e+00 8.812932014465332031e+00
7.250000238418579102e-01 6.283901214599609375e+00 8.779729843139648438e+00
7.375000119209289551e-01 6.245182037353515625e+00 8.785656929016113281e+00
7.500000000000000000e-01 6.129123687744140625e+00 8.822968482971191406e+00
7.624999880790710449e-01 5.934793472290039062e+00 8.876491546630859375e+00
7.749999761581420898e-01 5.670088768005371094e+00 8.954627990722656250e+00
7.875000238418579102e-01 5.342274665832519531e+00 9.081828117370605469e+00
8.000000119209289551e-01 4.949799537658691406e+00 9.259905815124511719e+00
8.125000000000000000e-01 4.492826461791992188e+00 9.464155197143554688e+00
8.249999880790710449e-01 3.988049745559692383e+00 9.691326141357421875e+00
8.374999761581420898e-01 3.459109783172607422e+00 9.985348701477050781e+00
8.500000238418579102e-01 2.907393455505371094e+00 1.038074970245361328e+01
8.625000119209289551e-01 2.304058074951171875e+00 1.082299613952636719e+01
8.750000000000000000e-01 1.623900532722473145e+00 1.118042564392089844e+01
8.874999880790710449e-01 8.847374916076660156e-01 1.135705661773681641e+01
8.999999761581420898e-01 1.413781642913818359e-01 1.138036441802978516e+01
9.125000238418579102e-01 -5.624027848243713379e-01 1.136028289794921875e+01
9.250000119209289551e-01 -1.227035760879516602e+00 1.137300968170166016e+01
9.375000000000000000e-01 -1.878268718719482422e+00 1.140823173522949219e+01
9.499999880790710449e-01 -2.525201559066772461e+00 1.142420959472656250e+01
9.624999761581420898e-01 -3.148337364196777344e+00 1.141815471649169922e+01
9.750000238418579102e-01 -3.724983930587768555e+00 1.142112350463867188e+01
9.875000119209289551e-01 -4.251152515411376953e+00 1.144491100311279297e+01
1.000000000000000000e+00 -4.732297897338867188e+00 1.146743488311767578e+01
1.012500047683715820e+00 -5.163081169128417969e+00 1.147158908843994141e+01
1.024999976158142090e+00 -5.527930259704589844e+00 1.147132873535156250e+01
1.037500023841857910e+00 -5.818517208099365234e+00 1.148655796051025391e+01
1.049999952316284180e+00 -6.039301395416259766e+00 1.151088809967041016e+01
1.062500000000000000e+00 -6.193715095520019531e+00 1.152347278594970703e+01
1.075000047683715820e+00 -6.274319648742675781e+00 1.152332782745361328e+01
1.087499976158142090e+00 -6.272425651550292969e+00 1.153014469146728516e+01
1.100000023841857910e+00 -6.190894603729248047e+00 1.155140018463134766e+01
1.112499952316284180e+00 -6.039279460906982422e+00 1.156987285614013672e+01
1.125000000000000000e+00 -5.819463729858398438e+00 1.157190799713134766e+01
1.137500047683715820e+00 -5.525418281555175781e+00 1.157021522521972656e+01
1.149999976158142090e+00 -5.157709121704101562e+00 1.158319664001464844e+01
1.162500023841857910e+00 -4.728901386260986328e+00 1.160364151000976562e+01
1.174999952316284180e+00 -4.250145912170410156e+00 1.160898971557617188e+01
1.187500000000000000e+00 -3.720363140106201172e+00 1.159888648986816406e+01
1.200000047683715820e+00 -3.136871099472045898e+00 1.159824657440185547e+01
1.212499976158142090e+00 -2.511427402496337891e+00 1.161626529693603516e+01
1.225000023841857910e+00 -1.863770484924316406e+00 1.162647914886474609e+01
1.237499952316284180e+00 -1.198972821235656738e+00 1.160738754272460938e+01
1.250000000000000000e+00 -5.050070881843566895e-01 1.158525943756103516e+01
1.262500047683715820e+00 2.180112749338150024e-01 1.160131454467773438e+01
1.274999976158142090e+00 9.350399971008300781e-01 1.163078594207763672e+01
1.287500023841857910e+00 1.598055601119995117e+00 1.156685161590576172e+01
1.299999952316284180e+00 2.193145751953125000e+00 1.131341171264648438e+01
1.312500000000000000e+00 2.754524230957031250e+00 1.088745784759521484e+01
1.325000047683715820e+00 3.324620723724365234e+00 1.040942001342773438e+01
1.337499976158142090e+00 3.906237125396728516e+00 9.994779586791992188e+00
1.350000023841857910e+00 4.460912227630615234e+00 9.674440383911132812e+00
1.362499952316284180e+00 4.948463439941406250e+00 9.419289588928222656e+00
1.375000000000000000e+00 5.356437206268310547e+00 9.208974838256835938e+00
1.387500047683715820e+00 5.691305160522460938e+00 9.050449371337890625e+00
1.399999976158142090e+00 5.955385684967041016e+00 8.944550514221191406e+00
1.412500023841857910e+00 6.142672061920166016e+00 8.870345115661621094e+00
1.424999952316284180e+00 6.250702381134033203e+00 8.812115669250488281e+00
1.437500000000000000e+00 6.283860683441162109e+00 8.779494285583496094e+00
1.450000047683715820e+00 6.243892192840576172e+00 8.786074638366699219e+00
1.462499976158142090e+00 6.126507759094238281e+00 8.823749542236328125e+00
1.475000023841857910e+00 5.930919170379638672e+00 8.877529144287109375e+00
1.487499952316284180e+00 5.665121078491210938e+00 8.956294059753417969e+00
1.500000000000000000e+00 5.336259841918945312e+00 9.084434509277343750e+00
1.512500047683715820e+00 4.942672729492187500e+00 9.263175010681152344e+00
1.524999976158142090e+00 4.484712600708007812e+00 9.467698097229003906e+00
1.537500023841857910e+00 3.979358434677124023e+00 9.695528030395507812e+00
1.549999952316284180e+00 3.450123548507690430e+00 9.991122245788574219e+00
1.562500000000000000e+00 2.897837877273559570e+00 1.038805961608886719e+01
1.575000047683715820e+00 2.293345928192138672e+00 1.083005809783935547e+01
1.587499976158142090e+00 1.611910939216613770e+00 1.118497371673583984e+01
1.600000023841857910e+00 8.721815943717956543e-01 1.135845375061035156e+01
1.612499952316284180e+00 1.292273849248886108e-01 1.138006496429443359e+01
1.625000000000000000e+00 -5.737707614898681641e-01 1.136014080047607422e+01
1.637500047683715820e+00 -1.237960815429687500e+00 1.137353706359863281e+01
1.649999976158142090e+00 -1.889137148857116699e+00 1.140874099731445312e+01
1.662500023841857910e+00 -2.535888671875000000e+00 1.142422199249267578e+01
1.674999952316284180e+00 -3.158396720886230469e+00 1.141804313659667969e+01
1.687500000000000000e+00 -3.734176635742187500e+00 1.142137622833251953e+01
1.700000047683715820e+00 -4.259555339813232422e+00 1.144538021087646484e+01
1.712499976158142090e+00 -4.739948272705078125e+00 1.146765899658203125e+01
1.725000023841857910e+00 -5.169762611389160156e+00 1.147154903411865234e+01
1.737499952316284180e+00 -5.533398151397705078e+00 1.147142982482910156e+01
1.750000000000000000e+00 -5.822759151458740234e+00 1.148694801330566406e+01
1.762500047683715820e+00 -6.042433261871337891e+00 1.151124000549316406e+01
1.774999976158142090e+00 -6.195700645446777344e+00 1.152353382110595703e+01
1.787500023841857910e+00 -6.274977207183837891e+00 1.152332782745361328e+01
1.799999952316284180e+00 -6.271691799163818359e+00 1.153040218353271484e+01
1.812500000000000000e+00 -6.188914299011230469e+00 1.155179691314697266e+01
1.825000047683715820e+00 -6.036178112030029297e+00 1.157004356384277344e+01
1.837499976158142090e+00 -5.815176010131835938e+00 1.157184410095214844e+01
1.850000023841857910e+00 -5.519856929779052734e+00 1.157028675079345703e+01
1.862499952316284180e+00 -5.151001453399658203e+00 1.158353900909423828e+01
1.875000000000000000e+00 -4.721296787261962891e+00 1.160390377044677734e+01
1.887500047683715820e+00 -4.241728305816650391e+00 1.160889816284179688e+01
1.899999976158142090e+00 -3.711045503616333008e+00 1.159872436523437500e+01
1.912500023841857910e+00 -3.126707792282104492e+00 1.159842586517333984e+01
1.924999952316284180e+00 -2.500740766525268555e+00 1.161660194396972656e+01
1.937500000000000000e+00 -1.852820873260498047e+00 1.162640190124511719e+01
1.950000047683715820e+00 -1.187652826309204102e+00 1.160690593719482422e+01
1.962499976158142090e+00 -4.931156933307647705e-01 1.158515167236328125e+01
1.975000023841857910e+00 2.301847487688064575e-01 1.160190677642822266e+01
1.987499952316284180e+00 9.466733932495117188e-01 1.163084030151367188e+01
2.000000000000000000e+00 1.608520507812500000e+00 1.156431674957275391e+01
