0.000000000000000000e+00 6.247915267944335938e+00 8.814083099365234375e+00
1.250000018626451492e-02 6.283699512481689453e+00 8.780120849609375000e+00
2.500000037252902985e-02 6.246017456054687500e+00 8.785417556762695312e+00
3.750000149011611938e-02 6.130635738372802734e+00 8.822526931762695312e+00
5.000000074505805969e-02 5.936501026153564453e+00 8.876033782958984375e+00
6.250000000000000000e-02 5.671507835388183594e+00 8.954099655151367188e+00
7.500000298023223877e-02 5.343041896820068359e+00 9.081371307373046875e+00
8.749999850988388062e-02 4.949582099914550781e+00 9.259847640991210938e+00
1.000000014901161194e-01 4.491275787353515625e+00 9.464677810668945312e+00
1.124999970197677612e-01 3.984961271286010742e+00 9.692628860473632812e+00
1.250000000000000000e-01 3.454445600509643555e+00 9.988022804260253906e+00
1.375000029802322388e-01 2.900925636291503906e+00 1.038522434234619141e+01
1.500000059604644775e-01 2.295153141021728516e+00 1.082832336425781250e+01
1.624999940395355225e-01 1.612025141716003418e+00 1.118439483642578125e+01
1.749999970197677612e-01 8.702003955841064453e-01 1.135822772979736328e+01
1.875000000000000000e-01 1.252007931470870972e-01 1.137966442108154297e+01
2.000000029802322388e-01 -5.795224905014038086e-01 1.135985279083251953e+01
2.125000059604644775e-01 -1.245335221290588379e+00 1.137366104125976562e+01
2.249999940395355225e-01 -1.898239374160766602e+00 1.140890979766845703e+01
2.374999970197677612e-01 -2.546556949615478516e+00 1.142400264739990234e+01
2.500000000000000000e-01 -3.170073270797729492e+00 1.141773796081542969e+01
2.624999880790710449e-01 -3.746353149414062500e+00 1.142156791687011719e+01
2.750000059604644775e-01 -4.272051811218261719e+00 1.144592285156250000e+01
2.874999940395355225e-01 -4.752546310424804688e+00 1.146787166595458984e+01
3.000000119209289551e-01 -5.181814670562744141e+00 1.147136878967285156e+01
3.125000000000000000e-01 -5.544106483459472656e+00 1.147158718109130859e+01
3.249999880790710449e-01 -5.831705093383789062e+00 1.148776531219482422e+01
3.375000059604644775e-01 -6.049466609954833984e+00 1.151201820373535156e+01
3.499999940395355225e-01 -6.200347900390625000e+00 1.152367496490478516e+01
3.625000119209289551e-01 -6.276374816894531250e+00 1.152339172363281250e+01
3.750000000000000000e-01 -6.269241333007812500e+00 1.153124904632568359e+01
3.874999880790710449e-01 -6.182596206665039062e+00 1.155308914184570312e+01
4.000000059604644775e-01 -6.025954723358154297e+00 1.157067680358886719e+01
4.124999940395355225e-01 -5.800442218780517578e+00 1.157179164886474609e+01
4.250000119209289551e-01 -5.499936103820800781e+00 1.157078838348388672e+01
4.375000000000000000e-01 -5.125969409942626953e+00 1.158505153656005859e+01
4.499999880790710449e-01 -4.691722393035888672e+00 1.160511112213134766e+01
4.625000059604644775e-01 -4.207615375518798828e+00 1.160874462127685547e+01
4.749999940395355225e-01 -3.671761274337768555e+00 1.159838771820068359e+01
4.875000119209289551e-01 -3.082245349884033203e+00 1.159961223602294922e+01
5.000000000000000000e-01 -2.452301263809204102e+00 1.161842727661132812e+01
5.124999880790710449e-01 -1.801393270492553711e+00 1.162624835968017578e+01
5.249999761581420898e-01 -1.132557868957519531e+00 1.160491847991943359e+01
5.375000238418579102e-01 -4.332675039768218994e-01 1.158520603179931641e+01
5.500000119209289551e-01 2.933326959609985352e-01 1.160548019409179688e+01
5.625000000000000000e-01 1.008754730224609375e+00 1.163106250762939453e+01
5.749999880790710449e-01 1.666018605232238770e+00 1.154972839355468750e+01
5.874999761581420898e-01 2.256630182266235352e+00 1.127327251434326172e+01
6.000000238418579102e-01 2.818684101104736328e+00 1.083332729339599609e+01
6.125000119209289551e-01 3.392387628555297852e+00 1.035679054260253906e+01
6.250000000000000000e-01 3.974804401397705078e+00 9.952365875244140625e+00
6.374999880790710449e-01 4.524587631225585938e+00 9.640912055969238281e+00
6.499999761581420898e-01 5.003724575042724609e+00 9.390899658203125000e+00
6.625000238418579102e-01 5.403130531311035156e+00 9.185825347900390625e+00
6.750000119209289551e-01 5.729875564575195312e+00 9.034121513366699219e+00
6.875000000000000000e-01 5.984893798828125000e+00 8.933579444885253906e+00
6.999999880790710449e-01 6.161882877349853516e+00 8.861689567565917969e+00
7.124999761581420898e-01 6.259502410888671875e+00 8.805761337280273438e+00
7.250000238418579102e-01 6.282469272613525391e+00 8.778089523315429688e+00
7.375000119209289551e-01 6.231536388397216797e+00 8.790167808532714844e+00
7.500000000000000000e-01 6.102147579193115234e+00 8.830912590026855469e+00
7.624999880790710449e-01 5.894836425781250000e+00 8.887263298034667969e+00
7.749999761581420898e-01 5.618404865264892578e+00 8.972321510314941406e+00
7.875000238418579102e-01 5.278844833374023438e+00 9.109518051147460938e+00
8.000000119209289551e-01 4.873641490936279297e+00 9.294578552246093750e+00
8.125000000000000000e-01 4.405182838439941406e+00 9.502260208129882812e+00
8.249999880790710449e-01 3.893154621124267578e+00 9.737927436828613281e+00
8.374999761581420898e-01 3.359530210494995117e+00 1.005047893524169922e+01
8.500000238418579102e-01 2.799479246139526367e+00 1.046289157867431641e+01
8.625000119209289551e-01 2.181061744689941406e+00 1.090103340148925781e+01
8.750000000000000000e-01 1.484810113906860352e+00 1.122897815704345703e+01
8.874999880790710449e-01 7.380334138870239258e-01 1.137027454376220703e+01
8.999999761581420898e-01 -1.917129964567720890e-03 1.137597084045410156e+01
9.125000238418579102e-01 -6.984747648239135742e-01 1.135916042327880859e+01
9.250000119209289551e-01 -1.360157966613769531e+00 1.137961483001708984e+01
9.375000000000000000e-01 -2.012601852416992188e+00 1.141377162933349609e+01
9.499999880790710449e-01 -2.658540010452270508e+00 1.142368507385253906e+01
9.624999761581420898e-01 -3.274958372116088867e+00 1.141685104370117188e+01
9.750000238418579102e-01 -3.842063188552856445e+00 1.142472267150878906e+01
9.875000119209289551e-01 -4.359573841094970703e+00 1.145076465606689453e+01
1.000000000000000000e+00 -4.831974983215332031e+00 1.146975898742675781e+01
1.012500047683715820e+00 -5.250633239746093750e+00 1.147089481353759766e+01
1.024999976158142090e+00 -5.599939346313476562e+00 1.147308635711669922e+01
1.037500023841857910e+00 -5.874751091003417969e+00 1.149207496643066406e+01
1.049999952316284180e+00 -6.080872535705566406e+00 1.151536178588867188e+01
1.062500000000000000e+00 -6.219431877136230469e+00 1.152400684356689453e+01
1.075000047683715820e+00 -6.281211853027343750e+00 1.152364730834960938e+01
1.087499976158142090e+00 -6.259506702423095703e+00 1.153437232971191406e+01
1.100000023841857910e+00 -6.159983158111572266e+00 1.155712604522705078e+01
1.112499952316284180e+00 -5.991525173187255859e+00 1.157198047637939453e+01
1.125000000000000000e+00 -5.753283023834228516e+00 1.157108020782470703e+01
1.137500047683715820e+00 -5.439370155334472656e+00 1.157204341888427734e+01
1.149999976158142090e+00 -5.053709983825683594e+00 1.158884334564208984e+01
1.162500023841857910e+00 -4.610304355621337891e+00 1.160734176635742188e+01
1.174999952316284180e+00 -4.117523193359375000e+00 1.160732173919677734e+01
1.187500000000000000e+00 -3.572069168090820312e+00 1.159708881378173828e+01
1.200000047683715820e+00 -2.974047422409057617e+00 1.160212707519531250e+01
1.212499976158142090e+00 -2.339225530624389648e+00 1.162160491943359375e+01
1.225000023841857910e+00 -1.685628294944763184e+00 1.162438774108886719e+01
1.237499952316284180e+00 -1.012400031089782715e+00 1.159987068176269531e+01
1.250000000000000000e+00 -3.071154654026031494e-01 1.158555412292480469e+01
1.262500047683715820e+00 4.211600124835968018e-01 1.161212158203125000e+01
1.274999976158142090e+00 1.129219412803649902e+00 1.162808322906494141e+01
1.287500023841857910e+00 1.773833751678466797e+00 1.151623821258544922e+01
1.299999952316284180e+00 2.355850934982299805e+00 1.120500183105468750e+01
1.312500000000000000e+00 2.917884111404418945e+00 1.074838733673095703e+01
1.325000047683715820e+00 3.494808435440063477e+00 1.027884101867675781e+01
1.337499976158142090e+00 4.074986934661865234e+00 9.891656875610351562e+00
1.350000023841857910e+00 4.614405155181884766e+00 9.593532562255859375e+00
1.362499952316284180e+00 5.079417705535888672e+00 9.351589202880859375e+00
1.375000000000000000e+00 5.465527057647705078e+00 9.155077934265136719e+00
1.387500047683715820e+00 5.779955863952636719e+00 9.013268470764160156e+00
1.399999976158142090e+00 6.021747112274169922e+00 8.919582366943359375e+00
1.412500023841857910e+00 6.184645652770996094e+00 8.850638389587402344e+00
1.424999952316284180e+00 6.268806457519531250e+00 8.798313140869140625e+00
1.437500000000000000e+00 6.278983592987060547e+00 8.777358055114746094e+00
1.450000047683715820e+00 6.214624881744384766e+00 8.795809745788574219e+00
1.462499976158142090e+00 6.071234226226806641e+00 8.839693069458007812e+00
1.475000023841857910e+00 5.851053714752197266e+00 8.899340629577636719e+00
1.487499952316284180e+00 5.563389301300048828e+00 8.992237091064453125e+00
1.500000000000000000e+00 5.212615489959716797e+00 9.139212608337402344e+00
1.512500047683715820e+00 4.795699596405029297e+00 9.329914093017578125e+00
1.524999976158142090e+00 4.317736148834228516e+00 9.540558815002441406e+00
1.537500023841857910e+00 3.800761461257934570e+00 9.785654067993164062e+00
1.549999952316284180e+00 3.263886213302612305e+00 1.011629295349121094e+01
1.562500000000000000e+00 2.696203708648681641e+00 1.054154205322265625e+01
1.575000047683715820e+00 2.064437389373779297e+00 1.097018241882324219e+01
1.587499976158142090e+00 1.355950951576232910e+00 1.126744556427001953e+01
1.600000023841857910e+00 6.061393618583679199e-01 1.137797355651855469e+01
1.612499952316284180e+00 -1.275656074285507202e-01 1.137175369262695312e+01
1.625000000000000000e+00 -8.163065910339355469e-01 1.135986328125000000e+01
1.637500047683715820e+00 -1.474769592285156250e+00 1.138602161407470703e+01
1.649999976158142090e+00 -2.126841306686401367e+00 1.141773891448974609e+01
1.662500023841857910e+00 -2.769600629806518555e+00 1.142278003692626953e+01
1.674999952316284180e+00 -3.378263711929321289e+00 1.141651058197021484e+01
1.687500000000000000e+00 -3.936233758926391602e+00 1.142852687835693359e+01
1.700000047683715820e+00 -4.445750713348388672e+00 1.145534133911132812e+01
1.712499976158142090e+00 -4.909771442413330078e+00 1.147100162506103516e+01
1.725000023841857910e+00 -5.317283630371093750e+00 1.147046566009521484e+01
1.737499952316284180e+00 -5.653444766998291016e+00 1.147519397735595703e+01
1.750000000000000000e+00 -5.915699005126953125e+00 1.149653625488281250e+01
1.762500047683715820e+00 -6.110232830047607422e+00 1.151817512512207031e+01
1.774999976158142090e+00 -6.236145019531250000e+00 1.152401447296142578e+01
1.787500023841857910e+00 -6.283440113067626953e+00 1.152430629730224609e+01
1.799999952316284180e+00 -6.247366905212402344e+00 1.153793334960937500e+01
1.812500000000000000e+00 -6.135280609130859375e+00 1.156088161468505859e+01
1.825000047683715820e+00 -5.954964637756347656e+00 1.157271575927734375e+01
1.837499976158142090e+00 -5.703763484954833984e+00 1.157043743133544922e+01
1.850000023841857910e+00 -5.376564025878906250e+00 1.157387733459472656e+01
1.862499952316284180e+00 -4.979691505432128906e+00 1.159270858764648438e+01
1.875000000000000000e+00 -4.527405738830566406e+00 1.160891056060791016e+01
1.887500047683715820e+00 -4.025800228118896484e+00 1.160552597045898438e+01
1.899999976158142090e+00 -3.470708847045898438e+00 1.159634208679199219e+01
1.912500023841857910e+00 -2.864707231521606445e+00 1.160518550872802734e+01
1.924999952316284180e+00 -2.225630998611450195e+00 1.162420845031738281e+01
1.937500000000000000e+00 -1.569299697875976562e+00 1.162153148651123047e+01
1.950000047683715820e+00 -8.911942243576049805e-01 1.159514236450195312e+01
1.962499976158142090e+00 -1.801511198282241821e-01 1.158740329742431641e+01
1.975000023841857910e+00 5.483698844909667969e-01 1.161864089965820312e+01
1.987499952316284180e+00 1.247602581977844238e+00 1.162104415893554688e+01
2.000000000000000000e+00 1.879598855972290039e+00 1.147624683380126953e+01
