0.000000000000000000e+00 6.247499942779541016e+00 8.814322471618652344e+00
1.250000018626451492e-02 6.283478260040283203e+00 8.780175209045410156e+00
2.500000037252902985e-02 6.245584487915039062e+00 8.785498619079589844e+00
3.750000149011611938e-02 6.129551887512207031e+00 8.822774887084960938e+00
5.000000074505805969e-02 5.934348106384277344e+00 8.876518249511718750e+00
6.250000000000000000e-02 5.667968750000000000e+00 8.955139160156250000e+00
7.500000298023223877e-02 5.337800025939941406e+00 9.083424568176269531e+00
8.749999850988388062e-02 4.942239284515380859e+00 9.262968063354492188e+00
1.000000014901161194e-01 4.481607437133789062e+00 9.468654632568359375e+00
1.124999970197677612e-01 3.973176717758178711e+00 9.698052406311035156e+00
1.250000000000000000e-01 3.440789937973022461e+00 9.996407508850097656e+00
1.375000029802322388e-01 2.884881258010864258e+00 1.039692878723144531e+01
1.500000059604644775e-01 2.275488853454589844e+00 1.084055233001708984e+01
1.624999940395355225e-01 1.588111400604248047e+00 1.119265937805175781e+01
1.749999970197677612e-01 8.431013226509094238e-01 1.136054611206054688e+01
1.875000000000000000e-01 9.691952168941497803e-02 1.137853050231933594e+01
2.000000029802322388e-01 -6.079555153846740723e-01 1.135924339294433594e+01
2.125000059604644775e-01 -1.274539589881896973e+00 1.137477397918701172e+01
2.249999940395355225e-01 -1.929069638252258301e+00 1.140994453430175781e+01
2.374999970197677612e-01 -2.578540086746215820e+00 1.142365360260009766e+01
2.500000000000000000e-01 -3.201743364334106445e+00 1.141714000701904297e+01
2.624999880790710449e-01 -3.776769161224365234e+00 1.142222690582275391e+01
2.750000059604644775e-01 -4.301213264465332031e+00 1.144728660583496094e+01
2.874999940395355225e-01 -4.780267238616943359e+00 1.146835327148437500e+01
3.000000119209289551e-01 -5.206969738006591797e+00 1.147099304199218750e+01
3.125000000000000000e-01 -5.565432071685791016e+00 1.147192096710205078e+01
3.249999880790710449e-01 -5.848816871643066406e+00 1.148929691314697266e+01
3.375000059604644775e-01 -6.062436103820800781e+00 1.151331996917724609e+01
3.499999940395355225e-01 -6.208563327789306641e+00 1.152376270294189453e+01
3.625000119209289551e-01 -6.278599262237548828e+00 1.152341079711914062e+01
3.750000000000000000e-01 -6.264824867248535156e+00 1.153260898590087891e+01
3.874999880790710449e-01 -6.171855449676513672e+00 1.155503368377685547e+01
4.000000059604644775e-01 -6.009041309356689453e+00 1.157141017913818359e+01
4.124999940395355225e-01 -5.776554584503173828e+00 1.157149410247802734e+01
4.250000119209289551e-01 -5.468285560607910156e+00 1.157148075103759766e+01
4.375000000000000000e-01 -5.087004661560058594e+00 1.158720493316650391e+01
4.499999880790710449e-01 -4.646492958068847656e+00 1.160656261444091797e+01
4.625000059604644775e-01 -4.156166076660156250e+00 1.160814762115478516e+01
4.749999940395355225e-01 -3.613275766372680664e+00 1.159777069091796875e+01
4.875000119209289551e-01 -3.017011880874633789e+00 1.160128879547119141e+01
5.000000000000000000e-01 -2.382269859313964844e+00 1.162068271636962891e+01
5.124999880790710449e-01 -1.727873682975769043e+00 1.162542152404785156e+01
5.249999761581420898e-01 -1.054420471191406250e+00 1.160188007354736328e+01
5.375000238418579102e-01 -3.492236137390136719e-01 1.158558082580566406e+01
5.500000119209289551e-01 3.806913197040557861e-01 1.161031723022460938e+01
5.625000000000000000e-01 1.093199133872985840e+00 1.162968063354492188e+01
5.749999880790710449e-01 1.743339300155639648e+00 1.152679538726806641e+01
5.874999761581420898e-01 2.329134941101074219e+00 1.122435092926025391e+01
6.000000238418579102e-01 2.892437934875488281e+00 1.077060031890869141e+01
6.125000119209289551e-01 3.470025539398193359e+00 1.029783153533935547e+01
6.250000000000000000e-01 4.052381992340087891e+00 9.905537605285644531e+00
6.374999880790710449e-01 4.595652103424072266e+00 9.603683471679687500e+00
6.499999761581420898e-01 5.064861297607421875e+00 9.359343528747558594e+00
6.625000238418579102e-01 5.454530239105224609e+00 9.160581588745117188e+00
6.750000119209289551e-01 5.771933555603027344e+00 9.016669273376464844e+00
6.875000000000000000e-01 6.016428947448730469e+00 8.921694755554199219e+00
6.999999880790710449e-01 6.181688308715820312e+00 8.852144241333007812e+00
7.124999761581420898e-01 6.267670631408691406e+00 8.799177169799804688e+00
7.250000238418579102e-01 6.279189586639404297e+00 8.777410507202148438e+00
7.375000119209289551e-01 6.215831756591796875e+00 8.795335769653320312e+00
7.500000000000000000e-01 6.073044300079345703e+00 8.839107513427734375e+00
7.624999880790710449e-01 5.852954864501953125e+00 8.898704528808593750e+00
7.749999761581420898e-01 5.564926147460937500e+00 8.991497039794921875e+00
7.875000238418579102e-01 5.213451385498046875e+00 9.138600349426269531e+00
8.000000119209289551e-01 4.795490741729736328e+00 9.329759597778320312e+00
8.125000000000000000e-01 4.316147327423095703e+00 9.541007995605468750e+00
8.249999880790710449e-01 3.797639369964599609e+00 9.786990165710449219e+00
8.374999761581420898e-01 3.259170770645141602e+00 1.011913394927978516e+01
8.500000238418579102e-01 2.689539432525634766e+00 1.054597663879394531e+01
8.625000119209289551e-01 2.055160999298095703e+00 1.097480106353759766e+01
8.750000000000000000e-01 1.343763470649719238e+00 1.127013874053955078e+01
8.874999880790710449e-01 5.916392803192138672e-01 1.137809562683105469e+01
8.999999761581420898e-01 -1.433890610933303833e-01 1.137085437774658203e+01
9.125000238418579102e-01 -8.331028819084167480e-01 1.135975742340087891e+01
9.250000119209289551e-01 -1.492981076240539551e+00 1.138671112060546875e+01
9.375000000000000000e-01 -2.146737098693847656e+00 1.141798019409179688e+01
9.499999880790710449e-01 -2.790554523468017578e+00 1.142224502563476562e+01
9.624999761581420898e-01 -3.399275779724121094e+00 1.141624736785888672e+01
9.750000238418579102e-01 -3.956835269927978516e+00 1.142918300628662109e+01
9.875000119209289551e-01 -4.465917587280273438e+00 1.145610713958740234e+01
1.000000000000000000e+00 -4.929072380065917969e+00 1.147098064422607422e+01
1.012500047683715820e+00 -5.334686279296875000e+00 1.147018623352050781e+01
1.024999976158142090e+00 -5.668100833892822266e+00 1.147574996948242188e+01
1.037500023841857910e+00 -5.927424907684326172e+00 1.149774360656738281e+01
1.049999952316284180e+00 -6.118884086608886719e+00 1.151882076263427734e+01
1.062500000000000000e+00 -6.240931510925292969e+00 1.152388191223144531e+01
1.075000047683715820e+00 -6.283360004425048828e+00 1.152460956573486328e+01
1.087499976158142090e+00 -6.242108345031738281e+00 1.153931236267089844e+01
1.100000023841857910e+00 -6.125083446502685547e+00 1.156221485137939453e+01
1.112499952316284180e+00 -5.939613342285156250e+00 1.157289505004882812e+01
1.125000000000000000e+00 -5.682400703430175781e+00 1.157030487060546875e+01
1.137500047683715820e+00 -5.348760128021240234e+00 1.157495403289794922e+01
1.149999976158142090e+00 -4.946044921875000000e+00 1.159453868865966797e+01
1.162500023841857910e+00 -4.488550662994384766e+00 1.160953998565673828e+01
1.174999952316284180e+00 -3.981357574462890625e+00 1.160476207733154297e+01
1.187500000000000000e+00 -3.420078516006469727e+00 1.159642791748046875e+01
1.200000047683715820e+00 -2.808637619018554688e+00 1.160713577270507812e+01
1.212499976158142090e+00 -2.165820837020874023e+00 1.162551116943359375e+01
1.225000023841857910e+00 -1.506156086921691895e+00 1.161985778808593750e+01
1.237499952316284180e+00 -8.233095407485961914e-01 1.159304904937744141e+01
1.250000000000000000e+00 -1.072282716631889343e-01 1.158943939208984375e+01
1.262500047683715820e+00 6.227728724479675293e-01 1.162248611450195312e+01
1.274999976158142090e+00 1.318079590797424316e+00 1.161485767364501953e+01
1.287500023841857910e+00 1.944221496582031250e+00 1.144856739044189453e+01
1.299999952316284180e+00 2.516880512237548828e+00 1.108404827117919922e+01
1.312500000000000000e+00 3.082735776901245117e+00 1.060851860046386719e+01
1.325000047683715820e+00 3.665442943572998047e+00 1.015591049194335938e+01
1.337499976158142090e+00 4.240083217620849609e+00 9.796417236328125000e+00
1.350000023841857910e+00 4.761096000671386719e+00 9.517205238342285156e+00
1.362499952316284180e+00 5.203200817108154297e+00 9.287653923034667969e+00
1.375000000000000000e+00 5.568129539489746094e+00 9.106237411499023438e+00
1.387500047683715820e+00 5.861851692199707031e+00 8.980647087097167969e+00
1.399999976158142090e+00 6.080508708953857422e+00 8.896726608276367188e+00
1.412500023841857910e+00 6.218909740447998047e+00 8.832219123840332031e+00
1.424999952316284180e+00 6.279630661010742188e+00 8.787568092346191406e+00
1.437500000000000000e+00 6.266632556915283203e+00 8.779301643371582031e+00
1.450000047683715820e+00 6.177186012268066406e+00 8.808010101318359375e+00
1.462499976158142090e+00 6.007871150970458984e+00 8.856904029846191406e+00
1.475000023841857910e+00 5.764068126678466797e+00 8.924527168273925781e+00
1.487499952316284180e+00 5.454926013946533203e+00 9.034220695495605469e+00
1.500000000000000000e+00 5.081643581390380859e+00 9.198838233947753906e+00
1.512500047683715820e+00 4.641741752624511719e+00 9.398393630981445312e+00
1.524999976158142090e+00 4.146348476409912109e+00 9.616805076599121094e+00
1.537500023841857910e+00 3.620182275772094727e+00 9.885872840881347656e+00
1.549999952316284180e+00 3.074324369430541992e+00 1.025336933135986328e+01
1.562500000000000000e+00 2.486809968948364258e+00 1.069568824768066406e+01
1.575000047683715820e+00 1.825805187225341797e+00 1.109344482421875000e+01
1.587499976158142090e+00 1.094681739807128906e+00 1.132559013366699219e+01
1.600000023841857910e+00 3.423702418804168701e-01 1.138250064849853516e+01
1.612499952316284180e+00 -3.782379031181335449e-01 1.136346340179443359e+01
1.625000000000000000e+00 -1.054869890213012695e+00 1.136523151397705078e+01
1.637500047683715820e+00 -1.711027503013610840e+00 1.139905643463134766e+01
1.649999976158142090e+00 -2.363507986068725586e+00 1.142250728607177734e+01
1.662500023841857910e+00 -2.998564720153808594e+00 1.141958332061767578e+01
1.674999952316284180e+00 -3.590931177139282227e+00 1.141782569885253906e+01
1.687500000000000000e+00 -4.131526470184326172e+00 1.143790817260742188e+01
1.700000047683715820e+00 -4.625673294067382812e+00 1.146334457397460938e+01
1.712499976158142090e+00 -5.071516513824462891e+00 1.147159957885742188e+01
1.725000023841857910e+00 -5.454247951507568359e+00 1.147021770477294922e+01
1.737499952316284180e+00 -5.762456893920898438e+00 1.148169422149658203e+01
1.750000000000000000e+00 -5.998580455780029297e+00 1.150606155395507812e+01
1.762500047683715820e+00 -6.167715549468994141e+00 1.152225685119628906e+01
1.774999976158142090e+00 -6.264391899108886719e+00 1.152345085144042969e+01
1.787500023841857910e+00 -6.278699874877929688e+00 1.152761745452880859e+01
1.799999952316284180e+00 -6.210983753204345703e+00 1.154708290100097656e+01
1.812500000000000000e+00 -6.070824623107910156e+00 1.156783199310302734e+01
1.825000047683715820e+00 -5.862233638763427734e+00 1.157267379760742188e+01
1.837499976158142090e+00 -5.579630851745605469e+00 1.157005310058593750e+01
1.850000023841857910e+00 -5.221487998962402344e+00 1.158037662506103516e+01
1.862499952316284180e+00 -4.799098968505859375e+00 1.160132217407226562e+01
1.875000000000000000e+00 -4.325192451477050781e+00 1.160998630523681641e+01
1.887500047683715820e+00 -3.800457477569580078e+00 1.160090351104736328e+01
1.899999976158142090e+00 -3.221149682998657227e+00 1.159755611419677734e+01
1.912500023841857910e+00 -2.596814870834350586e+00 1.161406421661376953e+01
1.924999952316284180e+00 -1.947718977928161621e+00 1.162732219696044922e+01
1.937500000000000000e+00 -1.281918525695800781e+00 1.161149024963378906e+01
1.950000047683715820e+00 -5.882213115692138672e-01 1.158705997467041016e+01
1.962499976158142090e+00 1.366145461797714233e-01 1.159826469421386719e+01
1.975000023841857910e+00 8.608758449554443359e-01 1.163056755065917969e+01
1.987499952316284180e+00 1.534790635108947754e+00 1.158167076110839844e+01
2.000000000000000000e+00 2.138860940933227539e+00 1.134710502624511719e+01
