0.000000000000000000e+00 6.247075080871582031e+00 8.814653396606445312e+00
1.250000018626451492e-02 6.283247470855712891e+00 8.780319213867187500e+00
2.500000037252902985e-02 6.245141506195068359e+00 8.785669326782226562e+00
3.750000149011611938e-02 6.128457069396972656e+00 8.823112487792968750e+00
5.000000074505805969e-02 5.932182312011718750e+00 8.877095222473144531e+00
6.250000000000000000e-02 5.664414405822753906e+00 8.956274032592773438e+00
7.500000298023223877e-02 5.332538604736328125e+00 9.085577011108398438e+00
8.749999850988388062e-02 4.934872627258300781e+00 9.266184806823730469e+00
1.000000014901161194e-01 4.471915245056152344e+00 9.472728729248046875e+00
1.124999970197677612e-01 3.961377143859863281e+00 9.703599929809570312e+00
1.250000000000000000e-01 3.427119970321655273e+00 1.000494670867919922e+01
1.375000029802322388e-01 2.868798255920410156e+00 1.040875816345214844e+01
1.500000059604644775e-01 2.255753755569458008e+00 1.085278511047363281e+01
1.624999940395355225e-01 1.564132690429687500e+00 1.120081138610839844e+01
1.749999970197677612e-01 8.159988522529602051e-01 1.136277484893798828e+01
1.875000000000000000e-01 6.870061904191970825e-02 1.137745761871337891e+01
2.000000029802322388e-01 -6.363206505775451660e-01 1.135881328582763672e+01
2.125000059604644775e-01 -1.303718566894531250e+00 1.137603187561035156e+01
2.249999940395355225e-01 -1.959884405136108398e+00 1.141102600097656250e+01
2.374999970197677612e-01 -2.610447645187377930e+00 1.142335700988769531e+01
2.500000000000000000e-01 -3.233266115188598633e+00 1.141669178009033203e+01
2.624999880790710449e-01 -3.807018280029296875e+00 1.142306423187255859e+01
2.750000059604644775e-01 -4.330213069915771484e+00 1.144873905181884766e+01
2.874999940395355225e-01 -4.807785034179687500e+00 1.146886539459228516e+01
3.000000119209289551e-01 -5.231832504272460938e+00 1.147072410583496094e+01
3.125000000000000000e-01 -5.586410045623779297e+00 1.147245407104492188e+01
3.249999880790710449e-01 -5.865583896636962891e+00 1.149097728729248047e+01
3.375000059604644775e-01 -6.075048446655273438e+00 1.151465225219726562e+01
3.499999940395355225e-01 -6.216340541839599609e+00 1.152389621734619141e+01
3.625000119209289551e-01 -6.280301094055175781e+00 1.152361488342285156e+01
3.750000000000000000e-01 -6.259883403778076172e+00 1.153418350219726562e+01
3.874999880790710449e-01 -6.160627841949462891e+00 1.155704212188720703e+01
4.000000059604644775e-01 -5.991608619689941406e+00 1.157211685180664062e+01
4.124999940395355225e-01 -5.752055644989013672e+00 1.157131290435791016e+01
4.250000119209289551e-01 -5.436008930206298828e+00 1.157244396209716797e+01
4.375000000000000000e-01 -5.047511577606201172e+00 1.158950901031494141e+01
4.499999880790710449e-01 -4.600802421569824219e+00 1.160792922973632812e+01
4.625000059604644775e-01 -4.104188919067382812e+00 1.160752296447753906e+01
4.749999940395355225e-01 -3.554210424423217773e+00 1.159743976593017578e+01
4.875000119209289551e-01 -2.951345920562744141e+00 1.160328865051269531e+01
5.000000000000000000e-01 -2.312031507492065430e+00 1.162285041809082031e+01
5.124999880790710449e-01 -1.654141306877136230e+00 1.162428855895996094e+01
5.249999761581420898e-01 -9.758530855178833008e-01 1.159904384613037109e+01
5.375000238418579102e-01 -2.647961080074310303e-01 1.158672904968261719e+01
5.500000119209289551e-01 4.678144156932830811e-01 1.161527824401855469e+01
5.625000000000000000e-01 1.176654219627380371e+00 1.162651634216308594e+01
5.749999880790710449e-01 1.819571256637573242e+00 1.150066757202148438e+01
5.874999761581420898e-01 2.401236534118652344e+00 1.117295932769775391e+01
6.000000238418579102e-01 2.966456174850463867e+00 1.070773887634277344e+01
6.125000119209289551e-01 3.547764778137207031e+00 1.024055767059326172e+01
6.250000000000000000e-01 4.129205226898193359e+00 9.860519409179687500e+00
6.374999880790710449e-01 4.665243625640869141e+00 9.567562103271484375e+00
6.499999761581420898e-01 5.124394893646240234e+00 9.328709602355957031e+00
6.625000238418579102e-01 5.504449844360351562e+00 9.136585235595703125e+00
6.750000119209289551e-01 5.812424182891845703e+00 9.000396728515625000e+00
6.875000000000000000e-01 6.046158313751220703e+00 8.910429954528808594e+00
6.999999880790710449e-01 6.199620246887207031e+00 8.843008041381835938e+00
7.124999761581420898e-01 6.274039268493652344e+00 8.793441772460937500e+00
7.250000238418579102e-01 6.274034976959228516e+00 8.777864456176757812e+00
7.375000119209289551e-01 6.198040008544921875e+00 8.801247596740722656e+00
7.500000000000000000e-01 6.041835784912109375e+00 8.847733497619628906e+00
7.624999880790710449e-01 5.809190273284912109e+00 8.911132812500000000e+00
7.749999761581420898e-01 5.509644508361816406e+00 9.012398719787597656e+00
7.875000238418579102e-01 5.146065235137939453e+00 9.169115066528320312e+00
8.000000119209289551e-01 4.715408325195312500e+00 9.365525245666503906e+00
8.125000000000000000e-01 4.225876808166503906e+00 9.580807685852050781e+00
8.249999880790710449e-01 3.701571226119995117e+00 9.839035034179687500e+00
8.374999761581420898e-01 3.157863616943359375e+00 1.019132041931152344e+01
8.500000238418579102e-01 2.577335834503173828e+00 1.062931060791015625e+01
8.625000119209289551e-01 1.926390171051025391e+00 1.104362106323242188e+01
8.750000000000000000e-01 1.201153278350830078e+00 1.130412960052490234e+01
8.874999880790710449e-01 4.459689557552337646e-01 1.138160324096679688e+01
8.999999761581420898e-01 -2.829745113849639893e-01 1.136599636077880859e+01
9.125000238418579102e-01 -9.665207862854003906e-01 1.136226081848144531e+01
9.250000119209289551e-01 -1.625643134117126465e+00 1.139404964447021484e+01
9.375000000000000000e-01 -2.280506372451782227e+00 1.142095375061035156e+01
9.499999880790710449e-01 -2.920981645584106445e+00 1.142043972015380859e+01
9.624999761581420898e-01 -3.521217823028564453e+00 1.141676235198974609e+01
9.750000238418579102e-01 -4.069377899169921875e+00 1.143448257446289062e+01
9.875000119209289551e-01 -4.570152759552001953e+00 1.146088504791259766e+01
1.000000000000000000e+00 -5.023395061492919922e+00 1.147145080566406250e+01
1.012500047683715820e+00 -5.415099143981933594e+00 1.146998310089111328e+01
1.024999976158142090e+00 -5.732461929321289062e+00 1.147950458526611328e+01
1.037500023841857910e+00 -5.976605892181396484e+00 1.150346565246582031e+01
1.049999952316284180e+00 -6.153239250183105469e+00 1.152140808105468750e+01
1.062500000000000000e+00 -6.258054256439208984e+00 1.152361965179443359e+01
1.075000047683715820e+00 -6.280771732330322266e+00 1.152661609649658203e+01
1.087499976158142090e+00 -6.220384597778320312e+00 1.154492187500000000e+01
1.100000023841857910e+00 -6.086243152618408203e+00 1.156659317016601562e+01
1.112499952316284180e+00 -5.883420467376708984e+00 1.157301425933837891e+01
1.125000000000000000e+00 -5.606775760650634766e+00 1.157018089294433594e+01
1.137500047683715820e+00 -5.253791809082031250e+00 1.157908916473388672e+01
1.149999976158142090e+00 -4.834939479827880859e+00 1.160002708435058594e+01
1.162500023841857910e+00 -4.363617897033691406e+00 1.161035823822021484e+01
1.174999952316284180e+00 -3.841538190841674805e+00 1.160204410552978516e+01
1.187500000000000000e+00 -3.264576196670532227e+00 1.159741687774658203e+01
1.200000047683715820e+00 -2.641075134277343750e+00 1.161293601989746094e+01
1.212499976158142090e+00 -1.991372108459472656e+00 1.162757873535156250e+01
1.225000023841857910e+00 -1.325051307678222656e+00 1.161360073089599609e+01
1.237499952316284180e+00 -6.315690875053405762e-01 1.158825683593750000e+01
1.250000000000000000e+00 9.393023699522018433e-02 1.159683990478515625e+01
1.262500047683715820e+00 8.216390609741210938e-01 1.163011360168457031e+01
1.274999976158142090e+00 1.501140594482421875e+00 1.158870506286621094e+01
1.287500023841857910e+00 2.110036134719848633e+00 1.136422443389892578e+01
1.299999952316284180e+00 2.677418947219848633e+00 1.095386695861816406e+01
1.312500000000000000e+00 3.249247074127197266e+00 1.047122192382812500e+01
1.325000047683715820e+00 3.835476875305175781e+00 1.004161071777343750e+01
1.337499976158142090e+00 4.400362491607666016e+00 9.708248138427734375e+00
1.350000023841857910e+00 4.900642871856689453e+00 9.444992065429687500e+00
1.362499952316284180e+00 5.320059776306152344e+00 9.227997779846191406e+00
1.375000000000000000e+00 5.664318561553955078e+00 9.062772750854492188e+00
1.387500047683715820e+00 5.936752319335937500e+00 8.952060699462890625e+00
1.399999976158142090e+00 6.131557941436767578e+00 8.875575065612792969e+00
1.412500023841857910e+00 6.245629787445068359e+00 8.815636634826660156e+00
1.424999952316284180e+00 6.283246040344238281e+00 8.780628204345703125e+00
1.437500000000000000e+00 6.246617794036865234e+00 8.785197257995605469e+00
1.450000047683715820e+00 6.131504058837890625e+00 8.822199821472167969e+00
1.462499976158142090e+00 5.936724662780761719e+00 8.875880241394042969e+00
1.475000023841857910e+00 5.670253753662109375e+00 8.954318046569824219e+00
1.487499952316284180e+00 5.339619159698486328e+00 9.082507133483886719e+00
1.500000000000000000e+00 4.943270206451416016e+00 9.262334823608398438e+00
1.512500047683715820e+00 4.481476783752441406e+00 9.468554496765136719e+00
1.524999976158142090e+00 3.971609115600585938e+00 9.698619842529296875e+00
1.537500023841857910e+00 3.437698841094970703e+00 9.998080253601074219e+00
1.549999952316284180e+00 2.880078077316284180e+00 1.040012550354003906e+01
1.562500000000000000e+00 2.268432617187500000e+00 1.084459304809570312e+01
1.575000047683715820e+00 1.578304767608642578e+00 1.119570922851562500e+01
1.587499976158142090e+00 8.307654857635498047e-01 1.136135005950927734e+01
1.600000023841857910e+00 8.292063325643539429e-02 1.137785816192626953e+01
1.612499952316284180e+00 -6.230227947235107422e-01 1.135890293121337891e+01
1.625000000000000000e+00 -1.290894389152526855e+00 1.137537002563476562e+01
1.637500047683715820e+00 -1.947113633155822754e+00 1.141048049926757812e+01
1.649999976158142090e+00 -2.597942829132080078e+00 1.142339324951171875e+01
1.662500023841857910e+00 -3.221560001373291016e+00 1.141678810119628906e+01
1.674999952316284180e+00 -3.796343326568603516e+00 1.142270565032958984e+01
1.687500000000000000e+00 -4.320456027984619141e+00 1.144820022583007812e+01
1.700000047683715820e+00 -4.798939704895019531e+00 1.146866321563720703e+01
1.712499976158142090e+00 -5.224187850952148438e+00 1.147077655792236328e+01
1.725000023841857910e+00 -5.580227851867675781e+00 1.147227191925048828e+01
1.737499952316284180e+00 -5.860832691192626953e+00 1.149048900604248047e+01
1.750000000000000000e+00 -6.071602344512939453e+00 1.151429271697998047e+01
1.762500047683715820e+00 -6.214287757873535156e+00 1.152387046813964844e+01
1.774999976158142090e+00 -6.279857158660888672e+00 1.152357101440429688e+01
1.787500023841857910e+00 -6.261069297790527344e+00 1.153381443023681641e+01
1.799999952316284180e+00 -6.163246631622314453e+00 1.155660152435302734e+01
1.812500000000000000e+00 -5.995554924011230469e+00 1.157199764251708984e+01
1.825000047683715820e+00 -5.757442951202392578e+00 1.157139015197753906e+01
1.837499976158142090e+00 -5.442896842956542969e+00 1.157227134704589844e+01
1.850000023841857910e+00 -5.055685997009277344e+00 1.158907794952392578e+01
1.862499952316284180e+00 -4.609987258911132812e+00 1.160771942138671875e+01
1.875000000000000000e+00 -4.114356517791748047e+00 1.160770797729492188e+01
1.887500047683715820e+00 -3.565459728240966797e+00 1.159754753112792969e+01
1.899999976158142090e+00 -2.963514804840087891e+00 1.160296535491943359e+01
1.912500023841857910e+00 -2.324700832366943359e+00 1.162253570556640625e+01
1.924999952316284180e+00 -1.667113780975341797e+00 1.162457656860351562e+01
1.937500000000000000e+00 -9.893589019775390625e-01 1.159958457946777344e+01
1.950000047683715820e+00 -2.789587974548339844e-01 1.158655834197998047e+01
1.962499976158142090e+00 4.535878300666809082e-01 1.161454010009765625e+01
1.975000023841857910e+00 1.163392424583435059e+00 1.162722206115722656e+01
1.987499952316284180e+00 1.807733774185180664e+00 1.150503826141357422e+01
2.000000000000000000e+00 2.390223741531372070e+00 1.118105983734130859e+01
