0.000000000000000000e+00 6.246659755706787109e+00 8.814892768859863281e+00
1.250000018626451492e-02 6.283027648925781250e+00 8.780371665954589844e+00
2.500000037252902985e-02 6.244708538055419922e+00 8.785750389099121094e+00
3.750000149011611938e-02 6.127369880676269531e+00 8.823360443115234375e+00
5.000000074505805969e-02 5.930020332336425781e+00 8.877581596374511719e+00
6.250000000000000000e-02 5.660861015319824219e+00 8.957323074340820312e+00
7.500000298023223877e-02 5.327273368835449219e+00 9.087649345397949219e+00
8.749999850988388062e-02 4.927495002746582031e+00 9.269317626953125000e+00
1.000000014901161194e-01 4.462211608886718750e+00 9.476718902587890625e+00
1.124999970197677612e-01 3.949572563171386719e+00 9.709087371826171875e+00
1.250000000000000000e-01 3.413443326950073242e+00 1.001345252990722656e+01
1.375000029802322388e-01 2.852682352066040039e+00 1.042051792144775391e+01
1.500000059604644775e-01 2.235950946807861328e+00 1.086482429504394531e+01
1.624999940395355225e-01 1.540091753005981445e+00 1.120865345001220703e+01
1.749999970197677612e-01 7.888948321342468262e-01 1.136471557617187500e+01
1.875000000000000000e-01 4.054240882396697998e-02 1.137625026702880859e+01
2.000000029802322388e-01 -6.646243929862976074e-01 1.135835742950439453e+01
2.125000059604644775e-01 -1.332880735397338867e+00 1.137722015380859375e+01
2.249999940395355225e-01 -1.990691661834716797e+00 1.141194343566894531e+01
2.374999970197677612e-01 -2.642287731170654297e+00 1.142290592193603516e+01
2.500000000000000000e-01 -3.264652729034423828e+00 1.141618442535400391e+01
2.624999880790710449e-01 -3.837116718292236328e+00 1.142386436462402344e+01
2.750000059604644775e-01 -4.359068870544433594e+00 1.145006179809570312e+01
2.874999940395355225e-01 -4.835113048553466797e+00 1.146919441223144531e+01
3.000000119209289551e-01 -5.256418228149414062e+00 1.147035503387451172e+01
3.125000000000000000e-01 -5.607059001922607422e+00 1.147297000885009766e+01
3.249999880790710449e-01 -5.882027626037597656e+00 1.149257850646972656e+01
3.375000059604644775e-01 -6.087321758270263672e+00 1.151578998565673828e+01
3.499999940395355225e-01 -6.223693847656250000e+00 1.152386665344238281e+01
3.625000119209289551e-01 -6.281498908996582031e+00 1.152379512786865234e+01
3.750000000000000000e-01 -6.254442214965820312e+00 1.153574657440185547e+01
3.874999880790710449e-01 -6.148935794830322266e+00 1.155888271331787109e+01
4.000000059604644775e-01 -5.973670482635498047e+00 1.157258415222167969e+01
4.124999940395355225e-01 -5.726959228515625000e+00 1.157105159759521484e+01
4.250000119209289551e-01 -5.403129100799560547e+00 1.157346439361572266e+01
4.375000000000000000e-01 -5.007517814636230469e+00 1.159172630310058594e+01
4.499999880790710449e-01 -4.554663658142089844e+00 1.160898590087890625e+01
4.625000059604644775e-01 -4.051687240600585938e+00 1.160668659210205078e+01
4.749999940395355225e-01 -3.494581699371337891e+00 1.159720897674560547e+01
4.875000119209289551e-01 -2.885281562805175781e+00 1.160537242889404297e+01
5.000000000000000000e-01 -2.241605997085571289e+00 1.162467384338378906e+01
5.124999880790710449e-01 -1.580179810523986816e+00 1.162266540527343750e+01
5.249999761581420898e-01 -8.968392014503479004e-01 1.159629154205322266e+01
5.375000238418579102e-01 -1.800278574228286743e-01 1.158844757080078125e+01
5.500000119209289551e-01 5.546093583106994629e-01 1.161998081207275391e+01
5.625000000000000000e-01 1.259071707725524902e+00 1.162114048004150391e+01
5.749999880790710449e-01 1.894779205322265625e+00 1.147113323211669922e+01
5.874999761581420898e-01 2.473054647445678711e+00 1.111917018890380859e+01
6.000000238418579102e-01 3.040783882141113281e+00 1.064486408233642578e+01
6.125000119209289551e-01 3.625532150268554688e+00 1.018488788604736328e+01
6.250000000000000000e-01 4.205172538757324219e+00 9.817032814025878906e+00
6.374999880790710449e-01 4.733334541320800781e+00 9.532285690307617188e+00
6.499999761581420898e-01 5.182368278503417969e+00 9.298847198486328125e+00
6.625000238418579102e-01 5.552922248840332031e+00 9.113680839538574219e+00
6.750000119209289551e-01 5.851340293884277344e+00 8.985050201416015625e+00
6.875000000000000000e-01 6.074086189270019531e+00 8.899521827697753906e+00
6.999999880790710449e-01 6.215718269348144531e+00 8.834130287170410156e+00
7.124999761581420898e-01 6.278641700744628906e+00 8.788447380065917969e+00
7.250000238418579102e-01 6.267004013061523438e+00 8.779242515563964844e+00
7.375000119209289551e-01 6.178168296813964844e+00 8.807632446289062500e+00
7.500000000000000000e-01 6.008577823638916016e+00 8.856637001037597656e+00
7.624999880790710449e-01 5.763604640960693359e+00 8.924510955810546875e+00
7.749999761581420898e-01 5.452565193176269531e+00 9.034875869750976562e+00
7.875000238418579102e-01 5.076684474945068359e+00 9.200719833374023438e+00
8.000000119209289551e-01 4.633495807647705078e+00 9.401633262634277344e+00
8.125000000000000000e-01 4.134544849395751953e+00 9.621753692626953125e+00
8.249999880790710449e-01 3.604991197586059570e+00 9.894165039062500000e+00
8.374999761581420898e-01 3.055417060852050781e+00 1.026653099060058594e+01
8.500000238418579102e-01 2.462664365768432617e+00 1.071175193786621094e+01
8.625000119209289551e-01 1.794860601425170898e+00 1.110655212402343750e+01
8.750000000000000000e-01 1.057407975196838379e+00 1.133098506927490234e+01
8.874999880790710449e-01 3.013828098773956299e-01 1.138153457641601562e+01
8.999999761581420898e-01 -4.206951856613159180e-01 1.136183071136474609e+01
9.125000238418579102e-01 -1.098984360694885254e+00 1.136629962921142578e+01
9.250000119209289551e-01 -1.758235573768615723e+00 1.140098571777343750e+01
9.375000000000000000e-01 -2.413712263107299805e+00 1.142248344421386719e+01
9.499999880790710449e-01 -3.049602746963500977e+00 1.141841697692871094e+01
9.624999761581420898e-01 -3.640782117843627930e+00 1.141829586029052734e+01
9.750000238418579102e-01 -4.179788112640380859e+00 1.144011878967285156e+01
9.875000119209289551e-01 -4.672230243682861328e+00 1.146468544006347656e+01
1.000000000000000000e+00 -5.114765644073486328e+00 1.147116470336914062e+01
1.012500047683715820e+00 -5.491800308227539062e+00 1.147033023834228516e+01
1.024999976158142090e+00 -5.793123245239257812e+00 1.148400688171386719e+01
1.037500023841857910e+00 -6.022362232208251953e+00 1.150871658325195312e+01
1.049999952316284180e+00 -6.183836936950683594e+00 1.152293109893798828e+01
1.062500000000000000e+00 -6.270694255828857422e+00 1.152332592010498047e+01
1.075000047683715820e+00 -6.273533821105957031e+00 1.152952766418457031e+01
1.087499976158142090e+00 -6.194512844085693359e+00 1.155066013336181641e+01
1.100000023841857910e+00 -6.043485641479492188e+00 1.156984424591064453e+01
1.112499952316284180e+00 -5.822841167449951172e+00 1.157240676879882812e+01
1.125000000000000000e+00 -5.526450634002685547e+00 1.157081031799316406e+01
1.137500047683715820e+00 -5.154728412628173828e+00 1.158401966094970703e+01
1.149999976158142090e+00 -4.720589637756347656e+00 1.160464859008789062e+01
1.162500023841857910e+00 -4.235445022583007812e+00 1.160967254638671875e+01
1.174999952316284180e+00 -3.698014259338378906e+00 1.159952068328857422e+01
1.187500000000000000e+00 -3.105851650238037109e+00 1.159993267059326172e+01
1.200000047683715820e+00 -2.471779823303222656e+00 1.161862659454345703e+01
1.212499976158142090e+00 -1.815903782844543457e+00 1.162721157073974609e+01
1.225000023841857910e+00 -1.141973018646240234e+00 1.160621738433837891e+01
1.237499952316284180e+00 -4.372388124465942383e-01 1.158623600006103516e+01
1.250000000000000000e+00 2.954226434230804443e-01 1.160663414001464844e+01
1.262500047683715820e+00 1.016642093658447266e+00 1.163199043273925781e+01
1.274999976158142090e+00 1.678304910659790039e+00 1.154740715026855469e+01
1.287500023841857910e+00 2.272353887557983398e+00 1.126418685913085938e+01
1.299999952316284180e+00 2.838484764099121094e+00 1.081773376464843750e+01
1.312500000000000000e+00 3.417204380035400391e+00 1.033891201019287109e+01
1.325000047683715820e+00 4.003721714019775391e+00 9.935837745666503906e+00
1.337499976158142090e+00 4.554886341094970703e+00 9.625880241394042969e+00
1.350000023841857910e+00 5.032979488372802734e+00 9.376400947570800781e+00
1.362499952316284180e+00 5.430281162261962891e+00 9.172858238220214844e+00
1.375000000000000000e+00 5.754078388214111328e+00 9.024367332458496094e+00
1.387500047683715820e+00 6.004436492919921875e+00 8.926516532897949219e+00
1.399999976158142090e+00 6.174913883209228516e+00 8.855630874633789062e+00
1.412500023841857910e+00 6.265017509460449219e+00 8.801276206970214844e+00
1.424999952316284180e+00 6.279660701751708984e+00 8.777660369873046875e+00
1.437500000000000000e+00 6.218761444091796875e+00 8.794306755065917969e+00
1.450000047683715820e+00 6.077658653259277344e+00 8.837743759155273438e+00
1.462499976158142090e+00 5.858186244964599609e+00 8.897127151489257812e+00
1.475000023841857910e+00 5.569804668426513672e+00 8.989443778991699219e+00
1.487499952316284180e+00 5.217302322387695312e+00 9.136483192443847656e+00
1.500000000000000000e+00 4.797637462615966797e+00 9.328383445739746094e+00
1.512500047683715820e+00 4.315833091735839844e+00 9.540737152099609375e+00
1.524999976158142090e+00 3.794409513473510742e+00 9.788155555725097656e+00
1.537500023841857910e+00 3.252865076065063477e+00 1.012271499633789062e+01
1.549999952316284180e+00 2.679596900939941406e+00 1.055236816406250000e+01
1.562500000000000000e+00 2.040423870086669922e+00 1.098190212249755859e+01
1.575000047683715820e+00 1.323585629463195801e+00 1.127437305450439453e+01
1.587499976158142090e+00 5.669363141059875488e-01 1.137817764282226562e+01
1.600000023841857910e+00 -1.709216237068176270e-01 1.136931228637695312e+01
1.612499952316284180e+00 -8.628299236297607422e-01 1.135966587066650391e+01
1.625000000000000000e+00 -1.525656580924987793e+00 1.138798427581787109e+01
1.637500047683715820e+00 -2.182777404785156250e+00 1.141838455200195312e+01
1.649999976158142090e+00 -2.828749656677246094e+00 1.142129707336425781e+01
1.662500023841857910e+00 -3.437777757644653320e+00 1.141590881347656250e+01
1.674999952316284180e+00 -3.994796752929687500e+00 1.143052768707275391e+01
1.687500000000000000e+00 -4.503250598907470703e+00 1.145753955841064453e+01
1.700000047683715820e+00 -4.964856624603271484e+00 1.147093486785888672e+01
1.712499976158142090e+00 -5.366911888122558594e+00 1.146980762481689453e+01
1.725000023841857910e+00 -5.695200443267822266e+00 1.147702503204345703e+01
1.737499952316284180e+00 -5.949063301086425781e+00 1.150011253356933594e+01
1.750000000000000000e+00 -6.134679794311523438e+00 1.151999568939208984e+01
1.762500047683715820e+00 -6.249247550964355469e+00 1.152370738983154297e+01
1.774999976158142090e+00 -6.282299518585205078e+00 1.152548313140869141e+01
1.787500023841857910e+00 -6.231175422668457031e+00 1.154216861724853516e+01
1.799999952316284180e+00 -6.104698657989501953e+00 1.156470394134521484e+01
1.812500000000000000e+00 -5.909176349639892578e+00 1.157316112518310547e+01
1.825000047683715820e+00 -5.640204906463623047e+00 1.157031822204589844e+01
1.837499976158142090e+00 -5.294150352478027344e+00 1.157743072509765625e+01
1.850000023841857910e+00 -4.880289554595947266e+00 1.159808635711669922e+01
1.862499952316284180e+00 -4.412683963775634766e+00 1.161045646667480469e+01
1.875000000000000000e+00 -3.894424438476562500e+00 1.160335540771484375e+01
1.887500047683715820e+00 -3.321087598800659180e+00 1.159721088409423828e+01
1.899999976158142090e+00 -2.699410915374755859e+00 1.161123371124267578e+01
1.912500023841857910e+00 -2.049571752548217773e+00 1.162747573852539062e+01
1.924999952316284180e+00 -1.383097648620605469e+00 1.161611843109130859e+01
1.937500000000000000e+00 -6.905509829521179199e-01 1.158987045288085938e+01
1.950000047683715820e+00 3.491844981908798218e-02 1.159479999542236328e+01
1.962499976158142090e+00 7.663386464118957520e-01 1.162884330749511719e+01
1.975000023841857910e+00 1.452858090400695801e+00 1.159751987457275391e+01
1.987499952316284180e+00 2.068156480789184570e+00 1.138778877258300781e+01
2.000000000000000000e+00 2.638252496719360352e+00 1.098684310913085938e+01
