0.000000000000000000e+00 6.246234416961669922e+00 8.815221786499023438e+00
1.250000018626451492e-02 6.282798290252685547e+00 8.780514717102050781e+00
2.500000037252902985e-02 6.244266033172607422e+00 8.785921096801757812e+00
3.750000149011611938e-02 6.126271247863769531e+00 8.823698997497558594e+00
5.000000074505805969e-02 5.927845478057861328e+00 8.878160476684570312e+00
6.250000000000000000e-02 5.657291412353515625e+00 8.958467483520507812e+00
7.500000298023223877e-02 5.321989059448242188e+00 9.089819908142089844e+00
8.749999850988388062e-02 4.920093536376953125e+00 9.272547721862792969e+00
1.000000014901161194e-01 4.452485084533691406e+00 9.480807304382324219e+00
1.124999970197677612e-01 3.937753200531005859e+00 9.714698791503906250e+00
1.250000000000000000e-01 3.399751901626586914e+00 1.002211380004882812e+01
1.375000029802322388e-01 2.836526155471801758e+00 1.043239688873291016e+01
1.500000059604644775e-01 2.216076612472534180e+00 1.087685966491699219e+01
1.624999940395355225e-01 1.515988588333129883e+00 1.121638107299804688e+01
1.749999970197677612e-01 7.617926597595214844e-01 1.136657619476318359e+01
1.875000000000000000e-01 1.244891993701457977e-02 1.137511634826660156e+01
2.000000029802322388e-01 -6.928632855415344238e-01 1.135808181762695312e+01
2.125000059604644775e-01 -1.362020492553710938e+00 1.137854290008544922e+01
2.249999940395355225e-01 -2.021480321884155273e+00 1.141290283203125000e+01
2.374999970197677612e-01 -2.674045085906982422e+00 1.142251586914062500e+01
2.500000000000000000e-01 -3.295888423919677734e+00 1.141583538055419922e+01
2.624999880790710449e-01 -3.867050647735595703e+00 1.142483806610107422e+01
2.750000059604644775e-01 -4.387763977050781250e+00 1.145146369934082031e+01
2.874999940395355225e-01 -4.862230300903320312e+00 1.146955871582031250e+01
3.000000119209289551e-01 -5.280704021453857422e+00 1.147010898590087891e+01
3.125000000000000000e-01 -5.627361774444580078e+00 1.147368717193603516e+01
3.249999880790710449e-01 -5.898131847381591797e+00 1.149431037902832031e+01
3.375000059604644775e-01 -6.099233627319335938e+00 1.151694869995117188e+01
3.499999940395355225e-01 -6.230598926544189453e+00 1.152390098571777344e+01
3.625000119209289551e-01 -6.282173633575439453e+00 1.152417659759521484e+01
3.750000000000000000e-01 -6.248488426208496094e+00 1.153750801086425781e+01
3.874999880790710449e-01 -6.136764526367187500e+00 1.156075859069824219e+01
4.000000059604644775e-01 -5.955204486846923828e+00 1.157303619384765625e+01
4.124999940395355225e-01 -5.701246738433837891e+00 1.157094478607177734e+01
4.250000119209289551e-01 -5.369641780853271484e+00 1.157475566864013672e+01
4.375000000000000000e-01 -4.967022895812988281e+00 1.159404468536376953e+01
4.499999880790710449e-01 -4.508065223693847656e+00 1.160993957519531250e+01
4.625000059604644775e-01 -3.998644113540649414e+00 1.160587882995605469e+01
4.749999940395355225e-01 -3.434391975402832031e+00 1.159730911254882812e+01
4.875000119209289551e-01 -2.818840265274047852e+00 1.160771656036376953e+01
5.000000000000000000e-01 -2.171001434326171875e+00 1.162631988525390625e+01
5.124999880790710449e-01 -1.505966544151306152e+00 1.162079143524169922e+01
5.249999761581420898e-01 -8.173673748970031738e-01 1.159391021728515625e+01
5.375000238418579102e-01 -9.497438371181488037e-02 1.159092140197753906e+01
5.500000119209289551e-01 6.409747004508972168e-01 1.162442398071289062e+01
5.625000000000000000e-01 1.340402603149414062e+00 1.161353206634521484e+01
5.749999880790710449e-01 1.969022512435913086e+00 1.143840217590332031e+01
5.874999761581420898e-01 2.544684410095214844e+00 1.106345272064208984e+01
6.000000238418579102e-01 3.115425825119018555e+00 1.058245658874511719e+01
6.125000119209289551e-01 3.703215360641479492e+00 1.013107681274414062e+01
6.250000000000000000e-01 4.280156612396240234e+00 9.775159835815429688e+00
6.374999880790710449e-01 4.799878120422363281e+00 9.497972488403320312e+00
6.499999761581420898e-01 5.238790988922119141e+00 9.269977569580078125e+00
6.625000238418579102e-01 5.599934577941894531e+00 9.092064857482910156e+00
6.750000119209289551e-01 5.888635635375976562e+00 8.970728874206542969e+00
6.875000000000000000e-01 6.100182056427001953e+00 8.889087677001953125e+00
6.999999880790710449e-01 6.229983806610107422e+00 8.825743675231933594e+00
7.124999761581420898e-01 6.281466484069824219e+00 8.784441947937011719e+00
7.250000238418579102e-01 6.258054256439208984e+00 8.781680107116699219e+00
7.375000119209289551e-01 6.156191825866699219e+00 8.814588546752929688e+00
7.500000000000000000e-01 5.973296642303466797e+00 8.866050720214843750e+00
7.624999880790710449e-01 5.716218471527099609e+00 8.939160346984863281e+00
7.749999761581420898e-01 5.393654346466064453e+00 9.059103965759277344e+00
7.875000238418579102e-01 5.005291461944580078e+00 9.233427047729492188e+00
8.000000119209289551e-01 4.549850940704345703e+00 9.438258171081542969e+00
8.125000000000000000e-01 4.042294502258300781e+00 9.664347648620605469e+00
8.249999880790710449e-01 3.507880449295043945e+00 9.952780723571777344e+00
8.374999761581420898e-01 2.951599836349487305e+00 1.034449481964111328e+01
8.500000238418579102e-01 2.345350027084350586e+00 1.079251194000244141e+01
8.625000119209289551e-01 1.660751461982727051e+00 1.116319656372070312e+01
8.750000000000000000e-01 9.129751324653625488e-01 1.135132217407226562e+01
8.874999880790710449e-01 1.581819057464599609e-01 1.137904644012451172e+01
8.999999761581420898e-01 -5.566358566284179688e-01 1.135904788970947266e+01
9.125000238418579102e-01 -1.230732083320617676e+00 1.137180233001708984e+01
9.250000119209289551e-01 -1.890769481658935547e+00 1.140734577178955078e+01
9.375000000000000000e-01 -2.546105384826660156e+00 1.142289161682128906e+01
9.499999880790710449e-01 -3.176210403442382812e+00 1.141674709320068359e+01
9.624999761581420898e-01 -3.757978439331054688e+00 1.142107677459716797e+01
9.750000238418579102e-01 -4.288116931915283203e+00 1.144598960876464844e+01
9.875000119209289551e-01 -4.772027969360351562e+00 1.146761417388916016e+01
1.000000000000000000e+00 -5.202974796295166016e+00 1.147060966491699219e+01
1.012500047683715820e+00 -5.564726352691650391e+00 1.147163963317871094e+01
1.024999976158142090e+00 -5.850162506103515625e+00 1.148926734924316406e+01
1.037500023841857910e+00 -6.064686298370361328e+00 1.151344871520996094e+01
1.049999952316284180e+00 -6.210514068603515625e+00 1.152373313903808594e+01
1.062500000000000000e+00 -6.278741836547851562e+00 1.152353477478027344e+01
1.075000047683715820e+00 -6.261736392974853516e+00 1.153353023529052734e+01
1.087499976158142090e+00 -6.164614200592041016e+00 1.155638980865478516e+01
1.100000023841857910e+00 -5.996751785278320312e+00 1.157209777832031250e+01
1.112499952316284180e+00 -5.757747650146484375e+00 1.157164478302001953e+01
1.125000000000000000e+00 -5.441499710083007812e+00 1.157262229919433594e+01
1.137500047683715820e+00 -5.051817893981933594e+00 1.158962249755859375e+01
1.149999976158142090e+00 -4.603099822998046875e+00 1.160824871063232422e+01
1.162500023841857910e+00 -4.103910923004150391e+00 1.160796451568603516e+01
1.174999952316284180e+00 -3.550788402557373047e+00 1.159793567657470703e+01
1.187500000000000000e+00 -2.944257736206054688e+00 1.160404300689697266e+01
1.200000047683715820e+00 -2.301097869873046875e+00 1.162367534637451172e+01
1.212499976158142090e+00 -1.639296531677246094e+00 1.162452411651611328e+01
1.225000023841857910e+00 -9.566010832786560059e-01 1.159893798828125000e+01
1.237499952316284180e+00 -2.406134009361267090e-01 1.158778762817382812e+01
1.250000000000000000e+00 4.961463809013366699e-01 1.161745834350585938e+01
1.262500047683715820e+00 1.206841349601745605e+00 1.162540912628173828e+01
1.274999976158142090e+00 1.849841117858886719e+00 1.148990821838378906e+01
1.287500023841857910e+00 2.432364702224731445e+00 1.115069389343261719e+01
1.299999952316284180e+00 3.000787973403930664e+00 1.067935085296630859e+01
1.312500000000000000e+00 3.585997343063354492e+00 1.021365737915039062e+01
1.325000047683715820e+00 4.168913841247558594e+00 9.838288307189941406e+00
1.337499976158142090e+00 4.702936172485351562e+00 9.548509597778320312e+00
1.350000023841857910e+00 5.158194065093994141e+00 9.311629295349121094e+00
1.362499952316284180e+00 5.534064292907714844e+00 9.122789382934570312e+00
1.375000000000000000e+00 5.837247371673583984e+00 8.990794181823730469e+00
1.387500047683715820e+00 6.064683437347412109e+00 8.903411865234375000e+00
1.399999976158142090e+00 6.210650920867919922e+00 8.837080955505371094e+00
1.412500023841857910e+00 6.277217864990234375e+00 8.789968490600585938e+00
1.424999952316284180e+00 6.268751621246337891e+00 8.778906822204589844e+00
1.437500000000000000e+00 6.182884216308593750e+00 8.806126594543457031e+00
1.450000047683715820e+00 6.015819549560546875e+00 8.854699134826660156e+00
1.462499976158142090e+00 5.772606849670410156e+00 8.921766281127929688e+00
1.475000023841857910e+00 5.462738990783691406e+00 9.030661582946777344e+00
1.487499952316284180e+00 5.087785720825195312e+00 9.195459365844726562e+00
1.500000000000000000e+00 4.645118713378906250e+00 9.396340370178222656e+00
1.512500047683715820e+00 4.145850658416748047e+00 9.616428375244140625e+00
1.524999976158142090e+00 3.615277051925659180e+00 9.887836456298828125e+00
1.537500023841857910e+00 3.064714670181274414e+00 1.025914382934570312e+01
1.549999952316284180e+00 2.471378087997436523e+00 1.070502281188964844e+01
1.562500000000000000e+00 1.802873015403747559e+00 1.110235309600830078e+01
1.575000047683715820e+00 1.063917398452758789e+00 1.132942581176757812e+01
1.587499976158142090e+00 3.056638240814208984e-01 1.138123607635498047e+01
1.600000023841857910e+00 -4.187060594558715820e-01 1.136164951324462891e+01
1.612499952316284180e+00 -1.098962783813476562e+00 1.136606884002685547e+01
1.625000000000000000e+00 -1.759988903999328613e+00 1.140082645416259766e+01
1.637500047683715820e+00 -2.417176961898803711e+00 1.142228221893310547e+01
1.649999976158142090e+00 -3.054548740386962891e+00 1.141816616058349609e+01
1.662500023841857910e+00 -3.646842002868652344e+00 1.141826248168945312e+01
1.674999952316284180e+00 -4.186702251434326172e+00 1.144034671783447266e+01
1.687500000000000000e+00 -4.679779529571533203e+00 1.146480560302734375e+01
1.700000047683715820e+00 -5.122484683990478516e+00 1.147102737426757812e+01
1.712499976158142090e+00 -5.499037265777587891e+00 1.147036361694335938e+01
1.725000023841857910e+00 -5.799416542053222656e+00 1.148452472686767578e+01
1.737499952316284180e+00 -6.027481555938720703e+00 1.150930309295654297e+01
1.750000000000000000e+00 -6.187370300292968750e+00 1.152308177947998047e+01
1.762500047683715820e+00 -6.271903038024902344e+00 1.152336883544921875e+01
1.774999976158142090e+00 -6.271814346313476562e+00 1.153015232086181641e+01
1.787500023841857910e+00 -6.189720630645751953e+00 1.155169582366943359e+01
1.799999952316284180e+00 -6.035523891448974609e+00 1.157041454315185547e+01
1.812500000000000000e+00 -5.811168193817138672e+00 1.157241344451904297e+01
1.825000047683715820e+00 -5.510423660278320312e+00 1.157123947143554688e+01
1.837499976158142090e+00 -5.134313106536865234e+00 1.158529186248779297e+01
1.850000023841857910e+00 -4.696198940277099609e+00 1.160569286346435547e+01
1.862499952316284180e+00 -4.207040786743164062e+00 1.160959339141845703e+01
1.875000000000000000e+00 -3.665015935897827148e+00 1.159931182861328125e+01
1.887500047683715820e+00 -3.068224906921386719e+00 1.160102844238281250e+01
1.899999976158142090e+00 -2.430541515350341797e+00 1.162019824981689453e+01
1.912500023841857910e+00 -1.771850705146789551e+00 1.162701606750488281e+01
1.924999952316284180e+00 -1.094432950019836426e+00 1.160457038879394531e+01
1.937500000000000000e+00 -3.853002190589904785e-01 1.158659458160400391e+01
1.950000047683715820e+00 3.502786755561828613e-01 1.160987377166748047e+01
1.962499976158142090e+00 1.070433616638183594e+00 1.163142013549804688e+01
1.975000023841857910e+00 1.728132247924804688e+00 1.153290939331054688e+01
1.987499952316284180e+00 2.319550037384033203e+00 1.123249816894531250e+01
2.000000000000000000e+00 2.886998414993286133e+00 1.077667999267578125e+01
