0.000000000000000000e+00 6.281828880310058594e+00 8.790238380432128906e+00
1.250000018626451492e-02 6.301979064941406250e+00 8.771728515625000000e+00
2.500000037252902985e-02 6.281782150268554688e+00 8.775209426879882812e+00
3.750000149011611938e-02 6.219349384307861328e+00 8.797838211059570312e+00
5.000000074505805969e-02 6.113365173339843750e+00 8.831797599792480469e+00
6.250000000000000000e-02 5.965264320373535156e+00 8.873147010803222656e+00
7.500000298023223877e-02 5.778751850128173828e+00 8.927618980407714844e+00
8.749999850988388062e-02 5.556927680969238281e+00 9.006743431091308594e+00
1.000000014901161194e-01 5.299980640411376953e+00 9.117139816284179688e+00
1.124999970197677612e-01 5.006243705749511719e+00 9.253478050231933594e+00
1.250000000000000000e-01 4.676215171813964844e+00 9.403384208679199219e+00
1.375000029802322388e-01 4.315791130065917969e+00 9.561627388000488281e+00
1.500000059604644775e-01 3.934860944747924805e+00 9.740718841552734375e+00
1.624999940395355225e-01 3.541161298751831055e+00 9.965638160705566406e+00
1.749999970197677612e-01 3.133915901184082031e+00 1.025290203094482422e+01
1.875000000000000000e-01 2.703046083450317383e+00 1.058866310119628906e+01
2.000000029802322388e-01 2.235985755920410156e+00 1.092439079284667969e+01
2.125000059604644775e-01 1.728021740913391113e+00 1.119721126556396484e+01
2.249999940395355225e-01 1.188625097274780273e+00 1.136331558227539062e+01
2.374999970197677612e-01 6.385935544967651367e-01 1.142180633544921875e+01
2.500000000000000000e-01 9.950333833694458008e-02 1.141229915618896484e+01
2.624999880790710449e-01 -4.172177314758300781e-01 1.138835906982421875e+01
2.750000059604644775e-01 -9.139701724052429199e-01 1.138600730895996094e+01
2.874999940395355225e-01 -1.401286482810974121e+00 1.140878105163574219e+01
3.000000119209289551e-01 -1.887568831443786621e+00 1.143702602386474609e+01
3.125000000000000000e-01 -2.372022390365600586e+00 1.145073413848876953e+01
3.249999880790710449e-01 -2.845409393310546875e+00 1.144672298431396484e+01
3.375000059604644775e-01 -3.296847343444824219e+00 1.143819904327392578e+01
3.499999940395355225e-01 -3.720496177673339844e+00 1.144037437438964844e+01
3.625000119209289551e-01 -4.116921424865722656e+00 1.145656299591064453e+01
3.750000000000000000e-01 -4.488918304443359375e+00 1.147669601440429688e+01
3.874999880790710449e-01 -4.836191177368164062e+00 1.148803615570068359e+01
4.000000059604644775e-01 -5.153671741485595703e+00 1.148718070983886719e+01
4.124999940395355225e-01 -5.434555053710937500e+00 1.148242568969726562e+01
4.250000119209289551e-01 -5.674852848052978516e+00 1.148512935638427734e+01
4.375000000000000000e-01 -5.875191211700439453e+00 1.149884319305419922e+01
4.499999880790710449e-01 -6.038415908813476562e+00 1.151638793945312500e+01
4.625000059604644775e-01 -6.165499687194824219e+00 1.152715682983398438e+01
4.749999940395355225e-01 -6.253669738769531250e+00 1.152734565734863281e+01
4.875000119209289551e-01 -6.298412322998046875e+00 1.152335739135742188e+01
5.000000000000000000e-01 -6.297331333160400391e+00 1.152538204193115234e+01
5.124999880790710449e-01 -6.252149105072021484e+00 1.153748035430908203e+01
5.249999761581420898e-01 -6.166982173919677734e+00 1.155366516113281250e+01
5.375000238418579102e-01 -6.044592857360839844e+00 1.156370925903320312e+01
5.500000119209289551e-01 -5.884220600128173828e+00 1.156306743621826172e+01
5.625000000000000000e-01 -5.683094501495361328e+00 1.155737590789794922e+01
5.749999880790710449e-01 -5.440194129943847656e+00 1.155708694458007812e+01
5.874999761581420898e-01 -5.158637046813964844e+00 1.156723022460937500e+01
6.000000238418579102e-01 -4.844299316406250000e+00 1.158214473724365234e+01
6.125000119209289551e-01 -4.501872062683105469e+00 1.159056186676025391e+01
6.250000000000000000e-01 -4.132105350494384766e+00 1.158654594421386719e+01
6.374999880790710449e-01 -3.733046054840087891e+00 1.157583904266357422e+01
6.499999761581420898e-01 -3.304314851760864258e+00 1.157096862792968750e+01
6.625000238418579102e-01 -2.850377798080444336e+00 1.157901382446289062e+01
6.750000119209289551e-01 -2.379359483718872070e+00 1.159355640411376953e+01
6.875000000000000000e-01 -1.897951841354370117e+00 1.159941387176513672e+01
6.999999880790710449e-01 -1.406930685043334961e+00 1.158722114562988281e+01
7.124999761581420898e-01 -9.018911123275756836e-01 1.156472110748291016e+01
7.250000238418579102e-01 -3.795912563800811768e-01 1.155262088775634766e+01
7.375000119209289551e-01 1.548965275287628174e-01 1.156533527374267578e+01
7.500000000000000000e-01 6.865650415420532227e-01 1.159088993072509766e+01
7.624999880790710449e-01 1.196882009506225586e+00 1.158749580383300781e+01
7.749999761581420898e-01 1.674319148063659668e+00 1.150293254852294922e+01
7.875000238418579102e-01 2.121318578720092773e+00 1.130534839630126953e+01
8.000000119209289551e-01 2.552171230316162109e+00 1.100430488586425781e+01
8.125000000000000000e-01 2.982893466949462891e+00 1.064723777770996094e+01
8.249999880790710449e-01 3.420103311538696289e+00 1.029402256011962891e+01
8.374999761581420898e-01 3.856497764587402344e+00 9.987591743469238281e+00
8.500000238418579102e-01 4.275451660156250000e+00 9.739733695983886719e+00
8.625000119209289551e-01 4.660627365112304688e+00 9.538347244262695312e+00
8.750000000000000000e-01 5.003452301025390625e+00 9.366429328918457031e+00
8.874999880790710449e-01 5.303903102874755859e+00 9.216568946838378906e+00
8.999999761581420898e-01 5.565653800964355469e+00 9.091651916503906250e+00
9.125000238418579102e-01 5.790561676025390625e+00 8.995506286621093750e+00
9.250000119209289551e-01 5.976864337921142578e+00 8.924848556518554688e+00
9.375000000000000000e-01 6.121440887451171875e+00 8.870403289794921875e+00
9.499999880790710449e-01 6.222951412200927734e+00 8.825000762939453125e+00
9.624999761581420898e-01 6.282575607299804688e+00 8.789708137512207031e+00
9.750000238418579102e-01 6.301975727081298828e+00 8.771586418151855469e+00
9.875000119209289551e-01 6.281004428863525391e+00 8.775480270385742188e+00
1.000000000000000000e+00 6.217758655548095703e+00 8.798396110534667969e+00
1.012500047683715820e+00 6.110960006713867188e+00 8.832505226135253906e+00
1.024999976158142090e+00 5.962099075317382812e+00 8.874016761779785156e+00
1.037500023841857910e+00 5.774900913238525391e+00 8.928843498229980469e+00
1.049999952316284180e+00 5.552424430847167969e+00 9.008527755737304688e+00
1.062500000000000000e+00 5.294801712036132812e+00 9.119499206542968750e+00
1.075000047683715820e+00 5.000363826751708984e+00 9.256209373474121094e+00
1.087499976158142090e+00 4.669691085815429688e+00 9.406273841857910156e+00
1.100000023841857910e+00 4.308785438537597656e+00 9.564734458923339844e+00
1.112499952316284180e+00 3.927562475204467773e+00 9.744443893432617188e+00
1.125000000000000000e+00 3.533648014068603516e+00 9.970450401306152344e+00
1.137500047683715820e+00 3.126074075698852539e+00 1.025887107849121094e+01
1.149999976158142090e+00 2.694631099700927734e+00 1.059517002105712891e+01
1.162500023841857910e+00 2.226805686950683594e+00 1.093028831481933594e+01
1.174999952316284180e+00 1.718116998672485352e+00 1.120139598846435547e+01
1.187500000000000000e+00 1.178306698799133301e+00 1.136533546447753906e+01
1.200000047683715820e+00 6.282992959022521973e-01 1.142208766937255859e+01
1.212499976158142090e+00 8.956807851791381836e-02 1.141182613372802734e+01
1.225000023841857910e+00 -4.267159104347229004e-01 1.138805294036865234e+01
1.237499952316284180e+00 -9.231840968132019043e-01 1.138624191284179688e+01
1.250000000000000000e+00 -1.410425662994384766e+00 1.140933799743652344e+01
1.262500047683715820e+00 -1.896713733673095703e+00 1.143745994567871094e+01
1.274999976158142090e+00 -2.381062269210815430e+00 1.145079994201660156e+01
1.287500023841857910e+00 -2.854129314422607422e+00 1.144654846191406250e+01
1.299999952316284180e+00 -3.305076360702514648e+00 1.143810653686523438e+01
1.312500000000000000e+00 -3.728192329406738281e+00 1.144056415557861328e+01
1.325000047683715820e+00 -4.124134540557861328e+00 1.145694923400878906e+01
1.337499976158142090e+00 -4.495685100555419922e+00 1.147702121734619141e+01
1.350000023841857910e+00 -4.842457294464111328e+00 1.148812198638916016e+01
1.362499952316284180e+00 -5.159310340881347656e+00 1.148708915710449219e+01
1.375000000000000000e+00 -5.439452648162841797e+00 1.148237895965576172e+01
1.387500047683715820e+00 -5.678980350494384766e+00 1.148529338836669922e+01
1.399999976158142090e+00 -5.878594398498535156e+00 1.149917316436767578e+01
1.412500023841857910e+00 -6.041141510009765625e+00 1.151668071746826172e+01
1.424999952316284180e+00 -6.167530536651611328e+00 1.152725315093994141e+01
1.437500000000000000e+00 -6.254924774169921875e+00 1.152727699279785156e+01
1.450000047683715820e+00 -6.298815727233886719e+00 1.152331256866455078e+01
1.462499976158142090e+00 -6.296877384185791016e+00 1.152552127838134766e+01
1.475000023841857910e+00 -6.250903606414794922e+00 1.153777790069580078e+01
1.487499952316284180e+00 -6.165020942687988281e+00 1.155393886566162109e+01
1.500000000000000000e+00 -6.041935443878173828e+00 1.156379318237304688e+01
1.512500047683715820e+00 -5.880823135375976562e+00 1.156297492980957031e+01
1.524999976158142090e+00 -5.678909778594970703e+00 1.155729007720947266e+01
1.537500023841857910e+00 -5.435240268707275391e+00 1.155718231201171875e+01
1.549999952316284180e+00 -5.153009891510009766e+00 1.156749916076660156e+01
1.562500000000000000e+00 -4.838110923767089844e+00 1.158239650726318359e+01
1.575000047683715820e+00 -4.495175361633300781e+00 1.159060192108154297e+01
1.587499976158142090e+00 -4.124878406524658203e+00 1.158637046813964844e+01
1.600000023841857910e+00 -3.725252866744995117e+00 1.157565498352050781e+01
1.612499952316284180e+00 -3.295989751815795898e+00 1.157099819183349609e+01
1.625000000000000000e+00 -2.841651916503906250e+00 1.157926940917968750e+01
1.637500047683715820e+00 -2.370390176773071289e+00 1.159379482269287109e+01
1.649999976158142090e+00 -1.888816237449645996e+00 1.159935665130615234e+01
1.662500023841857910e+00 -1.397580862045288086e+00 1.158683967590332031e+01
1.674999952316284180e+00 -8.922300338745117188e-01 1.156432723999023438e+01
1.687500000000000000e+00 -3.696205615997314453e-01 1.155261802673339844e+01
1.700000047683715820e+00 1.649782806634902954e-01 1.156578731536865234e+01
1.712499976158142090e+00 6.964109539985656738e-01 1.159125900268554688e+01
1.725000023841857910e+00 1.206178426742553711e+00 1.158680438995361328e+01
1.737499952316284180e+00 1.682973980903625488e+00 1.150030136108398438e+01
1.750000000000000000e+00 2.129513502120971680e+00 1.130054187774658203e+01
1.762500047683715820e+00 2.560230255126953125e+00 1.099792003631591797e+01
1.774999976158142090e+00 2.991055965423583984e+00 1.064038467407226562e+01
1.787500023841857910e+00 3.428359270095825195e+00 1.028774261474609375e+01
1.799999952316284180e+00 3.864593982696533203e+00 9.982402801513671875e+00
1.812500000000000000e+00 4.283047676086425781e+00 9.735576629638671875e+00
1.825000047683715820e+00 4.667475700378417969e+00 9.534886360168457031e+00
1.837499976158142090e+00 5.009482383728027344e+00 9.363410949707031250e+00
1.850000023841857910e+00 5.309170722961425781e+00 9.213972091674804688e+00
1.862499952316284180e+00 5.570222854614257812e+00 9.089574813842773438e+00
1.875000000000000000e+00 5.794430732727050781e+00 8.993966102600097656e+00
1.887500047683715820e+00 5.979976177215576172e+00 8.923706054687500000e+00
1.899999976158142090e+00 6.123746395111083984e+00 8.869476318359375000e+00
1.912500023841857910e+00 6.224452495574951172e+00 8.824227333068847656e+00
1.924999952316284180e+00 6.283308506011962891e+00 8.789185523986816406e+00
1.937500000000000000e+00 6.301958084106445312e+00 8.771452903747558594e+00
1.950000047683715820e+00 6.280211925506591797e+00 8.775757789611816406e+00
1.962499976158142090e+00 6.216152667999267578e+00 8.798958778381347656e+00
1.975000023841857910e+00 6.108539104461669922e+00 8.833214759826660156e+00
1.987499952316284180e+00 5.958920001983642578e+00 8.874892234802246094e+00
2.000000000000000000e+00 5.771037578582763672e+00 8.930077552795410156e+00
