0.000000000000000000e+00 6.245809078216552734e+00 8.815462112426757812e+00
1.250000018626451492e-02 6.282569885253906250e+00 8.780568122863769531e+00
2.500000037252902985e-02 6.243824005126953125e+00 8.786001205444335938e+00
3.750000149011611938e-02 6.125170707702636719e+00 8.823945999145507812e+00
5.000000074505805969e-02 5.925665378570556641e+00 8.878648757934570312e+00
6.250000000000000000e-02 5.653714656829833984e+00 8.959527015686035156e+00
7.500000298023223877e-02 5.316692352294921875e+00 9.091908454895019531e+00
8.749999850988388062e-02 4.912674903869628906e+00 9.275690078735351562e+00
1.000000014901161194e-01 4.442741870880126953e+00 9.484809875488281250e+00
1.124999970197677612e-01 3.925924301147460938e+00 9.720248222351074219e+00
1.250000000000000000e-01 3.386049270629882812e+00 1.003073883056640625e+01
1.375000029802322388e-01 2.820332050323486328e+00 1.044420051574707031e+01
1.500000059604644775e-01 2.196131944656372070e+00 1.088869285583496094e+01
1.624999940395355225e-01 1.491825222969055176e+00 1.122379779815673828e+01
1.749999970197677612e-01 7.346938848495483398e-01 1.136815929412841797e+01
1.875000000000000000e-01 -1.558095961809158325e-02 1.137386035919189453e+01
2.000000029802322388e-01 -7.210422158241271973e-01 1.135778236389160156e+01
2.125000059604644775e-01 -1.391144037246704102e+00 1.137978839874267578e+01
2.249999940395355225e-01 -2.052254676818847656e+00 1.141369342803955078e+01
2.374999970197677612e-01 -2.705722808837890625e+00 1.142197990417480469e+01
2.500000000000000000e-01 -3.326979160308837891e+00 1.141543674468994141e+01
2.624999880790710449e-01 -3.896829128265380859e+00 1.142576694488525391e+01
2.750000059604644775e-01 -4.416306018829345703e+00 1.145272445678710938e+01
2.874999940395355225e-01 -4.889141559600830078e+00 1.146974468231201172e+01
3.000000119209289551e-01 -5.304696559906005859e+00 1.146977615356445312e+01
3.125000000000000000e-01 -5.647328376770019531e+00 1.147438716888427734e+01
3.249999880790710449e-01 -5.913908004760742188e+00 1.149594593048095703e+01
3.375000059604644775e-01 -6.110792636871337891e+00 1.151790809631347656e+01
3.499999940395355225e-01 -6.237060546875000000e+00 1.152379035949707031e+01
3.625000119209289551e-01 -6.282335281372070312e+00 1.152454853057861328e+01
3.750000000000000000e-01 -6.242037773132324219e+00 1.153923702239990234e+01
3.874999880790710449e-01 -6.124124526977539062e+00 1.156243991851806641e+01
4.000000059604644775e-01 -5.936213970184326172e+00 1.157326221466064453e+01
4.124999940395355225e-01 -5.674924373626708984e+00 1.157079219818115234e+01
4.250000119209289551e-01 -5.335564136505126953e+00 1.157609558105468750e+01
4.375000000000000000e-01 -4.926043987274169922e+00 1.159622573852539062e+01
4.499999880790710449e-01 -4.461010456085205078e+00 1.161057376861572266e+01
4.625000059604644775e-01 -3.945058584213256836e+00 1.160492038726806641e+01
4.749999940395355225e-01 -3.373657226562500000e+00 1.159754562377929688e+01
4.875000119209289551e-01 -2.752053260803222656e+00 1.161007308959960938e+01
5.000000000000000000e-01 -2.100228309631347656e+00 1.162754058837890625e+01
5.124999880790710449e-01 -1.431479215621948242e+00 1.161850452423095703e+01
5.249999761581420898e-01 -7.374305129051208496e-01 1.159177970886230469e+01
5.375000238418579102e-01 -9.694829583168029785e-03 1.159391212463378906e+01
5.500000119209289551e-01 7.268178462982177734e-01 1.162819862365722656e+01
5.625000000000000000e-01 1.420620918273925781e+00 1.160329723358154297e+01
5.749999880790710449e-01 2.042385101318359375e+00 1.140233612060546875e+01
5.874999761581420898e-01 2.616231679916381836e+00 1.100591659545898438e+01
6.000000238418579102e-01 3.190388917922973633e+00 1.052059745788574219e+01
6.125000119209289551e-01 3.780715942382812500e+00 1.007897281646728516e+01
6.250000000000000000e-01 4.354062557220458984e+00 9.734603881835937500e+00
6.374999880790710449e-01 4.864862918853759766e+00 9.464393615722656250e+00
6.499999761581420898e-01 5.293700695037841797e+00 9.241964340209960938e+00
6.625000238418579102e-01 5.645496845245361328e+00 9.071554183959960938e+00
6.750000119209289551e-01 5.924291610717773438e+00 8.957164764404296875e+00
6.875000000000000000e-01 6.124450206756591797e+00 8.878899574279785156e+00
6.999999880790710449e-01 6.242449760437011719e+00 8.817728042602539062e+00
7.124999761581420898e-01 6.282526493072509766e+00 8.781300544738769531e+00
7.250000238418579102e-01 6.247169494628906250e+00 8.784935951232910156e+00
7.375000119209289551e-01 6.132123470306396484e+00 8.821866989135742188e+00
7.500000000000000000e-01 5.936048984527587891e+00 8.875873565673828125e+00
7.624999880790710449e-01 5.667069435119628906e+00 8.955032348632812500e+00
7.749999761581420898e-01 5.332896709442138672e+00 9.084855079650878906e+00
7.875000238418579102e-01 4.931903362274169922e+00 9.266886711120605469e+00
8.000000119209289551e-01 4.464607715606689453e+00 9.475268363952636719e+00
8.125000000000000000e-01 3.949270963668823242e+00 9.708745002746582031e+00
8.249999880790710449e-01 3.410189151763916016e+00 1.001481914520263672e+01
8.374999761581420898e-01 2.846176147460937500e+00 1.042443275451660156e+01
8.500000238418579102e-01 2.225275993347167969e+00 1.087041664123535156e+01
8.625000119209289551e-01 1.524313449859619141e+00 1.121294021606445312e+01
8.750000000000000000e-01 7.683048248291015625e-01 1.136552906036376953e+01
8.874999880790710449e-01 1.659213006496429443e-02 1.137486457824707031e+01
8.999999761581420898e-01 -6.909480690956115723e-01 1.135776042938232422e+01
9.125000238418579102e-01 -1.361990928649902344e+00 1.137819576263427734e+01
9.250000119209289551e-01 -2.023205518722534180e+00 1.141261482238769531e+01
9.375000000000000000e-01 -2.677436113357543945e+00 1.142217445373535156e+01
9.499999880790710449e-01 -3.300661325454711914e+00 1.141553688049316406e+01
9.624999761581420898e-01 -3.872870206832885742e+00 1.142480468750000000e+01
9.750000238418579102e-01 -4.394411563873291016e+00 1.145156192779541016e+01
9.875000119209289551e-01 -4.869412899017333984e+00 1.146943855285644531e+01
1.000000000000000000e+00 -5.287858963012695312e+00 1.146986961364746094e+01
1.012500047683715820e+00 -5.633885383605957031e+00 1.147380352020263672e+01
1.024999976158142090e+00 -5.903685569763183594e+00 1.149480247497558594e+01
1.037500023841857910e+00 -6.103558540344238281e+00 1.151724815368652344e+01
1.049999952316284180e+00 -6.233127117156982422e+00 1.152380847930908203e+01
1.062500000000000000e+00 -6.282161235809326172e+00 1.152430152893066406e+01
1.075000047683715820e+00 -6.245527744293212891e+00 1.153826618194580078e+01
1.087499976158142090e+00 -6.130803108215332031e+00 1.156155395507812500e+01
1.100000023841857910e+00 -5.945969581604003906e+00 1.157317543029785156e+01
1.112499952316284180e+00 -5.688065052032470703e+00 1.157089900970458984e+01
1.125000000000000000e+00 -5.352080345153808594e+00 1.157548236846923828e+01
1.137500047683715820e+00 -4.945322513580322266e+00 1.159526348114013672e+01
1.149999976158142090e+00 -4.482523918151855469e+00 1.161037445068359375e+01
1.162500023841857910e+00 -3.968901395797729492e+00 1.160542964935302734e+01
1.174999952316284180e+00 -3.399963855743408203e+00 1.159750747680664062e+01
1.187500000000000000e+00 -2.780205965042114258e+00 1.160916709899902344e+01
1.200000047683715820e+00 -2.129284381866455078e+00 1.162717437744140625e+01
1.212499976158142090e+00 -1.461319804191589355e+00 1.161955261230468750e+01
1.225000023841857910e+00 -7.687042355537414551e-01 1.159267711639404297e+01
1.237499952316284180e+00 -4.223195090889930725e-02 1.159282302856445312e+01
1.250000000000000000e+00 6.949275732040405273e-01 1.162698745727539062e+01
1.262500047683715820e+00 1.391578435897827148e+00 1.160743713378906250e+01
1.274999976158142090e+00 2.016380786895751953e+00 1.141567039489746094e+01
1.287500023841857910e+00 2.591282606124877930e+00 1.102630615234375000e+01
1.299999952316284180e+00 3.164701461791992188e+00 1.054181385040283203e+01
1.312500000000000000e+00 3.754733562469482422e+00 1.009638786315917969e+01
1.325000047683715820e+00 4.329876899719238281e+00 9.747907638549804688e+00
1.337499976158142090e+00 4.844088554382324219e+00 9.475206375122070312e+00
1.350000023841857910e+00 5.276518344879150391e+00 9.250756263732910156e+00
1.362499952316284180e+00 5.631538391113281250e+00 9.077815055847167969e+00
1.375000000000000000e+00 5.913622379302978516e+00 8.961234092712402344e+00
1.387500047683715820e+00 6.117378234863281250e+00 8.881932258605957031e+00
1.399999976158142090e+00 6.238939762115478516e+00 8.820040702819824219e+00
1.412500023841857910e+00 6.282338142395019531e+00 8.782114982604980469e+00
1.424999952316284180e+00 6.250360965728759766e+00 8.783938407897949219e+00
1.437500000000000000e+00 6.138916969299316406e+00 8.819815635681152344e+00
1.450000047683715820e+00 5.946291923522949219e+00 8.873143196105957031e+00
1.462499976158142090e+00 5.680299758911132812e+00 8.950641632080078125e+00
1.475000023841857910e+00 5.348971366882324219e+00 9.077909469604492188e+00
1.487499952316284180e+00 4.951000213623046875e+00 9.258130073547363281e+00
1.500000000000000000e+00 4.486378669738769531e+00 9.465764999389648438e+00
1.512500047683715820e+00 3.972576379776000977e+00 9.697383880615234375e+00
1.524999976158142090e+00 3.434286832809448242e+00 9.999119758605957031e+00
1.537500023841857910e+00 2.871908903121948242e+00 1.040474891662597656e+01
1.549999952316284180e+00 2.254255533218383789e+00 1.085192966461181641e+01
1.562500000000000000e+00 1.556688427925109863e+00 1.120168972015380859e+01
1.575000047683715820e+00 8.019279241561889648e-01 1.136260795593261719e+01
1.587499976158142090e+00 4.885996878147125244e-02 1.137582874298095703e+01
1.600000023841857910e+00 -6.607797741889953613e-01 1.135782814025878906e+01
1.612499952316284180e+00 -1.332823634147644043e+00 1.137663173675537109e+01
1.625000000000000000e+00 -1.994148015975952148e+00 1.141147708892822266e+01
1.637500047683715820e+00 -2.649088382720947266e+00 1.142233371734619141e+01
1.649999976158142090e+00 -3.274240732192993164e+00 1.141567420959472656e+01
1.662500023841857910e+00 -3.848812341690063477e+00 1.142388248443603516e+01
1.674999952316284180e+00 -4.372429847717285156e+00 1.145037746429443359e+01
1.687500000000000000e+00 -4.849575996398925781e+00 1.146909236907958984e+01
1.700000047683715820e+00 -5.270878314971923828e+00 1.146997070312500000e+01
1.712499976158142090e+00 -5.620292663574218750e+00 1.147325897216796875e+01
1.725000023841857910e+00 -5.893329620361328125e+00 1.149366283416748047e+01
1.737499952316284180e+00 -6.096190452575683594e+00 1.151655197143554688e+01
1.750000000000000000e+00 -6.229036808013916016e+00 1.152381229400634766e+01
1.762500047683715820e+00 -6.281818389892578125e+00 1.152408599853515625e+01
1.774999976158142090e+00 -6.248866558074951172e+00 1.153731632232666016e+01
1.787500023841857910e+00 -6.137348651885986328e+00 1.156064128875732422e+01
1.799999952316284180e+00 -5.955584049224853516e+00 1.157305717468261719e+01
1.812500000000000000e+00 -5.701051235198974609e+00 1.157102298736572266e+01
1.825000047683715820e+00 -5.368457794189453125e+00 1.157490348815917969e+01
1.837499976158142090e+00 -4.964494705200195312e+00 1.159429168701171875e+01
1.850000023841857910e+00 -4.503941059112548828e+00 1.161013031005859375e+01
1.862499952316284180e+00 -3.992635488510131836e+00 1.160593223571777344e+01
1.875000000000000000e+00 -3.426168680191040039e+00 1.159751510620117188e+01
1.887500047683715820e+00 -2.808299303054809570e+00 1.160827636718750000e+01
1.899999976158142090e+00 -2.158312320709228516e+00 1.162674999237060547e+01
1.912500023841857910e+00 -1.491113424301147461e+00 1.162055397033691406e+01
1.924999952316284180e+00 -7.999060750007629395e-01 1.159363460540771484e+01
1.937500000000000000e+00 -7.474263757467269897e-02 1.159181880950927734e+01
1.950000047683715820e+00 6.629553437232971191e-01 1.162567901611328125e+01
1.962499976158142090e+00 1.362386584281921387e+00 1.161122512817382812e+01
1.975000023841857910e+00 1.990275025367736816e+00 1.142859745025634766e+01
1.987499952316284180e+00 2.566336631774902344e+00 1.104650592803955078e+01
2.000000000000000000e+00 3.139055490493774414e+00 1.056311988830566406e+01
