0.000000000000000000e+00 6.245384216308593750e+00 8.815799713134765625e+00
1.250000018626451492e-02 6.282341957092285156e+00 8.780717849731445312e+00
2.500000037252902985e-02 6.243381500244140625e+00 8.786180496215820312e+00
3.750000149011611938e-02 6.124068260192871094e+00 8.824293136596679688e+00
5.000000074505805969e-02 5.923480987548828125e+00 8.879237174987792969e+00
6.250000000000000000e-02 5.650130748748779297e+00 8.960690498352050781e+00
7.500000298023223877e-02 5.311384201049804688e+00 9.094106674194335938e+00
8.749999850988388062e-02 4.905239105224609375e+00 9.278940200805664062e+00
1.000000014901161194e-01 4.432981491088867188e+00 9.488921165466308594e+00
1.124999970197677612e-01 3.914086341857910156e+00 9.725933074951171875e+00
1.250000000000000000e-01 3.372335672378540039e+00 1.003952407836914062e+01
1.375000029802322388e-01 2.804099798202514648e+00 1.045612430572509766e+01
1.500000059604644775e-01 2.176117897033691406e+00 1.090051937103271484e+01
1.624999940395355225e-01 1.467604160308837891e+00 1.123110198974609375e+01
1.749999970197677612e-01 7.076023817062377930e-01 1.136967277526855469e+01
1.875000000000000000e-01 -4.354510828852653503e-02 1.137268924713134766e+01
2.000000029802322388e-01 -7.491615414619445801e-01 1.135766220092773438e+01
2.125000059604644775e-01 -1.420251369476318359e+00 1.138115596771240234e+01
2.249999940395355225e-01 -2.083011388778686523e+00 1.141451930999755859e+01
2.374999970197677612e-01 -2.737316131591796875e+00 1.142150783538818359e+01
2.500000000000000000e-01 -3.357922792434692383e+00 1.141519546508789062e+01
2.624999880790710449e-01 -3.926453113555908203e+00 1.142685413360595703e+01
2.750000059604644775e-01 -4.444694995880126953e+00 1.145404624938964844e+01
2.874999940395355225e-01 -4.915843486785888672e+00 1.146996212005615234e+01
3.000000119209289551e-01 -5.328392505645751953e+00 1.146957111358642578e+01
3.125000000000000000e-01 -5.666960716247558594e+00 1.147527599334716797e+01
3.249999880790710449e-01 -5.929358482360839844e+00 1.149768161773681641e+01
3.375000059604644775e-01 -6.121995449066162109e+00 1.151887226104736328e+01
3.499999940395355225e-01 -6.243073463439941406e+00 1.152375316619873047e+01
3.625000119209289551e-01 -6.281984806060791016e+00 1.152512168884277344e+01
3.750000000000000000e-01 -6.235095977783203125e+00 1.154113292694091797e+01
3.874999880790710449e-01 -6.111017704010009766e+00 1.156412601470947266e+01
4.000000059604644775e-01 -5.916695117950439453e+00 1.157348346710205078e+01
4.124999940395355225e-01 -5.647993087768554688e+00 1.157081985473632812e+01
4.250000119209289551e-01 -5.300908088684082031e+00 1.157768821716308594e+01
4.375000000000000000e-01 -4.884593963623046875e+00 1.159845447540283203e+01
4.499999880790710449e-01 -4.413498401641845703e+00 1.161109638214111328e+01
4.625000059604644775e-01 -3.890926837921142578e+00 1.160405158996582031e+01
4.749999940395355225e-01 -3.312393665313720703e+00 1.159813690185546875e+01
4.875000119209289551e-01 -2.684948444366455078e+00 1.161260604858398438e+01
5.000000000000000000e-01 -2.029291629791259766e+00 1.162851142883300781e+01
5.124999880790710449e-01 -1.356694698333740234e+00 1.161606216430664062e+01
5.249999761581420898e-01 -6.570290327072143555e-01 1.159017467498779297e+01
5.375000238418579102e-01 7.574190199375152588e-02 1.159755802154541016e+01
5.500000119209289551e-01 8.120453953742980957e-01 1.163128376007080078e+01
5.625000000000000000e-01 1.499709606170654297e+00 1.159046077728271484e+01
5.749999880790710449e-01 2.114953279495239258e+00 1.136322593688964844e+01
5.874999761581420898e-01 2.687787771224975586e+00 1.094706630706787109e+01
6.000000238418579102e-01 3.265656232833862305e+00 1.045972442626953125e+01
6.125000119209289551e-01 3.857920408248901367e+00 1.002877616882324219e+01
6.250000000000000000e-01 4.426796436309814453e+00 9.695449829101562500e+00
6.374999880790710449e-01 4.928281784057617188e+00 9.431708335876464844e+00
6.499999761581420898e-01 5.347124576568603516e+00 9.215044975280761719e+00
6.625000238418579102e-01 5.689603805541992188e+00 9.052323341369628906e+00
6.750000119209289551e-01 5.958279609680175781e+00 8.944450378417968750e+00
6.875000000000000000e-01 6.146892070770263672e+00 8.869111061096191406e+00
6.999999880790710449e-01 6.253139495849609375e+00 8.810343742370605469e+00
7.124999761581420898e-01 6.281817913055419922e+00 8.779248237609863281e+00
7.250000238418579102e-01 6.234326362609863281e+00 8.789123535156250000e+00
7.375000119209289551e-01 6.105973243713378906e+00 8.829606056213378906e+00
7.500000000000000000e-01 5.896886348724365234e+00 8.886395454406738281e+00
7.624999880790710449e-01 5.616177082061767578e+00 8.972432136535644531e+00
7.749999761581420898e-01 5.270265579223632812e+00 9.112243652343750000e+00
7.875000238418579102e-01 4.856549739837646484e+00 9.301137924194335938e+00
8.000000119209289551e-01 4.377907752990722656e+00 9.512969970703125000e+00
8.125000000000000000e-01 3.855592489242553711e+00 9.755492210388183594e+00
8.249999880790710449e-01 3.311821222305297852e+00 1.008049488067626953e+01
8.374999761581420898e-01 2.738902807235717773e+00 1.050583362579345703e+01
8.500000238418579102e-01 2.102382421493530273e+00 1.094472312927246094e+01
8.625000119209289551e-01 1.385858893394470215e+00 1.125575256347656250e+01
8.750000000000000000e-01 6.238347291946411133e-01 1.137452507019042969e+01
8.874999880790710449e-01 -1.232348009943962097e-01 1.137004947662353516e+01
8.999999761581420898e-01 -8.238255381584167480e-01 1.135832309722900391e+01
9.125000238418579102e-01 -1.492946505546569824e+00 1.138526344299316406e+01
9.250000119209289551e-01 -2.155437707901000977e+00 1.141678810119628906e+01
9.375000000000000000e-01 -2.807446479797363281e+00 1.142081642150878906e+01
9.499999880790710449e-01 -3.422852516174316406e+00 1.141525268554687500e+01
9.624999761581420898e-01 -3.985532045364379883e+00 1.142951774597167969e+01
9.750000238418579102e-01 -4.498676776885986328e+00 1.145675277709960938e+01
9.875000119209289551e-01 -4.964217662811279297e+00 1.147043895721435547e+01
1.000000000000000000e+00 -5.369270801544189453e+00 1.146945190429687500e+01
1.012500047683715820e+00 -5.699313640594482422e+00 1.147704601287841797e+01
1.024999976158142090e+00 -5.953777790069580078e+00 1.150051784515380859e+01
1.037500023841857910e+00 -6.138910293579101562e+00 1.152021026611328125e+01
1.049999952316284180e+00 -6.251527309417724609e+00 1.152363872528076172e+01
1.062500000000000000e+00 -6.280955314636230469e+00 1.152603149414062500e+01
1.075000047683715820e+00 -6.225063323974609375e+00 1.154371166229248047e+01
1.087499976158142090e+00 -6.093143939971923828e+00 1.156606769561767578e+01
1.100000023841857910e+00 -5.891031265258789062e+00 1.157344532012939453e+01
1.112499952316284180e+00 -5.613756656646728516e+00 1.157075119018554688e+01
1.125000000000000000e+00 -5.258395671844482422e+00 1.157953643798828125e+01
1.137500047683715820e+00 -4.835468769073486328e+00 1.160070037841796875e+01
1.149999976158142090e+00 -4.358843803405761719e+00 1.161115455627441406e+01
1.162500023841857910e+00 -3.830316781997680664e+00 1.160278797149658203e+01
1.174999952316284180e+00 -3.245735645294189453e+00 1.159870910644531250e+01
1.187500000000000000e+00 -2.614119052886962891e+00 1.161495113372802734e+01
1.200000047683715820e+00 -1.956468224525451660e+00 1.162877750396728516e+01
1.212499976158142090e+00 -1.281665325164794922e+00 1.161306667327880859e+01
1.225000023841857910e+00 -5.782014131546020508e-01 1.158869361877441406e+01
1.237499952316284180e+00 1.571298092603683472e-01 1.160107326507568359e+01
1.250000000000000000e+00 8.906074762344360352e-01 1.163286781311035156e+01
1.262500047683715820e+00 1.570526003837585449e+00 1.157595252990722656e+01
1.274999976158142090e+00 2.178837776184082031e+00 1.132549571990966797e+01
1.287500023841857910e+00 2.750200510025024414e+00 1.089443778991699219e+01
1.299999952316284180e+00 3.330203771591186523e+00 1.040813732147216797e+01
1.312500000000000000e+00 3.922303915023803711e+00 9.987683296203613281e+00
1.325000047683715820e+00 4.485586166381835938e+00 9.663852691650390625e+00
1.337499976158142090e+00 4.978166103363037109e+00 9.405732154846191406e+00
1.350000023841857910e+00 5.388216018676757812e+00 9.194366455078125000e+00
1.362499952316284180e+00 5.722708225250244141e+00 9.038084030151367188e+00
1.375000000000000000e+00 5.982966899871826172e+00 8.935101509094238281e+00
1.387500047683715820e+00 6.162494182586669922e+00 8.861878395080566406e+00
1.399999976158142090e+00 6.259969234466552734e+00 8.805217742919921875e+00
1.412500023841857910e+00 6.280388832092285156e+00 8.778301239013671875e+00
1.424999952316284180e+00 6.224294662475585938e+00 8.792440414428710938e+00
1.437500000000000000e+00 6.086897373199462891e+00 8.835080146789550781e+00
1.450000047683715820e+00 5.869435787200927734e+00 8.893889427185058594e+00
1.462499976158142090e+00 5.581453800201416016e+00 8.984856605529785156e+00
1.475000023841857910e+00 5.228328227996826172e+00 9.130999565124511719e+00
1.487499952316284180e+00 4.807057380676269531e+00 9.323570251464843750e+00
1.500000000000000000e+00 4.322306632995605469e+00 9.537328720092773438e+00
1.512500047683715820e+00 3.796876430511474609e+00 9.786074638366699219e+00
1.524999976158142090e+00 3.250990629196166992e+00 1.012279319763183594e+01
1.537500023841857910e+00 2.672923088073730469e+00 1.055577373504638672e+01
1.549999952316284180e+00 2.027627229690551758e+00 1.098730373382568359e+01
1.562500000000000000e+00 1.303537011146545410e+00 1.127794075012207031e+01
1.575000047683715820e+00 5.402814745903015137e-01 1.137784671783447266e+01
1.587499976158142090e+00 -2.023117095232009888e-01 1.136740970611572266e+01
1.600000023841857910e+00 -8.981021642684936523e-01 1.135954284667968750e+01
1.612499952316284180e+00 -1.565598249435424805e+00 1.138941860198974609e+01
1.625000000000000000e+00 -2.227764606475830078e+00 1.141866207122802734e+01
1.637500047683715820e+00 -2.877123594284057617e+00 1.141999626159667969e+01
1.649999976158142090e+00 -3.487125396728515625e+00 1.141559410095214844e+01
1.662500023841857910e+00 -4.044019222259521484e+00 1.143236064910888672e+01
1.674999952316284180e+00 -4.552106857299804688e+00 1.145926380157470703e+01
1.687500000000000000e+00 -5.011868000030517578e+00 1.147070980072021484e+01
1.700000047683715820e+00 -5.409230709075927734e+00 1.146945762634277344e+01
1.712499976158142090e+00 -5.730751514434814453e+00 1.147904109954833984e+01
1.725000023841857910e+00 -5.977378368377685547e+00 1.150329971313476562e+01
1.737499952316284180e+00 -6.154964923858642578e+00 1.152131748199462891e+01
1.750000000000000000e+00 -6.258971691131591797e+00 1.152350997924804688e+01
1.762500047683715820e+00 -6.278887748718261719e+00 1.152716064453125000e+01
1.774999976158142090e+00 -6.214123249053955078e+00 1.154635810852050781e+01
1.787500023841857910e+00 -6.074442386627197266e+00 1.156779861450195312e+01
1.799999952316284180e+00 -5.864463329315185547e+00 1.157326412200927734e+01
1.812500000000000000e+00 -5.578566551208496094e+00 1.157084655761718750e+01
1.825000047683715820e+00 -5.215068817138671875e+00 1.158156394958496094e+01
1.837499976158142090e+00 -4.785715103149414062e+00 1.160279941558837891e+01
1.850000023841857910e+00 -4.303575038909912109e+00 1.161094570159912109e+01
1.862499952316284180e+00 -3.769017696380615234e+00 1.160158348083496094e+01
1.875000000000000000e+00 -3.178497076034545898e+00 1.159957599639892578e+01
1.887500047683715820e+00 -2.542991638183593750e+00 1.161727523803710938e+01
1.899999976158142090e+00 -1.883465766906738281e+00 1.162862873077392578e+01
1.912500023841857910e+00 -1.206284165382385254e+00 1.160993289947509766e+01
1.924999952316284180e+00 -4.989468753337860107e-01 1.158772563934326172e+01
1.937500000000000000e+00 2.385189831256866455e-01 1.160493183135986328e+01
1.950000047683715820e+00 9.684883952140808105e-01 1.163338851928710938e+01
1.962499976158142090e+00 1.640420913696289062e+00 1.155898475646972656e+01
1.975000023841857910e+00 2.242265939712524414e+00 1.128546905517578125e+01
1.987499952316284180e+00 2.812767267227172852e+00 1.084115600585937500e+01
2.000000000000000000e+00 3.394947767257690430e+00 1.035744953155517578e+01
