0.000000000000000000e+00 6.244958877563476562e+00 8.816029548645019531e+00
1.250000018626451492e-02 6.282114505767822266e+00 8.780759811401367188e+00
2.500000037252902985e-02 6.242938995361328125e+00 8.786250114440917969e+00
3.750000149011611938e-02 6.122964382171630859e+00 8.824531555175781250e+00
5.000000074505805969e-02 5.921291828155517578e+00 8.879717826843261719e+00
6.250000000000000000e-02 5.646539211273193359e+00 8.961750984191894531e+00
7.500000298023223877e-02 5.306063652038574219e+00 9.096204757690429688e+00
8.749999850988388062e-02 4.897786140441894531e+00 9.282087326049804688e+00
1.000000014901161194e-01 4.423204421997070312e+00 9.492932319641113281e+00
1.124999970197677612e-01 3.902238845825195312e+00 9.731544494628906250e+00
1.250000000000000000e-01 3.358610153198242188e+00 1.004826450347900391e+01
1.375000029802322388e-01 2.787827730178833008e+00 1.046795940399169922e+01
1.500000059604644775e-01 2.156033039093017578e+00 1.091213226318359375e+01
1.624999940395355225e-01 1.443326115608215332e+00 1.123809146881103516e+01
1.749999970197677612e-01 6.805195212364196777e-01 1.137091922760009766e+01
1.875000000000000000e-01 -7.144384831190109253e-02 1.137140941619873047e+01
2.000000029802322388e-01 -7.772241830825805664e-01 1.135752201080322266e+01
2.125000059604644775e-01 -1.449344992637634277e+00 1.138244247436523438e+01
2.249999940395355225e-01 -2.113749742507934570e+00 1.141518211364746094e+01
2.374999970197677612e-01 -2.768822669982910156e+00 1.142090892791748047e+01
2.500000000000000000e-01 -3.388719320297241211e+00 1.141492271423339844e+01
2.624999880790710449e-01 -3.955924749374389648e+00 1.142790126800537109e+01
2.750000059604644775e-01 -4.472929954528808594e+00 1.145523166656494141e+01
2.874999940395355225e-01 -4.942331314086914062e+00 1.147002506256103516e+01
3.000000119209289551e-01 -5.351788997650146484e+00 1.146931266784667969e+01
3.125000000000000000e-01 -5.686260223388671875e+00 1.147616481781005859e+01
3.249999880790710449e-01 -5.944484710693359375e+00 1.149932479858398438e+01
3.375000059604644775e-01 -6.132838726043701172e+00 1.151965713500976562e+01
3.499999940395355225e-01 -6.248633861541748047e+00 1.152361392974853516e+01
3.625000119209289551e-01 -6.281123638153076172e+00 1.152571678161621094e+01
3.750000000000000000e-01 -6.227670192718505859e+00 1.154299640655517578e+01
3.874999880790710449e-01 -6.097445964813232422e+00 1.156561851501464844e+01
4.000000059604644775e-01 -5.896641731262207031e+00 1.157351875305175781e+01
4.124999940395355225e-01 -5.620451927185058594e+00 1.157085132598876953e+01
4.250000119209289551e-01 -5.265685558319091797e+00 1.157932758331298828e+01
4.375000000000000000e-01 -4.842681407928466797e+00 1.160050868988037109e+01
4.499999880790710449e-01 -4.365524291992187500e+00 1.161131572723388672e+01
4.625000059604644775e-01 -3.836243867874145508e+00 1.160310649871826172e+01
4.749999940395355225e-01 -3.250617504119873047e+00 1.159888553619384766e+01
4.875000119209289551e-01 -2.617551565170288086e+00 1.161507034301757812e+01
5.000000000000000000e-01 -1.958191514015197754e+00 1.162900733947753906e+01
5.124999880790710449e-01 -1.281587362289428711e+00 1.161332130432128906e+01
5.249999761581420898e-01 -5.761679410934448242e-01 1.158896160125732422e+01
5.375000238418579102e-01 1.612624526023864746e-01 1.160157680511474609e+01
5.500000119209289551e-01 8.965705037117004395e-01 1.163324451446533203e+01
5.625000000000000000e-01 1.577667236328125000e+00 1.157466316223144531e+01
5.749999880790710449e-01 2.186823368072509766e+00 1.132099246978759766e+01
5.874999761581420898e-01 2.759436130523681641e+00 1.088700771331787109e+01
6.000000238418579102e-01 3.341196060180664062e+00 1.039984321594238281e+01
6.125000119209289551e-01 3.934713840484619141e+00 9.980256080627441406e+00
6.250000000000000000e-01 4.498276233673095703e+00 9.657379150390625000e+00
6.374999880790710449e-01 4.990136146545410156e+00 9.399697303771972656e+00
6.499999761581420898e-01 5.399089336395263672e+00 9.189056396484375000e+00
6.625000238418579102e-01 5.732244014739990234e+00 9.034134864807128906e+00
6.750000119209289551e-01 5.990574359893798828e+00 8.932291030883789062e+00
6.875000000000000000e-01 6.167513847351074219e+00 8.859502792358398438e+00
6.999999880790710449e-01 6.262075424194335938e+00 8.803460121154785156e+00
7.124999761581420898e-01 6.279332637786865234e+00 8.778099060058593750e+00
7.250000238418579102e-01 6.219500541687011719e+00 8.793951034545898438e+00
7.375000119209289551e-01 6.077761650085449219e+00 8.837569236755371094e+00
7.500000000000000000e-01 5.855857849121093750e+00 8.897528648376464844e+00
7.624999880790710449e-01 5.563551425933837891e+00 8.991242408752441406e+00
7.749999761581420898e-01 5.205735206604003906e+00 9.140948295593261719e+00
7.875000238418579102e-01 4.779276371002197266e+00 9.335841178894042969e+00
8.000000119209289551e-01 4.289903163909912109e+00 9.551328659057617188e+00
8.125000000000000000e-01 3.761348009109497070e+00 9.804718971252441406e+00
8.249999880790710449e-01 3.212638616561889648e+00 1.014949893951416016e+01
8.374999761581420898e-01 2.629543066024780273e+00 1.058768939971923828e+01
8.500000238418579102e-01 1.976673841476440430e+00 1.101436233520507812e+01
8.625000119209289551e-01 1.245749354362487793e+00 1.129139995574951172e+01
8.750000000000000000e-01 4.799702763557434082e-01 1.137893390655517578e+01
8.874999880790710449e-01 -2.612275481224060059e-01 1.136516380310058594e+01
8.999999761581420898e-01 -9.554950594902038574e-01 1.136053562164306641e+01
9.125000238418579102e-01 -1.623739361763000488e+00 1.139237689971923828e+01
9.250000119209289551e-01 -2.287310123443603516e+00 1.141956806182861328e+01
9.375000000000000000e-01 -2.935893297195434570e+00 1.141894721984863281e+01
9.499999880790710449e-01 -3.542731046676635742e+00 1.141588115692138672e+01
9.624999761581420898e-01 -4.096046924591064453e+00 1.143478107452392578e+01
9.750000238418579102e-01 -4.600879669189453125e+00 1.146113586425781250e+01
9.875000119209289551e-01 -5.056258201599121094e+00 1.147058582305908203e+01
1.000000000000000000e+00 -5.447100639343261719e+00 1.146944713592529297e+01
1.012500047683715820e+00 -5.761078834533691406e+00 1.148110294342041016e+01
1.024999976158142090e+00 -6.000500202178955078e+00 1.150592803955078125e+01
1.037500023841857910e+00 -6.170637607574462891e+00 1.152213668823242188e+01
1.049999952316284180e+00 -6.265583038330078125e+00 1.152334594726562500e+01
1.062500000000000000e+00 -6.275175094604492188e+00 1.152864742279052734e+01
1.075000047683715820e+00 -6.200499534606933594e+00 1.154937934875488281e+01
1.087499976158142090e+00 -6.051652431488037109e+00 1.156953239440917969e+01
1.100000023841857910e+00 -5.831818103790283203e+00 1.157297515869140625e+01
1.112499952316284180e+00 -5.534841060638427734e+00 1.157132053375244141e+01
1.125000000000000000e+00 -5.160683631896972656e+00 1.158438873291015625e+01
1.137500047683715820e+00 -4.722432613372802734e+00 1.160530471801757812e+01
1.149999976158142090e+00 -4.231987476348876953e+00 1.161048412322998047e+01
1.162500023841857910e+00 -3.688102006912231445e+00 1.160038280487060547e+01
1.174999952316284180e+00 -3.088386058807373047e+00 1.160139846801757812e+01
1.187500000000000000e+00 -2.446390628814697266e+00 1.162051677703857422e+01
1.200000047683715820e+00 -1.782641291618347168e+00 1.162796306610107422e+01
1.212499976158142090e+00 -1.099998593330383301e+00 1.160570907592773438e+01
1.225000023841857910e+00 -3.852089643478393555e-01 1.158761978149414062e+01
1.237499952316284180e+00 3.565031290054321289e-01 1.161123943328857422e+01
1.250000000000000000e+00 1.082146883010864258e+00 1.163211059570312500e+01
1.262500047683715820e+00 1.743724465370178223e+00 1.152906131744384766e+01
1.274999976158142090e+00 2.338320016860961914e+00 1.122068977355957031e+01
1.287500023841857910e+00 2.909989118576049805e+00 1.075829315185546875e+01
1.299999952316284180e+00 3.496898174285888672e+00 1.028030300140380859e+01
1.312500000000000000e+00 4.087501525878906250e+00 9.887101173400878906e+00
1.325000047683715820e+00 4.635241508483886719e+00 9.584897041320800781e+00
1.337499976158142090e+00 5.105201244354248047e+00 9.339776039123535156e+00
1.350000023841857910e+00 5.493523120880126953e+00 9.142645835876464844e+00
1.362499952316284180e+00 5.807468891143798828e+00 9.003077507019042969e+00
1.375000000000000000e+00 6.045069694519042969e+00 8.911402702331542969e+00
1.387500047683715820e+00 6.200098991394042969e+00 8.842959403991699219e+00
1.399999976158142090e+00 6.273912429809570312e+00 8.793028831481933594e+00
1.412500023841857910e+00 6.271287918090820312e+00 8.778447151184082031e+00
1.424999952316284180e+00 6.190384387969970703e+00 8.803552627563476562e+00
1.437500000000000000e+00 6.026988029479980469e+00 8.851527214050292969e+00
1.450000047683715820e+00 5.785616397857666016e+00 8.917619705200195312e+00
1.462499976158142090e+00 5.476121425628662109e+00 9.024815559387207031e+00
1.475000023841857910e+00 5.100632667541503906e+00 9.188911437988281250e+00
1.487499952316284180e+00 4.656313419342041016e+00 9.390733718872070312e+00
1.500000000000000000e+00 4.153924465179443359e+00 9.612060546875000000e+00
1.512500047683715820e+00 3.619284391403198242e+00 9.884477615356445312e+00
1.524999976158142090e+00 3.064448833465576172e+00 1.025784301757812500e+01
1.537500023841857910e+00 2.466294765472412109e+00 1.070685768127441406e+01
1.549999952316284180e+00 1.791618704795837402e+00 1.110568714141845703e+01
1.562500000000000000e+00 1.045672655105590820e+00 1.133087158203125000e+01
1.575000047683715820e+00 2.813520431518554688e-01 1.137986660003662109e+01
1.587499976158142090e+00 -4.475094079971313477e-01 1.136009979248046875e+01
1.600000023841857910e+00 -1.131985068321228027e+00 1.136648368835449219e+01
1.612499952316284180e+00 -1.798024654388427734e+00 1.140184020996093750e+01
1.625000000000000000e+00 -2.459940671920776367e+00 1.142170810699462891e+01
1.637500047683715820e+00 -3.099984169006347656e+00 1.141683673858642578e+01
1.649999976158142090e+00 -3.692950010299682617e+00 1.141862201690673828e+01
1.662500023841857910e+00 -4.232882022857666016e+00 1.144223594665527344e+01
1.674999952316284180e+00 -4.725526809692382812e+00 1.146566104888916016e+01
1.687500000000000000e+00 -5.165726661682128906e+00 1.147030353546142578e+01
1.700000047683715820e+00 -5.537024974822998047e+00 1.147062397003173828e+01
1.712499976158142090e+00 -5.830751419067382812e+00 1.148710060119628906e+01
1.725000023841857910e+00 -6.051830768585205078e+00 1.151182937622070312e+01
1.737499952316284180e+00 -6.203296184539794922e+00 1.152340793609619141e+01
1.750000000000000000e+00 -6.276584148406982422e+00 1.152341461181640625e+01
1.762500047683715820e+00 -6.263370037078857422e+00 1.153283023834228516e+01
1.774999976158142090e+00 -6.168277740478515625e+00 1.155572414398193359e+01
1.787500023841857910e+00 -6.001043796539306641e+00 1.157210350036621094e+01
1.799999952316284180e+00 -5.761648654937744141e+00 1.157202243804931641e+01
1.812500000000000000e+00 -5.443831920623779297e+00 1.157298755645751953e+01
1.825000047683715820e+00 -5.051281929016113281e+00 1.159010887145996094e+01
1.837499976158142090e+00 -4.598687171936035156e+00 1.160885334014892578e+01
1.850000023841857910e+00 -4.094787120819091797e+00 1.160841560363769531e+01
1.862499952316284180e+00 -3.536010742187500000e+00 1.159855270385742188e+01
1.875000000000000000e+00 -2.923193454742431641e+00 1.160541629791259766e+01
1.887500047683715820e+00 -2.273851156234741211e+00 1.162509441375732422e+01
1.899999976158142090e+00 -1.605909466743469238e+00 1.162451839447021484e+01
1.912500023841857910e+00 -9.160882830619812012e-01 1.159832572937011719e+01
1.924999952316284180e+00 -1.921497285366058350e-01 1.158966350555419922e+01
1.937500000000000000e+00 5.506824254989624023e-01 1.162122344970703125e+01
1.950000047683715820e+00 1.263034224510192871e+00 1.162222194671630859e+01
1.962499976158142090e+00 1.904875755310058594e+00 1.146850681304931641e+01
1.975000023841857910e+00 2.488280057907104492e+00 1.110926055908203125e+01
1.987499952316284180e+00 3.061907529830932617e+00 1.062877368927001953e+01
2.000000000000000000e+00 3.653068065643310547e+00 1.016719532012939453e+01
