0.000000000000000000e+00 6.244533061981201172e+00 8.816368103027343750e+00
1.250000018626451492e-02 6.281887531280517578e+00 8.780911445617675781e+00
2.500000037252902985e-02 6.242496967315673828e+00 8.786430358886718750e+00
3.750000149011611938e-02 6.121858119964599609e+00 8.824879646301269531e+00
5.000000074505805969e-02 5.919098854064941406e+00 8.880308151245117188e+00
6.250000000000000000e-02 5.642940521240234375e+00 8.962924003601074219e+00
7.500000298023223877e-02 5.300732135772705078e+00 9.098419189453125000e+00
8.749999850988388062e-02 4.890316486358642578e+00 9.285346984863281250e+00
1.000000014901161194e-01 4.413411617279052734e+00 9.497056961059570312e+00
1.124999970197677612e-01 3.890383243560791016e+00 9.737295150756835938e+00
1.250000000000000000e-01 3.344873428344726562e+00 1.005716896057128906e+01
1.375000029802322388e-01 2.771516323089599609e+00 1.047991275787353516e+01
1.500000059604644775e-01 2.135878324508666992e+00 1.092373371124267578e+01
1.624999940395355225e-01 1.418993473052978516e+00 1.124497127532958984e+01
1.749999970197677612e-01 6.534484624862670898e-01 1.137210750579833984e+01
1.875000000000000000e-01 -9.927578270435333252e-02 1.137022590637207031e+01
2.000000029802322388e-01 -8.052309751510620117e-01 1.135755920410156250e+01
2.125000059604644775e-01 -1.478425264358520508e+00 1.138383865356445312e+01
2.249999940395355225e-01 -2.144467115402221680e+00 1.141587352752685547e+01
2.374999970197677612e-01 -2.800238609313964844e+00 1.142037868499755859e+01
2.500000000000000000e-01 -3.419367074966430664e+00 1.141480636596679688e+01
2.624999880790710449e-01 -3.985244512557983398e+00 1.142909049987792969e+01
2.750000059604644775e-01 -4.501010417938232422e+00 1.145645999908447266e+01
2.874999940395355225e-01 -4.968601703643798828e+00 1.147011756896972656e+01
3.000000119209289551e-01 -5.374883651733398438e+00 1.146918487548828125e+01
3.125000000000000000e-01 -5.705229282379150391e+00 1.147722721099853516e+01
3.249999880790710449e-01 -5.959288597106933594e+00 1.150104141235351562e+01
3.375000059604644775e-01 -6.143319606781005859e+00 1.152043724060058594e+01
3.499999940395355225e-01 -6.253737449645996094e+00 1.152356052398681641e+01
3.625000119209289551e-01 -6.279755115509033203e+00 1.152651119232177734e+01
3.750000000000000000e-01 -6.219765663146972656e+00 1.154499053955078125e+01
3.874999880790710449e-01 -6.083408355712890625e+00 1.156708812713623047e+01
4.000000059604644775e-01 -5.876048564910888672e+00 1.157356357574462891e+01
4.124999940395355225e-01 -5.592303276062011719e+00 1.157108497619628906e+01
4.250000119209289551e-01 -5.229908943176269531e+00 1.158118915557861328e+01
4.375000000000000000e-01 -4.800316333770751953e+00 1.160255718231201172e+01
4.499999880790710449e-01 -4.317083835601806641e+00 1.161143207550048828e+01
4.625000059604644775e-01 -3.781008481979370117e+00 1.160231113433837891e+01
4.749999940395355225e-01 -3.188348531723022461e+00 1.159998989105224609e+01
4.875000119209289551e-01 -2.549888849258422852e+00 1.161761569976806641e+01
5.000000000000000000e-01 -1.886925697326660156e+00 1.162921047210693359e+01
5.124999880790710449e-01 -1.206134200096130371e+00 1.161055088043212891e+01
5.249999761581420898e-01 -4.948616027832031250e-01 1.158839893341064453e+01
5.375000238418579102e-01 2.467856854200363159e-01 1.160607051849365234e+01
5.500000119209289551e-01 9.803102612495422363e-01 1.163405704498291016e+01
5.625000000000000000e-01 1.654504060745239258e+00 1.155599308013916016e+01
5.749999880790710449e-01 2.258094072341918945e+00 1.127600669860839844e+01
5.874999761581420898e-01 2.831248044967651367e+00 1.082626724243164062e+01
6.000000238418579102e-01 3.416960954666137695e+00 1.034134674072265625e+01
6.125000119209289551e-01 4.010978221893310547e+00 9.933581352233886719e+00
6.250000000000000000e-01 4.568430900573730469e+00 9.620508193969726562e+00
6.374999880790710449e-01 5.050436496734619141e+00 9.368577957153320312e+00
6.499999761581420898e-01 5.449616909027099609e+00 9.164259910583496094e+00
6.625000238418579102e-01 5.773399829864501953e+00 9.017160415649414062e+00
6.750000119209289551e-01 6.021152496337890625e+00 8.920813560485839844e+00
6.875000000000000000e-01 6.186327934265136719e+00 8.850294113159179688e+00
6.999999880790710449e-01 6.269275665283203125e+00 8.797374725341796875e+00
7.124999761581420898e-01 6.275056362152099609e+00 8.778073310852050781e+00
7.250000238418579102e-01 6.202674388885498047e+00 8.799550056457519531e+00
7.375000119209289551e-01 6.047515392303466797e+00 8.845966339111328125e+00
7.500000000000000000e-01 5.813012123107910156e+00 8.909619331359863281e+00
7.624999880790710449e-01 5.509192466735839844e+00 9.011742591857910156e+00
7.749999761581420898e-01 5.139283657073974609e+00 9.171049118041992188e+00
7.875000238418579102e-01 4.700152397155761719e+00 9.371116638183593750e+00
8.000000119209289551e-01 4.200750350952148438e+00 9.590784072875976562e+00
8.125000000000000000e-01 3.666594266891479492e+00 9.856943130493164062e+00
8.249999880790710449e-01 3.112469434738159180e+00 1.022181034088134766e+01
8.374999761581420898e-01 2.517881870269775391e+00 1.066932773590087891e+01
8.500000238418579102e-01 1.848225116729736328e+00 1.107877731323242188e+01
8.625000119209289551e-01 1.104386210441589355e+00 1.132024383544921875e+01
8.750000000000000000e-01 3.370741307735443115e-01 1.137984466552734375e+01
8.874999880790710449e-01 -3.973882496356964111e-01 1.136104202270507812e+01
8.999999761581420898e-01 -1.086195230484008789e+00 1.136445140838623047e+01
9.125000238418579102e-01 -1.754451751708984375e+00 1.139931201934814453e+01
9.250000119209289551e-01 -2.418622255325317383e+00 1.142115306854248047e+01
9.375000000000000000e-01 -3.062556266784667969e+00 1.141710376739501953e+01
9.499999880790710449e-01 -3.660286903381347656e+00 1.141770172119140625e+01
9.624999761581420898e-01 -4.204491138458251953e+00 1.144049739837646484e+01
9.750000238418579102e-01 -4.700944900512695312e+00 1.146472835540771484e+01
9.875000119209289551e-01 -5.145347595214843750e+00 1.147028541564941406e+01
1.000000000000000000e+00 -5.521279335021972656e+00 1.147025585174560547e+01
1.012500047683715820e+00 -5.819267272949218750e+00 1.148599243164062500e+01
1.024999976158142090e+00 -6.043881416320800781e+00 1.151093196868896484e+01
1.037500023841857910e+00 -6.198610305786132812e+00 1.152328681945800781e+01
1.049999952316284180e+00 -6.275194168090820312e+00 1.152341747283935547e+01
1.062500000000000000e+00 -6.264914512634277344e+00 1.153232574462890625e+01
1.075000047683715820e+00 -6.171977043151855469e+00 1.155511283874511719e+01
1.087499976158142090e+00 -6.006297588348388672e+00 1.157202053070068359e+01
1.100000023841857910e+00 -5.768219470977783203e+00 1.157228374481201172e+01
1.112499952316284180e+00 -5.451397895812988281e+00 1.157300853729248047e+01
1.125000000000000000e+00 -5.059197425842285156e+00 1.158990764617919922e+01
1.137500047683715820e+00 -4.606329917907714844e+00 1.160891246795654297e+01
1.149999976158142090e+00 -4.101848602294921875e+00 1.160881614685058594e+01
1.162500023841857910e+00 -3.542273521423339844e+00 1.159891796112060547e+01
1.174999952316284180e+00 -2.928269863128662109e+00 1.160560703277587891e+01
1.187500000000000000e+00 -2.277350425720214844e+00 1.162534427642822266e+01
1.200000047683715820e+00 -1.607668519020080566e+00 1.162490558624267578e+01
1.212499976158142090e+00 -9.160234928131103516e-01 1.159870529174804688e+01
1.225000023841857910e+00 -1.900753229856491089e-01 1.159012031555175781e+01
1.237499952316284180e+00 5.547860860824584961e-01 1.162183475494384766e+01
1.250000000000000000e+00 1.268714666366577148e+00 1.162213802337646484e+01
1.262500047683715820e+00 1.911573529243469238e+00 1.146608638763427734e+01
1.274999976158142090e+00 2.496015071868896484e+00 1.110375404357910156e+01
1.287500023841857910e+00 3.071207523345947266e+00 1.062141895294189453e+01
1.299999952316284180e+00 3.664056062698364258e+00 1.015998840332031250e+01
1.312500000000000000e+00 4.249129772186279297e+00 9.794170379638671875e+00
1.325000047683715820e+00 4.778299331665039062e+00 9.510421752929687500e+00
1.337499976158142090e+00 5.225368022918701172e+00 9.277725219726562500e+00
1.350000023841857910e+00 5.592596530914306641e+00 9.096084594726562500e+00
1.362499952316284180e+00 5.885632991790771484e+00 8.972459793090820312e+00
1.375000000000000000e+00 6.099781990051269531e+00 8.889675140380859375e+00
1.387500047683715820e+00 6.230333805084228516e+00 8.825604438781738281e+00
1.399999976158142090e+00 6.280885219573974609e+00 8.784291267395019531e+00
1.412500023841857910e+00 6.254884243011474609e+00 8.782598495483398438e+00
1.424999952316284180e+00 6.148532867431640625e+00 8.816830635070800781e+00
1.437500000000000000e+00 5.959460258483886719e+00 8.869555473327636719e+00
1.450000047683715820e+00 5.695146560668945312e+00 8.945549964904785156e+00
1.462499976158142090e+00 5.364225387573242188e+00 9.070913314819335938e+00
1.475000023841857910e+00 4.965795516967773438e+00 9.250780105590820312e+00
1.487499952316284180e+00 4.499390602111816406e+00 9.459532737731933594e+00
1.500000000000000000e+00 3.982256412506103516e+00 9.692035675048828125e+00
1.512500047683715820e+00 3.439886569976806641e+00 9.994429588317871094e+00
1.524999976158142090e+00 2.873351812362670898e+00 1.040212059020996094e+01
1.537500023841857910e+00 2.250887155532836914e+00 1.085238552093505859e+01
1.549999952316284180e+00 1.547147035598754883e+00 1.120340061187744141e+01
1.562500000000000000e+00 7.856774330139160156e-01 1.136270618438720703e+01
1.575000047683715820e+00 2.695487067103385925e-02 1.137423706054687500e+01
1.587499976158142090e+00 -6.871446371078491211e-01 1.135699558258056641e+01
1.600000023841857910e+00 -1.363784670829772949e+00 1.137745761871337891e+01
1.612499952316284180e+00 -2.030255317687988281e+00 1.141202545166015625e+01
1.625000000000000000e+00 -2.689430475234985352e+00 1.142134666442871094e+01
1.637500047683715820e+00 -3.316659688949584961e+00 1.141485023498535156e+01
1.649999976158142090e+00 -3.891838550567626953e+00 1.142498874664306641e+01
1.662500023841857910e+00 -4.415713310241699219e+00 1.145212459564208984e+01
1.674999952316284180e+00 -4.892138481140136719e+00 1.146928119659423828e+01
1.687500000000000000e+00 -5.310242176055908203e+00 1.146937561035156250e+01
1.700000047683715820e+00 -5.654095649719238281e+00 1.147446441650390625e+01
1.712499976158142090e+00 -5.920745372772216797e+00 1.149656772613525391e+01
1.725000023841857910e+00 -6.116674423217773438e+00 1.151831912994384766e+01
1.737499952316284180e+00 -6.240509033203125000e+00 1.152372264862060547e+01
1.750000000000000000e+00 -6.281557559967041016e+00 1.152502632141113281e+01
1.762500047683715820e+00 -6.235813617706298828e+00 1.154090404510498047e+01
1.774999976158142090e+00 -6.111864089965820312e+00 1.156408882141113281e+01
1.787500023841857910e+00 -5.916878223419189453e+00 1.157366847991943359e+01
1.799999952316284180e+00 -5.646740913391113281e+00 1.157109928131103516e+01
1.812500000000000000e+00 -5.297391891479492188e+00 1.157816505432128906e+01
1.825000047683715820e+00 -4.878169536590576172e+00 1.159910583496093750e+01
1.837499976158142090e+00 -4.403689861297607422e+00 1.161152553558349609e+01
1.850000023841857910e+00 -3.877109289169311523e+00 1.160424423217773438e+01
1.862499952316284180e+00 -3.293945074081420898e+00 1.159881782531738281e+01
1.875000000000000000e+00 -2.661837816238403320e+00 1.161393547058105469e+01
1.887500047683715820e+00 -2.001914739608764648e+00 1.162922096252441406e+01
1.899999976158142090e+00 -1.324805378913879395e+00 1.161541938781738281e+01
1.912500023841857910e+00 -6.196457147598266602e-01 1.159010696411132812e+01
1.924999952316284180e+00 1.184628605842590332e-01 1.160009002685546875e+01
1.937500000000000000e+00 8.573674559593200684e-01 1.163301372528076172e+01
1.950000047683715820e+00 1.544192314147949219e+00 1.158238983154296875e+01
1.962499976158142090e+00 2.158110618591308594e+00 1.133891773223876953e+01
1.975000023841857910e+00 2.732670068740844727e+00 1.091020488739013672e+01
1.987499952316284180e+00 3.314928770065307617e+00 1.042113494873046875e+01
2.000000000000000000e+00 3.910111188888549805e+00 9.996245384216308594e+00
