0.000000000000000000e+00 6.244108200073242188e+00 8.816608428955078125e+00
1.250000018626451492e-02 6.281661510467529297e+00 8.780961990356445312e+00
2.500000037252902985e-02 6.242054939270019531e+00 8.786510467529296875e+00
3.750000149011611938e-02 6.120750427246093750e+00 8.825127601623535156e+00
5.000000074505805969e-02 5.916901111602783203e+00 8.880800247192382812e+00
6.250000000000000000e-02 5.639334678649902344e+00 8.964003562927246094e+00
7.500000298023223877e-02 5.295389175415039062e+00 9.100542068481445312e+00
8.749999850988388062e-02 4.882829666137695312e+00 9.288511276245117188e+00
1.000000014901161194e-01 4.403602600097656250e+00 9.501090049743652344e+00
1.124999970197677612e-01 3.878519058227539062e+00 9.742980003356933594e+00
1.250000000000000000e-01 3.331125020980834961e+00 1.006603145599365234e+01
1.375000029802322388e-01 2.755164861679077148e+00 1.049177646636962891e+01
1.500000059604644775e-01 2.115653991699218750e+00 1.093511772155761719e+01
1.624999940395355225e-01 1.394608497619628906e+00 1.125153827667236328e+01
1.749999970197677612e-01 6.263921260833740234e-01 1.137304019927978516e+01
1.875000000000000000e-01 -1.270400434732437134e-01 1.136894416809082031e+01
2.000000029802322388e-01 -8.331837654113769531e-01 1.135757350921630859e+01
2.125000059604644775e-01 -1.507493376731872559e+00 1.138514328002929688e+01
2.249999940395355225e-01 -2.175161123275756836e+00 1.141639709472656250e+01
2.374999970197677612e-01 -2.831560373306274414e+00 1.141972732543945312e+01
2.500000000000000000e-01 -3.449865579605102539e+00 1.141465759277343750e+01
2.624999880790710449e-01 -4.014413833618164062e+00 1.143022441864013672e+01
2.750000059604644775e-01 -4.528934955596923828e+00 1.145753574371337891e+01
2.874999940395355225e-01 -4.994649887084960938e+00 1.147005462646484375e+01
3.000000119209289551e-01 -5.397674083709716797e+00 1.146900653839111328e+01
3.125000000000000000e-01 -5.723868846893310547e+00 1.147827243804931641e+01
3.249999880790710449e-01 -5.973771572113037109e+00 1.150263690948486328e+01
3.375000059604644775e-01 -6.153433322906494141e+00 1.152102756500244141e+01
3.499999940395355225e-01 -6.258379936218261719e+00 1.152341461181640625e+01
3.625000119209289551e-01 -6.277881145477294922e+00 1.152731990814208984e+01
3.750000000000000000e-01 -6.211389064788818359e+00 1.154691600799560547e+01
3.874999880790710449e-01 -6.068905353546142578e+00 1.156833839416503906e+01
4.000000059604644775e-01 -5.854910850524902344e+00 1.157344150543212891e+01
4.124999940395355225e-01 -5.563550472259521484e+00 1.157133960723876953e+01
4.250000119209289551e-01 -5.193591117858886719e+00 1.158306312561035156e+01
4.375000000000000000e-01 -4.757505893707275391e+00 1.160438346862792969e+01
4.499999880790710449e-01 -4.268171787261962891e+00 1.161125946044921875e+01
4.625000059604644775e-01 -3.725219964981079102e+00 1.160150146484375000e+01
4.749999940395355225e-01 -3.125607967376708984e+00 1.160124206542968750e+01
4.875000119209289551e-01 -2.481983900070190430e+00 1.161999320983886719e+01
5.000000000000000000e-01 -1.815487504005432129e+00 1.162891101837158203e+01
5.124999880790710449e-01 -1.130311608314514160e+00 1.160762119293212891e+01
5.249999761581420898e-01 -4.131300747394561768e-01 1.158832836151123047e+01
5.375000238418579102e-01 3.322274684906005859e-01 1.161071205139160156e+01
5.500000119209289551e-01 1.063190579414367676e+00 1.163328552246093750e+01
5.625000000000000000e-01 1.730245351791381836e+00 1.153415298461914062e+01
5.749999880790710449e-01 2.328869104385375977e+00 1.122825431823730469e+01
5.874999761581420898e-01 2.903281450271606445e+00 1.076495265960693359e+01
6.000000238418579102e-01 3.492889165878295898e+00 1.028418254852294922e+01
6.125000119209289551e-01 4.086596488952636719e+00 9.888481140136718750e+00
6.250000000000000000e-01 4.637201309204101562e+00 9.584538459777832031e+00
6.374999880790710449e-01 5.109199523925781250e+00 9.338158607482910156e+00
6.499999761581420898e-01 5.498725414276123047e+00 9.140480995178222656e+00
6.625000238418579102e-01 5.813051223754882812e+00 9.001132965087890625e+00
6.750000119209289551e-01 6.049995422363281250e+00 8.909726142883300781e+00
6.875000000000000000e-01 6.203350067138671875e+00 8.841299057006835938e+00
6.999999880790710449e-01 6.274757385253906250e+00 8.791952133178710938e+00
7.124999761581420898e-01 6.268971443176269531e+00 8.778944969177246094e+00
7.250000238418579102e-01 6.183833599090576172e+00 8.805622100830078125e+00
7.375000119209289551e-01 6.015270233154296875e+00 8.854608535766601562e+00
7.500000000000000000e-01 5.768393039703369141e+00 8.922595977783203125e+00
7.624999880790710449e-01 5.453090190887451172e+00 9.033754348754882812e+00
7.749999761581420898e-01 5.070896148681640625e+00 9.202185630798339844e+00
7.875000238418579102e-01 4.619265556335449219e+00 9.406707763671875000e+00
8.000000119209289551e-01 4.110603332519531250e+00 9.631403923034667969e+00
8.125000000000000000e-01 3.571348905563354492e+00 9.912211418151855469e+00
8.249999880790710449e-01 3.011111974716186523e+00 1.029686355590820312e+01
8.374999761581420898e-01 2.403735160827636719e+00 1.074962234497070312e+01
8.500000238418579102e-01 1.717180132865905762e+00 1.113713645935058594e+01
8.625000119209289551e-01 9.621946215629577637e-01 1.134242439270019531e+01
8.750000000000000000e-01 1.954520493745803833e-01 1.137796592712402344e+01
8.874999880790710449e-01 -5.317885875701904297e-01 1.135797500610351562e+01
8.999999761581420898e-01 -1.216162681579589844e+00 1.136961555480957031e+01
9.125000238418579102e-01 -1.885106921195983887e+00 1.140550613403320312e+01
9.250000119209289551e-01 -2.549144983291625977e+00 1.142145824432373047e+01
9.375000000000000000e-01 -3.187252521514892578e+00 1.141543006896972656e+01
9.499999880790710449e-01 -3.775548219680786133e+00 1.142051792144775391e+01
9.624999761581420898e-01 -4.310922622680664062e+00 1.144616699218750000e+01
9.750000238418579102e-01 -4.798760890960693359e+00 1.146725845336914062e+01
9.875000119209289551e-01 -5.231305122375488281e+00 1.146961784362792969e+01
1.000000000000000000e+00 -5.591780662536621094e+00 1.147184658050537109e+01
1.012500047683715820e+00 -5.873974323272705078e+00 1.149129867553710938e+01
1.024999976158142090e+00 -6.083913326263427734e+00 1.151512050628662109e+01
1.037500023841857910e+00 -6.222682952880859375e+00 1.152364158630371094e+01
1.049999952316284180e+00 -6.280299663543701172e+00 1.152394485473632812e+01
1.062500000000000000e+00 -6.250298500061035156e+00 1.153677654266357422e+01
1.075000047683715820e+00 -6.139607906341552734e+00 1.156038761138916016e+01
1.087499976158142090e+00 -5.957009792327880859e+00 1.157335376739501953e+01
1.100000023841857910e+00 -5.700150012969970703e+00 1.157154750823974609e+01
1.112499952316284180e+00 -5.363565921783447266e+00 1.157571792602539062e+01
1.125000000000000000e+00 -4.954186916351318359e+00 1.159550094604492188e+01
1.137500047683715820e+00 -4.487210273742675781e+00 1.161109352111816406e+01
1.149999976158142090e+00 -3.968311786651611328e+00 1.160635375976562500e+01
1.162500023841857910e+00 -3.392932176589965820e+00 1.159860038757324219e+01
1.174999952316284180e+00 -2.765786647796630859e+00 1.161075687408447266e+01
1.187500000000000000e+00 -2.107228279113769531e+00 1.162857437133789062e+01
1.200000047683715820e+00 -1.431307911872863770e+00 1.161969566345214844e+01
1.212499976158142090e+00 -7.295405268669128418e-01 1.159293079376220703e+01
1.225000023841857910e+00 6.615519989281892776e-03 1.159595870971679688e+01
1.237499952316284180e+00 7.508298158645629883e-01 1.163045310974121094e+01
1.250000000000000000e+00 1.449766993522644043e+00 1.160020446777343750e+01
1.262500047683715820e+00 2.074793338775634766e+00 1.138683032989501953e+01
1.274999976158142090e+00 2.653071880340576172e+00 1.097736263275146484e+01
1.287500023841857910e+00 3.234055519104003906e+00 1.048661804199218750e+01
1.299999952316284180e+00 3.830696821212768555e+00 1.004772281646728516e+01
1.312500000000000000e+00 4.406103134155273438e+00 9.707736015319824219e+00
1.325000047683715820e+00 4.914473056793212891e+00 9.439661026000976562e+00
1.337499976158142090e+00 5.338912963867187500e+00 9.219717025756835938e+00
1.350000023841857910e+00 5.685485363006591797e+00 9.054533004760742188e+00
1.362499952316284180e+00 5.956974506378173828e+00 8.945301055908203125e+00
1.375000000000000000e+00 6.147046089172363281e+00 8.869246482849121094e+00
1.387500047683715820e+00 6.253381252288818359e+00 8.810054779052734375e+00
1.399999976158142090e+00 6.280922889709472656e+00 8.779243469238281250e+00
1.412500023841857910e+00 6.230989456176757812e+00 8.790109634399414062e+00
1.424999952316284180e+00 6.098749160766601562e+00 8.831542015075683594e+00
1.437500000000000000e+00 5.884658813476562500e+00 8.889502525329589844e+00
1.450000047683715820e+00 5.598232269287109375e+00 8.978394508361816406e+00
1.462499976158142090e+00 5.245602607727050781e+00 9.122640609741210938e+00
1.475000023841857910e+00 4.823898315429687500e+00 9.315294265747070312e+00
1.487499952316284180e+00 4.337138652801513672e+00 9.530158042907714844e+00
1.500000000000000000e+00 3.808164834976196289e+00 9.779253005981445312e+00
1.512500047683715820e+00 3.258264064788818359e+00 1.011634349822998047e+01
1.524999976158142090e+00 2.676206588745117188e+00 1.055158424377441406e+01
1.537500023841857910e+00 2.026113271713256836e+00 1.098633575439453125e+01
1.549999952316284180e+00 1.295862078666687012e+00 1.127820777893066406e+01
1.562500000000000000e+00 5.261490345001220703e-01 1.137696647644042969e+01
1.575000047683715820e+00 -2.218336015939712524e-01 1.136582565307617188e+01
1.587499976158142090e+00 -9.222032427787780762e-01 1.135917758941650391e+01
1.600000023841857910e+00 -1.594618439674377441e+00 1.139011764526367188e+01
1.612499952316284180e+00 -2.261847972869873047e+00 1.141847896575927734e+01
1.625000000000000000e+00 -2.914877176284790039e+00 1.141871738433837891e+01
1.637500047683715820e+00 -3.526550531387329102e+00 1.141526317596435547e+01
1.649999976158142090e+00 -4.084149360656738281e+00 1.143373966217041016e+01
1.662500023841857910e+00 -4.592565536499023438e+00 1.146037769317626953e+01
1.674999952316284180e+00 -5.051133632659912109e+00 1.147023487091064453e+01
1.687500000000000000e+00 -5.444693088531494141e+00 1.146918106079101562e+01
1.700000047683715820e+00 -5.760603904724121094e+00 1.148089599609375000e+01
1.712499976158142090e+00 -6.001124858856201172e+00 1.150587368011474609e+01
1.725000023841857910e+00 -6.171586036682128906e+00 1.152208900451660156e+01
1.737499952316284180e+00 -6.265932559967041016e+00 1.152331352233886719e+01
1.750000000000000000e+00 -6.273924350738525391e+00 1.152900409698486328e+01
1.762500047683715820e+00 -6.196904182434082031e+00 1.155013751983642578e+01
1.774999976158142090e+00 -6.045124530792236328e+00 1.157005691528320312e+01
1.787500023841857910e+00 -5.821473121643066406e+00 1.157306575775146484e+01
1.799999952316284180e+00 -5.519639492034912109e+00 1.157181549072265625e+01
1.812500000000000000e+00 -5.140136718750000000e+00 1.158577442169189453e+01
1.825000047683715820e+00 -4.696608066558837891e+00 1.160652637481689453e+01
1.837499976158142090e+00 -4.200578212738037109e+00 1.161052703857421875e+01
1.850000023841857910e+00 -3.650205135345458984e+00 1.160033226013183594e+01
1.862499952316284180e+00 -3.043739318847656250e+00 1.160291671752929688e+01
1.875000000000000000e+00 -2.396057605743408203e+00 1.162253665924072266e+01
1.887500047683715820e+00 -1.727449059486389160e+00 1.162770843505859375e+01
1.899999976158142090e+00 -1.038915634155273438e+00 1.160381412506103516e+01
1.912500023841857910e+00 -3.170337378978729248e-01 1.158867168426513672e+01
1.924999952316284180e+00 4.295524358749389648e-01 1.161577510833740234e+01
1.937500000000000000e+00 1.154467582702636719e+00 1.163006973266601562e+01
1.950000047683715820e+00 1.811542391777038574e+00 1.150642681121826172e+01
1.962499976158142090e+00 2.403935194015502930e+00 1.117418956756591797e+01
1.975000023841857910e+00 2.978929519653320312e+00 1.070020198822021484e+01
1.987499952316284180e+00 3.570884466171264648e+00 1.022673892974853516e+01
2.000000000000000000e+00 4.161867141723632812e+00 9.844370841979980469e+00
