0.000000000000000000e+00 6.243672370910644531e+00 8.816947937011718750e+00
1.250000018626451492e-02 6.281425952911376953e+00 8.781113624572753906e+00
2.500000037252902985e-02 6.241603374481201172e+00 8.786690711975097656e+00
3.750000149011611938e-02 6.119631290435791016e+00 8.825475692749023438e+00
5.000000074505805969e-02 5.914689064025878906e+00 8.881392478942871094e+00
6.250000000000000000e-02 5.635712623596191406e+00 8.965187072753906250e+00
7.500000298023223877e-02 5.290025234222412109e+00 9.102773666381835938e+00
8.749999850988388062e-02 4.875318527221679688e+00 9.291781425476074219e+00
1.000000014901161194e-01 4.393770694732666016e+00 9.505229949951171875e+00
1.124999970197677612e-01 3.866640090942382812e+00 9.748800277709960938e+00
1.250000000000000000e-01 3.317358732223510742e+00 1.007505321502685547e+01
1.375000029802322388e-01 2.738767385482788086e+00 1.050374794006347656e+01
1.500000059604644775e-01 2.095355510711669922e+00 1.094648075103759766e+01
1.624999940395355225e-01 1.370169401168823242e+00 1.125799274444580078e+01
1.749999970197677612e-01 5.993508696556091309e-01 1.137392330169677734e+01
1.875000000000000000e-01 -1.547370254993438721e-01 1.136777019500732422e+01
2.000000029802322388e-01 -8.610838651657104492e-01 1.135776424407958984e+01
2.125000059604644775e-01 -1.536548733711242676e+00 1.138655090332031250e+01
2.249999940395355225e-01 -2.205827236175537109e+00 1.141695213317871094e+01
2.374999970197677612e-01 -2.862781047821044922e+00 1.141915893554687500e+01
2.500000000000000000e-01 -3.480209350585937500e+00 1.141467666625976562e+01
2.624999880790710449e-01 -4.043427944183349609e+00 1.143149948120117188e+01
2.750000059604644775e-01 -4.556694984436035156e+00 1.145865726470947266e+01
2.874999940395355225e-01 -5.020463943481445312e+00 1.147004318237304688e+01
3.000000119209289551e-01 -5.420150279998779297e+00 1.146898365020751953e+01
3.125000000000000000e-01 -5.742172718048095703e+00 1.147949790954589844e+01
3.249999880790710449e-01 -5.987925052642822266e+00 1.150430107116699219e+01
3.375000059604644775e-01 -6.163167476654052734e+00 1.152162933349609375e+01
3.499999940395355225e-01 -6.262547969818115234e+00 1.152338790893554688e+01
3.625000119209289551e-01 -6.275495052337646484e+00 1.152834224700927734e+01
3.750000000000000000e-01 -6.202535629272460938e+00 1.154895782470703125e+01
3.874999880790710449e-01 -6.053925514221191406e+00 1.156956672668457031e+01
4.000000059604644775e-01 -5.833213806152343750e+00 1.157336711883544922e+01
4.124999940395355225e-01 -5.534186840057373047e+00 1.157182598114013672e+01
4.250000119209289551e-01 -5.156736850738525391e+00 1.158513355255126953e+01
4.375000000000000000e-01 -4.714247703552246094e+00 1.160616683959960938e+01
4.499999880790710449e-01 -4.218774795532226562e+00 1.161101436614990234e+01
4.625000059604644775e-01 -3.668872833251953125e+00 1.160090541839599609e+01
4.749999940395355225e-01 -3.062412738800048828e+00 1.160283088684082031e+01
4.875000119209289551e-01 -2.413853168487548828e+00 1.162235736846923828e+01
5.000000000000000000e-01 -1.743862867355346680e+00 1.162831211090087891e+01
5.124999880790710449e-01 -1.054095625877380371e+00 1.160480880737304688e+01
5.249999761581420898e-01 -3.310003280639648438e-01 1.158897876739501953e+01
5.375000238418579102e-01 4.174997508525848389e-01 1.161555862426757812e+01
5.500000119209289551e-01 1.145144343376159668e+00 1.163090133666992188e+01
5.625000000000000000e-01 1.804926514625549316e+00 1.150928401947021484e+01
5.749999880790710449e-01 2.399249553680419922e+00 1.117815589904785156e+01
5.874999761581420898e-01 2.975577831268310547e+00 1.070356369018554688e+01
6.000000238418579102e-01 3.568901538848876953e+00 1.022866630554199219e+01
6.125000119209289551e-01 4.161448955535888672e+00 9.845073699951171875e+00
6.250000000000000000e-01 4.704534530639648438e+00 9.549591064453125000e+00
6.374999880790710449e-01 5.166438579559326172e+00 9.308667182922363281e+00
6.499999761581420898e-01 5.546419143676757812e+00 9.117946624755859375e+00
6.625000238418579102e-01 5.851164340972900391e+00 8.986184120178222656e+00
6.750000119209289551e-01 6.077078342437744141e+00 8.899159431457519531e+00
6.875000000000000000e-01 6.218589305877685547e+00 8.832753181457519531e+00
6.999999880790710449e-01 6.278520107269287109e+00 8.787462234497070312e+00
7.124999761581420898e-01 6.261044979095458984e+00 8.780877113342285156e+00
7.250000238418579102e-01 6.162959575653076172e+00 8.812288284301757812e+00
7.375000119209289551e-01 5.981056213378906250e+00 8.863740921020507812e+00
7.500000000000000000e-01 5.722028255462646484e+00 8.936793327331542969e+00
7.624999880790710449e-01 5.395219802856445312e+00 9.057474136352539062e+00
7.749999761581420898e-01 5.000561714172363281e+00 9.234396934509277344e+00
7.875000238418579102e-01 4.536715507507324219e+00 9.442813873291015625e+00
8.000000119209289551e-01 4.019600868225097656e+00 9.673696517944335938e+00
8.125000000000000000e-01 3.475583791732788086e+00 9.970903396606445312e+00
8.249999880790710449e-01 2.908338308334350586e+00 1.037437057495117188e+01
8.374999761581420898e-01 2.286956787109375000e+00 1.082783508300781250e+01
8.500000238418579102e-01 1.583746194839477539e+00 1.118916797637939453e+01
8.625000119209289551e-01 8.196057081222534180e-01 1.135864639282226562e+01
8.750000000000000000e-01 5.534240975975990295e-02 1.137439250946044922e+01
8.874999880790710449e-01 -6.645595431327819824e-01 1.135649681091308594e+01
8.999999761581420898e-01 -1.345614552497863770e+00 1.137588977813720703e+01
9.125000238418579102e-01 -2.015664815902709961e+00 1.141086196899414062e+01
9.250000119209289551e-01 -2.678629875183105469e+00 1.142087936401367188e+01
9.375000000000000000e-01 -3.309835433959960938e+00 1.141442489624023438e+01
9.499999880790710449e-01 -3.888566255569458008e+00 1.142443656921386719e+01
9.624999761581420898e-01 -4.415368080139160156e+00 1.145169162750244141e+01
9.750000238418579102e-01 -4.894177913665771484e+00 1.146893692016601562e+01
9.875000119209289551e-01 -5.313963890075683594e+00 1.146907615661621094e+01
1.000000000000000000e+00 -5.658608436584472656e+00 1.147448921203613281e+01
1.012500047683715820e+00 -5.925279617309570312e+00 1.149694919586181641e+01
1.024999976158142090e+00 -6.120538711547851562e+00 1.151854610443115234e+01
1.037500023841857910e+00 -6.242699146270751953e+00 1.152364253997802734e+01
1.049999952316284180e+00 -6.280873775482177734e+00 1.152534770965576172e+01
1.062500000000000000e+00 -6.231463432312011719e+00 1.154200458526611328e+01
1.075000047683715820e+00 -6.103456497192382812e+00 1.156510925292968750e+01
1.087499976158142090e+00 -5.903679370880126953e+00 1.157385921478271484e+01
1.100000023841857910e+00 -5.627554893493652344e+00 1.157133007049560547e+01
1.112499952316284180e+00 -5.271524429321289062e+00 1.157960414886474609e+01
1.125000000000000000e+00 -4.845863819122314453e+00 1.160093212127685547e+01
1.137500047683715820e+00 -4.365050315856933594e+00 1.161196327209472656e+01
1.149999976158142090e+00 -3.831272602081298828e+00 1.160378646850585938e+01
1.162500023841857910e+00 -3.240263223648071289e+00 1.159987545013427734e+01
1.174999952316284180e+00 -2.601338624954223633e+00 1.161649417877197266e+01
1.187500000000000000e+00 -1.936128020286560059e+00 1.162990093231201172e+01
1.200000047683715820e+00 -1.253248572349548340e+00 1.161313247680664062e+01
1.212499976158142090e+00 -5.405039787292480469e-01 1.158957481384277344e+01
1.225000023841857910e+00 2.040604054927825928e-01 1.160472774505615234e+01
1.237499952316284180e+00 9.435284137725830078e-01 1.163473796844482422e+01
1.250000000000000000e+00 1.625093579292297363e+00 1.156444168090820312e+01
1.262500047683715820e+00 2.234349250793457031e+00 1.129240608215332031e+01
1.274999976158142090e+00 2.810480833053588867e+00 1.084493923187255859e+01
1.287500023841857910e+00 3.398354291915893555e+00 1.035657501220703125e+01
1.299999952316284180e+00 3.995680093765258789e+00 9.943786621093750000e+00
1.312500000000000000e+00 4.557517051696777344e+00 9.626986503601074219e+00
1.325000047683715820e+00 5.043693065643310547e+00 9.372577667236328125e+00
1.337499976158142090e+00 5.446075439453125000e+00 9.166353225708007812e+00
1.350000023841857910e+00 5.772120475769042969e+00 9.017992019653320312e+00
1.362499952316284180e+00 6.021264076232910156e+00 8.921024322509765625e+00
1.375000000000000000e+00 6.186888217926025391e+00 8.850130081176757812e+00
1.387500047683715820e+00 6.269409656524658203e+00 8.797100067138671875e+00
1.399999976158142090e+00 6.273961067199707031e+00 8.778288841247558594e+00
1.412500023841857910e+00 6.199417591094970703e+00 8.800567626953125000e+00
1.424999952316284180e+00 6.041153430938720703e+00 8.847632408142089844e+00
1.437500000000000000e+00 5.802934646606445312e+00 8.912390708923339844e+00
1.450000047683715820e+00 5.494940280914306641e+00 9.017010688781738281e+00
1.462499976158142090e+00 5.120067596435546875e+00 9.179457664489746094e+00
1.475000023841857910e+00 4.675250530242919922e+00 9.381787300109863281e+00
1.487499952316284180e+00 4.170543670654296875e+00 9.603944778442382812e+00
1.500000000000000000e+00 3.632194519042968750e+00 9.876060485839843750e+00
1.512500047683715820e+00 3.073514461517333984e+00 1.024969959259033203e+01
1.524999976158142090e+00 2.471572875976562500e+00 1.070143222808837891e+01
1.537500023841857910e+00 1.792090654373168945e+00 1.110379219055175781e+01
1.549999952316284180e+00 1.039975643157958984e+00 1.133033370971679688e+01
1.562500000000000000e+00 2.693890035152435303e-01 1.137868881225585938e+01
1.575000047683715820e+00 -4.647324979305267334e-01 1.135894584655761719e+01
1.587499976158142090e+00 -1.153982639312744141e+00 1.136659431457519531e+01
1.600000023841857910e+00 -1.825144171714782715e+00 1.140234565734863281e+01
1.612499952316284180e+00 -2.491863250732421875e+00 1.142108345031738281e+01
1.625000000000000000e+00 -3.135041475296020508e+00 1.141577529907226562e+01
1.637500047683715820e+00 -3.729478359222412109e+00 1.141899204254150391e+01
1.649999976158142090e+00 -4.270278453826904297e+00 1.144374370574951172e+01
1.662500023841857910e+00 -4.763150691986083984e+00 1.146620845794677734e+01
1.674999952316284180e+00 -5.201583862304687500e+00 1.146968746185302734e+01
1.687500000000000000e+00 -5.568655014038085938e+00 1.147110271453857422e+01
1.700000047683715820e+00 -5.856920242309570312e+00 1.148950576782226562e+01
1.712499976158142090e+00 -6.072065830230712891e+00 1.151389122009277344e+01
1.725000023841857910e+00 -6.215989589691162109e+00 1.152358150482177734e+01
1.737499952316284180e+00 -6.279057979583740234e+00 1.152378368377685547e+01
1.750000000000000000e+00 -6.254045009613037109e+00 1.153567409515380859e+01
1.762500047683715820e+00 -6.147269725799560547e+00 1.155929470062255859e+01
1.774999976158142090e+00 -5.967955589294433594e+00 1.157328033447265625e+01
1.787500023841857910e+00 -5.714339733123779297e+00 1.157186985015869141e+01
1.799999952316284180e+00 -5.380637645721435547e+00 1.157534313201904297e+01
1.812500000000000000e+00 -4.973113536834716797e+00 1.159475040435791016e+01
1.825000047683715820e+00 -4.507092952728271484e+00 1.161109066009521484e+01
1.837499976158142090e+00 -3.988929510116577148e+00 1.160706424713134766e+01
1.850000023841857910e+00 -3.414128541946411133e+00 1.159890747070312500e+01
1.862499952316284180e+00 -2.786792993545532227e+00 1.161041259765625000e+01
1.875000000000000000e+00 -2.127133846282958984e+00 1.162864589691162109e+01
1.887500047683715820e+00 -1.449918985366821289e+00 1.162069606781005859e+01
1.899999976158142090e+00 -7.471354007720947266e-01 1.159380531311035156e+01
1.912500023841857910e+00 -9.658809751272201538e-03 1.159580039978027344e+01
1.924999952316284180e+00 7.369447350502014160e-01 1.163037586212158203e+01
1.937500000000000000e+00 1.439006090164184570e+00 1.160232925415039062e+01
1.950000047683715820e+00 2.066726207733154297e+00 1.139166641235351562e+01
1.962499976158142090e+00 2.646687269210815430e+00 1.098316860198974609e+01
1.975000023841857910e+00 3.228879928588867188e+00 1.049132633209228516e+01
1.987499952316284180e+00 3.826983451843261719e+00 1.005063533782958984e+01
2.000000000000000000e+00 4.404126644134521484e+00 9.709236145019531250e+00
