0.000000000000000000e+00 6.243247032165527344e+00 8.817185401916503906e+00
1.250000018626451492e-02 6.281200885772705078e+00 8.781162261962890625e+00
2.500000037252902985e-02 6.241161346435546875e+00 8.786769866943359375e+00
3.750000149011611938e-02 6.118519783020019531e+00 8.825722694396972656e+00
5.000000074505805969e-02 5.912482261657714844e+00 8.881885528564453125e+00
6.250000000000000000e-02 5.632092475891113281e+00 8.966277122497558594e+00
7.500000298023223877e-02 5.284658908843994141e+00 9.104915618896484375e+00
8.749999850988388062e-02 4.867797851562500000e+00 9.294958114624023438e+00
1.000000014901161194e-01 4.383930206298828125e+00 9.509280204772949219e+00
1.124999970197677612e-01 3.854759454727172852e+00 9.754557609558105469e+00
1.250000000000000000e-01 3.303585529327392578e+00 1.008403301239013672e+01
1.375000029802322388e-01 2.722332239151000977e+00 1.051562690734863281e+01
1.500000059604644775e-01 2.074990510940551758e+00 1.095761966705322266e+01
1.624999940395355225e-01 1.345683455467224121e+00 1.126413726806640625e+01
1.749999970197677612e-01 5.723297595977783203e-01 1.137456321716308594e+01
1.875000000000000000e-01 -1.823658943176269531e-01 1.136650657653808594e+01
2.000000029802322388e-01 -8.889350891113281250e-01 1.135793018341064453e+01
2.125000059604644775e-01 -1.565596222877502441e+00 1.138785743713378906e+01
2.249999940395355225e-01 -2.236469030380249023e+00 1.141733932495117188e+01
2.374999970197677612e-01 -2.893906116485595703e+00 1.141847896575927734e+01
2.500000000000000000e-01 -3.510408639907836914e+00 1.141466617584228516e+01
2.624999880790710449e-01 -4.072301387786865234e+00 1.143270778656005859e+01
2.750000059604644775e-01 -4.584304332733154297e+00 1.145961952209472656e+01
2.874999940395355225e-01 -5.046056270599365234e+00 1.146988391876220703e+01
3.000000119209289551e-01 -5.442327022552490234e+00 1.146891880035400391e+01
3.125000000000000000e-01 -5.760161399841308594e+00 1.148069477081298828e+01
3.249999880790710449e-01 -6.001768589019775391e+00 1.150582504272460938e+01
3.375000059604644775e-01 -6.172536849975585938e+00 1.152204418182373047e+01
3.499999940395355225e-01 -6.266258239746093750e+00 1.152328777313232422e+01
3.625000119209289551e-01 -6.272620677947998047e+00 1.152937507629394531e+01
3.750000000000000000e-01 -6.193230152130126953e+00 1.155090141296386719e+01
3.874999880790710449e-01 -6.038487434387207031e+00 1.157056713104248047e+01
4.000000059604644775e-01 -5.810972213745117188e+00 1.157315731048583984e+01
4.124999940395355225e-01 -5.504236698150634766e+00 1.157235431671142578e+01
4.250000119209289551e-01 -5.119375228881835938e+00 1.158718490600585938e+01
4.375000000000000000e-01 -4.670563220977783203e+00 1.160769557952880859e+01
4.499999880790710449e-01 -4.168900489807128906e+00 1.161051845550537109e+01
4.625000059604644775e-01 -3.611982345581054688e+00 1.160035514831542969e+01
4.749999940395355225e-01 -2.998797416687011719e+00 1.160454177856445312e+01
4.875000119209289551e-01 -2.345524311065673828e+00 1.162446212768554688e+01
5.000000000000000000e-01 -1.672044515609741211e+00 1.162722492218017578e+01
5.124999880790710449e-01 -9.774716496467590332e-01 1.160199451446533203e+01
5.249999761581420898e-01 -2.485098093748092651e-01 1.159016799926757812e+01
5.375000238418579102e-01 5.025129318237304688e-01 1.162025356292724609e+01
5.500000119209289551e-01 1.226118445396423340e+00 1.162648868560791016e+01
5.625000000000000000e-01 1.878602623939514160e+00 1.148116397857666016e+01
5.749999880790710449e-01 2.469345808029174805e+00 1.112575531005859375e+01
5.874999761581420898e-01 3.048176050186157227e+00 1.064218807220458984e+01
6.000000238418579102e-01 3.644924640655517578e+00 1.017468547821044922e+01
6.125000119209289551e-01 4.235440254211425781e+00 9.803067207336425781e+00
6.250000000000000000e-01 4.770410060882568359e+00 9.515401840209960938e+00
6.374999880790710449e-01 5.222195148468017578e+00 9.279938697814941406e+00
6.499999761581420898e-01 5.592722415924072266e+00 9.096466064453125000e+00
6.625000238418579102e-01 5.887731552124023438e+00 8.972032546997070312e+00
6.750000119209289551e-01 6.102411746978759766e+00 8.888849258422851562e+00
6.875000000000000000e-01 6.232086658477783203e+00 8.824504852294921875e+00
6.999999880790710449e-01 6.280591011047363281e+00 8.783760070800781250e+00
7.124999761581420898e-01 6.251275062561035156e+00 8.783616065979003906e+00
7.250000238418579102e-01 6.140072345733642578e+00 8.819274902343750000e+00
7.375000119209289551e-01 5.944938659667968750e+00 8.873230934143066406e+00
7.500000000000000000e-01 5.673965930938720703e+00 8.952137947082519531e+00
7.624999880790710449e-01 5.335576534271240234e+00 9.082663536071777344e+00
7.749999761581420898e-01 4.928306579589843750e+00 9.267323493957519531e+00
7.875000238418579102e-01 4.452640533447265625e+00 9.479292869567871094e+00
8.000000119209289551e-01 3.927886247634887695e+00 9.717792510986328125e+00
8.125000000000000000e-01 3.379246711730957031e+00 1.003290939331054688e+01
8.249999880790710449e-01 2.803925752639770508e+00 1.045352649688720703e+01
8.374999761581420898e-01 2.167464017868041992e+00 1.090284729003906250e+01
8.500000238418579102e-01 1.448201417922973633e+00 1.123437404632568359e+01
8.625000119209289551e-01 6.770492792129516602e-01 1.136935520172119141e+01
8.750000000000000000e-01 -8.308555930852890015e-02 1.136976623535156250e+01
8.874999880790710449e-01 -7.958803176879882812e-01 1.135658645629882812e+01
8.999999761581420898e-01 -1.474740266799926758e+00 1.138267898559570312e+01
9.125000238418579102e-01 -2.146035671234130859e+00 1.141497421264648438e+01
9.250000119209289551e-01 -2.806838512420654297e+00 1.141948413848876953e+01
9.375000000000000000e-01 -3.430220127105712891e+00 1.141413307189941406e+01
9.499999880790710449e-01 -3.999426841735839844e+00 1.142908382415771484e+01
9.624999761581420898e-01 -4.517838954925537109e+00 1.145660209655761719e+01
9.750000238418579102e-01 -4.987044334411621094e+00 1.146965599060058594e+01
9.875000119209289551e-01 -5.393210411071777344e+00 1.146874141693115234e+01
1.000000000000000000e+00 -5.721827983856201172e+00 1.147796154022216797e+01
1.012500047683715820e+00 -5.973275184631347656e+00 1.150244903564453125e+01
1.024999976158142090e+00 -6.153693675994873047e+00 1.152094554901123047e+01
1.037500023841857910e+00 -6.258542537689208984e+00 1.152337169647216797e+01
1.049999952316284180e+00 -6.276967048645019531e+00 1.152756309509277344e+01
1.062500000000000000e+00 -6.208581924438476562e+00 1.154753780364990234e+01
1.075000047683715820e+00 -6.063572406768798828e+00 1.156884765625000000e+01
1.087499976158142090e+00 -5.846213340759277344e+00 1.157356548309326172e+01
1.100000023841857910e+00 -5.550459861755371094e+00 1.157174873352050781e+01
1.112499952316284180e+00 -5.175517082214355469e+00 1.158429527282714844e+01
1.125000000000000000e+00 -4.734421730041503906e+00 1.160558795928955078e+01
1.137500047683715820e+00 -4.239799022674560547e+00 1.161140823364257812e+01
1.149999976158142090e+00 -3.690690755844116211e+00 1.160144233703613281e+01
1.162500023841857910e+00 -3.084554433822631836e+00 1.160259437561035156e+01
1.174999952316284180e+00 -2.435314178466796875e+00 1.162195968627929688e+01
1.187500000000000000e+00 -1.764034867286682129e+00 1.162884807586669922e+01
1.200000047683715820e+00 -1.073172450065612793e+00 1.160586833953857422e+01
1.212499976158142090e+00 -3.490713238716125488e-01 1.158918285369873047e+01
1.225000023841857910e+00 4.012803733348846436e-01 1.161502647399902344e+01
1.237499952316284180e+00 1.131917595863342285e+00 1.163177204132080078e+01
1.250000000000000000e+00 1.794845700263977051e+00 1.151324844360351562e+01
1.262500047683715820e+00 2.391366004943847656e+00 1.118436145782470703e+01
1.274999976158142090e+00 2.968995332717895508e+00 1.070959091186523438e+01
1.287500023841857910e+00 3.563590764999389648e+00 1.023292064666748047e+01
1.299999952316284180e+00 4.157835960388183594e+00 9.847532272338867188e+00
1.312500000000000000e+00 4.702722549438476562e+00 9.550811767578125000e+00
1.325000047683715820e+00 5.166083812713623047e+00 9.309020996093750000e+00
1.337499976158142090e+00 5.547063350677490234e+00 9.117759704589843750e+00
1.350000023841857910e+00 5.852367401123046875e+00 8.985809326171875000e+00
1.362499952316284180e+00 6.078349113464355469e+00 8.898710250854492188e+00
1.375000000000000000e+00 6.219444751739501953e+00 8.832230567932128906e+00
1.387500047683715820e+00 6.278574943542480469e+00 8.787144660949707031e+00
1.399999976158142090e+00 6.259888648986816406e+00 8.781143188476562500e+00
1.412500023841857910e+00 6.160070896148681641e+00 8.813114166259765625e+00
1.424999952316284180e+00 5.976007938385009766e+00 8.864991188049316406e+00
1.437500000000000000e+00 5.714628219604492188e+00 8.938989639282226562e+00
1.450000047683715820e+00 5.385234355926513672e+00 9.061461448669433594e+00
1.462499976158142090e+00 4.987528800964355469e+00 9.240142822265625000e+00
1.475000023841857910e+00 4.520439147949218750e+00 9.449687957763671875e+00
1.487499952316284180e+00 4.000625610351562500e+00 9.682454109191894531e+00
1.500000000000000000e+00 3.454480171203613281e+00 9.983901023864746094e+00
1.512500047683715820e+00 2.884382009506225586e+00 1.039208126068115234e+01
1.524999976158142090e+00 2.258330583572387695e+00 1.084580516815185547e+01
1.537500023841857910e+00 1.549713492393493652e+00 1.120076847076416016e+01
1.549999952316284180e+00 7.820190787315368652e-01 1.136158847808837891e+01
1.562500000000000000e+00 1.714950054883956909e-02 1.137290763854980469e+01
1.575000047683715820e+00 -7.021850943565368652e-01 1.135611534118652344e+01
1.587499976158142090e+00 -1.383802533149719238e+00 1.137760543823242188e+01
1.600000023841857910e+00 -2.055453777313232422e+00 1.141200065612792969e+01
1.612499952316284180e+00 -2.719064950942993164e+00 1.142028903961181641e+01
1.625000000000000000e+00 -3.349003076553344727e+00 1.141404724121093750e+01
1.637500047683715820e+00 -3.925629377365112305e+00 1.142572593688964844e+01
1.649999976158142090e+00 -4.450504779815673828e+00 1.145326423645019531e+01
1.662500023841857910e+00 -4.926881313323974609e+00 1.146912670135498047e+01
1.674999952316284180e+00 -5.342647075653076172e+00 1.146878719329833984e+01
1.687500000000000000e+00 -5.682074069976806641e+00 1.147556018829345703e+01
1.700000047683715820e+00 -5.943505764007568359e+00 1.149894046783447266e+01
1.712499976158142090e+00 -6.133482456207275391e+00 1.151949787139892578e+01
1.725000023841857910e+00 -6.249227046966552734e+00 1.152349567413330078e+01
1.737499952316284180e+00 -6.279707431793212891e+00 1.152609634399414062e+01
1.750000000000000000e+00 -6.222545146942138672e+00 1.154420566558837891e+01
1.762500047683715820e+00 -6.087356090545654297e+00 1.156676864624023438e+01
1.774999976158142090e+00 -5.880012035369873047e+00 1.157383251190185547e+01
1.787500023841857910e+00 -5.595208644866943359e+00 1.157145786285400391e+01
1.799999952316284180e+00 -5.230450153350830078e+00 1.158160305023193359e+01
1.812500000000000000e+00 -4.797328948974609375e+00 1.160315227508544922e+01
1.825000047683715820e+00 -4.309705734252929688e+00 1.161195564270019531e+01
1.837499976158142090e+00 -3.768325090408325195e+00 1.160276889801025391e+01
1.850000023841857910e+00 -3.169508218765258789e+00 1.160105419158935547e+01
1.862499952316284180e+00 -2.524736166000366211e+00 1.161920833587646484e+01
1.875000000000000000e+00 -1.855700850486755371e+00 1.162982177734375000e+01
1.887500047683715820e+00 -1.168230772018432617e+00 1.160984611511230469e+01
1.899999976158142090e+00 -4.490805268287658691e-01 1.158913326263427734e+01
1.912500023841857910e+00 2.996947169303894043e-01 1.160977268218994141e+01
1.924999952316284180e+00 1.036392092704772949e+00 1.163449764251708984e+01
1.937500000000000000e+00 1.709792137145996094e+00 1.154124259948730469e+01
1.950000047683715820e+00 2.313062667846679688e+00 1.124016571044921875e+01
1.962499976158142090e+00 2.890219926834106445e+00 1.077705764770507812e+01
1.975000023841857910e+00 3.482304334640502930e+00 1.029299354553222656e+01
1.987499952316284180e+00 4.079295158386230469e+00 9.893661499023437500e+00
2.000000000000000000e+00 4.633489131927490234e+00 9.587159156799316406e+00
