0.000000000000000000e+00 6.242811679840087891e+00 8.817524909973144531e+00
1.250000018626451492e-02 6.280967235565185547e+00 8.781311988830566406e+00
2.500000037252902985e-02 6.240709781646728516e+00 8.786949157714843750e+00
3.750000149011611938e-02 6.117396831512451172e+00 8.826070785522460938e+00
5.000000074505805969e-02 5.910261631011962891e+00 8.882480621337890625e+00
6.250000000000000000e-02 5.628456115722656250e+00 8.967472076416015625e+00
7.500000298023223877e-02 5.279272079467773438e+00 9.107165336608886719e+00
8.749999850988388062e-02 4.860253334045410156e+00 9.298239707946777344e+00
1.000000014901161194e-01 4.374067306518554688e+00 9.513438224792480469e+00
1.124999970197677612e-01 3.842864751815795898e+00 9.760451316833496094e+00
1.250000000000000000e-01 3.289794683456420898e+00 1.009317207336425781e+01
1.375000029802322388e-01 2.705850601196289062e+00 1.052760887145996094e+01
1.500000059604644775e-01 2.054552793502807617e+00 1.096873188018798828e+01
1.624999940395355225e-01 1.321148514747619629e+00 1.127017211914062500e+01
1.749999970197677612e-01 5.453295707702636719e-01 1.137516593933105469e+01
1.875000000000000000e-01 -2.099257856607437134e-01 1.136536026000976562e+01
2.000000029802322388e-01 -9.167363643646240234e-01 1.135826969146728516e+01
2.125000059604644775e-01 -1.594631671905517578e+00 1.138925743103027344e+01
2.249999940395355225e-01 -2.267077207565307617e+00 1.141775608062744141e+01
2.374999970197677612e-01 -2.924923181533813477e+00 1.141788959503173828e+01
2.500000000000000000e-01 -3.540452241897583008e+00 1.141482448577880859e+01
2.624999880790710449e-01 -4.101021289825439453e+00 1.143404388427734375e+01
2.750000059604644775e-01 -4.611745834350585938e+00 1.146061801910400391e+01
2.874999940395355225e-01 -5.071406364440917969e+00 1.146978378295898438e+01
3.000000119209289551e-01 -5.464186191558837891e+00 1.146901893615722656e+01
3.125000000000000000e-01 -5.777818679809570312e+00 1.148206043243408203e+01
3.249999880790710449e-01 -6.015283584594726562e+00 1.150740432739257812e+01
3.375000059604644775e-01 -6.181517601013183594e+00 1.152248001098632812e+01
3.499999940395355225e-01 -6.269488334655761719e+00 1.152332878112792969e+01
3.625000119209289551e-01 -6.269241809844970703e+00 1.153062057495117188e+01
3.750000000000000000e-01 -6.183458805084228516e+00 1.155293560028076172e+01
3.874999880790710449e-01 -6.022568702697753906e+00 1.157154178619384766e+01
4.000000059604644775e-01 -5.788162708282470703e+00 1.157302856445312500e+01
4.124999940395355225e-01 -5.473686695098876953e+00 1.157312870025634766e+01
4.250000119209289551e-01 -5.081503391265869141e+00 1.158939456939697266e+01
4.375000000000000000e-01 -4.626441001892089844e+00 1.160914993286132812e+01
4.499999880790710449e-01 -4.118529319763183594e+00 1.160999011993408203e+01
4.625000059604644775e-01 -3.554542779922485352e+00 1.160007381439208984e+01
4.749999940395355225e-01 -2.934777259826660156e+00 1.160654926300048828e+01
4.875000119209289551e-01 -2.277006149291992188e+00 1.162646102905273438e+01
5.000000000000000000e-01 -1.600010752677917480e+00 1.162586784362792969e+01
5.124999880790710449e-01 -9.004209637641906738e-01 1.159945583343505859e+01
5.249999761581420898e-01 -1.657011657953262329e-01 1.159208965301513672e+01
5.375000238418579102e-01 5.871743559837341309e-01 1.162481880187988281e+01
5.500000119209289551e-01 1.306063652038574219e+00 1.162003803253173828e+01
5.625000000000000000e-01 1.951329231262207031e+00 1.144999790191650391e+01
5.749999880790710449e-01 2.539250135421752930e+00 1.107150936126708984e+01
5.874999761581420898e-01 3.121081590652465820e+00 1.058129405975341797e+01
6.000000238418579102e-01 3.720852136611938477e+00 1.012249279022216797e+01
6.125000119209289551e-01 4.308454036712646484e+00 9.762561798095703125e+00
6.250000000000000000e-01 4.834789752960205078e+00 9.482120513916015625e+00
6.374999880790710449e-01 5.276478290557861328e+00 9.252214431762695312e+00
6.499999761581420898e-01 5.637619018554687500e+00 9.076243400573730469e+00
6.625000238418579102e-01 5.922708034515380859e+00 8.958794593811035156e+00
6.750000119209289551e-01 6.125973224639892578e+00 8.878954887390136719e+00
6.875000000000000000e-01 6.243845939636230469e+00 8.816818237304687500e+00
6.999999880790710449e-01 6.280950546264648438e+00 8.781096458435058594e+00
7.124999761581420898e-01 6.239616394042968750e+00 8.787299156188964844e+00
7.250000238418579102e-01 6.115159034729003906e+00 8.826728820800781250e+00
7.375000119209289551e-01 5.906945705413818359e+00 8.883370399475097656e+00
7.500000000000000000e-01 5.624208927154541016e+00 8.968945503234863281e+00
7.624999880790710449e-01 5.274117469787597656e+00 9.109447479248046875e+00
7.749999761581420898e-01 4.854141235351562500e+00 9.301019668579101562e+00
7.875000238418579102e-01 4.367164134979248047e+00 9.516456604003906250e+00
8.000000119209289551e-01 3.835555076599121094e+00 9.764223098754882812e+00
8.125000000000000000e-01 3.282223224639892578e+00 1.009841346740722656e+01
8.249999880790710449e-01 2.697632551193237305e+00 1.053382015228271484e+01
8.374999761581420898e-01 2.045219659805297852e+00 1.097399139404296875e+01
8.500000238418579102e-01 1.310866951942443848e+00 1.127283668518066406e+01
8.625000119209289551e-01 5.349268913269042969e-01 1.137550258636474609e+01
8.750000000000000000e-01 -2.197376936674118042e-01 1.136504554748535156e+01
8.874999880790710449e-01 -9.259590506553649902e-01 1.135847568511962891e+01
8.999999761581420898e-01 -1.603677868843078613e+00 1.138977050781250000e+01
9.125000238418579102e-01 -2.276067495346069336e+00 1.141793727874755859e+01
9.250000119209289551e-01 -2.933526754379272461e+00 1.141778087615966797e+01
9.375000000000000000e-01 -3.548344850540161133e+00 1.141492176055908203e+01
9.499999880790710449e-01 -4.108195781707763672e+00 1.143442344665527344e+01
9.624999761581420898e-01 -4.618280887603759766e+00 1.146088409423828125e+01
9.750000238418579102e-01 -5.077166557312011719e+00 1.146978378295898438e+01
9.875000119209289551e-01 -5.468932151794433594e+00 1.146906471252441406e+01
1.000000000000000000e+00 -5.781493663787841797e+00 1.148236274719238281e+01
1.012500047683715820e+00 -6.017989158630371094e+00 1.150771999359130859e+01
1.024999976158142090e+00 -6.183245658874511719e+00 1.152255535125732422e+01
1.037500023841857910e+00 -6.270081043243408203e+00 1.152333259582519531e+01
1.049999952316284180e+00 -6.268633842468261719e+00 1.153083801269531250e+01
1.062500000000000000e+00 -6.181776523590087891e+00 1.155326652526855469e+01
1.075000047683715820e+00 -6.019919872283935547e+00 1.157167148590087891e+01
1.087499976158142090e+00 -5.784481525421142578e+00 1.157298088073730469e+01
1.100000023841857910e+00 -5.468910217285156250e+00 1.157322978973388672e+01
1.112499952316284180e+00 -5.075771331787109375e+00 1.158969783782958984e+01
1.125000000000000000e+00 -4.619964599609375000e+00 1.160931396484375000e+01
1.137500047683715820e+00 -4.111340522766113281e+00 1.160986804962158203e+01
1.149999976158142090e+00 -3.546567916870117188e+00 1.160000705718994141e+01
1.162500023841857910e+00 -2.926140069961547852e+00 1.160678768157958984e+01
1.174999952316284180e+00 -2.268018960952758789e+00 1.162666225433349609e+01
1.187500000000000000e+00 -1.590798735618591309e+00 1.162562561035156250e+01
1.200000047683715820e+00 -8.907965421676635742e-01 1.159910774230957031e+01
1.212499976158142090e+00 -1.556204706430435181e-01 1.159231567382812500e+01
1.225000023841857910e+00 5.971859097480773926e-01 1.162528800964355469e+01
1.237499952316284180e+00 1.315251111984252930e+00 1.161909866333007812e+01
1.250000000000000000e+00 1.959503889083862305e+00 1.144622230529785156e+01
1.262500047683715820e+00 2.546993732452392578e+00 1.106533050537109375e+01
1.274999976158142090e+00 3.129029273986816406e+00 1.057465171813964844e+01
1.287500023841857910e+00 3.728938579559326172e+00 1.011697673797607422e+01
1.299999952316284180e+00 4.316022872924804688e+00 9.758359909057617188e+00
1.312500000000000000e+00 4.841293811798095703e+00 9.478724479675292969e+00
1.325000047683715820e+00 5.281840801239013672e+00 9.249462127685546875e+00
1.337499976158142090e+00 5.641955852508544922e+00 9.074297904968261719e+00
1.350000023841857910e+00 5.925997734069824219e+00 8.957539558410644531e+00
1.362499952316284180e+00 6.128118515014648438e+00 8.878017425537109375e+00
1.375000000000000000e+00 6.244865417480468750e+00 8.816117286682128906e+00
1.387500047683715820e+00 6.280920028686523438e+00 8.780889511108398438e+00
1.399999976158142090e+00 6.238508224487304688e+00 8.787655830383300781e+00
1.412500023841857910e+00 6.112905502319335938e+00 8.827388763427734375e+00
1.424999952316284180e+00 5.903615951538085938e+00 8.884264945983886719e+00
1.437500000000000000e+00 5.619949817657470703e+00 8.970428466796875000e+00
1.450000047683715820e+00 5.268950462341308594e+00 9.111738204956054688e+00
1.462499976158142090e+00 4.848016262054443359e+00 9.303802490234375000e+00
1.475000023841857910e+00 4.360252857208251953e+00 9.519478797912597656e+00
1.487499952316284180e+00 3.828242063522338867e+00 9.768011093139648438e+00
1.500000000000000000e+00 3.274646520614624023e+00 1.010367488861083984e+01
1.512500047683715820e+00 2.689401865005493164e+00 1.054003334045410156e+01
1.524999976158142090e+00 2.035870552062988281e+00 1.097922325134277344e+01
1.537500023841857910e+00 1.300577521324157715e+00 1.127546405792236328e+01
1.549999952316284180e+00 5.245287418365478516e-01 1.137581920623779297e+01
1.562500000000000000e+00 -2.295400202274322510e-01 1.136473369598388672e+01
1.575000047683715820e+00 -9.351764917373657227e-01 1.135868930816650391e+01
1.587499976158142090e+00 -1.612723827362060547e+00 1.139028358459472656e+01
1.600000023841857910e+00 -2.285055160522460938e+00 1.141811275482177734e+01
1.612499952316284180e+00 -2.942122220993041992e+00 1.141767215728759766e+01
1.625000000000000000e+00 -3.556227445602416992e+00 1.141502380371093750e+01
1.637500047683715820e+00 -4.115361213684082031e+00 1.143480300903320312e+01
1.649999976158142090e+00 -4.624807357788085938e+00 1.146114540100097656e+01
1.662500023841857910e+00 -5.082914829254150391e+00 1.146978092193603516e+01
1.674999952316284180e+00 -5.473663330078125000e+00 1.146911430358886719e+01
1.687500000000000000e+00 -5.785155296325683594e+00 1.148266792297363281e+01
1.700000047683715820e+00 -6.020681858062744141e+00 1.150803375244140625e+01
1.712499976158142090e+00 -6.184959411621093750e+00 1.152262783050537109e+01
1.725000023841857910e+00 -6.270658016204833984e+00 1.152333831787109375e+01
1.737499952316284180e+00 -6.268010139465332031e+00 1.153105926513671875e+01
1.750000000000000000e+00 -6.180080890655517578e+00 1.155359649658203125e+01
1.762500047683715820e+00 -6.017257213592529297e+00 1.157179737091064453e+01
1.774999976158142090e+00 -5.780786037445068359e+00 1.157293224334716797e+01
1.787500023841857910e+00 -5.464119434356689453e+00 1.157333564758300781e+01
1.799999952316284180e+00 -5.070027828216552734e+00 1.159000205993652344e+01
1.812500000000000000e+00 -4.613479137420654297e+00 1.160947322845458984e+01
1.825000047683715820e+00 -4.104141235351562500e+00 1.160974311828613281e+01
1.837499976158142090e+00 -3.538583040237426758e+00 1.159994316101074219e+01
1.850000023841857910e+00 -2.917495965957641602e+00 1.160702991485595703e+01
1.862499952316284180e+00 -2.259028673171997070e+00 1.162685966491699219e+01
1.875000000000000000e+00 -1.581582784652709961e+00 1.162537860870361328e+01
1.887500047683715820e+00 -8.811652064323425293e-01 1.159876441955566406e+01
1.899999976158142090e+00 -1.455359309911727905e-01 1.159254932403564453e+01
1.912500023841857910e+00 6.071909070014953613e-01 1.162575149536132812e+01
1.924999952316284180e+00 1.324424266815185547e+00 1.161812782287597656e+01
1.937500000000000000e+00 1.967667698860168457e+00 1.144240665435791016e+01
1.950000047683715820e+00 2.554737091064453125e+00 1.105913162231445312e+01
1.962499976158142090e+00 3.136981248855590820e+00 1.056801700592041016e+01
1.975000023841857910e+00 3.737023115158081055e+00 1.011147975921630859e+01
1.987499952316284180e+00 4.323579311370849609e+00 9.754173278808593750e+00
2.000000000000000000e+00 4.847782135009765625e+00 9.475337028503417969e+00
