0.000000000000000000e+00 6.242385864257812500e+00 8.817765235900878906e+00
1.250000018626451492e-02 6.280743122100830078e+00 8.781362533569335938e+00
2.500000037252902985e-02 6.240268230438232422e+00 8.787029266357421875e+00
3.750000149011611938e-02 6.116281032562255859e+00 8.826319694519042969e+00
5.000000074505805969e-02 5.908045768737792969e+00 8.882974624633789062e+00
6.250000000000000000e-02 5.624820709228515625e+00 8.968571662902832031e+00
7.500000298023223877e-02 5.273881435394287109e+00 9.109322547912597656e+00
8.749999850988388062e-02 4.852698326110839844e+00 9.301424026489257812e+00
1.000000014901161194e-01 4.364195346832275391e+00 9.517502784729003906e+00
1.124999970197677612e-01 3.830966949462890625e+00 9.766279220581054688e+00
1.250000000000000000e-01 3.275994062423706055e+00 1.010226440429687500e+01
1.375000029802322388e-01 2.689327955245971680e+00 1.053948879241943359e+01
1.500000059604644775e-01 2.034046411514282227e+00 1.097961235046386719e+01
1.624999940395355225e-01 1.296567916870117188e+00 1.127589607238769531e+01
1.749999970197677612e-01 5.183519721031188965e-01 1.137553405761718750e+01
1.875000000000000000e-01 -2.374193072319030762e-01 1.136413574218750000e+01
2.000000029802322388e-01 -9.444946646690368652e-01 1.135858249664306641e+01
2.125000059604644775e-01 -1.623662829399108887e+00 1.139054775238037109e+01
2.249999940395355225e-01 -2.297658205032348633e+00 1.141800785064697266e+01
2.374999970197677612e-01 -2.955840349197387695e+00 1.141720008850097656e+01
2.500000000000000000e-01 -3.570353031158447266e+00 1.141495513916015625e+01
2.624999880790710449e-01 -4.129604339599609375e+00 1.143530559539794922e+01
2.750000059604644775e-01 -4.639033794403076172e+00 1.146145439147949219e+01
2.874999940395355225e-01 -5.096527099609375000e+00 1.146955108642578125e+01
3.000000119209289551e-01 -5.485744476318359375e+00 1.146908760070800781e+01
3.125000000000000000e-01 -5.795166015625000000e+00 1.148338985443115234e+01
3.249999880790710449e-01 -6.028489589691162109e+00 1.150883007049560547e+01
3.375000059604644775e-01 -6.190124988555908203e+00 1.152273941040039062e+01
3.499999940395355225e-01 -6.272255420684814453e+00 1.152331733703613281e+01
3.625000119209289551e-01 -6.265383243560791016e+00 1.153187084197998047e+01
3.750000000000000000e-01 -6.173244953155517578e+00 1.155484580993652344e+01
3.874999880790710449e-01 -6.006185531616210938e+00 1.157228851318359375e+01
4.000000059604644775e-01 -5.764799118041992188e+00 1.157279682159423828e+01
4.124999940395355225e-01 -5.442561149597167969e+00 1.157395362854003906e+01
4.250000119209289551e-01 -5.043148994445800781e+00 1.159154129028320312e+01
4.375000000000000000e-01 -4.581896305084228516e+00 1.161032199859619141e+01
4.499999880790710449e-01 -4.067665576934814453e+00 1.160925579071044922e+01
4.625000059604644775e-01 -3.496569871902465820e+00 1.159988498687744141e+01
4.749999940395355225e-01 -2.870385169982910156e+00 1.160862541198730469e+01
4.875000119209289551e-01 -2.208316564559936523e+00 1.162811374664306641e+01
5.000000000000000000e-01 -1.527745842933654785e+00 1.162406921386718750e+01
5.124999880790710449e-01 -8.229331970214843750e-01 1.159707069396972656e+01
5.249999761581420898e-01 -8.262368291616439819e-02 1.159452629089355469e+01
5.375000238418579102e-01 6.713970899581909180e-01 1.162886524200439453e+01
5.500000119209289551e-01 1.384952425956726074e+00 1.161115932464599609e+01
5.625000000000000000e-01 2.023185729980468750e+00 1.141563224792480469e+01
5.749999880790710449e-01 2.609067916870117188e+00 1.101549816131591797e+01
5.874999761581420898e-01 3.194306373596191406e+00 1.052093124389648438e+01
6.000000238418579102e-01 3.796596765518188477e+00 1.007191467285156250e+01
6.125000119209289551e-01 4.380412578582763672e+00 9.723255157470703125e+00
6.250000000000000000e-01 4.897678375244140625e+00 9.449516296386718750e+00
6.374999880790710449e-01 5.329332828521728516e+00 9.225341796875000000e+00
6.499999761581420898e-01 5.681122779846191406e+00 9.057066917419433594e+00
6.625000238418579102e-01 5.956086635589599609e+00 8.946185111999511719e+00
6.750000119209289551e-01 6.147783279418945312e+00 8.869249343872070312e+00
6.875000000000000000e-01 6.253907203674316406e+00 8.809564590454101562e+00
6.999999880790710449e-01 6.279613494873046875e+00 8.779301643371582031e+00
7.124999761581420898e-01 6.226066589355468750e+00 8.791651725769042969e+00
7.250000238418579102e-01 6.088253498077392578e+00 8.834411621093750000e+00
7.375000119209289551e-01 5.867144107818603516e+00 8.894064903259277344e+00
7.500000000000000000e-01 5.572785854339599609e+00 8.987102508544921875e+00
7.624999880790710449e-01 5.210834026336669922e+00 9.137521743774414062e+00
7.749999761581420898e-01 4.778125286102294922e+00 9.335156440734863281e+00
7.875000238418579102e-01 4.280444145202636719e+00 9.554270744323730469e+00
8.000000119209289551e-01 3.742698669433593750e+00 9.813101768493652344e+00
8.125000000000000000e-01 3.184380531311035156e+00 1.016708183288574219e+01
8.249999880790710449e-01 2.589243650436401367e+00 1.061425495147705078e+01
8.374999761581420898e-01 1.920259475708007812e+00 1.104028034210205078e+01
8.500000238418579102e-01 1.172112464904785156e+00 1.130442142486572266e+01
8.625000119209289551e-01 3.936049938201904297e-01 1.137771320343017578e+01
8.750000000000000000e-01 -3.545952439308166504e-01 1.136067676544189453e+01
8.874999880790710449e-01 -1.055028438568115234e+00 1.136185741424560547e+01
8.999999761581420898e-01 -1.732525110244750977e+00 1.139656543731689453e+01
9.125000238418579102e-01 -2.405581712722778320e+00 1.141954994201660156e+01
9.250000119209289551e-01 -3.058494329452514648e+00 1.141590404510498047e+01
9.375000000000000000e-01 -3.664215087890625000e+00 1.141667556762695312e+01
9.499999880790710449e-01 -4.214959621429443359e+00 1.143998146057128906e+01
9.624999761581420898e-01 -4.716633796691894531e+00 1.146419620513916016e+01
9.750000238418579102e-01 -5.164382457733154297e+00 1.146935176849365234e+01
9.875000119209289551e-01 -5.541092872619628906e+00 1.147004508972167969e+01
1.000000000000000000e+00 -5.837712287902832031e+00 1.148731327056884766e+01
1.012500047683715820e+00 -6.059454441070556641e+00 1.151231765747070312e+01
1.024999976158142090e+00 -6.209080696105957031e+00 1.152329444885253906e+01
1.037500023841857910e+00 -6.277256965637207031e+00 1.152360820770263672e+01
1.049999952316284180e+00 -6.256002426147460938e+00 1.153491210937500000e+01
1.062500000000000000e+00 -6.151186466217041016e+00 1.155866432189941406e+01
1.075000047683715820e+00 -5.972461223602294922e+00 1.157335376739501953e+01
1.087499976158142090e+00 -5.718411445617675781e+00 1.157225322723388672e+01
1.100000023841857910e+00 -5.383044719696044922e+00 1.157569122314453125e+01
1.112499952316284180e+00 -4.972544670104980469e+00 1.159523677825927734e+01
1.125000000000000000e+00 -4.502561569213867188e+00 1.161166858673095703e+01
1.137500047683715820e+00 -3.979574441909790039e+00 1.160751819610595703e+01
1.149999976158142090e+00 -3.399007797241210938e+00 1.159967517852783203e+01
1.162500023841857910e+00 -2.765413761138916016e+00 1.161188888549804688e+01
1.174999952316284180e+00 -2.099675178527832031e+00 1.162977313995361328e+01
1.187500000000000000e+00 -1.416179895401000977e+00 1.162034797668457031e+01
1.200000047683715820e+00 -7.059449553489685059e-01 1.159369087219238281e+01
1.212499976158142090e+00 3.924357891082763672e-02 1.159864139556884766e+01
1.225000023841857910e+00 7.906637191772460938e-01 1.163309478759765625e+01
1.237499952316284180e+00 1.493081808090209961e+00 1.159415817260742188e+01
1.250000000000000000e+00 2.119853973388671875e+00 1.136343193054199219e+01
1.262500047683715820e+00 2.702326774597167969e+00 1.093804073333740234e+01
1.274999976158142090e+00 3.290663003921508789e+00 1.044266891479492188e+01
1.287500023841857910e+00 3.893388986587524414e+00 1.000899124145507812e+01
1.299999952316284180e+00 4.469268798828125000e+00 9.675108909606933594e+00
1.312500000000000000e+00 4.973071575164794922e+00 9.410139083862304688e+00
1.325000047683715820e+00 5.391227722167968750e+00 9.194082260131835938e+00
1.337499976158142090e+00 5.730762481689453125e+00 9.035691261291503906e+00
1.350000023841857910e+00 5.992809772491455078e+00 8.932235717773437500e+00
1.362499952316284180e+00 6.170591354370117188e+00 8.858450889587402344e+00
1.375000000000000000e+00 6.263350486755371094e+00 8.802127838134765625e+00
1.387500047683715820e+00 6.276441574096679688e+00 8.778422355651855469e+00
1.399999976158142090e+00 6.209658145904541016e+00 8.797069549560546875e+00
1.412500023841857910e+00 6.058033943176269531e+00 8.842858314514160156e+00
1.424999952316284180e+00 5.824350833892822266e+00 8.905999183654785156e+00
1.437500000000000000e+00 5.519021034240722656e+00 9.007221221923828125e+00
1.450000047683715820e+00 5.145925998687744141e+00 9.166998863220214844e+00
1.462499976158142090e+00 4.701808929443359375e+00 9.369331359863281250e+00
1.475000023841857910e+00 4.195659637451171875e+00 9.591958999633789062e+00
1.487499952316284180e+00 3.653987169265747070e+00 9.862531661987304688e+00
1.500000000000000000e+00 3.091867923736572266e+00 1.023461151123046875e+01
1.512500047683715820e+00 2.487162351608276367e+00 1.068854618072509766e+01
1.524999976158142090e+00 1.804276823997497559e+00 1.109646034240722656e+01
1.537500023841857910e+00 1.046837925910949707e+00 1.132766151428222656e+01
1.549999952316284180e+00 2.697575092315673828e-01 1.137753582000732422e+01
1.562500000000000000e+00 -4.704231023788452148e-01 1.135793781280517578e+01
1.575000047683715820e+00 -1.164987444877624512e+00 1.136615180969238281e+01
1.587499976158142090e+00 -1.841362953186035156e+00 1.140218353271484375e+01
1.600000023841857910e+00 -2.513007402420043945e+00 1.142027664184570312e+01
1.612499952316284180e+00 -3.159866571426391602e+00 1.141476345062255859e+01
1.625000000000000000e+00 -3.756612062454223633e+00 1.141909217834472656e+01
1.637500047683715820e+00 -4.299071311950683594e+00 1.144467258453369141e+01
1.649999976158142090e+00 -4.792865753173828125e+00 1.146634578704833984e+01
1.662500023841857910e+00 -5.230367660522460938e+00 1.146901893615722656e+01
1.674999952316284180e+00 -5.594319820404052734e+00 1.147151660919189453e+01
1.687500000000000000e+00 -5.878320217132568359e+00 1.149147224426269531e+01
1.700000047683715820e+00 -6.088578701019287109e+00 1.151536941528320312e+01
1.712499976158142090e+00 -6.225915431976318359e+00 1.152352142333984375e+01
1.725000023841857910e+00 -6.279895782470703125e+00 1.152424049377441406e+01
1.737499952316284180e+00 -6.244439125061035156e+00 1.153834152221679688e+01
1.750000000000000000e+00 -6.127238750457763672e+00 1.156220531463623047e+01
1.762500047683715820e+00 -5.936791896820068359e+00 1.157393264770507812e+01
1.774999976158142090e+00 -5.669876098632812500e+00 1.157185077667236328e+01
1.787500023841857910e+00 -5.321547985076904297e+00 1.157793426513671875e+01
1.799999952316284180e+00 -4.900419235229492188e+00 1.159884834289550781e+01
1.812500000000000000e+00 -4.421880722045898438e+00 1.161238384246826172e+01
1.825000047683715820e+00 -3.889962434768676758e+00 1.160566139221191406e+01
1.837499976158142090e+00 -3.300020456314086914e+00 1.160009288787841797e+01
1.850000023841857910e+00 -2.659621715545654297e+00 1.161535644531250000e+01
1.862499952316284180e+00 -1.990636825561523438e+00 1.163060855865478516e+01
1.875000000000000000e+00 -1.303922414779663086e+00 1.161606311798095703e+01
1.887500047683715820e+00 -5.879533886909484863e-01 1.159125232696533203e+01
1.899999976158142090e+00 1.613455265760421753e-01 1.160378551483154297e+01
1.912500023841857910e+00 9.085872173309326172e-01 1.163546657562255859e+01
1.924999952316284180e+00 1.599097371101379395e+00 1.157188415527343750e+01
1.937500000000000000e+00 2.215323448181152344e+00 1.130585479736328125e+01
1.950000047683715820e+00 2.795844793319702148e+00 1.085875797271728516e+01
1.962499976158142090e+00 3.387517929077148438e+00 1.036625385284423828e+01
1.975000023841857910e+00 3.989487171173095703e+00 9.948825836181640625e+00
1.987499952316284180e+00 4.556167602539062500e+00 9.628705024719238281e+00
2.000000000000000000e+00 5.046190261840820312e+00 9.371951103210449219e+00
