0.000000000000000000e+00 6.241950511932373047e+00 8.818103790283203125e+00
1.250000018626451492e-02 6.280510425567626953e+00 8.781511306762695312e+00
2.500000037252902985e-02 6.239816665649414062e+00 8.787209510803222656e+00
3.750000149011611938e-02 6.115154743194580078e+00 8.826667785644531250e+00
5.000000074505805969e-02 5.905816078186035156e+00 8.883570671081542969e+00
6.250000000000000000e-02 5.621170043945312500e+00 8.969777107238769531e+00
7.500000298023223877e-02 5.268471240997314453e+00 9.111589431762695312e+00
8.749999850988388062e-02 4.845120429992675781e+00 9.304715156555175781e+00
1.000000014901161194e-01 4.354301929473876953e+00 9.521677970886230469e+00
1.124999970197677612e-01 3.819056749343872070e+00 9.772245407104492188e+00
1.250000000000000000e-01 3.262176513671875000e+00 1.011151504516601562e+01
1.375000029802322388e-01 2.672758579254150391e+00 1.055146789550781250e+01
1.500000059604644775e-01 2.013468742370605469e+00 1.099046039581298828e+01
1.624999940395355225e-01 1.271943211555480957e+00 1.128151130676269531e+01
1.749999970197677612e-01 4.914008080959320068e-01 1.137587642669677734e+01
1.875000000000000000e-01 -2.648426890373229980e-01 1.136303615570068359e+01
2.000000029802322388e-01 -9.722059369087219238e-01 1.135906600952148438e+01
2.125000059604644775e-01 -1.652682065963745117e+00 1.139192485809326172e+01
2.249999940395355225e-01 -2.328199625015258789e+00 1.141829299926757812e+01
2.374999970197677612e-01 -2.986643314361572266e+00 1.141661357879638672e+01
2.500000000000000000e-01 -3.600097417831420898e+00 1.141525840759277344e+01
2.624999880790710449e-01 -4.158035755157470703e+00 1.143668651580810547e+01
2.750000059604644775e-01 -4.666149616241455078e+00 1.146232509613037109e+01
2.874999940395355225e-01 -5.121397018432617188e+00 1.146938991546630859e+01
3.000000119209289551e-01 -5.506982803344726562e+00 1.146932888031005859e+01
3.125000000000000000e-01 -5.812186717987060547e+00 1.148487472534179688e+01
3.249999880790710449e-01 -6.041367053985595703e+00 1.151029586791992188e+01
3.375000059604644775e-01 -6.198334693908691406e+00 1.152302742004394531e+01
3.499999940395355225e-01 -6.274538040161132812e+00 1.152346420288085938e+01
3.625000119209289551e-01 -6.261029720306396484e+00 1.153332233428955078e+01
3.750000000000000000e-01 -6.162573337554931641e+00 1.155681896209716797e+01
3.874999880790710449e-01 -5.989316463470458984e+00 1.157301139831542969e+01
4.000000059604644775e-01 -5.740861415863037109e+00 1.157268047332763672e+01
4.124999940395355225e-01 -5.410851478576660156e+00 1.157503128051757812e+01
4.250000119209289551e-01 -5.004309177398681641e+00 1.159380531311035156e+01
4.375000000000000000e-01 -4.536917209625244141e+00 1.161140251159667969e+01
4.499999880790710449e-01 -4.016292572021484375e+00 1.160854148864746094e+01
4.625000059604644775e-01 -3.438065290451049805e+00 1.160000610351562500e+01
4.749999940395355225e-01 -2.805640935897827148e+00 1.161093807220458984e+01
4.875000119209289551e-01 -2.139461517333984375e+00 1.162958240509033203e+01
5.000000000000000000e-01 -1.455227255821228027e+00 1.162206745147705078e+01
5.124999880790710449e-01 -7.450020313262939453e-01 1.159511280059814453e+01
5.249999761581420898e-01 6.622700020670890808e-04 1.159763431549072266e+01
5.375000238418579102e-01 7.550874352455139160e-01 1.163239288330078125e+01
5.500000119209289551e-01 1.462756037712097168e+00 1.159987831115722656e+01
5.625000000000000000e-01 2.094243526458740234e+00 1.137834262847900391e+01
5.749999880790710449e-01 2.678876638412475586e+00 1.095820808410644531e+01
5.874999761581420898e-01 3.267821550369262695e+00 1.046152210235595703e+01
6.000000238418579102e-01 3.872036457061767578e+00 1.002314949035644531e+01
6.125000119209289551e-01 4.451213359832763672e+00 9.685246467590332031e+00
6.250000000000000000e-01 4.959054470062255859e+00 9.417768478393554688e+00
6.374999880790710449e-01 5.380764961242675781e+00 9.199563026428222656e+00
6.499999761581420898e-01 5.723204135894775391e+00 9.039105415344238281e+00
6.625000238418579102e-01 5.987823009490966797e+00 8.934313774108886719e+00
6.750000119209289551e-01 6.167829513549804688e+00 8.859916687011718750e+00
6.875000000000000000e-01 6.262272834777832031e+00 8.803013801574707031e+00
6.999999880790710449e-01 6.276549816131591797e+00 8.778585433959960938e+00
7.124999761581420898e-01 6.210585594177246094e+00 8.796788215637207031e+00
7.250000238418579102e-01 6.059360504150390625e+00 8.842507362365722656e+00
7.375000119209289551e-01 5.825563430786132812e+00 8.905637741088867188e+00
7.500000000000000000e-01 5.519681930541992188e+00 9.006880760192871094e+00
7.624999880790710449e-01 5.145689010620117188e+00 9.166963577270507812e+00
7.749999761581420898e-01 4.700309276580810547e+00 9.369849205017089844e+00
7.875000238418579102e-01 4.192618846893310547e+00 9.593159675598144531e+00
8.000000119209289551e-01 3.649356365203857422e+00 9.864916801452636719e+00
8.125000000000000000e-01 3.085538864135742188e+00 1.023886871337890625e+01
8.249999880790710449e-01 2.478555679321289062e+00 1.069417953491210938e+01
8.374999761581420898e-01 1.792679429054260254e+00 1.110124301910400391e+01
8.500000238418579102e-01 1.032335162162780762e+00 1.132956981658935547e+01
8.625000119209289551e-01 2.534033656120300293e-01 1.137705135345458984e+01
8.750000000000000000e-01 -4.877005815505981445e-01 1.135737419128417969e+01
8.874999880790710449e-01 -1.183311939239501953e+00 1.136671543121337891e+01
8.999999761581420898e-01 -1.861308217048645020e+00 1.140290164947509766e+01
9.125000238418579102e-01 -2.534352064132690430e+00 1.142010593414306641e+01
9.250000119209289551e-01 -3.181550979614257812e+00 1.141437339782714844e+01
9.375000000000000000e-01 -3.777844190597534180e+00 1.141958808898925781e+01
9.499999880790710449e-01 -4.319758415222167969e+00 1.144566535949707031e+01
9.624999761581420898e-01 -4.812767982482910156e+00 1.146667480468750000e+01
9.750000238418579102e-01 -5.248503684997558594e+00 1.146882343292236328e+01
9.875000119209289551e-01 -5.609659194946289062e+00 1.147200489044189453e+01
1.000000000000000000e+00 -5.890554904937744141e+00 1.149277591705322266e+01
1.012500047683715820e+00 -6.097628593444824219e+00 1.151625347137451172e+01
1.024999976158142090e+00 -6.231037139892578125e+00 1.152355861663818359e+01
1.037500023841857910e+00 -6.280013561248779297e+00 1.152463912963867188e+01
1.049999952316284180e+00 -6.239187717437744141e+00 1.153983306884765625e+01
1.062500000000000000e+00 -6.116880416870117188e+00 1.156362915039062500e+01
1.075000047683715820e+00 -5.921090602874755859e+00 1.157418346405029297e+01
1.087499976158142090e+00 -5.647929668426513672e+00 1.157193851470947266e+01
1.100000023841857910e+00 -5.293018817901611328e+00 1.157932186126708984e+01
1.112499952316284180e+00 -4.866043090820312500e+00 1.160070037841796875e+01
1.125000000000000000e+00 -4.382194042205810547e+00 1.161275386810302734e+01
1.137500047683715820e+00 -3.844393730163574219e+00 1.160502624511718750e+01
1.149999976158142090e+00 -3.248182773590087891e+00 1.160089206695556641e+01
1.162500023841857910e+00 -2.602764368057250977e+00 1.161756324768066406e+01
1.174999952316284180e+00 -1.930378556251525879e+00 1.163101291656494141e+01
1.187500000000000000e+00 -1.239874124526977539e+00 1.161381721496582031e+01
1.200000047683715820e+00 -5.185965299606323242e-01 1.159074497222900391e+01
1.212499976158142090e+00 2.347063422203063965e-01 1.160767173767089844e+01
1.225000023841857910e+00 9.806536436080932617e-01 1.163611984252929688e+01
1.237499952316284180e+00 1.665280461311340332e+00 1.155529022216796875e+01
1.250000000000000000e+00 2.276879549026489258e+00 1.126620101928710938e+01
1.262500047683715820e+00 2.858257293701171875e+00 1.080586624145507812e+01
1.274999976158142090e+00 3.453594684600830078e+00 1.031603145599365234e+01
1.287500023841857910e+00 4.055793762207031250e+00 9.909024238586425781e+00
1.299999952316284180e+00 4.616774559020996094e+00 9.597023963928222656e+00
1.312500000000000000e+00 5.098058223724365234e+00 9.345161437988281250e+00
1.325000047683715820e+00 5.494443893432617188e+00 9.143449783325195312e+00
1.337499976158142090e+00 5.813354015350341797e+00 9.001808166503906250e+00
1.350000023841857910e+00 6.052592277526855469e+00 8.909354209899902344e+00
1.362499952316284180e+00 6.205833911895751953e+00 8.840197563171386719e+00
1.375000000000000000e+00 6.275033473968505859e+00 8.791061401367187500e+00
1.387500047683715820e+00 6.265016078948974609e+00 8.779959678649902344e+00
1.399999976158142090e+00 6.173180580139160156e+00 8.808940887451171875e+00
1.412500023841857910e+00 5.995644092559814453e+00 8.859706878662109375e+00
1.424999952316284180e+00 5.738524436950683594e+00 8.931315422058105469e+00
1.437500000000000000e+00 5.411801338195800781e+00 9.049926757812500000e+00
1.450000047683715820e+00 5.016018867492675781e+00 9.226490974426269531e+00
1.462499976158142090e+00 4.549406051635742188e+00 9.436464309692382812e+00
1.475000023841857910e+00 4.027640342712402344e+00 9.668960571289062500e+00
1.487499952316284180e+00 3.478033065795898438e+00 9.967906951904296875e+00
1.500000000000000000e+00 2.904930353164672852e+00 1.037490558624267578e+01
1.512500047683715820e+00 2.276519060134887695e+00 1.083234214782714844e+01
1.524999976158142090e+00 1.564369797706604004e+00 1.119395160675048828e+01
1.537500023841857910e+00 7.909592390060424805e-01 1.135947036743164062e+01
1.549999952316284180e+00 1.942552998661994934e-02 1.137203788757324219e+01
1.562500000000000000e+00 -7.059369087219238281e-01 1.135533905029296875e+01
1.575000047683715820e+00 -1.392894625663757324e+00 1.137726020812988281e+01
1.587499976158142090e+00 -2.069762229919433594e+00 1.141165828704833984e+01
1.600000023841857910e+00 -2.738070964813232422e+00 1.141940021514892578e+01
1.612499952316284180e+00 -3.371417760848999023e+00 1.141341304779052734e+01
1.625000000000000000e+00 -3.950348138809204102e+00 1.142623329162597656e+01
1.637500047683715820e+00 -4.476969242095947266e+00 1.145403861999511719e+01
1.649999976158142090e+00 -4.954027175903320312e+00 1.146891498565673828e+01
1.662500023841857910e+00 -5.368412971496582031e+00 1.146839141845703125e+01
1.674999952316284180e+00 -5.704597473144531250e+00 1.147664928436279297e+01
1.687500000000000000e+00 -5.961971759796142578e+00 1.150096797943115234e+01
1.700000047683715820e+00 -6.146996021270751953e+00 1.152040004730224609e+01
1.712499976158142090e+00 -6.255667209625244141e+00 1.152340221405029297e+01
1.725000023841857910e+00 -6.276827812194824219e+00 1.152740192413330078e+01
1.737499952316284180e+00 -6.209607601165771484e+00 1.154731655120849609e+01
1.750000000000000000e+00 -6.064319610595703125e+00 1.156896972656250000e+01
1.762500047683715820e+00 -5.845520496368408203e+00 1.157392978668212891e+01
1.774999976158142090e+00 -5.547098636627197266e+00 1.157228088378906250e+01
1.787500023841857910e+00 -5.168285846710205078e+00 1.158520698547363281e+01
1.799999952316284180e+00 -4.722489833831787109e+00 1.160659217834472656e+01
1.812500000000000000e+00 -4.222418785095214844e+00 1.161190414428710938e+01
1.825000047683715820e+00 -3.666819095611572266e+00 1.160190105438232422e+01
1.837499976158142090e+00 -3.053496360778808594e+00 1.160414505004882812e+01
1.850000023841857910e+00 -2.397442102432250977e+00 1.162393474578857422e+01
1.862499952316284180e+00 -1.719780087471008301e+00 1.162905120849609375e+01
1.875000000000000000e+00 -1.021513462066650391e+00 1.160477256774902344e+01
1.887500047683715820e+00 -2.887897491455078125e-01 1.159080028533935547e+01
1.899999976158142090e+00 4.681952297687530518e-01 1.161962699890136719e+01
1.912500023841857910e+00 1.200037479400634766e+00 1.162930965423583984e+01
1.924999952316284180e+00 1.860396265983581543e+00 1.148976421356201172e+01
1.937500000000000000e+00 2.456635236740112305e+00 1.113691616058349609e+01
1.950000047683715820e+00 3.039407730102539062e+00 1.065101337432861328e+01
1.962499976158142090e+00 3.640359640121459961e+00 1.017927742004394531e+01
1.975000023841857910e+00 4.235529422760009766e+00 9.804278373718261719e+00
1.987499952316284180e+00 4.774470329284667969e+00 9.514236450195312500e+00
2.000000000000000000e+00 5.228905677795410156e+00 9.277135848999023438e+00
