0.000000000000000000e+00 6.281522750854492188e+00 8.790503501892089844e+00
1.250000018626451492e-02 6.301815986633300781e+00 8.771855354309082031e+00
2.500000037252902985e-02 6.281460285186767578e+00 8.775357246398925781e+00
3.750000149011611938e-02 6.218548297882080078e+00 8.798127174377441406e+00
5.000000074505805969e-02 6.111756801605224609e+00 8.832269668579101562e+00
6.250000000000000000e-02 5.962560653686523438e+00 8.873875617980957031e+00
7.500000298023223877e-02 5.774718761444091797e+00 8.928858757019042969e+00
8.749999850988388062e-02 5.551333904266357422e+00 9.008873939514160156e+00
1.000000014901161194e-01 5.292539596557617188e+00 9.120402336120605469e+00
1.124999970197677612e-01 4.996651649475097656e+00 9.257781028747558594e+00
1.250000000000000000e-01 4.664291858673095703e+00 9.408500671386718750e+00
1.375000029802322388e-01 4.301600456237792969e+00 9.567746162414550781e+00
1.500000059604644775e-01 3.918630838394165039e+00 9.748794555664062500e+00
1.624999940395355225e-01 3.522982358932495117e+00 9.977002143859863281e+00
1.749999970197677612e-01 3.113435268402099609e+00 1.026811599731445312e+01
1.875000000000000000e-01 2.679469347000122070e+00 1.060640811920166016e+01
2.000000029802322388e-01 2.208503723144531250e+00 1.094144439697265625e+01
2.125000059604644775e-01 1.696424841880798340e+00 1.120987510681152344e+01
2.249999940395355225e-01 1.153629183769226074e+00 1.136949825286865234e+01
2.374999970197677612e-01 6.015614867210388184e-01 1.142229366302490234e+01
2.500000000000000000e-01 6.169404089450836182e-02 1.141017913818359375e+01
2.624999880790710449e-01 -4.553381204605102539e-01 1.138696289062500000e+01
2.750000059604644775e-01 -9.528306126594543457e-01 1.138685131072998047e+01
2.874999940395355225e-01 -1.441645145416259766e+00 1.141102790832519531e+01
3.000000119209289551e-01 -1.929726481437683105e+00 1.143873691558837891e+01
3.125000000000000000e-01 -2.415433883666992188e+00 1.145075798034667969e+01
3.249999880790710449e-01 -2.888969182968139648e+00 1.144563198089599609e+01
3.375000059604644775e-01 -3.339564085006713867e+00 1.143759155273437500e+01
3.499999940395355225e-01 -3.761964797973632812e+00 1.144130992889404297e+01
3.625000119209289551e-01 -4.157209396362304688e+00 1.145860099792480469e+01
3.750000000000000000e-01 -4.528021812438964844e+00 1.147839069366455078e+01
3.874999880790710449e-01 -4.873582839965820312e+00 1.148835468292236328e+01
4.000000059604644775e-01 -5.188360691070556641e+00 1.148648834228515625e+01
4.124999940395355225e-01 -5.465583801269531250e+00 1.148211097717285156e+01
4.250000119209289551e-01 -5.701754570007324219e+00 1.148624801635742188e+01
4.375000000000000000e-01 -5.897975444793701172e+00 1.150108528137207031e+01
4.499999880790710449e-01 -6.057105064392089844e+00 1.151836776733398438e+01
4.625000059604644775e-01 -6.179665565490722656e+00 1.152776145935058594e+01
4.749999940395355225e-01 -6.262429237365722656e+00 1.152683353424072266e+01
4.875000119209289551e-01 -6.300897598266601562e+00 1.152314186096191406e+01
5.000000000000000000e-01 -6.293189048767089844e+00 1.152665996551513672e+01
5.124999880790710449e-01 -6.241581916809082031e+00 1.154002094268798828e+01
5.249999761581420898e-01 -6.150281429290771484e+00 1.155596923828125000e+01
5.375000238418579102e-01 -6.021600246429443359e+00 1.156443595886230469e+01
5.500000119209289551e-01 -5.854262828826904297e+00 1.156239032745361328e+01
5.625000000000000000e-01 -5.645483493804931641e+00 1.155690097808837891e+01
5.749999880790710449e-01 -5.394832611083984375e+00 1.155832004547119141e+01
5.874999761581420898e-01 -5.106129169464111328e+00 1.157001781463623047e+01
6.000000238418579102e-01 -4.785415649414062500e+00 1.158466529846191406e+01
6.125000119209289551e-01 -4.436850070953369141e+00 1.159101772308349609e+01
6.250000000000000000e-01 -4.060490131378173828e+00 1.158501625061035156e+01
6.374999880790710449e-01 -3.654291868209838867e+00 1.157442092895507812e+01
6.499999761581420898e-01 -3.218633174896240234e+00 1.157184028625488281e+01
6.625000238418579102e-01 -2.758980512619018555e+00 1.158212280273437500e+01
6.750000119209289551e-01 -2.283734321594238281e+00 1.159625530242919922e+01
6.875000000000000000e-01 -1.798730015754699707e+00 1.159878063201904297e+01
6.999999880790710449e-01 -1.303425073623657227e+00 1.158318996429443359e+01
7.124999761581420898e-01 -7.929519414901733398e-01 1.156094932556152344e+01
7.250000238418579102e-01 -2.652785181999206543e-01 1.155356693267822266e+01
7.375000119209289551e-01 2.721935212612152100e-01 1.157128238677978516e+01
7.500000000000000000e-01 8.027080893516540527e-01 1.159493541717529297e+01
7.624999880790710449e-01 1.308137774467468262e+00 1.157759475708007812e+01
7.749999761581420898e-01 1.779619455337524414e+00 1.146840476989746094e+01
7.875000238418579102e-01 2.222890615463256836e+00 1.124359989166259766e+01
8.000000119209289551e-01 2.653917789459228516e+00 1.092300987243652344e+01
8.125000000000000000e-01 3.087577581405639648e+00 1.056033802032470703e+01
8.249999880790710449e-01 3.527304887771606445e+00 1.021437263488769531e+01
8.374999761581420898e-01 3.962717771530151367e+00 9.921333312988281250e+00
8.500000238418579102e-01 4.376123905181884766e+00 9.685803413391113281e+00
8.625000119209289551e-01 4.752448558807373047e+00 9.492457389831542969e+00
8.750000000000000000e-01 5.085394859313964844e+00 9.325705528259277344e+00
8.874999880790710449e-01 5.376480579376220703e+00 9.181253433227539062e+00
8.999999761581420898e-01 5.629377365112304688e+00 9.063333511352539062e+00
9.125000238418579102e-01 5.844981670379638672e+00 8.974369049072265625e+00
9.250000119209289551e-01 6.020815849304199219e+00 8.908872604370117188e+00
9.375000000000000000e-01 6.153962612152099609e+00 8.857137680053710938e+00
9.499999880790710449e-01 6.243839740753173828e+00 8.813909530639648438e+00
9.624999761581420898e-01 6.292057037353515625e+00 8.782574653625488281e+00
9.750000238418579102e-01 6.299943923950195312e+00 8.770538330078125000e+00
9.875000119209289551e-01 6.266707420349121094e+00 8.780661582946777344e+00
1.000000000000000000e+00 6.190308094024658203e+00 8.807784080505371094e+00
1.012500047683715820e+00 6.070143699645996094e+00 8.844223022460937500e+00
1.024999976158142090e+00 5.908598899841308594e+00 8.888878822326660156e+00
1.037500023841857910e+00 5.709588050842285156e+00 8.950345039367675781e+00
1.049999952316284180e+00 5.475419998168945312e+00 9.039904594421386719e+00
1.062500000000000000e+00 5.205358505249023438e+00 9.160549163818359375e+00
1.075000047683715820e+00 4.897937297821044922e+00 9.303328514099121094e+00
1.087499976158142090e+00 4.555307388305664062e+00 9.456437110900878906e+00
1.100000023841857910e+00 4.185256958007812500e+00 9.620127677917480469e+00
1.112499952316284180e+00 3.797887325286865234e+00 9.812942504882812500e+00
1.125000000000000000e+00 3.398582935333251953e+00 1.005999755859375000e+01
1.137500047683715820e+00 2.982928514480590820e+00 1.036911582946777344e+01
1.149999976158142090e+00 2.538704872131347656e+00 1.071300792694091797e+01
1.162500023841857910e+00 2.054873466491699219e+00 1.103395462036132812e+01
1.174999952316284180e+00 1.531545996665954590e+00 1.127153396606445312e+01
1.187500000000000000e+00 9.833523631095886230e-01 1.139580821990966797e+01
1.200000047683715820e+00 4.330930709838867188e-01 1.142289161682128906e+01
1.212499976158142090e+00 -1.001891717314720154e-01 1.140200614929199219e+01
1.225000023841857910e+00 -6.103009581565856934e-01 1.138377094268798828e+01
1.237499952316284180e+00 -1.103894710540771484e+00 1.139244842529296875e+01
1.250000000000000000e+00 -1.592019319534301758e+00 1.142032718658447266e+01
1.262500047683715820e+00 -2.080025434494018555e+00 1.144459152221679688e+01
1.274999976158142090e+00 -2.563234567642211914e+00 1.145054244995117188e+01
1.287500023841857910e+00 -3.030678510665893555e+00 1.144263172149658203e+01
1.299999952316284180e+00 -3.472805023193359375e+00 1.143708324432373047e+01
1.312500000000000000e+00 -3.886526823043823242e+00 1.144552898406982422e+01
1.325000047683715820e+00 -4.274035930633544922e+00 1.146511459350585938e+01
1.337499976158142090e+00 -4.637399196624755859e+00 1.148286914825439453e+01
1.350000023841857910e+00 -4.974217891693115234e+00 1.148877239227294922e+01
1.362499952316284180e+00 -5.278064250946044922e+00 1.148481273651123047e+01
1.375000000000000000e+00 -5.542776584625244141e+00 1.148213958740234375e+01
1.387500047683715820e+00 -5.766350746154785156e+00 1.148990345001220703e+01
1.399999976158142090e+00 -5.950874328613281250e+00 1.150669670104980469e+01
1.412500023841857910e+00 -6.098862171173095703e+00 1.152243614196777344e+01
1.424999952316284180e+00 -6.209637641906738281e+00 1.152838325500488281e+01
1.437500000000000000e+00 -6.279175758361816406e+00 1.152547359466552734e+01
1.450000047683715820e+00 -6.303413867950439453e+00 1.152312374114990234e+01
1.462499976158142090e+00 -6.281770229339599609e+00 1.152990245819091797e+01
1.475000023841857910e+00 -6.217499256134033203e+00 1.154517173767089844e+01
1.487499952316284180e+00 -6.114599227905273438e+00 1.155972671508789062e+01
1.500000000000000000e+00 -5.974281787872314453e+00 1.156476974487304688e+01
1.512500047683715820e+00 -5.794432163238525391e+00 1.156054878234863281e+01
1.524999976158142090e+00 -5.572598457336425781e+00 1.155623054504394531e+01
1.537500023841857910e+00 -5.309636116027832031e+00 1.156098175048828125e+01
1.549999952316284180e+00 -5.010430335998535156e+00 1.157476711273193359e+01
1.562500000000000000e+00 -4.680871963500976562e+00 1.158792495727539062e+01
1.575000047683715820e+00 -4.323908805847167969e+00 1.159033870697021484e+01
1.587499976158142090e+00 -3.938548803329467773e+00 1.158163547515869141e+01
1.600000023841857910e+00 -3.523007631301879883e+00 1.157228851318359375e+01
1.612499952316284180e+00 -3.079146385192871094e+00 1.157379531860351562e+01
1.625000000000000000e+00 -2.613795042037963867e+00 1.158679103851318359e+01
1.637500047683715820e+00 -2.135184049606323242e+00 1.159888744354248047e+01
1.649999976158142090e+00 -1.647365331649780273e+00 1.159573268890380859e+01
1.662500023841857910e+00 -1.147937655448913574e+00 1.157607841491699219e+01
1.674999952316284180e+00 -6.320299506187438965e-01 1.155617618560791016e+01
1.687500000000000000e+00 -1.000307723879814148e-01 1.155657672882080078e+01
1.700000047683715820e+00 4.373599886894226074e-01 1.157971668243408203e+01
1.712499976158142090e+00 9.618370532989501953e-01 1.159654331207275391e+01
1.725000023841857910e+00 1.457091927528381348e+00 1.155561828613281250e+01
1.737499952316284180e+00 1.918617367744445801e+00 1.141140079498291016e+01
1.750000000000000000e+00 2.356212854385375977e+00 1.115295600891113281e+01
1.762500047683715820e+00 2.786846399307250977e+00 1.081278705596923828e+01
1.774999976158142090e+00 3.222697257995605469e+00 1.044962215423583984e+01
1.787500023841857910e+00 3.662731647491455078e+00 1.011761569976806641e+01
1.799999952316284180e+00 4.093313217163085938e+00 9.843112945556640625e+00
1.812500000000000000e+00 4.496548175811767578e+00 9.622597694396972656e+00
1.825000047683715820e+00 4.859729766845703125e+00 9.438680648803710938e+00
1.837499976158142090e+00 5.179385185241699219e+00 9.278691291809082031e+00
1.850000023841857910e+00 5.458374023437500000e+00 9.141839981079101562e+00
1.862499952316284180e+00 5.699870586395263672e+00 9.032920837402343750e+00
1.875000000000000000e+00 5.903575420379638672e+00 8.952126502990722656e+00
1.887500047683715820e+00 6.066489219665527344e+00 8.891864776611328125e+00
1.899999976158142090e+00 6.186226844787597656e+00 8.842912673950195312e+00
1.912500023841857910e+00 6.263049125671386719e+00 8.802639007568359375e+00
1.924999952316284180e+00 6.298778057098388672e+00 8.776517868041992188e+00
1.937500000000000000e+00 6.294176578521728516e+00 8.771393775939941406e+00
1.950000047683715820e+00 6.247843265533447266e+00 8.787602424621582031e+00
1.962499976158142090e+00 6.157885551452636719e+00 8.818270683288574219e+00
1.975000023841857910e+00 6.024586677551269531e+00 8.856875419616699219e+00
1.987499952316284180e+00 5.851090908050537109e+00 8.905453681945800781e+00
2.000000000000000000e+00 5.641143798828125000e+00 8.974567413330078125e+00
