0.000000000000000000e+00 6.241514682769775391e+00 8.818343162536621094e+00
1.250000018626451492e-02 6.280278205871582031e+00 8.781559944152832031e+00
2.500000037252902985e-02 6.239365577697753906e+00 8.787288665771484375e+00
3.750000149011611938e-02 6.114026546478271484e+00 8.826915740966796875e+00
5.000000074505805969e-02 5.903582572937011719e+00 8.884067535400390625e+00
6.250000000000000000e-02 5.617512226104736328e+00 8.970887184143066406e+00
7.500000298023223877e-02 5.263049602508544922e+00 9.113763809204101562e+00
8.749999850988388062e-02 4.837525367736816406e+00 9.307910919189453125e+00
1.000000014901161194e-01 4.344393730163574219e+00 9.525761604309082031e+00
1.124999970197677612e-01 3.807139158248901367e+00 9.778149604797363281e+00
1.250000000000000000e-01 3.248345613479614258e+00 1.012072181701660156e+01
1.375000029802322388e-01 2.656144857406616211e+00 1.056334209442138672e+01
1.500000059604644775e-01 1.992822170257568359e+00 1.100107288360595703e+01
1.624999940395355225e-01 1.247277140617370605e+00 1.128682041168212891e+01
1.749999970197677612e-01 4.644779860973358154e-01 1.137599754333496094e+01
1.875000000000000000e-01 -2.921973168849945068e-01 1.136186599731445312e+01
2.000000029802322388e-01 -9.998746514320373535e-01 1.135951805114746094e+01
2.125000059604644775e-01 -1.681693315505981445e+00 1.139318275451660156e+01
2.249999940395355225e-01 -2.358702898025512695e+00 1.141841030120849609e+01
2.374999970197677612e-01 -3.017334461212158203e+00 1.141593265533447266e+01
2.500000000000000000e-01 -3.629692316055297852e+00 1.141553115844726562e+01
2.624999880790710449e-01 -4.186323642730712891e+00 1.143797779083251953e+01
2.750000059604644775e-01 -4.693099498748779297e+00 1.146302700042724609e+01
2.874999940395355225e-01 -5.146020889282226562e+00 1.146910476684570312e+01
3.000000119209289551e-01 -5.527909755706787109e+00 1.146954536437988281e+01
3.125000000000000000e-01 -5.828892707824707031e+00 1.148630905151367188e+01
3.249999880790710449e-01 -6.053924560546875000e+00 1.151159667968750000e+01
3.375000059604644775e-01 -6.206151962280273438e+00 1.152315235137939453e+01
3.499999940395355225e-01 -6.276344776153564453e+00 1.152357769012451172e+01
3.625000119209289551e-01 -6.256196498870849609e+00 1.153477096557617188e+01
3.750000000000000000e-01 -6.151458263397216797e+00 1.155864334106445312e+01
3.874999880790710449e-01 -5.971966743469238281e+00 1.157351398468017578e+01
4.000000059604644775e-01 -5.716355800628662109e+00 1.157249450683593750e+01
4.124999940395355225e-01 -5.378574848175048828e+00 1.157615947723388672e+01
4.250000119209289551e-01 -4.965003967285156250e+00 1.159596347808837891e+01
4.375000000000000000e-01 -4.491510868072509766e+00 1.161218643188476562e+01
4.499999880790710449e-01 -3.964411258697509766e+00 1.160767555236816406e+01
4.625000059604644775e-01 -3.379044771194458008e+00 1.160025215148925781e+01
4.749999940395355225e-01 -2.740573883056640625e+00 1.161325359344482422e+01
4.875000119209289551e-01 -2.070450067520141602e+00 1.163063716888427734e+01
5.000000000000000000e-01 -1.382434248924255371e+00 1.161970901489257812e+01
5.124999880790710449e-01 -6.666264533996582031e-01 1.159345436096191406e+01
5.249999761581420898e-01 8.409356325864791870e-02 1.160116004943847656e+01
5.375000238418579102e-01 8.381618857383728027e-01 1.163499355316162109e+01
5.500000119209289551e-01 1.539468646049499512e+00 1.158584403991699219e+01
5.625000000000000000e-01 2.164593458175659180e+00 1.133804035186767578e+01
5.749999880790710449e-01 2.748761177062988281e+00 1.089973068237304688e+01
5.874999761581420898e-01 3.341603755950927734e+00 1.040306282043457031e+01
6.000000238418579102e-01 3.947069406509399414e+00 9.975970268249511719e+00
6.125000119209289551e-01 4.520791053771972656e+00 9.648236274719238281e+00
6.250000000000000000e-01 5.018932819366455078e+00 9.386673927307128906e+00
6.374999880790710449e-01 5.430806159973144531e+00 9.174719810485839844e+00
6.499999761581420898e-01 5.763858318328857422e+00 9.022119522094726562e+00
6.625000238418579102e-01 6.017905235290527344e+00 8.922895431518554688e+00
6.750000119209289551e-01 6.186133861541748047e+00 8.850763320922851562e+00
6.875000000000000000e-01 6.268969535827636719e+00 8.797041893005371094e+00
6.999999880790710449e-01 6.271754741668701172e+00 8.778745651245117188e+00
7.124999761581420898e-01 6.193166732788085938e+00 8.802426338195800781e+00
7.250000238418579102e-01 6.028520107269287109e+00 8.850824356079101562e+00
7.375000119209289551e-01 5.782256126403808594e+00 8.918016433715820312e+00
7.500000000000000000e-01 5.464899063110351562e+00 9.028114318847656250e+00
7.624999880790710449e-01 5.078674793243408203e+00 9.197426795959472656e+00
7.749999761581420898e-01 4.620783329010009766e+00 9.404844284057617188e+00
7.875000238418579102e-01 4.103841304779052734e+00 9.633182525634765625e+00
8.000000119209289551e-01 3.555544853210449219e+00 9.919695854187011719e+00
8.125000000000000000e-01 2.985502958297729492e+00 1.031319904327392578e+01
8.249999880790710449e-01 2.365405559539794922e+00 1.077250766754150391e+01
8.374999761581420898e-01 1.662644743919372559e+00 1.115614032745361328e+01
8.500000238418579102e-01 8.919495344161987305e-01 1.134848976135253906e+01
8.625000119209289551e-01 1.145808473229408264e-01 1.137418079376220703e+01
8.750000000000000000e-01 -6.191610693931579590e-01 1.135530948638916016e+01
8.874999880790710449e-01 -1.311028242111206055e+00 1.137254428863525391e+01
8.999999761581420898e-01 -1.990007400512695312e+00 1.140828132629394531e+01
9.125000238418579102e-01 -2.662149429321289062e+00 1.141958236694335938e+01
9.250000119209289551e-01 -3.302563905715942383e+00 1.141327667236328125e+01
9.375000000000000000e-01 -3.889292955398559570e+00 1.142336750030517578e+01
9.499999880790710449e-01 -4.422627449035644531e+00 1.145098876953125000e+01
9.624999761581420898e-01 -4.906551837921142578e+00 1.146813774108886719e+01
9.750000238418579102e-01 -5.329391479492187500e+00 1.146827602386474609e+01
9.875000119209289551e-01 -5.674661636352539062e+00 1.147478866577148438e+01
1.000000000000000000e+00 -5.940113544464111328e+00 1.149828147888183594e+01
1.012500047683715820e+00 -6.132462501525878906e+00 1.151921939849853516e+01
1.024999976158142090e+00 -6.248986721038818359e+00 1.152340316772460938e+01
1.037500023841857910e+00 -6.278367042541503906e+00 1.152640247344970703e+01
1.049999952316284180e+00 -6.218344688415527344e+00 1.154517269134521484e+01
1.062500000000000000e+00 -6.078912734985351562e+00 1.156771469116210938e+01
1.075000047683715820e+00 -5.865711688995361328e+00 1.157415008544921875e+01
1.087499976158142090e+00 -5.573036193847656250e+00 1.157215595245361328e+01
1.100000023841857910e+00 -5.199052333831787109e+00 1.158378028869628906e+01
1.112499952316284180e+00 -4.756455421447753906e+00 1.160547637939453125e+01
1.125000000000000000e+00 -4.258810520172119141e+00 1.161242771148681641e+01
1.137500047683715820e+00 -3.705746889114379883e+00 1.160269832611083984e+01
1.149999976158142090e+00 -3.094361066818237305e+00 1.160351181030273438e+01
1.162500023841857910e+00 -2.438563346862792969e+00 1.162297439575195312e+01
1.174999952316284180e+00 -1.760106205940246582e+00 1.162992763519287109e+01
1.187500000000000000e+00 -1.061569809913635254e+00 1.160667419433593750e+01
1.200000047683715820e+00 -3.289246559143066406e-01 1.159075450897216797e+01
1.212499976158142090e+00 4.297969639301300049e-01 1.161795330047607422e+01
1.225000023841857910e+00 1.166252255439758301e+00 1.163152980804443359e+01
1.237499952316284180e+00 1.832069635391235352e+00 1.150111389160156250e+01
1.250000000000000000e+00 2.431694507598876953e+00 1.115622138977050781e+01
1.262500047683715820e+00 3.015430212020874023e+00 1.067177963256835938e+01
1.274999976158142090e+00 3.617221355438232422e+00 1.019607448577880859e+01
1.287500023841857910e+00 4.215019226074218750e+00 9.816291809082031250e+00
1.299999952316284180e+00 4.757999897003173828e+00 9.523107528686523438e+00
1.312500000000000000e+00 5.216418266296386719e+00 9.283752441406250000e+00
1.325000047683715820e+00 5.591643333435058594e+00 9.097611427307128906e+00
1.337499976158142090e+00 5.889559745788574219e+00 8.971899986267089844e+00
1.350000023841857910e+00 6.105228900909423828e+00 8.888079643249511719e+00
1.362499952316284180e+00 6.234003543853759766e+00 8.823317527770996094e+00
1.375000000000000000e+00 6.280017852783203125e+00 8.783257484436035156e+00
1.387500047683715820e+00 6.246491909027099609e+00 8.785048484802246094e+00
1.399999976158142090e+00 6.129027843475341797e+00 8.822477340698242188e+00
1.412500023841857910e+00 5.926041126251220703e+00 8.878065109252929688e+00
1.424999952316284180e+00 5.646399021148681641e+00 8.960947990417480469e+00
1.437500000000000000e+00 5.298173904418945312e+00 9.098254203796386719e+00
1.450000047683715820e+00 4.879240512847900391e+00 9.288940429687500000e+00
1.462499976158142090e+00 4.391558170318603516e+00 9.505143165588378906e+00
1.475000023841857910e+00 3.857083082199096680e+00 9.752316474914550781e+00
1.487499952316284180e+00 3.300096511840820312e+00 1.008476638793945312e+01
1.500000000000000000e+00 2.712424039840698242e+00 1.052094650268554688e+01
1.512500047683715820e+00 2.056829690933227539e+00 1.096566677093505859e+01
1.524999976158142090e+00 1.317672133445739746e+00 1.126943302154541016e+01
1.537500023841857910e+00 5.354301333427429199e-01 1.137419319152832031e+01
1.549999952316284180e+00 -2.254464775323867798e-01 1.136391448974609375e+01
1.562500000000000000e+00 -9.370496869087219238e-01 1.135784149169921875e+01
1.575000047683715820e+00 -1.619931340217590332e+00 1.138972949981689453e+01
1.587499976158142090e+00 -2.297424316406250000e+00 1.141742324829101562e+01
1.600000023841857910e+00 -2.958963394165039062e+00 1.141666793823242188e+01
1.612499952316284180e+00 -3.576311588287353516e+00 1.141461372375488281e+01
1.625000000000000000e+00 -4.137815475463867188e+00 1.143532943725585938e+01
1.637500047683715820e+00 -4.649011135101318359e+00 1.146143722534179688e+01
1.649999976158142090e+00 -5.107469081878662109e+00 1.146920490264892578e+01
1.662500023841857910e+00 -5.496484756469726562e+00 1.146900272369384766e+01
1.674999952316284180e+00 -5.804771900177001953e+00 1.148407745361328125e+01
1.687500000000000000e+00 -6.036409854888916016e+00 1.150962352752685547e+01
1.700000047683715820e+00 -6.195495128631591797e+00 1.152284717559814453e+01
1.712499976158142090e+00 -6.273661136627197266e+00 1.152338600158691406e+01
1.725000023841857910e+00 -6.261705875396728516e+00 1.153300571441650391e+01
1.737499952316284180e+00 -6.164172172546386719e+00 1.155649662017822266e+01
1.750000000000000000e+00 -5.991337776184082031e+00 1.157296466827392578e+01
1.762500047683715820e+00 -5.742976188659667969e+00 1.157278251647949219e+01
1.774999976158142090e+00 -5.412663459777832031e+00 1.157508659362792969e+01
1.787500023841857910e+00 -5.005340576171875000e+00 1.159387016296386719e+01
1.799999952316284180e+00 -4.536789417266845703e+00 1.161154270172119141e+01
1.812500000000000000e+00 -4.014718532562255859e+00 1.160869026184082031e+01
1.825000047683715820e+00 -3.434738636016845703e+00 1.160022163391113281e+01
1.837499976158142090e+00 -2.800349712371826172e+00 1.161133575439453125e+01
1.850000023841857910e+00 -2.132200002670288086e+00 1.162991237640380859e+01
1.862499952316284180e+00 -1.445927977561950684e+00 1.162199592590332031e+01
1.875000000000000000e+00 -7.333171367645263672e-01 1.159508895874023438e+01
1.887500047683715820e+00 1.484643016010522842e-02 1.159846496582031250e+01
1.899999976158142090e+00 7.709332108497619629e-01 1.163319778442382812e+01
1.912500023841857910e+00 1.478898406028747559e+00 1.159740161895751953e+01
1.924999952316284180e+00 2.110248804092407227e+00 1.136974620819091797e+01
1.937500000000000000e+00 2.695788383483886719e+00 1.094444274902343750e+01
1.950000047683715820e+00 3.286741733551025391e+00 1.044669628143310547e+01
1.962499976158142090e+00 3.892451763153076172e+00 1.001045417785644531e+01
1.975000023841857910e+00 4.471263885498046875e+00 9.674764633178710938e+00
1.987499952316284180e+00 4.977236747741699219e+00 9.408470153808593750e+00
2.000000000000000000e+00 5.396689891815185547e+00 9.191705703735351562e+00
