0.000000000000000000e+00 6.241068840026855469e+00 8.818681716918945312e+00
1.250000018626451492e-02 6.280036449432373047e+00 8.781707763671875000e+00
2.500000037252902985e-02 6.238904476165771484e+00 8.787467956542968750e+00
3.750000149011611938e-02 6.112886428833007812e+00 8.827263832092285156e+00
5.000000074505805969e-02 5.901334762573242188e+00 8.884666442871093750e+00
6.250000000000000000e-02 5.613838195800781250e+00 8.972104072570800781e+00
7.500000298023223877e-02 5.257607936859130859e+00 9.116047859191894531e+00
8.749999850988388062e-02 4.829906940460205078e+00 9.311212539672851562e+00
1.000000014901161194e-01 4.334464550018310547e+00 9.529955863952636719e+00
1.124999970197677612e-01 3.795208692550659180e+00 9.784193038940429688e+00
1.250000000000000000e-01 3.234495639801025391e+00 1.013008403778076172e+01
1.375000029802322388e-01 2.639481544494628906e+00 1.057530784606933594e+01
1.500000059604644775e-01 1.972103476524353027e+00 1.101164627075195312e+01
1.624999940395355225e-01 1.222569823265075684e+00 1.129202365875244141e+01
1.749999970197677612e-01 4.375851452350616455e-01 1.137610340118408203e+01
1.875000000000000000e-01 -3.194826543331146240e-01 1.136082935333251953e+01
2.000000029802322388e-01 -1.027500748634338379e+00 1.136013603210449219e+01
2.125000059604644775e-01 -1.710694074630737305e+00 1.139451885223388672e+01
2.249999940395355225e-01 -2.389161825180053711e+00 1.141856575012207031e+01
2.374999970197677612e-01 -3.047906637191772461e+00 1.141536426544189453e+01
2.500000000000000000e-01 -3.659131765365600586e+00 1.141597652435302734e+01
2.624999880790710449e-01 -4.214462280273437500e+00 1.143937873840332031e+01
2.750000059604644775e-01 -4.719872474670410156e+00 1.146376228332519531e+01
2.874999940395355225e-01 -5.170386791229248047e+00 1.146890449523925781e+01
3.000000119209289551e-01 -5.548516273498535156e+00 1.146994113922119141e+01
3.125000000000000000e-01 -5.845276832580566406e+00 1.148788833618164062e+01
3.249999880790710449e-01 -6.066151618957519531e+00 1.151292800903320312e+01
3.375000059604644775e-01 -6.213562488555908203e+00 1.152332115173339844e+01
3.499999940395355225e-01 -6.277665138244628906e+00 1.152386569976806641e+01
3.625000119209289551e-01 -6.250879287719726562e+00 1.153640747070312500e+01
3.750000000000000000e-01 -6.139892101287841797e+00 1.156050682067871094e+01
3.874999880790710449e-01 -5.954123020172119141e+00 1.157400226593017578e+01
4.000000059604644775e-01 -5.691271305084228516e+00 1.157245635986328125e+01
4.124999940395355225e-01 -5.345731735229492188e+00 1.157753562927246094e+01
4.250000119209289551e-01 -4.925235748291015625e+00 1.159819316864013672e+01
4.375000000000000000e-01 -4.445667743682861328e+00 1.161287212371826172e+01
4.499999880790710449e-01 -3.912009954452514648e+00 1.160688495635986328e+01
4.625000059604644775e-01 -3.319517135620117188e+00 1.160083198547363281e+01
4.749999940395355225e-01 -2.675205230712890625e+00 1.161572933197021484e+01
4.875000119209289551e-01 -2.001281738281250000e+00 1.163144874572753906e+01
5.000000000000000000e-01 -1.309342026710510254e+00 1.161724472045898438e+01
5.124999880790710449e-01 -5.878103971481323242e-01 1.159235382080078125e+01
5.249999761581420898e-01 1.675994843244552612e-01 1.160522079467773438e+01
5.375000238418579102e-01 9.205372929573059082e-01 1.163665294647216797e+01
5.500000119209289551e-01 1.615090727806091309e+00 1.156913089752197266e+01
5.625000000000000000e-01 2.234324932098388672e+00 1.129506587982177734e+01
5.749999880790710449e-01 2.818786382675170898e+00 1.084055995941162109e+01
5.874999761581420898e-01 3.415603160858154297e+00 1.034592437744140625e+01
6.000000238418579102e-01 4.021578788757324219e+00 9.930533409118652344e+00
6.125000119209289551e-01 4.589075088500976562e+00 9.612337112426757812e+00
6.250000000000000000e-01 5.077317237854003906e+00 9.356444358825683594e+00
6.374999880790710449e-01 5.479465484619140625e+00 9.151047706604003906e+00
6.499999761581420898e-01 5.803056240081787109e+00 9.006255149841308594e+00
6.625000238418579102e-01 6.046305179595947266e+00 8.912053108215332031e+00
6.750000119209289551e-01 6.202701568603515625e+00 8.842011451721191406e+00
6.875000000000000000e-01 6.274002552032470703e+00 8.791919708251953125e+00
6.999999880790710449e-01 6.265200138092041016e+00 8.779960632324218750e+00
7.124999761581420898e-01 6.173788547515869141e+00 8.808684349060058594e+00
7.250000238418579102e-01 5.995758056640625000e+00 8.859592437744140625e+00
7.375000119209289551e-01 5.737250804901123047e+00 8.931531906127929688e+00
7.500000000000000000e-01 5.408414840698242188e+00 9.051007270812988281e+00
7.624999880790710449e-01 5.009778022766113281e+00 9.228959083557128906e+00
7.749999761581420898e-01 4.539641857147216797e+00 9.440340042114257812e+00
7.875000238418579102e-01 4.014244079589843750e+00 9.674835205078125000e+00
8.000000119209289551e-01 3.461232662200927734e+00 9.977799415588378906e+00
8.125000000000000000e-01 2.884052038192749023e+00 1.038978099822998047e+01
8.249999880790710449e-01 2.249667167663574219e+00 1.084854602813720703e+01
8.374999761581420898e-01 1.530377745628356934e+00 1.120478725433349609e+01
8.500000238418579102e-01 7.513689994812011719e-01 1.136192798614501953e+01
8.625000119209289551e-01 -2.266879938542842865e-02 1.137012767791748047e+01
8.750000000000000000e-01 -7.491303682327270508e-01 1.135490703582763672e+01
8.874999880790710449e-01 -1.438364505767822266e+00 1.137917900085449219e+01
8.999999761581420898e-01 -2.118540525436401367e+00 1.141269302368164062e+01
9.125000238418579102e-01 -2.788732528686523438e+00 1.141842746734619141e+01
9.250000119209289551e-01 -3.421431779861450195e+00 1.141305446624755859e+01
9.375000000000000000e-01 -3.998625516891479492e+00 1.142804908752441406e+01
9.499999880790710449e-01 -4.523556232452392578e+00 1.145590209960937500e+01
9.624999761581420898e-01 -4.997814655303955078e+00 1.146888923645019531e+01
9.750000238418579102e-01 -5.406917572021484375e+00 1.146817874908447266e+01
9.875000119209289551e-01 -5.736143112182617188e+00 1.147855758666992188e+01
1.000000000000000000e+00 -5.986442089080810547e+00 1.150375270843505859e+01
1.012500047683715820e+00 -6.163855075836181641e+00 1.152139282226562500e+01
1.024999976158142090e+00 -6.262796878814697266e+00 1.152330780029296875e+01
1.037500023841857910e+00 -6.272357940673828125e+00 1.152918434143066406e+01
1.049999952316284180e+00 -6.193608283996582031e+00 1.155084514617919922e+01
1.062500000000000000e+00 -6.037277698516845703e+00 1.157095527648925781e+01
1.075000047683715820e+00 -5.806205749511718750e+00 1.157372474670410156e+01
1.087499976158142090e+00 -5.493766784667968750e+00 1.157335281372070312e+01
1.100000023841857910e+00 -5.101369857788085938e+00 1.158901214599609375e+01
1.112499952316284180e+00 -4.643901348114013672e+00 1.160941314697265625e+01
1.125000000000000000e+00 -4.132310867309570312e+00 1.161109924316406250e+01
1.137500047683715820e+00 -3.563632726669311523e+00 1.160120773315429688e+01
1.149999976158142090e+00 -2.937867164611816406e+00 1.160758495330810547e+01
1.162500023841857910e+00 -2.273112773895263672e+00 1.162765407562255859e+01
1.174999952316284180e+00 -1.588713049888610840e+00 1.162673091888427734e+01
1.187500000000000000e+00 -8.809984922409057617e-01 1.160009193420410156e+01
1.200000047683715820e+00 -1.373198777437210083e-01 1.159421443939208984e+01
1.212499976158142090e+00 6.234468221664428711e-01 1.162790203094482422e+01
1.225000023841857910e+00 1.346779823303222656e+00 1.161699199676513672e+01
1.237499952316284180e+00 1.993984937667846680e+00 1.143143653869628906e+01
1.250000000000000000e+00 2.585415124893188477e+00 1.103619670867919922e+01
1.262500047683715820e+00 3.174158096313476562e+00 1.053892421722412109e+01
1.274999976158142090e+00 3.780671119689941406e+00 1.008386135101318359e+01
1.287500023841857910e+00 4.370002269744873047e+00 9.730145454406738281e+00
1.299999952316284180e+00 4.892630577087402344e+00 9.453015327453613281e+00
1.312500000000000000e+00 5.328369140625000000e+00 9.226440429687500000e+00
1.325000047683715820e+00 5.682862758636474609e+00 9.056818008422851562e+00
1.337499976158142090e+00 5.959154605865478516e+00 8.945471763610839844e+00
1.350000023841857910e+00 6.150668144226074219e+00 8.868205070495605469e+00
1.362499952316284180e+00 6.255268573760986328e+00 8.808474540710449219e+00
1.375000000000000000e+00 6.278304100036621094e+00 8.779290199279785156e+00
1.387500047683715820e+00 6.220677852630615234e+00 8.793406486511230469e+00
1.399999976158142090e+00 6.077239990234375000e+00 8.837464332580566406e+00
1.412500023841857910e+00 5.849557876586914062e+00 8.898781776428222656e+00
1.424999952316284180e+00 5.548104763031005859e+00 8.995872497558593750e+00
1.437500000000000000e+00 5.177956581115722656e+00 9.151882171630859375e+00
1.450000047683715820e+00 4.735788345336914062e+00 9.353605270385742188e+00
1.462499976158142090e+00 4.229170799255371094e+00 9.576405525207519531e+00
1.475000023841857910e+00 3.684612751007080078e+00 9.844318389892578125e+00
1.487499952316284180e+00 3.119422435760498047e+00 1.021295166015625000e+01
1.500000000000000000e+00 2.512938976287841797e+00 1.066836738586425781e+01
1.512500047683715820e+00 1.828096270561218262e+00 1.108373928070068359e+01
1.524999976158142090e+00 1.066253304481506348e+00 1.132295513153076172e+01
1.537500023841857910e+00 2.824742794036865234e-01 1.137658405303955078e+01
1.549999952316284180e+00 -4.645841121673583984e-01 1.135725593566894531e+01
1.562500000000000000e+00 -1.165006160736083984e+00 1.136533355712890625e+01
1.575000047683715820e+00 -1.846679806709289551e+00 1.140158081054687500e+01
1.587499976158142090e+00 -2.523401498794555664e+00 1.141952705383300781e+01
1.600000023841857910e+00 -3.174544334411621094e+00 1.141397380828857422e+01
1.612499952316284180e+00 -3.774462938308715820e+00 1.141905975341796875e+01
1.625000000000000000e+00 -4.319370746612548828e+00 1.144522857666015625e+01
1.637500047683715820e+00 -4.814816474914550781e+00 1.146634101867675781e+01
1.649999976158142090e+00 -5.252306461334228516e+00 1.146850967407226562e+01
1.662500023841857910e+00 -5.614310264587402344e+00 1.147198009490966797e+01
1.674999952316284180e+00 -5.895244598388671875e+00 1.149315357208251953e+01
1.687500000000000000e+00 -6.101670742034912109e+00 1.151653671264648438e+01
1.700000047683715820e+00 -6.233450412750244141e+00 1.152350234985351562e+01
1.712499976158142090e+00 -6.279564857482910156e+00 1.152491950988769531e+01
1.725000023841857910e+00 -6.235028743743896484e+00 1.154091453552246094e+01
1.737499952316284180e+00 -6.108615875244140625e+00 1.156468868255615234e+01
1.750000000000000000e+00 -5.908004283905029297e+00 1.157441234588623047e+01
1.762500047683715820e+00 -5.628808021545410156e+00 1.157218456268310547e+01
1.774999976158142090e+00 -5.267148017883300781e+00 1.158077812194824219e+01
1.787500023841857910e+00 -4.833683490753173828e+00 1.160251235961914062e+01
1.799999952316284180e+00 -4.343441009521484375e+00 1.161314201354980469e+01
1.812500000000000000e+00 -3.798346042633056641e+00 1.160462284088134766e+01
1.825000047683715820e+00 -3.194257259368896484e+00 1.160212230682373047e+01
1.837499976158142090e+00 -2.542130470275878906e+00 1.162009334564208984e+01
1.850000023841857910e+00 -1.864508152008056641e+00 1.163133335113525391e+01
1.862499952316284180e+00 -1.168012857437133789e+00 1.161145877838134766e+01
1.875000000000000000e+00 -4.389996230602264404e-01 1.159093666076660156e+01
1.887500047683715820e+00 3.201761543750762939e-01 1.161268711090087891e+01
1.899999976158142090e+00 1.065496563911437988e+00 1.163566970825195312e+01
1.912500023841857910e+00 1.744280576705932617e+00 1.153237056732177734e+01
1.924999952316284180e+00 2.352059364318847656e+00 1.121507358551025391e+01
1.937500000000000000e+00 2.936293601989746094e+00 1.073986530303955078e+01
1.950000047683715820e+00 3.537177085876464844e+00 1.025448989868164062e+01
1.962499976158142090e+00 4.139834880828857422e+00 9.860118865966796875e+00
1.975000023841857910e+00 4.693706512451171875e+00 9.557177543640136719e+00
1.987499952316284180e+00 5.164346218109130859e+00 9.311048507690429688e+00
2.000000000000000000e+00 5.550301551818847656e+00 9.117103576660156250e+00
