0.000000000000000000e+00 6.240633010864257812e+00 8.818922042846679688e+00
1.250000018626451492e-02 6.279805183410644531e+00 8.781757354736328125e+00
2.500000037252902985e-02 6.238453388214111328e+00 8.787548065185546875e+00
3.750000149011611938e-02 6.111753940582275391e+00 8.827511787414550781e+00
5.000000074505805969e-02 5.899091243743896484e+00 8.885164260864257812e+00
6.250000000000000000e-02 5.610165596008300781e+00 8.973224639892578125e+00
7.500000298023223877e-02 5.252162456512451172e+00 9.118239402770996094e+00
8.749999850988388062e-02 4.822278022766113281e+00 9.314415931701660156e+00
1.000000014901161194e-01 4.324526309967041016e+00 9.534057617187500000e+00
1.124999970197677612e-01 3.783275604248046875e+00 9.790172576904296875e+00
1.250000000000000000e-01 3.220634698867797852e+00 1.013940048217773438e+01
1.375000029802322388e-01 2.622774839401245117e+00 1.058716201782226562e+01
1.500000059604644775e-01 1.951317191123962402e+00 1.102197837829589844e+01
1.624999940395355225e-01 1.197824716567993164e+00 1.129692459106445312e+01
1.749999970197677612e-01 4.107232689857482910e-01 1.137600040435791016e+01
1.875000000000000000e-01 -3.467021882534027100e-01 1.135973262786865234e+01
2.000000029802322388e-01 -1.055091619491577148e+00 1.136071872711181641e+01
2.125000059604644775e-01 -1.739691972732543945e+00 1.139573097229003906e+01
2.249999940395355225e-01 -2.419583082199096680e+00 1.141855907440185547e+01
2.374999970197677612e-01 -3.078368902206420898e+00 1.141471385955810547e+01
2.500000000000000000e-01 -3.688430547714233398e+00 1.141639328002929688e+01
2.624999880790710449e-01 -4.242468357086181641e+00 1.144068145751953125e+01
2.750000059604644775e-01 -4.746483325958251953e+00 1.146432876586914062e+01
2.874999940395355225e-01 -5.194508075714111328e+00 1.146859455108642578e+01
3.000000119209289551e-01 -5.568820476531982422e+00 1.147031688690185547e+01
3.125000000000000000e-01 -5.861361026763916016e+00 1.148940181732177734e+01
3.249999880790710449e-01 -6.078066825866699219e+00 1.151408481597900391e+01
3.375000059604644775e-01 -6.220581531524658203e+00 1.152334117889404297e+01
3.499999940395355225e-01 -6.278518199920654297e+00 1.152413463592529297e+01
3.625000119209289551e-01 -6.245102405548095703e+00 1.153802394866943359e+01
3.750000000000000000e-01 -6.127896308898925781e+00 1.156219768524169922e+01
3.874999880790710449e-01 -5.935798645019531250e+00 1.157428264617919922e+01
4.000000059604644775e-01 -5.665624141693115234e+00 1.157238006591796875e+01
4.124999940395355225e-01 -5.312348365783691406e+00 1.157895278930664062e+01
4.250000119209289551e-01 -4.885029315948486328e+00 1.160027217864990234e+01
4.375000000000000000e-01 -4.399398803710937500e+00 1.161326122283935547e+01
4.499999880790710449e-01 -3.859095335006713867e+00 1.160600280761718750e+01
4.625000059604644775e-01 -3.259505510330200195e+00 1.160155105590820312e+01
4.749999940395355225e-01 -2.609565496444702148e+00 1.161812591552734375e+01
4.875000119209289551e-01 -1.931959986686706543e+00 1.163180065155029297e+01
5.000000000000000000e-01 -1.235929727554321289e+00 1.161453533172607422e+01
5.124999880790710449e-01 -5.085645914077758789e-01 1.159166431427001953e+01
5.249999761581420898e-01 2.511077821254730225e-01 1.160952281951904297e+01
5.375000238418579102e-01 1.002143740653991699e+00 1.163695621490478516e+01
5.500000119209289551e-01 1.689646005630493164e+00 1.154943847656250000e+01
5.625000000000000000e-01 2.303543567657470703e+00 1.124938678741455078e+01
5.749999880790710449e-01 2.889021635055541992e+00 1.078078460693359375e+01
5.874999761581420898e-01 3.489775657653808594e+00 1.029004096984863281e+01
6.000000238418579102e-01 4.095468997955322266e+00 9.886571884155273438e+00
6.125000119209289551e-01 4.656028747558593750e+00 9.577266693115234375e+00
6.250000000000000000e-01 5.134243011474609375e+00 9.326900482177734375e+00
6.374999880790710449e-01 5.526775360107421875e+00 9.128373146057128906e+00
6.499999761581420898e-01 5.840795516967773438e+00 8.991250038146972656e+00
6.625000238418579102e-01 6.073029041290283203e+00 8.901519775390625000e+00
6.750000119209289551e-01 6.217571258544921875e+00 8.833498001098632812e+00
6.875000000000000000e-01 6.277400970458984375e+00 8.787510871887207031e+00
6.999999880790710449e-01 6.256883621215820312e+00 8.781991004943847656e+00
7.124999761581420898e-01 6.152465820312500000e+00 8.815290451049804688e+00
7.250000238418579102e-01 5.961134910583496094e+00 8.868666648864746094e+00
7.375000119209289551e-01 5.690597057342529297e+00 8.946106910705566406e+00
7.500000000000000000e-01 5.350224494934082031e+00 9.075330734252929688e+00
7.624999880790710449e-01 4.939020633697509766e+00 9.261205673217773438e+00
7.749999761581420898e-01 4.457014560699462891e+00 9.476182937622070312e+00
7.875000238418579102e-01 3.923963308334350586e+00 9.718227386474609375e+00
8.000000119209289551e-01 3.366364002227783203e+00 1.003909969329833984e+01
8.125000000000000000e-01 2.780968666076660156e+00 1.046781635284423828e+01
8.249999880790710449e-01 2.131273984909057617e+00 1.092123413085937500e+01
8.374999761581420898e-01 1.396161913871765137e+00 1.124676609039306641e+01
8.500000238418579102e-01 6.109947562217712402e-01 1.137035274505615234e+01
8.625000119209289551e-01 -1.582236438989639282e-01 1.136545848846435547e+01
8.750000000000000000e-01 -8.778041005134582520e-01 1.135604858398437500e+01
8.874999880790710449e-01 -1.565478444099426270e+00 1.138603305816650391e+01
8.999999761581420898e-01 -2.246788024902343750e+00 1.141581439971923828e+01
9.125000238418579102e-01 -2.913884639739990234e+00 1.141673469543457031e+01
9.250000119209289551e-01 -3.538115501403808594e+00 1.141367053985595703e+01
9.375000000000000000e-01 -4.105932235717773438e+00 1.143321037292480469e+01
9.499999880790710449e-01 -4.622521877288818359e+00 1.146000385284423828e+01
9.624999761581420898e-01 -5.086402416229248047e+00 1.146889877319335938e+01
9.750000238418579102e-01 -5.481015205383300781e+00 1.146856307983398438e+01
9.875000119209289551e-01 -5.794197559356689453e+00 1.148299121856689453e+01
1.000000000000000000e+00 -6.029595851898193359e+00 1.150872707366943359e+01
1.012500047683715820e+00 -6.191709041595458984e+00 1.152263545989990234e+01
1.024999976158142090e+00 -6.272392272949218750e+00 1.152335929870605469e+01
1.037500023841857910e+00 -6.262094497680664062e+00 1.153277969360351562e+01
1.049999952316284180e+00 -6.165123939514160156e+00 1.155634021759033203e+01
1.062500000000000000e+00 -5.991954326629638672e+00 1.157308101654052734e+01
1.075000047683715820e+00 -5.742493629455566406e+00 1.157303237915039062e+01
1.087499976158142090e+00 -5.410237789154052734e+00 1.157547473907470703e+01
1.100000023841857910e+00 -5.000223159790039062e+00 1.159447479248046875e+01
1.112499952316284180e+00 -4.528461933135986328e+00 1.161205291748046875e+01
1.125000000000000000e+00 -4.002597808837890625e+00 1.160891151428222656e+01
1.137500047683715820e+00 -3.418141603469848633e+00 1.160074996948242188e+01
1.149999976158142090e+00 -2.779079914093017578e+00 1.161257076263427734e+01
1.162500023841857910e+00 -2.106631040573120117e+00 1.163079643249511719e+01
1.174999952316284180e+00 -1.415965914726257324e+00 1.162153530120849609e+01
1.187500000000000000e+00 -6.979950070381164551e-01 1.159487342834472656e+01
1.200000047683715820e+00 5.561153963208198547e-02 1.160074710845947266e+01
1.212499976158142090e+00 8.145769238471984863e-01 1.163512039184570312e+01
1.225000023841857910e+00 1.521853566169738770e+00 1.159009456634521484e+01
1.237499952316284180e+00 2.151841163635253906e+00 1.134650039672851562e+01
1.250000000000000000e+00 2.739074230194091797e+00 1.090884113311767578e+01
1.262500047683715820e+00 3.334423303604125977e+00 1.040961170196533203e+01
1.274999976158142090e+00 3.942919969558715820e+00 9.979422569274902344e+00
1.287500023841857910e+00 4.519860744476318359e+00 9.649438858032226562e+00
1.299999952316284180e+00 5.020588397979736328e+00 9.386291503906250000e+00
1.312500000000000000e+00 5.434161663055419922e+00 9.173404693603515625e+00
1.325000047683715820e+00 5.768063545227050781e+00 9.020675659179687500e+00
1.337499976158142090e+00 6.021953105926513672e+00 8.921583175659179688e+00
1.350000023841857910e+00 6.188976764678955078e+00 8.849389076232910156e+00
1.362499952316284180e+00 6.269814968109130859e+00 8.796045303344726562e+00
1.375000000000000000e+00 6.269842147827148438e+00 8.779088020324707031e+00
1.387500047683715820e+00 6.187436580657958984e+00 8.804225921630859375e+00
1.399999976158142090e+00 6.018001079559326172e+00 8.853571891784667969e+00
1.412500023841857910e+00 5.766549587249755859e+00 8.922513961791992188e+00
1.424999952316284180e+00 5.443671226501464844e+00 9.036345481872558594e+00
1.437500000000000000e+00 5.051018238067626953e+00 9.209740638732910156e+00
1.450000047683715820e+00 4.586116790771484375e+00 9.419706344604492188e+00
1.462499976158142090e+00 4.063228130340576172e+00 9.651519775390625000e+00
1.475000023841857910e+00 3.510495901107788086e+00 9.946515083312988281e+00
1.487499952316284180e+00 2.934886455535888672e+00 1.035052776336669922e+01
1.500000000000000000e+00 2.305316209793090820e+00 1.081168460845947266e+01
1.512500047683715820e+00 1.591047048568725586e+00 1.118254661560058594e+01
1.524999976158142090e+00 8.125087022781372070e-01 1.135604381561279297e+01
1.537500023841857910e+00 3.380694985389709473e-02 1.137140941619873047e+01
1.549999952316284180e+00 -6.984002590179443359e-01 1.135445404052734375e+01
1.562500000000000000e+00 -1.391067266464233398e+00 1.137621498107910156e+01
1.575000047683715820e+00 -2.073190689086914062e+00 1.141083145141601562e+01
1.587499976158142090e+00 -2.746497631072998047e+00 1.141849899291992188e+01
1.600000023841857910e+00 -3.384000778198242188e+00 1.141270542144775391e+01
1.612499952316284180e+00 -3.966106414794921875e+00 1.142626953125000000e+01
1.625000000000000000e+00 -4.495225429534912109e+00 1.145428085327148438e+01
1.637500047683715820e+00 -4.973749160766601562e+00 1.146850109100341797e+01
1.649999976158142090e+00 -5.387794494628906250e+00 1.146795940399169922e+01
1.662500023841857910e+00 -5.721959114074707031e+00 1.147744941711425781e+01
1.674999952316284180e+00 -5.976433277130126953e+00 1.150244903564453125e+01
1.687500000000000000e+00 -6.157536983489990234e+00 1.152091407775878906e+01
1.700000047683715820e+00 -6.260241031646728516e+00 1.152326297760009766e+01
1.712499976158142090e+00 -6.273394584655761719e+00 1.152863597869873047e+01
1.725000023841857910e+00 -6.197455883026123047e+00 1.154996395111083984e+01
1.737499952316284180e+00 -6.043180942535400391e+00 1.157058620452880859e+01
1.750000000000000000e+00 -5.813888072967529297e+00 1.157387924194335938e+01
1.762500047683715820e+00 -5.502982616424560547e+00 1.157329368591308594e+01
1.774999976158142090e+00 -5.111447334289550781e+00 1.158859729766845703e+01
1.787500023841857910e+00 -4.654082298278808594e+00 1.160925769805908203e+01
1.799999952316284180e+00 -4.142226696014404297e+00 1.161142349243164062e+01
1.812500000000000000e+00 -3.573099136352539062e+00 1.160150814056396484e+01
1.825000047683715820e+00 -2.946450710296630859e+00 1.160758209228515625e+01
1.837499976158142090e+00 -2.280276298522949219e+00 1.162771797180175781e+01
1.850000023841857910e+00 -1.594231247901916504e+00 1.162711524963378906e+01
1.862499952316284180e+00 -8.848630189895629883e-01 1.160051250457763672e+01
1.875000000000000000e+00 -1.393576264381408691e-01 1.159448146820068359e+01
1.887500047683715820e+00 6.234554648399353027e-01 1.162820339202880859e+01
1.899999976158142090e+00 1.348653197288513184e+00 1.161706161499023438e+01
1.912500023841857910e+00 1.997252345085144043e+00 1.143019390106201172e+01
1.924999952316284180e+00 2.589939594268798828e+00 1.103292274475097656e+01
1.937500000000000000e+00 3.180225849151611328e+00 1.053430461883544922e+01
1.950000047683715820e+00 3.788296222686767578e+00 1.007917022705078125e+01
1.962499976158142090e+00 4.378508567810058594e+00 9.725815773010253906e+00
1.975000023841857910e+00 4.901149749755859375e+00 9.448780059814453125e+00
1.987499952316284180e+00 5.336419105529785156e+00 9.222481727600097656e+00
2.000000000000000000e+00 5.690157413482666016e+00 9.053742408752441406e+00
