0.000000000000000000e+00 6.240197181701660156e+00 8.819260597229003906e+00
1.250000018626451492e-02 6.279574871063232422e+00 8.781904220581054688e+00
2.500000037252902985e-02 6.238002300262451172e+00 8.787727355957031250e+00
3.750000149011611938e-02 6.110619544982910156e+00 8.827859878540039062e+00
5.000000074505805969e-02 5.896843910217285156e+00 8.885764122009277344e+00
6.250000000000000000e-02 5.606485366821289062e+00 8.974451065063476562e+00
7.500000298023223877e-02 5.246705055236816406e+00 9.120539665222167969e+00
8.749999850988388062e-02 4.814632892608642578e+00 9.317726135253906250e+00
1.000000014901161194e-01 4.314574241638183594e+00 9.538269996643066406e+00
1.124999970197677612e-01 3.771335840225219727e+00 9.796292304992675781e+00
1.250000000000000000e-01 3.206759214401245117e+00 1.014887142181396484e+01
1.375000029802322388e-01 2.606021642684936523e+00 1.059910392761230469e+01
1.500000059604644775e-01 1.930462598800659180e+00 1.103226661682128906e+01
1.624999940395355225e-01 1.173044323921203613e+00 1.130172252655029297e+01
1.749999970197677612e-01 3.838959336280822754e-01 1.137589359283447266e+01
1.875000000000000000e-01 -3.738538920879364014e-01 1.135877609252929688e+01
2.000000029802322388e-01 -1.082645893096923828e+00 1.136146354675292969e+01
2.125000059604644775e-01 -1.768682718276977539e+00 1.139701366424560547e+01
2.249999940395355225e-01 -2.449958324432373047e+00 1.141859149932861328e+01
2.374999970197677612e-01 -3.108712911605834961e+00 1.141418361663818359e+01
2.500000000000000000e-01 -3.717581272125244141e+00 1.141697883605957031e+01
2.624999880790710449e-01 -4.270332813262939453e+00 1.144208145141601562e+01
2.750000059604644775e-01 -4.772920131683349609e+00 1.146492671966552734e+01
2.874999940395355225e-01 -5.218372821807861328e+00 1.146838188171386719e+01
3.000000119209289551e-01 -5.588813781738281250e+00 1.147087287902832031e+01
3.125000000000000000e-01 -5.877137660980224609e+00 1.149104309082031250e+01
3.249999880790710449e-01 -6.089658737182617188e+00 1.151526355743408203e+01
3.375000059604644775e-01 -6.227194786071777344e+00 1.152341938018798828e+01
3.499999940395355225e-01 -6.278894424438476562e+00 1.152459049224853516e+01
3.625000119209289551e-01 -6.238861560821533203e+00 1.153981208801269531e+01
3.750000000000000000e-01 -6.115464210510253906e+00 1.156390666961669922e+01
3.874999880790710449e-01 -5.916980743408203125e+00 1.157456398010253906e+01
4.000000059604644775e-01 -5.639405250549316406e+00 1.157248306274414062e+01
4.124999940395355225e-01 -5.278427600860595703e+00 1.158060455322265625e+01
4.250000119209289551e-01 -4.844387054443359375e+00 1.160238075256347656e+01
4.375000000000000000e-01 -4.352693557739257812e+00 1.161355972290039062e+01
4.499999880790710449e-01 -3.805660486221313477e+00 1.160525703430175781e+01
4.625000059604644775e-01 -3.199024677276611328e+00 1.160261058807373047e+01
4.749999940395355225e-01 -2.543675899505615234e+00 1.162059974670410156e+01
4.875000119209289551e-01 -1.862479686737060547e+00 1.163188076019287109e+01
5.000000000000000000e-01 -1.162175059318542480e+00 1.161184501647949219e+01
5.124999880790710449e-01 -4.289076626300811768e-01 1.159162998199462891e+01
5.249999761581420898e-01 3.345371782779693604e-01 1.161414813995361328e+01
5.375000238418579102e-01 1.082909464836120605e+00 1.163589096069335938e+01
5.500000119209289551e-01 1.763158440589904785e+00 1.152689743041992188e+01
5.625000000000000000e-01 2.372342109680175781e+00 1.120140171051025391e+01
5.749999880790710449e-01 2.959506511688232422e+00 1.072088909149169922e+01
5.874999761581420898e-01 3.564045667648315430e+00 1.023572731018066406e+01
6.000000238418579102e-01 4.168625831604003906e+00 9.844211578369140625e+00
6.125000119209289551e-01 4.721602916717529297e+00 9.543157577514648438e+00
6.250000000000000000e-01 5.189722061157226562e+00 9.298273086547851562e+00
6.374999880790710449e-01 5.572734832763671875e+00 9.106913566589355469e+00
6.499999761581420898e-01 5.877041816711425781e+00 8.977228164672851562e+00
6.625000238418579102e-01 6.098057746887207031e+00 8.891433715820312500e+00
6.750000119209289551e-01 6.230753898620605469e+00 8.825468063354492188e+00
6.875000000000000000e-01 6.279160499572753906e+00 8.784069061279296875e+00
6.999999880790710449e-01 6.246773719787597656e+00 8.784983634948730469e+00
7.124999761581420898e-01 6.129190921783447266e+00 8.822379112243652344e+00
7.250000238418579102e-01 5.924685955047607422e+00 8.878323554992675781e+00
7.375000119209289551e-01 5.642309665679931641e+00 8.962056159973144531e+00
7.500000000000000000e-01 5.290297031402587891e+00 9.101225852966308594e+00
7.624999880790710449e-01 4.866417884826660156e+00 9.294225692749023438e+00
7.749999761581420898e-01 4.373025894165039062e+00 9.512679100036621094e+00
7.875000238418579102e-01 3.833097219467163086e+00 9.763876914978027344e+00
8.000000119209289551e-01 3.270831823348999023e+00 1.010377311706542969e+01
8.125000000000000000e-01 2.676027774810791016e+00 1.054681205749511719e+01
8.249999880790710449e-01 2.010209321975708008e+00 1.098996353149414062e+01
8.374999761581420898e-01 1.260324239730834961e+00 1.128222751617431641e+01
8.500000238418579102e-01 4.712016880512237549e-01 1.137471294403076172e+01
8.625000119209289551e-01 -2.920273542404174805e-01 1.136103820800781250e+01
8.750000000000000000e-01 -1.005393266677856445e+00 1.135888099670410156e+01
8.874999880790710449e-01 -1.692471146583557129e+00 1.139291477203369141e+01
8.999999761581420898e-01 -2.374575138092041016e+00 1.141781902313232422e+01
9.125000238418579102e-01 -3.037391901016235352e+00 1.141501426696777344e+01
9.250000119209289551e-01 -3.652595758438110352e+00 1.141541194915771484e+01
9.375000000000000000e-01 -4.211274623870849609e+00 1.143878650665283203e+01
9.499999880790710449e-01 -4.719440460205078125e+00 1.146335887908935547e+01
9.624999761581420898e-01 -5.172134399414062500e+00 1.146858692169189453e+01
9.750000238418579102e-01 -5.551629066467285156e+00 1.146980285644531250e+01
9.875000119209289551e-01 -5.848900794982910156e+00 1.148810482025146484e+01
1.000000000000000000e+00 -6.069569587707519531e+00 1.151318550109863281e+01
1.012500047683715820e+00 -6.215881824493408203e+00 1.152329063415527344e+01
1.024999976158142090e+00 -6.277702808380126953e+00 1.152401447296142578e+01
1.037500023841857910e+00 -6.247684001922607422e+00 1.153728866577148438e+01
1.049999952316284180e+00 -6.132984161376953125e+00 1.156155300140380859e+01
1.062500000000000000e+00 -5.942861557006835938e+00 1.157433414459228516e+01
1.075000047683715820e+00 -5.674498558044433594e+00 1.157261657714843750e+01
1.087499976158142090e+00 -5.322591781616210938e+00 1.157875251770019531e+01
1.100000023841857910e+00 -4.895825386047363281e+00 1.159997653961181641e+01
1.112499952316284180e+00 -4.410138130187988281e+00 1.161347007751464844e+01
1.125000000000000000e+00 -3.869568824768066406e+00 1.160650634765625000e+01
1.137500047683715820e+00 -3.269433498382568359e+00 1.160177993774414062e+01
1.149999976158142090e+00 -2.618379831314086914e+00 1.161816406250000000e+01
1.162500023841857910e+00 -1.939218044281005859e+00 1.163213348388671875e+01
1.174999952316284180e+00 -1.241569995880126953e+00 1.161512565612792969e+01
1.187500000000000000e+00 -5.125448107719421387e-01 1.159210681915283203e+01
1.200000047683715820e+00 2.490654438734054565e-01 1.160983562469482422e+01
1.212499976158142090e+00 1.002170920372009277e+00 1.163734245300292969e+01
1.225000023841857910e+00 1.691402554512023926e+00 1.154934120178222656e+01
1.237499952316284180e+00 2.306629896163940430e+00 1.124775695800781250e+01
1.250000000000000000e+00 2.893494606018066406e+00 1.077744865417480469e+01
1.262500047683715820e+00 3.495853185653686523e+00 1.028599166870117188e+01
1.274999976158142090e+00 4.102847099304199219e+00 9.882675170898437500e+00
1.287500023841857910e+00 4.663900375366210938e+00 9.573495864868164062e+00
1.299999952316284180e+00 5.141938686370849609e+00 9.323155403137207031e+00
1.312500000000000000e+00 5.533971309661865234e+00 9.125163078308105469e+00
1.325000047683715820e+00 5.847094535827636719e+00 8.988956451416015625e+00
1.337499976158142090e+00 6.077787399291992188e+00 8.899758338928222656e+00
1.350000023841857910e+00 6.220264911651611328e+00 8.831963539123535156e+00
1.362499952316284180e+00 6.277754306793212891e+00 8.786793708801269531e+00
1.375000000000000000e+00 6.254483699798583984e+00 8.782711029052734375e+00
1.387500047683715820e+00 6.146667003631591797e+00 8.817092895507812500e+00
1.399999976158142090e+00 5.951561927795410156e+00 8.871202468872070312e+00
1.412500023841857910e+00 5.677284717559814453e+00 8.950387954711914062e+00
1.424999952316284180e+00 5.332992553710937500e+00 9.082619667053222656e+00
1.437500000000000000e+00 4.917311668395996094e+00 9.270997047424316406e+00
1.450000047683715820e+00 4.430894374847412109e+00 9.487425804138183594e+00
1.462499976158142090e+00 3.894623756408691406e+00 9.732605934143066406e+00
1.475000023841857910e+00 3.334537982940673828e+00 1.006010246276855469e+01
1.487499952316284180e+00 2.745122194290161133e+00 1.049458599090576172e+01
1.500000000000000000e+00 2.088840246200561523e+00 1.094566345214843750e+01
1.512500047683715820e+00 1.347091913223266602e+00 1.126007747650146484e+01
1.524999976158142090e+00 5.588809847831726074e-01 1.137219047546386719e+01
1.537500023841857910e+00 -2.095230221748352051e-01 1.136356449127197266e+01
1.549999952316284180e+00 -9.278197884559631348e-01 1.135683250427246094e+01
1.562500000000000000e+00 -1.616243958473205566e+00 1.138866043090820312e+01
1.575000047683715820e+00 -2.298968553543090820e+00 1.141663551330566406e+01
1.587499976158142090e+00 -2.965452671051025391e+00 1.141590309143066406e+01
1.600000023841857910e+00 -3.586888790130615234e+00 1.141418743133544922e+01
1.612499952316284180e+00 -4.151604652404785156e+00 1.143550300598144531e+01
1.625000000000000000e+00 -4.665288925170898438e+00 1.146150207519531250e+01
1.637500047683715820e+00 -5.124974250793457031e+00 1.146873569488525391e+01
1.649999976158142090e+00 -5.513402938842773438e+00 1.146898746490478516e+01
1.662500023841857910e+00 -5.819717407226562500e+00 1.148526573181152344e+01
1.674999952316284180e+00 -6.048573493957519531e+00 1.151088428497314453e+01
1.687500000000000000e+00 -6.203516006469726562e+00 1.152302360534667969e+01
1.700000047683715820e+00 -6.275351524353027344e+00 1.152362632751464844e+01
1.712499976158142090e+00 -6.255451679229736328e+00 1.153493022918701172e+01
1.725000023841857910e+00 -6.149583816528320312e+00 1.155903053283691406e+01
1.737499952316284180e+00 -5.967774391174316406e+00 1.157388877868652344e+01
1.750000000000000000e+00 -5.708535194396972656e+00 1.157286834716796875e+01
1.762500047683715820e+00 -5.365816116333007812e+00 1.157712936401367188e+01
1.774999976158142090e+00 -4.946548938751220703e+00 1.159746360778808594e+01
1.787500023841857910e+00 -4.466914176940917969e+00 1.161307811737060547e+01
1.799999952316284180e+00 -3.932719707489013672e+00 1.160778617858886719e+01
1.812500000000000000e+00 -3.339189767837524414e+00 1.160126972198486328e+01
1.825000047683715820e+00 -2.692750930786132812e+00 1.161570930480957031e+01
1.837499976158142090e+00 -2.015758037567138672e+00 1.163193130493164062e+01
1.850000023841857910e+00 -1.320562958717346191e+00 1.161829662322998047e+01
1.862499952316284180e+00 -5.957236289978027344e-01 1.159318351745605469e+01
1.875000000000000000e+00 1.635086089372634888e-01 1.160576629638671875e+01
1.887500047683715820e+00 9.205843806266784668e-01 1.163733100891113281e+01
1.899999976158142090e+00 1.618658423423767090e+00 1.156895732879638672e+01
1.912500023841857910e+00 2.240567922592163086e+00 1.129189300537109375e+01
1.924999952316284180e+00 2.827743053436279297e+00 1.083379840850830078e+01
1.937500000000000000e+00 3.427765130996704102e+00 1.033747863769531250e+01
1.950000047683715820e+00 4.036477565765380859e+00 9.922350883483886719e+00
1.962499976158142090e+00 4.605124473571777344e+00 9.604518890380859375e+00
1.975000023841857910e+00 5.093077659606933594e+00 9.348668098449707031e+00
1.987499952316284180e+00 5.494244575500488281e+00 9.144216537475585938e+00
2.000000000000000000e+00 5.816125869750976562e+00 9.001283645629882812e+00
