0.000000000000000000e+00 6.239751338958740234e+00 8.819500923156738281e+00
1.250000018626451492e-02 6.279335021972656250e+00 8.781952857971191406e+00
2.500000037252902985e-02 6.237541675567626953e+00 8.787807464599609375e+00
3.750000149011611938e-02 6.109474182128906250e+00 8.828108787536621094e+00
5.000000074505805969e-02 5.894583225250244141e+00 8.886264801025390625e+00
6.250000000000000000e-02 5.602790355682373047e+00 8.975583076477050781e+00
7.500000298023223877e-02 5.241228580474853516e+00 9.122747421264648438e+00
8.749999850988388062e-02 4.806964874267578125e+00 9.320940017700195312e+00
1.000000014901161194e-01 4.304602146148681641e+00 9.542391777038574219e+00
1.124999970197677612e-01 3.759384393692016602e+00 9.802351951599121094e+00
1.250000000000000000e-01 3.192864894866943359e+00 1.015829467773437500e+01
1.375000029802322388e-01 2.589218139648437500e+00 1.061092853546142578e+01
1.500000059604644775e-01 1.909538507461547852e+00 1.104230785369873047e+01
1.624999940395355225e-01 1.148229956626892090e+00 1.130622005462646484e+01
1.749999970197677612e-01 3.571056723594665527e-01 1.137558841705322266e+01
1.875000000000000000e-01 -4.009361863136291504e-01 1.135776329040527344e+01
2.000000029802322388e-01 -1.110162138938903809e+00 1.136216640472412109e+01
2.125000059604644775e-01 -1.797661900520324707e+00 1.139816284179687500e+01
2.249999940395355225e-01 -2.480279684066772461e+00 1.141846656799316406e+01
2.374999970197677612e-01 -3.138929843902587891e+00 1.141357803344726562e+01
2.500000000000000000e-01 -3.746578216552734375e+00 1.141753196716308594e+01
2.624999880790710449e-01 -4.298049926757812500e+00 1.144337177276611328e+01
2.750000059604644775e-01 -4.799171924591064453e+00 1.146535778045654297e+01
2.874999940395355225e-01 -5.241968154907226562e+00 1.146807193756103516e+01
3.000000119209289551e-01 -5.608487606048583984e+00 1.147141265869140625e+01
3.125000000000000000e-01 -5.892599105834960938e+00 1.149260616302490234e+01
3.249999880790710449e-01 -6.100915431976318359e+00 1.151626300811767578e+01
3.375000059604644775e-01 -6.233387470245361328e+00 1.152336788177490234e+01
3.499999940395355225e-01 -6.278784275054931641e+00 1.152504062652587891e+01
3.625000119209289551e-01 -6.232153415679931641e+00 1.154156303405761719e+01
3.750000000000000000e-01 -6.102587223052978516e+00 1.156542491912841797e+01
3.874999880790710449e-01 -5.897655487060546875e+00 1.157465744018554688e+01
4.000000059604644775e-01 -5.612608432769775391e+00 1.157257556915283203e+01
4.124999940395355225e-01 -5.243973255157470703e+00 1.158227920532226562e+01
4.250000119209289551e-01 -4.803310394287109375e+00 1.160429477691650391e+01
4.375000000000000000e-01 -4.305542945861816406e+00 1.161357402801513672e+01
4.499999880790710449e-01 -3.751698732376098633e+00 1.160447692871093750e+01
4.625000059604644775e-01 -3.138089179992675781e+00 1.160380363464355469e+01
4.749999940395355225e-01 -2.477555274963378906e+00 1.162290668487548828e+01
4.875000119209289551e-01 -1.792831778526306152e+00 1.163148307800292969e+01
5.000000000000000000e-01 -1.088056564331054688e+00 1.160904407501220703e+01
5.124999880790710449e-01 -3.488647043704986572e-01 1.159207820892333984e+01
5.249999761581420898e-01 4.178036153316497803e-01 1.161876678466796875e+01
5.375000238418579102e-01 1.162771582603454590e+00 1.163304519653320312e+01
5.500000119209289551e-01 1.835664033889770508e+00 1.150126552581787109e+01
5.625000000000000000e-01 2.440813779830932617e+00 1.115112590789794922e+01
5.749999880790710449e-01 3.030267238616943359e+00 1.066094112396240234e+01
5.874999761581420898e-01 3.638327121734619141e+00 1.018285942077636719e+01
6.000000238418579102e-01 4.240940093994140625e+00 9.803164482116699219e+00
6.125000119209289551e-01 4.785759449005126953e+00 9.509755134582519531e+00
6.250000000000000000e-01 5.243770122528076172e+00 9.270399093627929688e+00
6.374999880790710449e-01 5.617337703704833984e+00 9.086472511291503906e+00
6.499999761581420898e-01 5.911760807037353516e+00 8.963912963867187500e+00
6.625000238418579102e-01 6.121377944946289062e+00 8.881554603576660156e+00
6.750000119209289551e-01 6.242260932922363281e+00 8.817784309387207031e+00
6.875000000000000000e-01 6.279271125793457031e+00 8.781438827514648438e+00
6.999999880790710449e-01 6.234837055206298828e+00 8.788673400878906250e+00
7.124999761581420898e-01 6.103963851928710938e+00 8.829706192016601562e+00
7.250000238418579102e-01 5.886448860168457031e+00 8.888457298278808594e+00
7.375000119209289551e-01 5.592395305633544922e+00 8.979274749755859375e+00
7.500000000000000000e-01 5.228600978851318359e+00 9.128400802612304688e+00
7.624999880790710449e-01 4.792001247406005859e+00 9.327695846557617188e+00
7.749999761581420898e-01 4.287807464599609375e+00 9.549779891967773438e+00
7.875000238418579102e-01 3.741719007492065430e+00 9.811882972717285156e+00
8.000000119209289551e-01 3.174494504928588867e+00 1.017148399353027344e+01
8.125000000000000000e-01 2.569016456604003906e+00 1.062580108642578125e+01
8.249999880790710449e-01 1.886517882347106934e+00 1.105381584167480469e+01
8.374999761581420898e-01 1.123228073120117188e+00 1.131109714508056641e+01
8.500000238418579102e-01 3.323243558406829834e-01 1.137561798095703125e+01
8.625000119209289551e-01 -4.240902066230773926e-01 1.135722160339355469e+01
8.750000000000000000e-01 -1.132115960121154785e+00 1.136303901672363281e+01
8.874999880790710449e-01 -1.819390535354614258e+00 1.139926624298095703e+01
8.999999761581420898e-01 -2.501696109771728516e+00 1.141857433319091797e+01
9.125000238418579102e-01 -3.159070730209350586e+00 1.141337776184082031e+01
9.250000119209289551e-01 -3.764888286590576172e+00 1.141808223724365234e+01
9.375000000000000000e-01 -4.314698696136474609e+00 1.144429874420166016e+01
9.499999880790710449e-01 -4.814196109771728516e+00 1.146571159362792969e+01
9.624999761581420898e-01 -5.254839420318603516e+00 1.146801185607910156e+01
9.750000238418579102e-01 -5.618740081787109375e+00 1.147180843353271484e+01
9.875000119209289551e-01 -5.900329113006591797e+00 1.149346351623535156e+01
1.000000000000000000e+00 -6.106320858001708984e+00 1.151677227020263672e+01
1.012500047683715820e+00 -6.236227035522460938e+00 1.152336978912353516e+01
1.024999976158142090e+00 -6.278699874877929688e+00 1.152528476715087891e+01
1.037500023841857910e+00 -6.229252338409423828e+00 1.154233074188232422e+01
1.049999952316284180e+00 -6.097243309020996094e+00 1.156602001190185547e+01
1.062500000000000000e+00 -5.889894485473632812e+00 1.157465362548828125e+01
1.075000047683715820e+00 -5.602185249328613281e+00 1.157260036468505859e+01
1.087499976158142090e+00 -5.231014251708984375e+00 1.158288860321044922e+01
1.100000023841857910e+00 -4.788358211517333984e+00 1.160491561889648438e+01
1.112499952316284180e+00 -4.288879394531250000e+00 1.161348247528076172e+01
1.125000000000000000e+00 -3.733153820037841797e+00 1.160416126251220703e+01
1.137500047683715820e+00 -3.117747545242309570e+00 1.160417366027832031e+01
1.149999976158142090e+00 -2.456123828887939453e+00 1.162355804443359375e+01
1.162500023841857910e+00 -1.770854234695434570e+00 1.163120746612548828e+01
1.174999952316284180e+00 -1.065220475196838379e+00 1.160810947418212891e+01
1.187500000000000000e+00 -3.248221278190612793e-01 1.159223556518554688e+01
1.200000047683715820e+00 4.420872032642364502e-01 1.162002182006835938e+01
1.212499976158142090e+00 1.185365915298461914e+00 1.163181877136230469e+01
1.225000023841857910e+00 1.855683326721191406e+00 1.149350261688232422e+01
1.237499952316284180e+00 2.459436416625976562e+00 1.113696479797363281e+01
1.250000000000000000e+00 3.049229145050048828e+00 1.064485645294189453e+01
1.262500047683715820e+00 3.657779455184936523e+00 1.016917133331298828e+01
1.274999976158142090e+00 4.259351730346679688e+00 9.792757987976074219e+00
1.287500023841857910e+00 4.801657676696777344e+00 9.501422882080078125e+00
1.299999952316284180e+00 5.256855487823486328e+00 9.263640403747558594e+00
1.312500000000000000e+00 5.627891540527343750e+00 9.081685066223144531e+00
1.325000047683715820e+00 5.919751644134521484e+00 8.960850715637207031e+00
1.337499976158142090e+00 6.126563549041748047e+00 8.879286766052246094e+00
1.350000023841857910e+00 6.244686603546142578e+00 8.816094398498535156e+00
1.362499952316284180e+00 6.279126167297363281e+00 8.780971527099609375e+00
1.375000000000000000e+00 6.232045173645019531e+00 8.789574623107910156e+00
1.387500047683715820e+00 6.098364830017089844e+00 8.831318855285644531e+00
1.399999976158142090e+00 5.878238201141357422e+00 8.890680313110351562e+00
1.412500023841857910e+00 5.581932067871093750e+00 8.983029365539550781e+00
1.424999952316284180e+00 5.215899467468261719e+00 9.134107589721679688e+00
1.437500000000000000e+00 4.776967525482177734e+00 9.334468841552734375e+00
1.450000047683715820e+00 4.270971298217773438e+00 9.557203292846679688e+00
1.462499976158142090e+00 3.724036216735839844e+00 9.821517944335937500e+00
1.475000023841857910e+00 3.156088113784790039e+00 1.018478107452392578e+01
1.487499952316284180e+00 2.548733711242675781e+00 1.064064884185791016e+01
1.500000000000000000e+00 1.863410353660583496e+00 1.106513977050781250e+01
1.512500047683715820e+00 1.098197460174560547e+00 1.131576728820800781e+01
1.524999976158142090e+00 3.075826466083526611e-01 1.137556457519531250e+01
1.537500023841857910e+00 -4.471914470195770264e-01 1.135671424865722656e+01
1.549999952316284180e+00 -1.154050350189208984e+00 1.136394691467285156e+01
1.562500000000000000e+00 -1.841117978096008301e+00 1.140034866333007812e+01
1.575000047683715820e+00 -2.523087739944458008e+00 1.141865253448486328e+01
1.587499976158142090e+00 -3.179157495498657227e+00 1.141318988800048828e+01
1.600000023841857910e+00 -3.783141136169433594e+00 1.141865730285644531e+01
1.612499952316284180e+00 -4.331298351287841797e+00 1.144521903991699219e+01
1.625000000000000000e+00 -4.829162120819091797e+00 1.146604347229003906e+01
1.637500047683715820e+00 -5.267632484436035156e+00 1.146795368194580078e+01
1.649999976158142090e+00 -5.628908634185791016e+00 1.147222518920898438e+01
1.662500023841857910e+00 -5.907983779907226562e+00 1.149432373046875000e+01
1.674999952316284180e+00 -6.111650943756103516e+00 1.151726055145263672e+01
1.687500000000000000e+00 -6.238977909088134766e+00 1.152336692810058594e+01
1.700000047683715820e+00 -6.278521537780761719e+00 1.152554607391357422e+01
1.712499976158142090e+00 -6.226268291473388672e+00 1.154310798645019531e+01
1.725000023841857910e+00 -6.091824531555175781e+00 1.156659793853759766e+01
1.737499952316284180e+00 -5.882052421569824219e+00 1.157463645935058594e+01
1.750000000000000000e+00 -5.591677188873291016e+00 1.157264137268066406e+01
1.762500047683715820e+00 -5.217983245849609375e+00 1.158351325988769531e+01
1.774999976158142090e+00 -4.773350238800048828e+00 1.160552120208740234e+01
1.787500023841857910e+00 -4.272160530090332031e+00 1.161336994171142578e+01
1.799999952316284180e+00 -3.714547157287597656e+00 1.160385704040527344e+01
1.812500000000000000e+00 -3.097358226776123047e+00 1.160456848144531250e+01
1.825000047683715820e+00 -2.434670686721801758e+00 1.162419605255126953e+01
1.837499976158142090e+00 -1.748858332633972168e+00 1.163089370727539062e+01
1.850000023841857910e+00 -1.042347311973571777e+00 1.160718059539794922e+01
1.862499952316284180e+00 -3.007484674453735352e-01 1.159244537353515625e+01
1.875000000000000000e+00 4.663471877574920654e-01 1.162127017974853516e+01
1.887500047683715820e+00 1.207881331443786621e+00 1.163043498992919922e+01
1.899999976158142090e+00 1.875631093978881836e+00 1.148550510406494141e+01
1.912500023841857910e+00 2.478047132492065430e+00 1.112266063690185547e+01
1.924999952316284180e+00 3.068215847015380859e+00 1.062879562377929688e+01
1.937500000000000000e+00 3.677227020263671875e+00 1.015559196472167969e+01
1.950000047683715820e+00 4.277700901031494141e+00 9.782439231872558594e+00
1.962499976158142090e+00 4.817465305328369141e+00 9.493141174316406250e+00
1.975000023841857910e+00 5.269855976104736328e+00 9.256937026977539062e+00
1.987499952316284180e+00 5.638367652893066406e+00 9.076962471008300781e+00
2.000000000000000000e+00 5.927656173706054688e+00 8.957826614379882812e+00
