0.000000000000000000e+00 6.239315509796142578e+00 8.819849967956542969e+00
1.250000018626451492e-02 6.279105663299560547e+00 8.782109260559082031e+00
2.500000037252902985e-02 6.237090587615966797e+00 8.787996292114257812e+00
3.750000149011611938e-02 6.108335971832275391e+00 8.828466415405273438e+00
5.000000074505805969e-02 5.892325878143310547e+00 8.886875152587890625e+00
6.250000000000000000e-02 5.599095344543457031e+00 8.976829528808593750e+00
7.500000298023223877e-02 5.235746860504150391e+00 9.125072479248046875e+00
8.749999850988388062e-02 4.799285888671875000e+00 9.324265480041503906e+00
1.000000014901161194e-01 4.294620513916015625e+00 9.546630859375000000e+00
1.124999970197677612e-01 3.747429370880126953e+00 9.808556556701660156e+00
1.250000000000000000e-01 3.178957223892211914e+00 1.016787528991699219e+01
1.375000029802322388e-01 2.572367906570434570e+00 1.062283706665039062e+01
1.500000059604644775e-01 1.888546347618103027e+00 1.105230236053466797e+01
1.624999940395355225e-01 1.123382687568664551e+00 1.131061935424804688e+01
1.749999970197677612e-01 3.303511440753936768e-01 1.137528991699218750e+01
1.875000000000000000e-01 -4.279550313949584961e-01 1.135689544677734375e+01
2.000000029802322388e-01 -1.137649893760681152e+00 1.136302089691162109e+01
2.125000059604644775e-01 -1.826638817787170410e+00 1.139937210083007812e+01
2.249999940395355225e-01 -2.510555744171142578e+00 1.141837978363037109e+01
2.374999970197677612e-01 -3.169031620025634766e+00 1.141309547424316406e+01
2.500000000000000000e-01 -3.775437355041503906e+00 1.141824436187744141e+01
2.624999880790710449e-01 -4.325635910034179688e+00 1.144474124908447266e+01
2.750000059604644775e-01 -4.825253486633300781e+00 1.146581363677978516e+01
2.874999940395355225e-01 -5.265310287475585938e+00 1.146786212921142578e+01
3.000000119209289551e-01 -5.627861022949218750e+00 1.147212505340576172e+01
3.125000000000000000e-01 -5.907767772674560547e+00 1.149427223205566406e+01
3.249999880790710449e-01 -6.111854076385498047e+00 1.151727008819580078e+01
3.375000059604644775e-01 -6.239175319671630859e+00 1.152338218688964844e+01
3.499999940395355225e-01 -6.278208732604980469e+00 1.152567768096923828e+01
3.625000119209289551e-01 -6.225002288818359375e+00 1.154345417022705078e+01
3.750000000000000000e-01 -6.089284420013427734e+00 1.156693553924560547e+01
3.874999880790710449e-01 -5.877835273742675781e+00 1.157476520538330078e+01
4.000000059604644775e-01 -5.585249423980712891e+00 1.157286357879638672e+01
4.124999940395355225e-01 -5.209010601043701172e+00 1.158415889739990234e+01
4.250000119209289551e-01 -4.761818885803222656e+00 1.160619354248046875e+01
4.375000000000000000e-01 -4.257951259613037109e+00 1.161351203918457031e+01
4.499999880790710449e-01 -3.697218656539916992e+00 1.160388660430908203e+01
4.625000059604644775e-01 -3.076725721359252930e+00 1.160531711578369141e+01
4.749999940395355225e-01 -2.411226511001586914e+00 1.162520027160644531e+01
4.875000119209289551e-01 -1.723006963729858398e+00 1.163081169128417969e+01
5.000000000000000000e-01 -1.013554573059082031e+00 1.160640239715576172e+01
5.124999880790710449e-01 -2.684645056724548340e-01 1.159322643280029297e+01
5.249999761581420898e-01 5.008279085159301758e-01 1.162343025207519531e+01
5.375000238418579102e-01 1.241686701774597168e+00 1.162842464447021484e+01
5.500000119209289551e-01 1.907223701477050781e+00 1.147273921966552734e+01
5.625000000000000000e-01 2.509066104888916016e+00 1.109900283813476562e+01
5.749999880790710449e-01 3.101336240768432617e+00 1.060140228271484375e+01
5.874999761581420898e-01 3.712548255920410156e+00 1.013169860839843750e+01
6.000000238418579102e-01 4.312332630157470703e+00 9.763545036315917969e+00
6.125000119209289551e-01 4.848495960235595703e+00 9.477227210998535156e+00
6.250000000000000000e-01 5.296429634094238281e+00 9.243529319763183594e+00
6.374999880790710449e-01 5.660601615905761719e+00 9.067253112792968750e+00
6.499999761581420898e-01 5.944947242736816406e+00 8.951428413391113281e+00
6.625000238418579102e-01 6.143010139465332031e+00 8.872061729431152344e+00
6.750000119209289551e-01 6.252133369445800781e+00 8.810719490051269531e+00
6.875000000000000000e-01 6.277746677398681641e+00 8.779852867126464844e+00
6.999999880790710449e-01 6.221071243286132812e+00 8.793195724487304688e+00
7.124999761581420898e-01 6.076819896697998047e+00 8.837450981140136719e+00
7.250000238418579102e-01 5.846486568450927734e+00 8.899385452270507812e+00
7.375000119209289551e-01 5.540875911712646484e+00 8.998047828674316406e+00
7.500000000000000000e-01 5.165127277374267578e+00 9.156951904296875000e+00
7.624999880790710449e-01 4.715840339660644531e+00 9.361727714538574219e+00
7.749999761581420898e-01 4.201513767242431641e+00 9.587896347045898438e+00
7.875000238418579102e-01 3.649884223937988281e+00 9.862723350524902344e+00
8.000000119209289551e-01 3.077190399169921875e+00 1.024218940734863281e+01
8.125000000000000000e-01 2.459751367568969727e+00 1.070416450500488281e+01
8.249999880790710449e-01 1.760309338569641113e+00 1.111238002777099609e+01
8.374999761581420898e-01 9.852598309516906738e-01 1.133385944366455078e+01
8.500000238418579102e-01 1.946431696414947510e-01 1.137409019470214844e+01
8.625000119209289551e-01 -5.544904470443725586e-01 1.135462665557861328e+01
8.750000000000000000e-01 -1.258194327354431152e+00 1.136845779418945312e+01
8.874999880790710449e-01 -1.946244239807128906e+00 1.140497875213623047e+01
8.999999761581420898e-01 -2.627942085266113281e+00 1.141842555999755859e+01
9.125000238418579102e-01 -3.278793573379516602e+00 1.141230201721191406e+01
9.250000119209289551e-01 -3.875057697296142578e+00 1.142179584503173828e+01
9.375000000000000000e-01 -4.416250705718994141e+00 1.144966793060302734e+01
9.499999880790710449e-01 -4.906671047210693359e+00 1.146727371215820312e+01
9.624999761581420898e-01 -5.334395885467529297e+00 1.146762847900390625e+01
9.750000238418579102e-01 -5.682393074035644531e+00 1.147479820251464844e+01
9.875000119209289551e-01 -5.948578834533691406e+00 1.149899578094482422e+01
1.000000000000000000e+00 -6.139804840087890625e+00 1.151959133148193359e+01
1.012500047683715820e+00 -6.252635002136230469e+00 1.152331542968750000e+01
1.024999976158142090e+00 -6.275424957275390625e+00 1.152749156951904297e+01
1.037500023841857910e+00 -6.206960201263427734e+00 1.154784774780273438e+01
1.049999952316284180e+00 -6.057943820953369141e+00 1.156973075866699219e+01
1.062500000000000000e+00 -5.832964420318603516e+00 1.157446098327636719e+01
1.075000047683715820e+00 -5.525590896606445312e+00 1.157344532012939453e+01
1.087499976158142090e+00 -5.135738849639892578e+00 1.158786964416503906e+01
1.100000023841857910e+00 -4.677972793579101562e+00 1.160912990570068359e+01
1.112499952316284180e+00 -4.164612770080566406e+00 1.161245536804199219e+01
1.125000000000000000e+00 -3.593352079391479492e+00 1.160254383087158203e+01
1.137500047683715820e+00 -2.963399648666381836e+00 1.160801601409912109e+01
1.149999976158142090e+00 -2.292619466781616211e+00 1.162830734252929688e+01
1.162500023841857910e+00 -1.601409554481506348e+00 1.162821769714355469e+01
1.174999952316284180e+00 -8.866553902626037598e-01 1.160162639617919922e+01
1.187500000000000000e+00 -1.352066546678543091e-01 1.159573554992675781e+01
1.200000047683715820e+00 6.336416602134704590e-01 1.162975502014160156e+01
1.212499976158142090e+00 1.363535165786743164e+00 1.161633014678955078e+01
1.225000023841857910e+00 2.015268564224243164e+00 1.142252445220947266e+01
1.237499952316284180e+00 2.611354351043701172e+00 1.101684379577636719e+01
1.250000000000000000e+00 3.206532478332519531e+00 1.051403903961181641e+01
1.262500047683715820e+00 3.819327116012573242e+00 1.006002712249755859e+01
1.274999976158142090e+00 4.411460876464843750e+00 9.709015846252441406e+00
1.287500023841857910e+00 4.932919025421142578e+00 9.432999610900878906e+00
1.299999952316284180e+00 5.365583419799804688e+00 9.208304405212402344e+00
1.312500000000000000e+00 5.715945243835449219e+00 9.043130874633789062e+00
1.325000047683715820e+00 5.985844135284423828e+00 8.935854911804199219e+00
1.337499976158142090e+00 6.168303489685058594e+00 8.860096931457519531e+00
1.350000023841857910e+00 6.262435913085937500e+00 8.802510261535644531e+00
1.362499952316284180e+00 6.273917198181152344e+00 8.779027938842773438e+00
1.375000000000000000e+00 6.202376365661621094e+00 8.799335479736328125e+00
1.387500047683715820e+00 6.042663097381591797e+00 8.846865653991699219e+00
1.399999976158142090e+00 5.798384189605712891e+00 8.912990570068359375e+00
1.412500023841857910e+00 5.480562210083007812e+00 9.021215438842773438e+00
1.424999952316284180e+00 5.092244625091552734e+00 9.190264701843261719e+00
1.437500000000000000e+00 4.630359172821044922e+00 9.399675369262695312e+00
1.450000047683715820e+00 4.107304573059082031e+00 9.630526542663574219e+00
1.462499976158142090e+00 3.551821470260620117e+00 9.920279502868652344e+00
1.475000023841857910e+00 2.974114656448364258e+00 1.031935024261474609e+01
1.487499952316284180e+00 2.344523191452026367e+00 1.078386402130126953e+01
1.500000000000000000e+00 1.629621028900146484e+00 1.116639328002929688e+01
1.512500047683715820e+00 8.466752767562866211e-01 1.135127067565917969e+01
1.524999976158142090e+00 6.035209074616432190e-02 1.137118244171142578e+01
1.537500023841857910e+00 -6.795521974563598633e-01 1.135368156433105469e+01
1.549999952316284180e+00 -1.378332853317260742e+00 1.137467288970947266e+01
1.562500000000000000e+00 -2.065760135650634766e+00 1.140971946716308594e+01
1.575000047683715820e+00 -2.744385004043579102e+00 1.141778182983398438e+01
1.587499976158142090e+00 -3.386826038360595703e+00 1.141209125518798828e+01
1.600000023841857910e+00 -3.972996950149536133e+00 1.142600345611572266e+01
1.612499952316284180e+00 -4.505381107330322266e+00 1.145421028137207031e+01
1.625000000000000000e+00 -4.986204624176025391e+00 1.146811103820800781e+01
1.637500047683715820e+00 -5.401016712188720703e+00 1.146764850616455078e+01
1.649999976158142090e+00 -5.734417438507080078e+00 1.147808837890625000e+01
1.662500023841857910e+00 -5.987152576446533203e+00 1.150358581542968750e+01
1.674999952316284180e+00 -6.165407180786132812e+00 1.152130031585693359e+01
1.687500000000000000e+00 -6.263331890106201172e+00 1.152326774597167969e+01
1.700000047683715820e+00 -6.269836902618408203e+00 1.152989578247070312e+01
1.712499976158142090e+00 -6.186497688293457031e+00 1.155230140686035156e+01
1.725000023841857910e+00 -6.024337768554687500e+00 1.157190704345703125e+01
1.737499952316284180e+00 -5.785576343536376953e+00 1.157394886016845703e+01
1.750000000000000000e+00 -5.463384628295898438e+00 1.157459259033203125e+01
1.762500047683715820e+00 -5.060415744781494141e+00 1.159184360504150391e+01
1.774999976158142090e+00 -4.592490196228027344e+00 1.161142730712890625e+01
1.787500023841857910e+00 -4.069516181945800781e+00 1.161091613769531250e+01
1.799999952316284180e+00 -3.487646102905273438e+00 1.160175991058349609e+01
1.812500000000000000e+00 -2.848824501037597656e+00 1.161128139495849609e+01
1.825000047683715820e+00 -2.173467874526977539e+00 1.163070964813232422e+01
1.837499976158142090e+00 -1.479136824607849121e+00 1.162464237213134766e+01
1.850000023841857910e+00 -7.585490942001342773e-01 1.159754467010498047e+01
1.862499952316284180e+00 -1.305159996263682842e-03 1.159977245330810547e+01
1.875000000000000000e+00 7.652294635772705078e-01 1.163479137420654297e+01
1.887500047683715820e+00 1.482832312583923340e+00 1.159847640991210938e+01
1.899999976158142090e+00 2.121531486511230469e+00 1.136546325683593750e+01
1.912500023841857910e+00 2.713724374771118164e+00 1.093166351318359375e+01
1.924999952316284180e+00 3.312429189682006836e+00 1.042843723297119141e+01
1.937500000000000000e+00 3.925506830215454102e+00 9.991709709167480469e+00
1.950000047683715820e+00 4.508346080780029297e+00 9.656719207763671875e+00
1.962499976158142090e+00 5.014582633972167969e+00 9.390219688415527344e+00
1.975000023841857910e+00 5.432266235351562500e+00 9.174921035766601562e+00
1.987499952316284180e+00 5.768879413604736328e+00 9.020848274230957031e+00
2.000000000000000000e+00 6.024068832397460938e+00 8.921195030212402344e+00
