0.000000000000000000e+00 6.238869190216064453e+00 8.820088386535644531e+00
1.250000018626451492e-02 6.278867244720458984e+00 8.782155990600585938e+00
2.500000037252902985e-02 6.236629962921142578e+00 8.788075447082519531e+00
3.750000149011611938e-02 6.107186794281005859e+00 8.828713417053222656e+00
5.000000074505805969e-02 5.890056133270263672e+00 8.887376785278320312e+00
6.250000000000000000e-02 5.595386028289794922e+00 8.977972030639648438e+00
7.500000298023223877e-02 5.230247020721435547e+00 9.127297401428222656e+00
8.749999850988388062e-02 4.791584491729736328e+00 9.327488899230957031e+00
1.000000014901161194e-01 4.284620761871337891e+00 9.550774574279785156e+00
1.124999970197677612e-01 3.735464334487915039e+00 9.814696311950683594e+00
1.250000000000000000e-01 3.165030717849731445e+00 1.017740345001220703e+01
1.375000029802322388e-01 2.555467367172241211e+00 1.063462066650390625e+01
1.500000059604644775e-01 1.867486715316772461e+00 1.106204414367675781e+01
1.624999940395355225e-01 1.098506808280944824e+00 1.131472396850585938e+01
1.749999970197677612e-01 3.036382794380187988e-01 1.137480640411376953e+01
1.875000000000000000e-01 -4.549048840999603271e-01 1.135598087310791016e+01
2.000000029802322388e-01 -1.165102720260620117e+00 1.136383247375488281e+01
2.125000059604644775e-01 -1.855602741241455078e+00 1.140044689178466797e+01
2.249999940395355225e-01 -2.540771245956420898e+00 1.141814517974853516e+01
2.374999970197677612e-01 -3.199002027511596680e+00 1.141255283355712891e+01
2.500000000000000000e-01 -3.804143428802490234e+00 1.141892623901367188e+01
2.624999880790710449e-01 -4.353074073791503906e+00 1.144599914550781250e+01
2.750000059604644775e-01 -4.851143360137939453e+00 1.146611118316650391e+01
2.874999940395355225e-01 -5.288375854492187500e+00 1.146757698059082031e+01
3.000000119209289551e-01 -5.646915912628173828e+00 1.147282886505126953e+01
3.125000000000000000e-01 -5.922624588012695312e+00 1.149585342407226562e+01
3.249999880790710449e-01 -6.122453212738037109e+00 1.151810359954833984e+01
3.375000059604644775e-01 -6.244534969329833984e+00 1.152329444885253906e+01
3.499999940395355225e-01 -6.277150154113769531e+00 1.152632522583007812e+01
3.625000119209289551e-01 -6.217394828796386719e+00 1.154529666900634766e+01
3.750000000000000000e-01 -6.075538158416748047e+00 1.156825065612792969e+01
3.874999880790710449e-01 -5.857499122619628906e+00 1.157471656799316406e+01
4.000000059604644775e-01 -5.557316780090332031e+00 1.157317352294921875e+01
4.124999940395355225e-01 -5.173537731170654297e+00 1.158604145050048828e+01
4.250000119209289551e-01 -4.719907283782958984e+00 1.160786914825439453e+01
4.375000000000000000e-01 -4.209904193878173828e+00 1.161319828033447266e+01
4.499999880790710449e-01 -3.642214536666870117e+00 1.160332202911376953e+01
4.625000059604644775e-01 -3.014951229095458984e+00 1.160694313049316406e+01
4.749999940395355225e-01 -2.344705104827880859e+00 1.162724494934082031e+01
4.875000119209289551e-01 -1.652991890907287598e+00 1.162968158721923828e+01
5.000000000000000000e-01 -9.386550188064575195e-01 1.160379505157470703e+01
5.124999880790710449e-01 -1.877495944499969482e-01 1.159487533569335938e+01
5.249999761581420898e-01 5.835183858871459961e-01 1.162777328491210938e+01
5.375000238418579102e-01 1.319605112075805664e+00 1.162163352966308594e+01
5.500000119209289551e-01 1.977887749671936035e+00 1.144112968444824219e+01
5.625000000000000000e-01 2.577178955078125000e+00 1.104507350921630859e+01
5.749999880790710449e-01 3.172703027725219727e+00 1.054229545593261719e+01
5.874999761581420898e-01 3.786597967147827148e+00 1.008205509185791016e+01
6.000000238418579102e-01 4.382697582244873047e+00 9.725043296813964844e+00
6.125000119209289551e-01 4.909784317016601562e+00 9.445331573486328125e+00
6.250000000000000000e-01 5.347705841064453125e+00 9.217488288879394531e+00
6.374999880790710449e-01 5.702499389648437500e+00 9.049014091491699219e+00
6.499999761581420898e-01 5.976556777954101562e+00 8.939473152160644531e+00
6.625000238418579102e-01 6.162940979003906250e+00 8.862721443176269531e+00
6.750000119209289551e-01 6.260371208190917969e+00 8.804124832153320312e+00
6.875000000000000000e-01 6.274558544158935547e+00 8.779104232788085938e+00
6.999999880790710449e-01 6.205439090728759766e+00 8.798253059387207031e+00
7.124999761581420898e-01 6.047765254974365234e+00 8.845387458801269531e+00
7.250000238418579102e-01 5.804825782775878906e+00 8.911008834838867188e+00
7.375000119209289551e-01 5.487732887268066406e+00 9.018202781677246094e+00
7.500000000000000000e-01 5.099845886230468750e+00 9.186530113220214844e+00
7.624999880790710449e-01 4.637998580932617188e+00 9.396049499511718750e+00
7.749999761581420898e-01 4.114276885986328125e+00 9.627058029174804688e+00
7.875000238418579102e-01 3.557599544525146484e+00 9.916405677795410156e+00
8.000000119209289551e-01 2.978723049163818359e+00 1.031532096862792969e+01
8.125000000000000000e-01 2.348076105117797852e+00 1.078085422515869141e+01
8.249999880790710449e-01 1.631753325462341309e+00 1.116497611999511719e+01
8.374999761581420898e-01 8.468204140663146973e-01 1.135074901580810547e+01
8.500000238418579102e-01 5.838762968778610229e-02 1.137074851989746094e+01
8.625000119209289551e-01 -6.833466291427612305e-01 1.135334587097167969e+01
8.750000000000000000e-01 -1.383815169334411621e+00 1.137462234497070312e+01
8.874999880790710449e-01 -2.072966098785400391e+00 1.140962791442871094e+01
8.999999761581420898e-01 -2.753073215484619141e+00 1.141740322113037109e+01
9.125000238418579102e-01 -3.396445035934448242e+00 1.141183567047119141e+01
9.250000119209289551e-01 -3.983153581619262695e+00 1.142621707916259766e+01
9.375000000000000000e-01 -4.515912532806396484e+00 1.145446681976318359e+01
9.499999880790710449e-01 -4.996692657470703125e+00 1.146795845031738281e+01
9.624999761581420898e-01 -5.410671710968017578e+00 1.146750831604003906e+01
9.750000238418579102e-01 -5.742621421813964844e+00 1.147854328155517578e+01
9.875000119209289551e-01 -5.993686676025390625e+00 1.150425720214843750e+01
1.000000000000000000e+00 -6.169907569885253906e+00 1.152146339416503906e+01
1.012500047683715820e+00 -6.264975070953369141e+00 1.152322196960449219e+01
1.024999976158142090e+00 -6.267921447753906250e+00 1.153050899505615234e+01
1.037500023841857910e+00 -6.180922031402587891e+00 1.155337333679199219e+01
1.049999952316284180e+00 -6.015050888061523438e+00 1.157238864898681641e+01
1.062500000000000000e+00 -5.771954059600830078e+00 1.157386398315429688e+01
1.075000047683715820e+00 -5.444774150848388672e+00 1.157514762878417969e+01
1.087499976158142090e+00 -5.036980628967285156e+00 1.159320354461669922e+01
1.100000023841857910e+00 -4.564741611480712891e+00 1.161215019226074219e+01
1.112499952316284180e+00 -4.037224769592285156e+00 1.161049938201904297e+01
1.125000000000000000e+00 -3.450218200683593750e+00 1.160186100006103516e+01
1.137500047683715820e+00 -2.806739807128906250e+00 1.161281108856201172e+01
1.149999976158142090e+00 -2.128083705902099609e+00 1.163162136077880859e+01
1.162500023841857910e+00 -1.430660724639892578e+00 1.162324905395507812e+01
1.174999952316284180e+00 -7.057111859321594238e-01 1.159644508361816406e+01
1.187500000000000000e+00 5.570586025714874268e-02 1.160222244262695312e+01
1.200000047683715820e+00 8.226708173751831055e-01 1.163668632507324219e+01
1.212499976158142090e+00 1.536316990852355957e+00 1.158857250213623047e+01
1.225000023841857910e+00 2.170959234237670898e+00 1.133673667907714844e+01
1.237499952316284180e+00 2.763342380523681641e+00 1.089004898071289062e+01
1.250000000000000000e+00 3.365296363830566406e+00 1.038710784912109375e+01
1.262500047683715820e+00 3.979446887969970703e+00 9.958434104919433594e+00
1.274999976158142090e+00 4.558336257934570312e+00 9.630324363708496094e+00
1.287500023841857910e+00 5.057629585266113281e+00 9.367856025695800781e+00
1.299999952316284180e+00 5.468317031860351562e+00 9.157289505004882812e+00
1.312500000000000000e+00 5.798021316528320312e+00 9.008997917175292969e+00
1.325000047683715820e+00 6.045169830322265625e+00 8.913044929504394531e+00
1.337499976158142090e+00 6.203068733215332031e+00 8.841958999633789062e+00
1.350000023841857910e+00 6.273637294769287109e+00 8.791563034057617188e+00
1.362499952316284180e+00 6.262002468109130859e+00 8.780735015869140625e+00
1.375000000000000000e+00 6.165335655212402344e+00 8.811161994934082031e+00
1.387500047683715820e+00 5.979763031005859375e+00 8.863573074340820312e+00
1.399999976158142090e+00 5.712283134460449219e+00 8.938807487487792969e+00
1.412500023841857910e+00 5.373101234436035156e+00 9.064927101135253906e+00
1.424999952316284180e+00 4.961932659149169922e+00 9.249897956848144531e+00
1.437500000000000000e+00 4.478067874908447266e+00 9.466203689575195312e+00
1.450000047683715820e+00 3.940795898437500000e+00 9.708956718444824219e+00
1.462499976158142090e+00 3.377897500991821289e+00 1.002986049652099609e+01
1.475000023841857910e+00 2.787313938140869141e+00 1.046085453033447266e+01
1.487499952316284180e+00 2.131690025329589844e+00 1.091871929168701172e+01
1.500000000000000000e+00 1.388744235038757324e+00 1.124679946899414062e+01
1.512500047683715820e+00 5.949252247810363770e-01 1.136941432952880859e+01
1.524999976158142090e+00 -1.817002147436141968e-01 1.136348342895507812e+01
1.537500023841857910e+00 -9.074666500091552734e-01 1.135549163818359375e+01
1.549999952316284180e+00 -1.601672291755676270e+00 1.138687324523925781e+01
1.562500000000000000e+00 -2.289701938629150391e+00 1.141554260253906250e+01
1.575000047683715820e+00 -2.961621761322021484e+00 1.141516208648681641e+01
1.587499976158142090e+00 -3.588019132614135742e+00 1.141350746154785156e+01
1.600000023841857910e+00 -4.156803131103515625e+00 1.143510437011718750e+01
1.612499952316284180e+00 -4.673739433288574219e+00 1.146116256713867188e+01
1.625000000000000000e+00 -5.135584354400634766e+00 1.146817588806152344e+01
1.637500047683715820e+00 -5.524628162384033203e+00 1.146881198883056641e+01
1.649999976158142090e+00 -5.830219268798828125e+00 1.148598194122314453e+01
1.662500023841857910e+00 -6.057414054870605469e+00 1.151164817810058594e+01
1.674999952316284180e+00 -6.209319591522216797e+00 1.152300453186035156e+01
1.687500000000000000e+00 -6.276102066040039062e+00 1.152381038665771484e+01
1.700000047683715820e+00 -6.249639511108398438e+00 1.153654193878173828e+01
1.712499976158142090e+00 -6.136683464050292969e+00 1.156100940704345703e+01
1.725000023841857910e+00 -5.946953773498535156e+00 1.157446670532226562e+01
1.737499952316284180e+00 -5.677927017211914062e+00 1.157299232482910156e+01
1.750000000000000000e+00 -5.324069499969482422e+00 1.157912254333496094e+01
1.762500047683715820e+00 -4.894068717956542969e+00 1.160051727294921875e+01
1.774999976158142090e+00 -4.404202461242675781e+00 1.161402988433837891e+01
1.787500023841857910e+00 -3.858549118041992188e+00 1.160696315765380859e+01
1.799999952316284180e+00 -3.252408027648925781e+00 1.160272789001464844e+01
1.812500000000000000e+00 -2.595058917999267578e+00 1.161971187591552734e+01
1.825000047683715820e+00 -1.909839272499084473e+00 1.163287544250488281e+01
1.837499976158142090e+00 -1.205609798431396484e+00 1.161453342437744141e+01
1.850000023841857910e+00 -4.687685072422027588e-01 1.159280395507812500e+01
1.862499952316284180e+00 2.999882698059082031e-01 1.161342334747314453e+01
1.875000000000000000e+00 1.056221008300781250e+00 1.163749694824218750e+01
1.887500047683715820e+00 1.744589090347290039e+00 1.153405380249023438e+01
1.899999976158142090e+00 2.359684228897094727e+00 1.121177768707275391e+01
1.912500023841857910e+00 2.950908660888671875e+00 1.072953510284423828e+01
1.924999952316284180e+00 3.559546232223510742e+00 1.024028110504150391e+01
1.937500000000000000e+00 4.168726444244384766e+00 9.845336914062500000e+00
1.950000047683715820e+00 4.725710868835449219e+00 9.541878700256347656e+00
1.962499976158142090e+00 5.196512699127197266e+00 9.295316696166992188e+00
1.975000023841857910e+00 5.580965042114257812e+00 9.103521347045898438e+00
1.987499952316284180e+00 5.885362148284912109e+00 8.974382400512695312e+00
2.000000000000000000e+00 6.104791641235351562e+00 8.888862609863281250e+00
