0.000000000000000000e+00 6.238423347473144531e+00 8.820427894592285156e+00
1.250000018626451492e-02 6.278629302978515625e+00 8.782302856445312500e+00
2.500000037252902985e-02 6.236169338226318359e+00 8.788254737854003906e+00
3.750000149011611938e-02 6.106035232543945312e+00 8.829061508178710938e+00
5.000000074505805969e-02 5.887781620025634766e+00 8.887980461120605469e+00
6.250000000000000000e-02 5.591669082641601562e+00 8.979220390319824219e+00
7.500000298023223877e-02 5.224734783172607422e+00 9.129630088806152344e+00
8.749999850988388062e-02 4.783866882324218750e+00 9.330815315246582031e+00
1.000000014901161194e-01 4.274606704711914062e+00 9.555027008056640625e+00
1.124999970197677612e-01 3.723491907119750977e+00 9.820975303649902344e+00
1.250000000000000000e-01 3.151087284088134766e+00 1.018708038330078125e+01
1.375000029802322388e-01 2.538516521453857422e+00 1.064647769927978516e+01
1.500000059604644775e-01 1.846359491348266602e+00 1.107173061370849609e+01
1.624999940395355225e-01 1.073602676391601562e+00 1.131873321533203125e+01
1.749999970197677612e-01 2.769663631916046143e-01 1.137434101104736328e+01
1.875000000000000000e-01 -4.817897677421569824e-01 1.135521697998046875e+01
2.000000029802322388e-01 -1.192526817321777344e+00 1.136479377746582031e+01
2.125000059604644775e-01 -1.884558916091918945e+00 1.140157985687255859e+01
2.249999940395355225e-01 -2.570929765701293945e+00 1.141796112060546875e+01
2.374999970197677612e-01 -3.228847026824951172e+00 1.141214752197265625e+01
2.500000000000000000e-01 -3.832706212997436523e+00 1.141977214813232422e+01
2.624999880790710449e-01 -4.380373001098632812e+00 1.144733524322509766e+01
2.750000059604644775e-01 -4.876847267150878906e+00 1.146644783020019531e+01
2.874999940395355225e-01 -5.311172962188720703e+00 1.146741485595703125e+01
3.000000119209289551e-01 -5.665664196014404297e+00 1.147371387481689453e+01
3.125000000000000000e-01 -5.937182426452636719e+00 1.149753093719482422e+01
3.249999880790710449e-01 -6.132719039916992188e+00 1.151895427703857422e+01
3.375000059604644775e-01 -6.249472618103027344e+00 1.152330207824707031e+01
3.499999940395355225e-01 -6.275620460510253906e+00 1.152717304229736328e+01
3.625000119209289551e-01 -6.209345340728759766e+00 1.154726696014404297e+01
3.750000000000000000e-01 -6.061356544494628906e+00 1.156955528259277344e+01
3.874999880790710449e-01 -5.836650371551513672e+00 1.157471752166748047e+01
4.000000059604644775e-01 -5.528820514678955078e+00 1.157370662689208984e+01
4.124999940395355225e-01 -5.137573719024658203e+00 1.158810615539550781e+01
4.250000119209289551e-01 -4.677585124969482422e+00 1.160950183868408203e+01
4.375000000000000000e-01 -4.161399841308593750e+00 1.161284732818603516e+01
4.499999880790710449e-01 -3.586693525314331055e+00 1.160300254821777344e+01
4.625000059604644775e-01 -2.952790021896362305e+00 1.160885906219482422e+01
4.749999940395355225e-01 -2.278006315231323242e+00 1.162919521331787109e+01
4.875000119209289551e-01 -1.582770109176635742e+00 1.162831115722656250e+01
5.000000000000000000e-01 -8.633435964584350586e-01 1.160149097442626953e+01
5.124999880790710449e-01 -1.067628264427185059e-01 1.159720706939697266e+01
5.249999761581420898e-01 6.657936573028564453e-01 1.163182258605957031e+01
5.375000238418579102e-01 1.396501302719116211e+00 1.161269855499267578e+01
5.500000119209289551e-01 2.047731637954711914e+00 1.140669536590576172e+01
5.625000000000000000e-01 2.645245790481567383e+00 1.098980522155761719e+01
5.749999880790710449e-01 3.244366407394409180e+00 1.048404121398925781e+01
5.874999761581420898e-01 3.860385894775390625e+00 1.003413772583007812e+01
6.000000238418579102e-01 4.451964855194091797e+00 9.687775611877441406e+00
6.125000119209289551e-01 4.969632625579833984e+00 9.414263725280761719e+00
6.250000000000000000e-01 5.397630691528320312e+00 9.192525863647460938e+00
6.374999880790710449e-01 5.743028640747070312e+00 9.031933784484863281e+00
6.499999761581420898e-01 6.006579399108886719e+00 8.928174972534179688e+00
6.625000238418579102e-01 6.181191444396972656e+00 8.853747367858886719e+00
6.750000119209289551e-01 6.267001628875732422e+00 8.798281669616699219e+00
6.875000000000000000e-01 6.269701004028320312e+00 8.779398918151855469e+00
6.999999880790710449e-01 6.187933921813964844e+00 8.803975105285644531e+00
7.124999761581420898e-01 6.016839981079101562e+00 8.853738784790039062e+00
7.250000238418579102e-01 5.761515140533447266e+00 8.923661231994628906e+00
7.375000119209289551e-01 5.432963848114013672e+00 9.039968490600585938e+00
7.500000000000000000e-01 5.032753467559814453e+00 9.217199325561523438e+00
7.624999880790710449e-01 4.558573246002197266e+00 9.430852890014648438e+00
7.749999761581420898e-01 4.026235580444335938e+00 9.667746543884277344e+00
7.875000238418579102e-01 3.464844942092895508e+00 9.973290443420410156e+00
8.000000119209289551e-01 2.878886222839355469e+00 1.039060783386230469e+01
8.125000000000000000e-01 2.233878135681152344e+00 1.085522270202636719e+01
8.249999880790710449e-01 1.501075863838195801e+00 1.121147060394287109e+01
8.374999761581420898e-01 7.083035707473754883e-01 1.136252117156982422e+01
8.500000238418579102e-01 -7.628326117992401123e-02 1.136655521392822266e+01
8.625000119209289551e-01 -8.108279109001159668e-01 1.135372352600097656e+01
8.750000000000000000e-01 -1.509146332740783691e+00 1.138136386871337891e+01
8.874999880790710449e-01 -2.199456930160522461e+00 1.141326045989990234e+01
8.999999761581420898e-01 -2.876874446868896484e+00 1.141597175598144531e+01
9.125000238418579102e-01 -3.511972665786743164e+00 1.141234970092773438e+01
9.250000119209289551e-01 -4.089256763458251953e+00 1.143133640289306641e+01
9.375000000000000000e-01 -4.613658905029296875e+00 1.145869255065917969e+01
9.499999880790710449e-01 -5.084104537963867188e+00 1.146812152862548828e+01
9.624999761581420898e-01 -5.483596801757812500e+00 1.146806240081787109e+01
9.750000238418579102e-01 -5.799508571624755859e+00 1.148311138153076172e+01
9.875000119209289551e-01 -6.035692691802978516e+00 1.150919246673583984e+01
1.000000000000000000e+00 -6.196521282196044922e+00 1.152265930175781250e+01
1.012500047683715820e+00 -6.273175239562988281e+00 1.152354621887207031e+01
1.024999976158142090e+00 -6.256294727325439453e+00 1.153448677062988281e+01
1.037500023841857910e+00 -6.151260852813720703e+00 1.155879688262939453e+01
1.049999952316284180e+00 -5.968521118164062500e+00 1.157416915893554688e+01
1.062500000000000000e+00 -5.706791400909423828e+00 1.157338142395019531e+01
1.075000047683715820e+00 -5.359868526458740234e+00 1.157797718048095703e+01
1.087499976158142090e+00 -4.934967994689941406e+00 1.159872150421142578e+01
1.100000023841857910e+00 -4.448695659637451172e+00 1.161400890350341797e+01
1.112499952316284180e+00 -3.906620979309082031e+00 1.160821151733398438e+01
1.125000000000000000e+00 -3.303894996643066406e+00 1.160258483886718750e+01
1.137500047683715820e+00 -2.648140668869018555e+00 1.161829280853271484e+01
1.149999976158142090e+00 -1.962630033493041992e+00 1.163322734832763672e+01
1.162500023841857910e+00 -1.258324742317199707e+00 1.161704349517822266e+01
1.174999952316284180e+00 -5.223638415336608887e-01 1.159362602233886719e+01
1.187500000000000000e+00 2.471392005681991577e-01 1.161119842529296875e+01
1.200000047683715820e+00 1.008196830749511719e+00 1.163862228393554688e+01
1.212499976158142090e+00 1.703674793243408203e+00 1.154715919494628906e+01
1.225000023841857910e+00 2.323745727539062500e+00 1.123764801025390625e+01
1.237499952316284180e+00 2.916178703308105469e+00 1.075978279113769531e+01
1.250000000000000000e+00 3.525116443634033203e+00 1.026602935791015625e+01
1.262500047683715820e+00 4.137062549591064453e+00 9.864222526550292969e+00
1.274999976158142090e+00 4.699378490447998047e+00 9.556089401245117188e+00
1.287500023841857910e+00 5.175906658172607422e+00 9.306299209594726562e+00
1.299999952316284180e+00 5.565219402313232422e+00 9.111073493957519531e+00
1.312500000000000000e+00 5.873969078063964844e+00 8.979001045227050781e+00
1.325000047683715820e+00 6.097612380981445312e+00 8.892027854919433594e+00
1.337499976158142090e+00 6.231010913848876953e+00 8.825322151184082031e+00
1.350000023841857910e+00 6.278388500213623047e+00 8.783972740173339844e+00
1.362499952316284180e+00 6.243233680725097656e+00 8.786036491394042969e+00
1.375000000000000000e+00 6.120890617370605469e+00 8.824718475341796875e+00
1.387500047683715820e+00 5.909967899322509766e+00 8.882036209106445312e+00
1.399999976158142090e+00 5.620159149169921875e+00 8.969204902648925781e+00
1.412500023841857910e+00 5.259414196014404297e+00 9.114148139953613281e+00
1.424999952316284180e+00 4.825037956237792969e+00 9.312214851379394531e+00
1.437500000000000000e+00 4.320887088775634766e+00 9.534679412841796875e+00
1.450000047683715820e+00 3.772192001342773438e+00 9.794693946838378906e+00
1.462499976158142090e+00 3.201746940612792969e+00 1.015066051483154297e+01
1.475000023841857910e+00 2.594312191009521484e+00 1.060555934906005859e+01
1.487499952316284180e+00 1.910004377365112305e+00 1.104044628143310547e+01
1.500000000000000000e+00 1.142617940902709961e+00 1.130588817596435547e+01
1.512500047683715820e+00 3.451582193374633789e-01 1.137453079223632812e+01
1.524999976158142090e+00 -4.181728363037109375e-01 1.135654258728027344e+01
1.537500023841857910e+00 -1.132104635238647461e+00 1.136221504211425781e+01
1.549999952316284180e+00 -1.824682474136352539e+00 1.139866828918457031e+01
1.562500000000000000e+00 -2.512068271636962891e+00 1.141783714294433594e+01
1.575000047683715820e+00 -3.173722982406616211e+00 1.141259193420410156e+01
1.587499976158142090e+00 -3.782685518264770508e+00 1.141805648803710938e+01
1.600000023841857910e+00 -4.334906101226806641e+00 1.144484329223632812e+01
1.612499952316284180e+00 -4.835985183715820312e+00 1.146567153930664062e+01
1.625000000000000000e+00 -5.276483535766601562e+00 1.146753311157226562e+01
1.637500047683715820e+00 -5.638296127319335938e+00 1.147238922119140625e+01
1.649999976158142090e+00 -5.916727066040039062e+00 1.149516105651855469e+01
1.662500023841857910e+00 -6.118735790252685547e+00 1.151778697967529297e+01
1.674999952316284180e+00 -6.242784023284912109e+00 1.152332973480224609e+01
1.687500000000000000e+00 -6.277108669281005859e+00 1.152624034881591797e+01
1.700000047683715820e+00 -6.218499183654785156e+00 1.154505634307861328e+01
1.712499976158142090e+00 -6.077192306518554688e+00 1.156818866729736328e+01
1.725000023841857910e+00 -5.859310626983642578e+00 1.157488441467285156e+01
1.737499952316284180e+00 -5.558928012847900391e+00 1.157335948944091797e+01
1.750000000000000000e+00 -5.174485683441162109e+00 1.158620929718017578e+01
1.762500047683715820e+00 -4.719767093658447266e+00 1.160810184478759766e+01
1.774999976158142090e+00 -4.208369731903076172e+00 1.161344623565673828e+01
1.787500023841857910e+00 -3.638977527618408203e+00 1.160359096527099609e+01
1.799999952316284180e+00 -3.009745597839355469e+00 1.160739994049072266e+01
1.812500000000000000e+00 -2.337490081787109375e+00 1.162775611877441406e+01
1.825000047683715820e+00 -1.643772721290588379e+00 1.162981319427490234e+01
1.837499976158142090e+00 -9.271297454833984375e-01 1.160374927520751953e+01
1.850000023841857910e+00 -1.736464947462081909e-01 1.159558391571044922e+01
1.862499952316284180e+00 5.995694994926452637e-01 1.162891960144042969e+01
1.875000000000000000e+00 1.336159110069274902e+00 1.162021255493164062e+01
1.887500047683715820e+00 1.994170904159545898e+00 1.143373394012451172e+01
1.899999976158142090e+00 2.594064235687255859e+00 1.103185939788818359e+01
1.912500023841857910e+00 3.191509723663330078e+00 1.052726554870605469e+01
1.924999952316284180e+00 3.807110071182250977e+00 1.006894302368164062e+01
1.937500000000000000e+00 4.403072357177734375e+00 9.714330673217773438e+00
1.950000047683715820e+00 4.928325653076171875e+00 9.435922622680664062e+00
1.962499976158142090e+00 5.363908767700195312e+00 9.209506034851074219e+00
1.975000023841857910e+00 5.716235160827636719e+00 9.043308258056640625e+00
1.987499952316284180e+00 5.987164020538330078e+00 8.935606002807617188e+00
2.000000000000000000e+00 6.169646263122558594e+00 8.859559059143066406e+00
