0.000000000000000000e+00 6.237977027893066406e+00 8.820777893066406250e+00
1.250000018626451492e-02 6.278391838073730469e+00 8.782459259033203125e+00
2.500000037252902985e-02 6.235708713531494141e+00 8.788443565368652344e+00
3.750000149011611938e-02 6.104882240295410156e+00 8.829420089721679688e+00
5.000000074505805969e-02 5.885502338409423828e+00 8.888593673706054688e+00
6.250000000000000000e-02 5.587944507598876953e+00 8.980483055114746094e+00
7.500000298023223877e-02 5.219210624694824219e+00 9.131978034973144531e+00
8.749999850988388062e-02 4.776132106781005859e+00 9.334153175354003906e+00
1.000000014901161194e-01 4.264578819274902344e+00 9.559297561645507812e+00
1.124999970197677612e-01 3.711512327194213867e+00 9.827301979064941406e+00
1.250000000000000000e-01 3.137126207351684570e+00 1.019681262969970703e+01
1.375000029802322388e-01 2.521515369415283203e+00 1.065831089019775391e+01
1.500000059604644775e-01 1.825165390968322754e+00 1.108126449584960938e+01
1.624999940395355225e-01 1.048672556877136230e+00 1.132255268096923828e+01
1.749999970197677612e-01 2.503370940685272217e-01 1.137380027770996094e+01
1.875000000000000000e-01 -5.086106657981872559e-01 1.135450839996337891e+01
2.000000029802322388e-01 -1.219924092292785645e+00 1.136579799652099609e+01
2.125000059604644775e-01 -1.913506627082824707e+00 1.140266418457031250e+01
2.249999940395355225e-01 -2.601028442382812500e+00 1.141772365570068359e+01
2.374999970197677612e-01 -3.258564949035644531e+00 1.141177654266357422e+01
2.500000000000000000e-01 -3.861126422882080078e+00 1.142066860198974609e+01
2.624999880790710449e-01 -4.407533645629882812e+00 1.144863414764404297e+01
2.750000059604644775e-01 -4.902362823486328125e+00 1.146671390533447266e+01
2.874999940395355225e-01 -5.333698749542236328e+00 1.146726989746093750e+01
3.000000119209289551e-01 -5.684106349945068359e+00 1.147466850280761719e+01
3.125000000000000000e-01 -5.951441764831542969e+00 1.149919033050537109e+01
3.249999880790710449e-01 -6.142649173736572266e+00 1.151971149444580078e+01
3.375000059604644775e-01 -6.253983497619628906e+00 1.152330589294433594e+01
3.499999940395355225e-01 -6.273622035980224609e+00 1.152811622619628906e+01
3.625000119209289551e-01 -6.200859069824218750e+00 1.154924583435058594e+01
3.750000000000000000e-01 -6.046738147735595703e+00 1.157073783874511719e+01
3.874999880790710449e-01 -5.815284252166748047e+00 1.157467174530029297e+01
4.000000059604644775e-01 -5.499764919281005859e+00 1.157436180114746094e+01
4.124999940395355225e-01 -5.101129531860351562e+00 1.159022808074951172e+01
4.250000119209289551e-01 -4.634856224060058594e+00 1.161096954345703125e+01
4.375000000000000000e-01 -4.112432003021240234e+00 1.161237049102783203e+01
4.499999880790710449e-01 -3.530661106109619141e+00 1.160284614562988281e+01
4.625000059604644775e-01 -2.890265941619873047e+00 1.161093616485595703e+01
4.749999940395355225e-01 -2.211142778396606445e+00 1.163091278076171875e+01
4.875000119209289551e-01 -1.512323737144470215e+00 1.162662887573242188e+01
5.000000000000000000e-01 -7.876114249229431152e-01 1.159946250915527344e+01
5.124999880790710449e-01 -2.555577084422111511e-02 1.160009193420410156e+01
5.249999761581420898e-01 7.475706338882446289e-01 1.163529491424560547e+01
5.375000238418579102e-01 1.472356319427490234e+00 1.160136699676513672e+01
5.500000119209289551e-01 2.116833209991455078e+00 1.136942195892333984e+01
5.625000000000000000e-01 2.713346481323242188e+00 1.093337249755859375e+01
5.749999880790710449e-01 3.316302537918090820e+00 1.042673206329345703e+01
5.874999761581420898e-01 3.933809280395507812e+00 9.987828254699707031e+00
6.000000238418579102e-01 4.520064353942871094e+00 9.651555061340332031e+00
6.125000119209289551e-01 5.028046607971191406e+00 9.383933067321777344e+00
6.250000000000000000e-01 5.446223735809326172e+00 9.168588638305664062e+00
6.374999880790710449e-01 5.782173156738281250e+00 9.015873908996582031e+00
6.499999761581420898e-01 6.034995555877685547e+00 8.917367935180664062e+00
6.625000238418579102e-01 6.197775363922119141e+00 8.845067977905273438e+00
6.750000119209289551e-01 6.272038936614990234e+00 8.793168067932128906e+00
6.875000000000000000e-01 6.263156890869140625e+00 8.780622482299804688e+00
6.999999880790710449e-01 6.168546676635742188e+00 8.810195922851562500e+00
7.124999761581420898e-01 5.984079837799072266e+00 8.862451553344726562e+00
7.250000238418579102e-01 5.716588497161865234e+00 8.937371253967285156e+00
7.375000119209289551e-01 5.376551628112792969e+00 9.063240051269531250e+00
7.500000000000000000e-01 4.963851451873779297e+00 9.248719215393066406e+00
7.624999880790710449e-01 4.477672576904296875e+00 9.466077804565429688e+00
7.749999761581420898e-01 3.937511205673217773e+00 9.710163116455078125e+00
7.875000238418579102e-01 3.371561527252197266e+00 1.003336048126220703e+01
8.000000119209289551e-01 2.777464628219604492e+00 1.046738433837890625e+01
8.125000000000000000e-01 2.117093324661254883e+00 1.092636203765869141e+01
8.249999880790710449e-01 1.368555188179016113e+00 1.125159454345703125e+01
8.374999761581420898e-01 5.700882673263549805e-01 1.136974143981933594e+01
8.500000238418579102e-01 -2.092742472887039185e-01 1.136210727691650391e+01
8.625000119209289551e-01 -9.371291399002075195e-01 1.135567665100097656e+01
8.750000000000000000e-01 -1.634311199188232422e+00 1.138820457458496094e+01
8.874999880790710449e-01 -2.325569152832031250e+00 1.141571140289306641e+01
8.999999761581420898e-01 -2.999139547348022461e+00 1.141431617736816406e+01
9.125000238418579102e-01 -3.625356197357177734e+00 1.141383457183837891e+01
9.250000119209289551e-01 -4.193435668945312500e+00 1.143679523468017578e+01
9.375000000000000000e-01 -4.709421634674072266e+00 1.146210098266601562e+01
9.499999880790710449e-01 -5.168742179870605469e+00 1.146786212921142578e+01
9.624999761581420898e-01 -5.553126811981201172e+00 1.146934413909912109e+01
9.750000238418579102e-01 -5.853137016296386719e+00 1.148820972442626953e+01
9.875000119209289551e-01 -6.074594974517822266e+00 1.151349258422851562e+01
1.000000000000000000e+00 -6.219517707824707031e+00 1.152322196960449219e+01
1.012500047683715820e+00 -6.277187347412109375e+00 1.152441501617431641e+01
1.024999976158142090e+00 -6.240664958953857422e+00 1.153919124603271484e+01
1.037500023841857910e+00 -6.118060588836669922e+00 1.156373119354248047e+01
1.049999952316284180e+00 -5.918271541595458984e+00 1.157504653930664062e+01
1.062500000000000000e+00 -5.637428760528564453e+00 1.157322788238525391e+01
1.075000047683715820e+00 -5.271042823791503906e+00 1.158178424835205078e+01
1.087499976158142090e+00 -4.829895496368408203e+00 1.160392856597900391e+01
1.100000023841857910e+00 -4.329808235168457031e+00 1.161457157135009766e+01
1.112499952316284180e+00 -3.772727012634277344e+00 1.160594367980957031e+01
1.125000000000000000e+00 -3.154600620269775391e+00 1.160472774505615234e+01
1.137500047683715820e+00 -2.487957477569580078e+00 1.162378787994384766e+01
1.149999976158142090e+00 -1.796257615089416504e+00 1.163274574279785156e+01
1.162500023841857910e+00 -1.084105372428894043e+00 1.161026382446289062e+01
1.174999952316284180e+00 -3.367703855037689209e-01 1.159370517730712891e+01
1.187500000000000000e+00 4.381699264049530029e-01 1.162135124206542969e+01
1.200000047683715820e+00 1.189388513565063477e+00 1.163300514221191406e+01
1.212499976158142090e+00 1.865882039070129395e+00 1.149105644226074219e+01
1.225000023841857910e+00 2.474693298339843750e+00 1.112712669372558594e+01
1.237499952316284180e+00 3.070367574691772461e+00 1.062886047363281250e+01
1.250000000000000000e+00 3.685306072235107422e+00 1.015185356140136719e+01
1.262500047683715820e+00 4.291127204895019531e+00 9.776602745056152344e+00
1.274999976158142090e+00 4.834199428558349609e+00 9.485615730285644531e+00
1.287500023841857910e+00 5.287943840026855469e+00 9.248508453369140625e+00
1.299999952316284180e+00 5.656358242034912109e+00 9.069658279418945312e+00
1.312500000000000000e+00 5.943589687347412109e+00 8.952406883239746094e+00
1.325000047683715820e+00 6.143126010894775391e+00 8.872301101684570312e+00
1.337499976158142090e+00 6.252299785614013672e+00 8.810530662536621094e+00
1.350000023841857910e+00 6.276700019836425781e+00 8.780000686645507812e+00
1.362499952316284180e+00 6.217437744140625000e+00 8.794372558593750000e+00
1.375000000000000000e+00 6.069102764129638672e+00 8.839550971984863281e+00
1.387500047683715820e+00 5.833609104156494141e+00 8.902822494506835938e+00
1.399999976158142090e+00 5.522115707397460938e+00 9.004763603210449219e+00
1.412500023841857910e+00 5.139333248138427734e+00 9.168176651000976562e+00
1.424999952316284180e+00 4.681832790374755859e+00 9.376326560974121094e+00
1.437500000000000000e+00 4.159725189208984375e+00 9.606068611145019531e+00
1.450000047683715820e+00 3.601938486099243164e+00 9.889522552490234375e+00
1.462499976158142090e+00 3.022445440292358398e+00 1.028156089782714844e+01
1.475000023841857910e+00 2.393869161605834961e+00 1.074858570098876953e+01
1.487499952316284180e+00 1.679899811744689941e+00 1.114488315582275391e+01
1.500000000000000000e+00 8.934576511383056641e-01 1.134467697143554688e+01
1.512500047683715820e+00 9.916292130947113037e-02 1.137118911743164062e+01
1.524999976158142090e+00 -6.493251323699951172e-01 1.135298633575439453e+01
1.537500023841857910e+00 -1.354681611061096191e+00 1.137255573272705078e+01
1.549999952316284180e+00 -2.047468185424804688e+00 1.140820884704589844e+01
1.562500000000000000e+00 -2.731722354888916016e+00 1.141714668273925781e+01
1.575000047683715820e+00 -3.379896640777587891e+00 1.141146755218505859e+01
1.587499976158142090e+00 -3.971041917800903320e+00 1.142533111572265625e+01
1.600000023841857910e+00 -4.507475376129150391e+00 1.145374870300292969e+01
1.612499952316284180e+00 -4.991468906402587891e+00 1.146767234802246094e+01
1.625000000000000000e+00 -5.408206462860107422e+00 1.146734237670898438e+01
1.637500047683715820e+00 -5.742127895355224609e+00 1.147843360900878906e+01
1.649999976158142090e+00 -5.994295597076416016e+00 1.150430488586425781e+01
1.662500023841857910e+00 -6.170813560485839844e+00 1.152152442932128906e+01
1.674999952316284180e+00 -6.265217304229736328e+00 1.152331447601318359e+01
1.687500000000000000e+00 -6.266469955444335938e+00 1.153101539611816406e+01
1.700000047683715820e+00 -6.177033901214599609e+00 1.155422782897949219e+01
1.712499976158142090e+00 -6.008098602294921875e+00 1.157292842864990234e+01
1.725000023841857910e+00 -5.760960102081298828e+00 1.157408332824707031e+01
1.737499952316284180e+00 -5.428727149963378906e+00 1.157598209381103516e+01
1.750000000000000000e+00 -5.015565395355224609e+00 1.159476566314697266e+01
1.762500047683715820e+00 -4.538019657135009766e+00 1.161311340332031250e+01
1.774999976158142090e+00 -4.004625320434570312e+00 1.161043548583984375e+01
1.787500023841857910e+00 -3.410872459411621094e+00 1.160247230529785156e+01
1.799999952316284180e+00 -2.760967969894409180e+00 1.161492347717285156e+01
1.812500000000000000e+00 -2.077171802520751953e+00 1.163287544250488281e+01
1.825000047683715820e+00 -1.374593377113342285e+00 1.162192440032958984e+01
1.837499976158142090e+00 -6.428754329681396484e-01 1.159584426879882812e+01
1.850000023841857910e+00 1.249392777681350708e-01 1.160592937469482422e+01
1.862499952316284180e+00 8.934874534606933594e-01 1.163877964019775391e+01
1.875000000000000000e+00 1.603278398513793945e+00 1.157450866699218750e+01
1.887500047683715820e+00 2.234215974807739258e+00 1.129817676544189453e+01
1.899999976158142090e+00 2.828392744064331055e+00 1.083553123474121094e+01
1.912500023841857910e+00 3.435632944107055664e+00 1.033372879028320312e+01
1.924999952316284180e+00 4.051585674285888672e+00 9.915405273437500000e+00
1.937500000000000000e+00 4.625423908233642578e+00 9.595496177673339844e+00
1.950000047683715820e+00 5.115836620330810547e+00 9.337940216064453125e+00
1.962499976158142090e+00 5.517516613006591797e+00 9.133899688720703125e+00
1.975000023841857910e+00 5.837859153747558594e+00 8.993402481079101562e+00
1.987499952316284180e+00 6.073657035827636719e+00 8.902035713195800781e+00
2.000000000000000000e+00 6.218853950500488281e+00 8.832968711853027344e+00
