0.000000000000000000e+00 6.237530708312988281e+00 8.821017265319824219e+00
1.250000018626451492e-02 6.278155326843261719e+00 8.782505989074707031e+00
2.500000037252902985e-02 6.235248565673828125e+00 8.788523674011230469e+00
3.750000149011611938e-02 6.103726863861083984e+00 8.829668998718261719e+00
5.000000074505805969e-02 5.883219242095947266e+00 8.889100074768066406e+00
6.250000000000000000e-02 5.584213256835937500e+00 8.981643676757812500e+00
7.500000298023223877e-02 5.213674545288085938e+00 9.134228706359863281e+00
8.749999850988388062e-02 4.768381595611572266e+00 9.337389945983886719e+00
1.000000014901161194e-01 4.254538059234619141e+00 9.563474655151367188e+00
1.124999970197677612e-01 3.699527025222778320e+00 9.833565711975097656e+00
1.250000000000000000e-01 3.123148202896118164e+00 1.020649051666259766e+01
1.375000029802322388e-01 2.504463672637939453e+00 1.067000961303710938e+01
1.500000059604644775e-01 1.803905963897705078e+00 1.109053897857666016e+01
1.624999940395355225e-01 1.023719549179077148e+00 1.132608222961425781e+01
1.749999970197677612e-01 2.237528711557388306e-01 1.137308883666992188e+01
1.875000000000000000e-01 -5.353674888610839844e-01 1.135375690460205078e+01
2.000000029802322388e-01 -1.247295260429382324e+00 1.136674880981445312e+01
2.125000059604644775e-01 -1.942444324493408203e+00 1.140360641479492188e+01
2.249999940395355225e-01 -2.631063461303710938e+00 1.141734790802001953e+01
2.374999970197677612e-01 -3.288153648376464844e+00 1.141135501861572266e+01
2.500000000000000000e-01 -3.889404296875000000e+00 1.142152786254882812e+01
2.624999880790710449e-01 -4.434553623199462891e+00 1.144980907440185547e+01
2.750000059604644775e-01 -4.927685260772705078e+00 1.146683120727539062e+01
2.874999940395355225e-01 -5.355950355529785156e+00 1.146706867218017578e+01
3.000000119209289551e-01 -5.702243804931640625e+00 1.147560977935791016e+01
3.125000000000000000e-01 -5.965404033660888672e+00 1.150074100494384766e+01
3.249999880790710449e-01 -6.152240276336669922e+00 1.152029800415039062e+01
3.375000059604644775e-01 -6.258065700531005859e+00 1.152323341369628906e+01
3.499999940395355225e-01 -6.271157741546630859e+00 1.152907180786132812e+01
3.625000119209289551e-01 -6.191941738128662109e+00 1.155113983154296875e+01
3.750000000000000000e-01 -6.031682491302490234e+00 1.157171344757080078e+01
3.874999880790710449e-01 -5.793397903442382812e+00 1.157451248168945312e+01
4.000000059604644775e-01 -5.470156192779541016e+00 1.157506084442138672e+01
4.124999940395355225e-01 -5.064217567443847656e+00 1.159230518341064453e+01
4.250000119209289551e-01 -4.591723918914794922e+00 1.161217784881591797e+01
4.375000000000000000e-01 -4.062995910644531250e+00 1.161170387268066406e+01
4.499999880790710449e-01 -3.474124908447265625e+00 1.160277938842773438e+01
4.625000059604644775e-01 -2.827403306961059570e+00 1.161305332183837891e+01
4.749999940395355225e-01 -2.144124269485473633e+00 1.163226699829101562e+01
4.875000119209289551e-01 -1.441634416580200195e+00 1.162456989288330078e+01
5.000000000000000000e-01 -7.114556431770324707e-01 1.159767341613769531e+01
5.124999880790710449e-01 5.581254884600639343e-02 1.160337734222412109e+01
5.249999761581420898e-01 8.287674784660339355e-01 1.163789176940917969e+01
5.375000238418579102e-01 1.547161340713500977e+00 1.158739376068115234e+01
5.500000119209289551e-01 2.185275316238403320e+00 1.132931232452392578e+01
5.625000000000000000e-01 2.781551361083984375e+00 1.087593746185302734e+01
5.749999880790710449e-01 3.388475179672241211e+00 1.037042331695556641e+01
5.874999761581420898e-01 4.006763935089111328e+00 9.942975044250488281e+00
6.000000238418579102e-01 4.586935997009277344e+00 9.616187095642089844e+00
6.125000119209289551e-01 5.085037708282470703e+00 9.354236602783203125e+00
6.250000000000000000e-01 5.493499755859375000e+00 9.145586967468261719e+00
6.374999880790710449e-01 5.819913864135742188e+00 9.000658035278320312e+00
6.499999761581420898e-01 6.061791896820068359e+00 8.906862258911132812e+00
6.625000238418579102e-01 6.212709903717041016e+00 8.836591720581054688e+00
6.750000119209289551e-01 6.275492668151855469e+00 8.788723945617675781e+00
6.875000000000000000e-01 6.254905223846435547e+00 8.782619476318359375e+00
6.999999880790710449e-01 6.147273540496826172e+00 8.816726684570312500e+00
7.124999761581420898e-01 5.949525833129882812e+00 8.871464729309082031e+00
7.250000238418579102e-01 5.670073509216308594e+00 8.952139854431152344e+00
7.375000119209289551e-01 5.318475246429443359e+00 9.087861061096191406e+00
7.500000000000000000e-01 4.893156051635742188e+00 9.280838966369628906e+00
7.624999880790710449e-01 4.395417690277099609e+00 9.501694679260253906e+00
7.749999761581420898e-01 3.848209142684936523e+00 9.754497528076171875e+00
7.875000238418579102e-01 3.277654886245727539e+00 1.009649085998535156e+01
8.000000119209289551e-01 2.674245595932006836e+00 1.054488372802734375e+01
8.125000000000000000e-01 1.997712850570678711e+00 1.099340534210205078e+01
8.249999880790710449e-01 1.234512448310852051e+00 1.128522872924804688e+01
8.374999761581420898e-01 4.325251877307891846e-01 1.137304210662841797e+01
8.500000238418579102e-01 -3.405542373657226562e-01 1.135790348052978516e+01
8.625000119209289551e-01 -1.062458872795104980e+00 1.135900783538818359e+01
8.750000000000000000e-01 -1.759384632110595703e+00 1.139469432830810547e+01
8.874999880790710449e-01 -2.451120853424072266e+00 1.141692161560058594e+01
8.999999761581420898e-01 -3.119686841964721680e+00 1.141265010833740234e+01
9.125000238418579102e-01 -3.736608266830444336e+00 1.141622829437255859e+01
9.250000119209289551e-01 -4.295744895935058594e+00 1.144224643707275391e+01
9.375000000000000000e-01 -4.803099632263183594e+00 1.146454906463623047e+01
9.499999880790710449e-01 -5.250449180603027344e+00 1.146734428405761719e+01
9.624999761581420898e-01 -5.619254589080810547e+00 1.147137546539306641e+01
9.750000238418579102e-01 -5.903588771820068359e+00 1.149352836608886719e+01
9.875000119209289551e-01 -6.110358238220214844e+00 1.151693725585937500e+01
1.000000000000000000e+00 -6.238765239715576172e+00 1.152328395843505859e+01
1.012500047683715820e+00 -6.277004718780517578e+00 1.152592849731445312e+01
1.024999976158142090e+00 -6.221166610717773438e+00 1.154434394836425781e+01
1.037500023841857910e+00 -6.081368923187255859e+00 1.156786346435546875e+01
1.049999952316284180e+00 -5.864205360412597656e+00 1.157511615753173828e+01
1.062500000000000000e+00 -5.563863277435302734e+00 1.157360839843750000e+01
1.075000047683715820e+00 -5.178500175476074219e+00 1.158633136749267578e+01
1.087499976158142090e+00 -4.721918106079101562e+00 1.160837554931640625e+01
1.100000023841857910e+00 -4.208009719848632812e+00 1.161386680603027344e+01
1.112499952316284180e+00 -3.635517120361328125e+00 1.160406494140625000e+01
1.125000000000000000e+00 -3.002620697021484375e+00 1.160813140869140625e+01
1.137500047683715820e+00 -2.326498508453369141e+00 1.162858200073242188e+01
1.149999976158142090e+00 -1.628855943679809570e+00 1.163004207611083984e+01
1.162500023841857910e+00 -9.077426791191101074e-01 1.160370922088623047e+01
1.174999952316284180e+00 -1.492889970541000366e-01 1.159686470031738281e+01
1.187500000000000000e+00 6.277878880500793457e-01 1.163088798522949219e+01
1.200000047683715820e+00 1.365631699562072754e+00 1.161739063262939453e+01
1.212499976158142090e+00 2.023499250411987305e+00 1.141995525360107422e+01
1.225000023841857910e+00 2.624848127365112305e+00 1.100754070281982422e+01
1.237499952316284180e+00 3.226102352142333984e+00 1.049979496002197266e+01
1.250000000000000000e+00 3.844972133636474609e+00 1.004500579833984375e+01
1.262500047683715820e+00 4.440707683563232422e+00 9.694605827331542969e+00
1.274999976158142090e+00 4.962623596191406250e+00 9.418446540832519531e+00
1.287500023841857910e+00 5.393960952758789062e+00 9.194723129272460938e+00
1.299999952316284180e+00 5.741704463958740234e+00 9.032799720764160156e+00
1.312500000000000000e+00 6.006684780120849609e+00 8.928391456604003906e+00
1.325000047683715820e+00 6.181744575500488281e+00 8.853576660156250000e+00
1.337499976158142090e+00 6.267096519470214844e+00 8.798005104064941406e+00
1.350000023841857910e+00 6.268505573272705078e+00 8.779651641845703125e+00
1.362499952316284180e+00 6.184467315673828125e+00 8.805042266845703125e+00
1.375000000000000000e+00 6.010139465332031250e+00 8.855451583862304688e+00
1.387500047683715820e+00 5.751001834869384766e+00 8.926654815673828125e+00
1.399999976158142090e+00 5.418139457702636719e+00 9.045718193054199219e+00
1.412500023841857910e+00 5.012740135192871094e+00 9.226007461547851562e+00
1.424999952316284180e+00 4.532815933227539062e+00 9.441740036010742188e+00
1.437500000000000000e+00 3.995498418807983398e+00 9.681850433349609375e+00
1.450000047683715820e+00 3.430092334747314453e+00 9.994702339172363281e+00
1.462499976158142090e+00 2.838777542114257812e+00 1.042012310028076172e+01
1.475000023841857910e+00 2.185089111328125000e+00 1.088467025756835938e+01
1.487499952316284180e+00 1.442478418350219727e+00 1.122922897338867188e+01
1.500000000000000000e+00 6.436115503311157227e-01 1.136574935913085938e+01
1.512500047683715820e+00 -1.418668776750564575e-01 1.136386775970458984e+01
1.524999976158142090e+00 -8.759436011314392090e-01 1.135408782958984375e+01
1.537500023841857910e+00 -1.576222896575927734e+00 1.138456726074218750e+01
1.549999952316284180e+00 -2.269625663757324219e+00 1.141432285308837891e+01
1.562500000000000000e+00 -2.947463989257812500e+00 1.141464710235595703e+01
1.575000047683715820e+00 -3.579712629318237305e+00 1.141277980804443359e+01
1.587499976158142090e+00 -4.153441429138183594e+00 1.143434238433837891e+01
1.600000023841857910e+00 -4.674413204193115234e+00 1.146064567565917969e+01
1.612499952316284180e+00 -5.139392852783203125e+00 1.146773910522460938e+01
1.625000000000000000e+00 -5.530298709869384766e+00 1.146864700317382812e+01
1.637500047683715820e+00 -5.836436748504638672e+00 1.148641109466552734e+01
1.649999976158142090e+00 -6.063107013702392578e+00 1.151215839385986328e+01
1.662500023841857910e+00 -6.213136672973632812e+00 1.152303218841552734e+01
1.674999952316284180e+00 -6.276207447052001953e+00 1.152410030364990234e+01
1.687500000000000000e+00 -6.244578361511230469e+00 1.153798198699951172e+01
1.700000047683715820e+00 -6.125766277313232422e+00 1.156267261505126953e+01
1.712499976158142090e+00 -5.929200649261474609e+00 1.157499504089355469e+01
1.725000023841857910e+00 -5.651543617248535156e+00 1.157334709167480469e+01
1.737499952316284180e+00 -5.287827014923095703e+00 1.158116149902343750e+01
1.750000000000000000e+00 -4.848236083984375000e+00 1.160322952270507812e+01
1.762500047683715820e+00 -4.348957061767578125e+00 1.161475849151611328e+01
1.774999976158142090e+00 -3.792571067810058594e+00 1.160649967193603516e+01
1.787500023841857910e+00 -3.174791336059570312e+00 1.160462951660156250e+01
1.799999952316284180e+00 -2.507540702819824219e+00 1.162340354919433594e+01
1.812500000000000000e+00 -1.814542770385742188e+00 1.163316917419433594e+01
1.825000047683715820e+00 -1.101222753524780273e+00 1.161123180389404297e+01
1.837499976158142090e+00 -3.528242707252502441e-01 1.159392070770263672e+01
1.850000023841857910e+00 4.239800870418548584e-01 1.162092494964599609e+01
1.862499952316284180e+00 1.178120136260986328e+00 1.163392448425292969e+01
1.875000000000000000e+00 1.857576966285705566e+00 1.149467754364013672e+01
1.887500047683715820e+00 2.468395948410034180e+00 1.113235950469970703e+01
1.899999976158142090e+00 3.065332174301147461e+00 1.063350486755371094e+01
1.912500023841857910e+00 3.681617259979248047e+00 1.015480232238769531e+01
1.924999952316284180e+00 4.289110183715820312e+00 9.778073310852050781e+00
1.937500000000000000e+00 4.833764553070068359e+00 9.486072540283203125e+00
1.950000047683715820e+00 5.288669586181640625e+00 9.248272895812988281e+00
1.962499976158142090e+00 5.657796382904052734e+00 9.069123268127441406e+00
1.975000023841857910e+00 5.945263385772705078e+00 8.951851844787597656e+00
1.987499952316284180e+00 6.144497394561767578e+00 8.871696472167968750e+00
2.000000000000000000e+00 6.252918243408203125e+00 8.809964179992675781e+00
