0.000000000000000000e+00 6.281207084655761719e+00 8.790678977966308594e+00
1.250000018626451492e-02 6.301643371582031250e+00 8.771891593933105469e+00
2.500000037252902985e-02 6.281128883361816406e+00 8.775414466857910156e+00
3.750000149011611938e-02 6.217735767364501953e+00 8.798327445983886719e+00
5.000000074505805969e-02 6.110135078430175781e+00 8.832652091979980469e+00
6.250000000000000000e-02 5.959840297698974609e+00 8.874517440795898438e+00
7.500000298023223877e-02 5.770665645599365234e+00 8.930016517639160156e+00
8.749999850988388062e-02 5.545714855194091797e+00 9.010928153991699219e+00
1.000000014901161194e-01 5.285067081451416016e+00 9.123590469360351562e+00
1.124999970197677612e-01 4.987020492553710938e+00 9.262000083923339844e+00
1.250000000000000000e-01 4.652328491210937500e+00 9.413531303405761719e+00
1.375000029802322388e-01 4.287377834320068359e+00 9.573796272277832031e+00
1.500000059604644775e-01 3.902378559112548828e+00 9.756852149963378906e+00
1.624999940395355225e-01 3.504778385162353516e+00 9.988396644592285156e+00
1.749999970197677612e-01 3.092902660369873047e+00 1.028334045410156250e+01
1.875000000000000000e-01 2.655795812606811523e+00 1.062403678894042969e+01
2.000000029802322388e-01 2.180893182754516602e+00 1.095817565917968750e+01
2.125000059604644775e-01 1.664713501930236816e+00 1.122203540802001953e+01
2.249999940395355225e-01 1.118588089942932129e+00 1.137514495849609375e+01
2.374999970197677612e-01 5.645779371261596680e-01 1.142239665985107422e+01
2.500000000000000000e-01 2.399769984185695648e-02 1.140792751312255859e+01
2.624999880790710449e-01 -4.933466017246246338e-01 1.138562107086181641e+01
2.750000059604644775e-01 -9.916318058967590332e-01 1.138775825500488281e+01
2.874999940395355225e-01 -1.481991767883300781e+00 1.141319274902343750e+01
3.000000119209289551e-01 -1.971858501434326172e+00 1.144021511077880859e+01
3.125000000000000000e-01 -2.458736658096313477e+00 1.145053005218505859e+01
3.249999880790710449e-01 -2.932314395904541016e+00 1.144441604614257812e+01
3.375000059604644775e-01 -3.381999015808105469e+00 1.143700790405273438e+01
3.499999940395355225e-01 -3.803142547607421875e+00 1.144229221343994141e+01
3.625000119209289551e-01 -4.197218418121337891e+00 1.146055984497070312e+01
3.750000000000000000e-01 -4.566817760467529297e+00 1.147984981536865234e+01
3.874999880790710449e-01 -4.910574436187744141e+00 1.148840427398681641e+01
4.000000059604644775e-01 -5.222527503967285156e+00 1.148565769195556641e+01
4.124999940395355225e-01 -5.496003627777099609e+00 1.148182868957519531e+01
4.250000119209289551e-01 -5.728028297424316406e+00 1.148744010925292969e+01
4.375000000000000000e-01 -5.920145511627197266e+00 1.150326251983642578e+01
4.499999880790710449e-01 -6.075155258178710938e+00 1.152009201049804688e+01
4.625000059604644775e-01 -6.193095207214355469e+00 1.152805519104003906e+01
4.749999940395355225e-01 -6.270319938659667969e+00 1.152616214752197266e+01
4.875000119209289551e-01 -6.302425861358642578e+00 1.152298545837402344e+01
5.000000000000000000e-01 -6.288090705871582031e+00 1.152806472778320312e+01
5.124999880790710449e-01 -6.230112075805664062e+00 1.154252147674560547e+01
5.249999761581420898e-01 -6.132691860198974609e+00 1.155797672271728516e+01
5.375000238418579102e-01 -5.997642040252685547e+00 1.156477642059326172e+01
5.500000119209289551e-01 -5.823214054107666016e+00 1.156151485443115234e+01
5.625000000000000000e-01 -5.606714248657226562e+00 1.155653285980224609e+01
5.749999880790710449e-01 -5.348371982574462891e+00 1.155977344512939453e+01
5.874999761581420898e-01 -5.052663803100585938e+00 1.157280158996582031e+01
6.000000238418579102e-01 -4.725669860839843750e+00 1.158680438995361328e+01
6.125000119209289551e-01 -4.370930194854736328e+00 1.159093761444091797e+01
6.250000000000000000e-01 -3.987858772277832031e+00 1.158321952819824219e+01
6.374999880790710449e-01 -3.574484348297119141e+00 1.157321548461914062e+01
6.499999761581420898e-01 -3.132059812545776367e+00 1.157313442230224609e+01
6.625000238418579102e-01 -2.666993856430053711e+00 1.158530426025390625e+01
6.750000119209289551e-01 -2.187745094299316406e+00 1.159836578369140625e+01
6.875000000000000000e-01 -1.699106574058532715e+00 1.159723949432373047e+01
6.999999880790710449e-01 -1.199272036552429199e+00 1.157874011993408203e+01
7.124999761581420898e-01 -6.832206845283508301e-01 1.155778217315673828e+01
7.250000238418579102e-01 -1.504711210727691650e-01 1.155568599700927734e+01
7.375000119209289551e-01 3.891863226890563965e-01 1.157753372192382812e+01
7.500000000000000000e-01 9.175979495048522949e-01 1.159689903259277344e+01
7.624999880790710449e-01 1.417600274085998535e+00 1.156283950805664062e+01
7.749999761581420898e-01 1.883350133895874023e+00 1.142755317687988281e+01
7.875000238418579102e-01 2.323727369308471680e+00 1.117644977569580078e+01
8.000000119209289551e-01 2.755778074264526367e+00 1.083927822113037109e+01
8.125000000000000000e-01 3.192608594894409180e+00 1.047443485260009766e+01
8.249999880790710449e-01 3.634251832962036133e+00 1.013792514801025391e+01
8.374999761581420898e-01 4.067576408386230469e+00 9.858570098876953125e+00
8.500000238418579102e-01 4.474429607391357422e+00 9.634387969970703125e+00
8.625000119209289551e-01 4.841429233551025391e+00 9.448085784912109375e+00
8.750000000000000000e-01 5.164535045623779297e+00 9.286293983459472656e+00
8.874999880790710449e-01 5.446439266204833984e+00 9.147665023803710938e+00
8.999999761581420898e-01 5.690463066101074219e+00 9.037015914916992188e+00
9.125000238418579102e-01 5.896484375000000000e+00 8.954873085021972656e+00
9.250000119209289551e-01 6.061529636383056641e+00 8.893799781799316406e+00
9.375000000000000000e-01 6.183110713958740234e+00 8.844368934631347656e+00
9.499999880790710449e-01 6.261404991149902344e+00 8.803629875183105469e+00
9.624999761581420898e-01 6.298246860504150391e+00 8.776942253112792969e+00
9.750000238418579102e-01 6.294464111328125000e+00 8.771297454833984375e+00
9.875000119209289551e-01 6.248680591583251953e+00 8.787217140197753906e+00
1.000000000000000000e+00 6.158967018127441406e+00 8.817839622497558594e+00
1.012500047683715820e+00 6.025563716888427734e+00 8.856507301330566406e+00
1.024999976158142090e+00 5.851626396179199219e+00 8.905174255371093750e+00
1.037500023841857910e+00 5.640951156616210938e+00 8.974475860595703125e+00
1.049999952316284180e+00 5.394926071166992188e+00 9.074295997619628906e+00
1.062500000000000000e+00 5.112163543701171875e+00 9.203721046447753906e+00
1.075000047683715820e+00 4.791870117187500000e+00 9.351293563842773438e+00
1.087499976158142090e+00 4.438035488128662109e+00 9.507436752319335938e+00
1.100000023841857910e+00 4.059917449951171875e+00 9.678449630737304688e+00
1.112499952316284180e+00 3.667009353637695312e+00 9.887375831604003906e+00
1.125000000000000000e+00 3.261801481246948242e+00 1.015662860870361328e+01
1.137500047683715820e+00 2.836568832397460938e+00 1.048343276977539062e+01
1.149999976158142090e+00 2.378107309341430664e+00 1.082801914215087891e+01
1.162500023841857910e+00 1.878118157386779785e+00 1.112724113464355469e+01
1.174999952316284180e+00 1.341847300529479980e+00 1.132732200622558594e+01
1.187500000000000000e+00 7.881237268447875977e-01 1.141380882263183594e+01
1.200000047683715820e+00 2.401107251644134521e-01 1.141756343841552734e+01
1.212499976158142090e+00 -2.868499755859375000e-01 1.139277172088623047e+01
1.225000023841857910e+00 -7.916567325592041016e-01 1.138332271575927734e+01
1.237499952316284180e+00 -1.283897757530212402e+00 1.140130329132080078e+01
1.250000000000000000e+00 -1.773660540580749512e+00 1.143060016632080078e+01
1.262500047683715820e+00 -2.262688159942626953e+00 1.144881439208984375e+01
1.274999976158142090e+00 -2.743093729019165039e+00 1.144806766510009766e+01
1.287500023841857910e+00 -3.203418970108032227e+00 1.143903827667236328e+01
1.299999952316284180e+00 -3.636201858520507812e+00 1.143824291229248047e+01
1.312500000000000000e+00 -4.040837764739990234e+00 1.145221710205078125e+01
1.325000047683715820e+00 -4.420206069946289062e+00 1.147284889221191406e+01
1.337499976158142090e+00 -4.774927139282226562e+00 1.148658275604248047e+01
1.350000023841857910e+00 -5.100627422332763672e+00 1.148762226104736328e+01
1.362499952316284180e+00 -5.390306949615478516e+00 1.148269176483154297e+01
1.375000000000000000e+00 -5.639131546020507812e+00 1.148370456695556641e+01
1.387500047683715820e+00 -5.847023963928222656e+00 1.149607753753662109e+01
1.399999976158142090e+00 -6.016818046569824219e+00 1.151391792297363281e+01
1.412500023841857910e+00 -6.150017261505126953e+00 1.152622699737548828e+01
1.424999952316284180e+00 -6.244297981262207031e+00 1.152770996093750000e+01
1.437500000000000000e+00 -6.295057296752929688e+00 1.152370357513427734e+01
1.450000047683715820e+00 -6.299379825592041016e+00 1.152468967437744141e+01
1.462499976158142090e+00 -6.258537769317626953e+00 1.153593158721923828e+01
1.475000023841857910e+00 -6.176651954650878906e+00 1.155232524871826172e+01
1.487499952316284180e+00 -6.056857585906982422e+00 1.156341361999511719e+01
1.500000000000000000e+00 -5.898724079132080078e+00 1.156367015838623047e+01
1.512500047683715820e+00 -5.699454307556152344e+00 1.155801963806152344e+01
1.524999976158142090e+00 -5.457720756530761719e+00 1.155710601806640625e+01
1.537500023841857910e+00 -5.176391124725341797e+00 1.156674289703369141e+01
1.549999952316284180e+00 -4.861403942108154297e+00 1.158181571960449219e+01
1.562500000000000000e+00 -4.517743110656738281e+00 1.159087085723876953e+01
1.575000047683715820e+00 -4.146397113800048828e+00 1.158735752105712891e+01
1.587499976158142090e+00 -3.745405912399291992e+00 1.157665443420410156e+01
1.600000023841857910e+00 -3.314237594604492188e+00 1.157149028778076172e+01
1.612499952316284180e+00 -2.857305049896240234e+00 1.157938385009765625e+01
1.625000000000000000e+00 -2.382887601852416992e+00 1.159404754638671875e+01
1.637500047683715820e+00 -1.897896170616149902e+00 1.160002613067626953e+01
1.649999976158142090e+00 -1.403165340423583984e+00 1.158771610260009766e+01
1.662500023841857910e+00 -8.941740393638610840e-01 1.156508350372314453e+01
1.674999952316284180e+00 -3.676354587078094482e-01 1.155331039428710938e+01
1.687500000000000000e+00 1.710908561944961548e-01 1.156675529479980469e+01
1.700000047683715820e+00 7.064377069473266602e-01 1.159233379364013672e+01
1.712499976158142090e+00 1.219457626342773438e+00 1.158658313751220703e+01
1.725000023841857910e+00 1.698781371116638184e+00 1.149641609191894531e+01
1.737499952316284180e+00 2.147581815719604492e+00 1.129100990295410156e+01
1.750000000000000000e+00 2.580921888351440430e+00 1.098261356353759766e+01
1.762500047683715820e+00 3.014963865280151367e+00 1.062135791778564453e+01
1.774999976158142090e+00 3.455615520477294922e+00 1.026803779602050781e+01
1.787500023841857910e+00 3.894449234008789062e+00 9.964257240295410156e+00
1.799999952316284180e+00 4.314075469970703125e+00 9.719451904296875000e+00
1.812500000000000000e+00 4.698224067687988281e+00 9.520007133483886719e+00
1.825000047683715820e+00 5.039016246795654297e+00 9.349135398864746094e+00
1.837499976158142090e+00 5.337088108062744141e+00 9.200655937194824219e+00
1.850000023841857910e+00 5.596219539642333984e+00 9.078186035156250000e+00
1.862499952316284180e+00 5.817875862121582031e+00 8.985002517700195312e+00
1.875000000000000000e+00 5.999904155731201172e+00 8.916642189025878906e+00
1.887500047683715820e+00 6.139210700988769531e+00 8.863367080688476562e+00
1.899999976158142090e+00 6.234832763671875000e+00 8.818860054016113281e+00
1.912500023841857910e+00 6.288231849670410156e+00 8.785522460937500000e+00
1.924999952316284180e+00 6.300933361053466797e+00 8.770809173583984375e+00
1.937500000000000000e+00 6.272407054901123047e+00 8.778512954711914062e+00
1.950000047683715820e+00 6.200610160827636719e+00 8.804231643676757812e+00
1.962499976158142090e+00 6.084643840789794922e+00 8.840018272399902344e+00
1.975000023841857910e+00 5.926606655120849609e+00 8.883716583251953125e+00
1.987499952316284180e+00 5.730440139770507812e+00 8.943159103393554688e+00
2.000000000000000000e+00 5.498766899108886719e+00 9.029989242553710938e+00
