0.000000000000000000e+00 6.237084388732910156e+00 8.821365356445312500e+00
1.250000018626451492e-02 6.277919292449951172e+00 8.782659530639648438e+00
2.500000037252902985e-02 6.234788417816162109e+00 8.788711547851562500e+00
3.750000149011611938e-02 6.102570056915283203e+00 8.830024719238281250e+00
5.000000074505805969e-02 5.880931377410888672e+00 8.889714241027832031e+00
6.250000000000000000e-02 5.580474853515625000e+00 8.982916831970214844e+00
7.500000298023223877e-02 5.208127498626708984e+00 9.136592864990234375e+00
8.749999850988388062e-02 4.760614871978759766e+00 9.340736389160156250e+00
1.000000014901161194e-01 4.244484901428222656e+00 9.567768096923828125e+00
1.124999970197677612e-01 3.687535524368286133e+00 9.839976310729980469e+00
1.250000000000000000e-01 3.109152793884277344e+00 1.021631908416748047e+01
1.375000029802322388e-01 2.487361431121826172e+00 1.068177795410156250e+01
1.500000059604644775e-01 1.782581806182861328e+00 1.109975528717041016e+01
1.624999940395355225e-01 9.987457394599914551e-01 1.132952690124511719e+01
1.749999970197677612e-01 1.972153037786483765e-01 1.137241363525390625e+01
1.875000000000000000e-01 -5.620610117912292480e-01 1.135316371917724609e+01
2.000000029802322388e-01 -1.274642109870910645e+00 1.136783599853515625e+01
2.125000059604644775e-01 -1.971371173858642578e+00 1.140459632873535156e+01
2.249999940395355225e-01 -2.661031961441040039e+00 1.141702651977539062e+01
2.374999970197677612e-01 -3.317612171173095703e+00 1.141107559204101562e+01
2.500000000000000000e-01 -3.917541742324829102e+00 1.142253398895263672e+01
2.624999880790710449e-01 -4.461433887481689453e+00 1.145104026794433594e+01
2.750000059604644775e-01 -4.952811717987060547e+00 1.146698474884033203e+01
2.874999940395355225e-01 -5.377925395965576172e+00 1.146699810028076172e+01
3.000000119209289551e-01 -5.720078945159912109e+00 1.147671413421630859e+01
3.125000000000000000e-01 -5.979071140289306641e+00 1.150235652923583984e+01
3.249999880790710449e-01 -6.161488533020019531e+00 1.152089500427246094e+01
3.375000059604644775e-01 -6.261715412139892578e+00 1.152327442169189453e+01
3.499999940395355225e-01 -6.268230915069580078e+00 1.153021812438964844e+01
3.625000119209289551e-01 -6.182597160339355469e+00 1.155311679840087891e+01
3.750000000000000000e-01 -6.016186714172363281e+00 1.157266235351562500e+01
3.874999880790710449e-01 -5.770987033843994141e+00 1.157443523406982422e+01
4.000000059604644775e-01 -5.440000534057617188e+00 1.157598972320556641e+01
4.124999940395355225e-01 -5.026849269866943359e+00 1.159450054168701172e+01
4.250000119209289551e-01 -4.548189163208007812e+00 1.161330318450927734e+01
4.375000000000000000e-01 -4.013085842132568359e+00 1.161105728149414062e+01
4.499999880790710449e-01 -3.417094469070434570e+00 1.160300922393798828e+01
4.625000059604644775e-01 -2.764225721359252930e+00 1.161537265777587891e+01
4.749999940395355225e-01 -2.076957225799560547e+00 1.163342475891113281e+01
4.875000119209289551e-01 -1.370681047439575195e+00 1.162238025665283203e+01
5.000000000000000000e-01 -6.348769068717956543e-01 1.159638786315917969e+01
5.124999880790710449e-01 1.372788250446319580e-01 1.160720252990722656e+01
5.249999761581420898e-01 9.093075394630432129e-01 1.163962650299072266e+01
5.375000238418579102e-01 1.620920658111572266e+00 1.157087707519531250e+01
5.500000119209289551e-01 2.253145694732666016e+00 1.128671836853027344e+01
5.625000000000000000e-01 2.849921464920043945e+00 1.081798553466796875e+01
5.749999880790710449e-01 3.460834741592407227e+00 1.031546688079833984e+01
5.874999761581420898e-01 4.079146385192871094e+00 9.899737358093261719e+00
6.000000238418579102e-01 4.652529716491699219e+00 9.581815719604492188e+00
6.125000119209289551e-01 5.140623092651367188e+00 9.325413703918457031e+00
6.250000000000000000e-01 5.539470672607421875e+00 9.123761177062988281e+00
6.374999880790710449e-01 5.856228351593017578e+00 8.986440658569335938e+00
6.499999761581420898e-01 6.086957454681396484e+00 8.896820068359375000e+00
6.625000238418579102e-01 6.226015567779541016e+00 8.828581809997558594e+00
6.750000119209289551e-01 6.277368545532226562e+00 8.785220146179199219e+00
6.875000000000000000e-01 6.244925022125244141e+00 8.785554885864257812e+00
6.999999880790710449e-01 6.124117374420166016e+00 8.823727607727050781e+00
7.124999761581420898e-01 5.913221359252929688e+00 8.881071090698242188e+00
7.250000238418579102e-01 5.621989727020263672e+00 8.968283653259277344e+00
7.375000119209289551e-01 5.258712291717529297e+00 9.113971710205078125e+00
7.500000000000000000e-01 4.820696353912353516e+00 9.313640594482421875e+00
7.624999880790710449e-01 4.311939239501953125e+00 9.538044929504394531e+00
7.749999761581420898e-01 3.758409261703491211e+00 9.801247596740722656e+00
7.875000238418579102e-01 3.182996511459350586e+00 1.016277027130126953e+01
8.000000119209289551e-01 2.569027185440063477e+00 1.062258243560791016e+01
8.125000000000000000e-01 1.875784516334533691e+00 1.105587863922119141e+01
8.249999880790710449e-01 1.099300622940063477e+00 1.131272411346435547e+01
8.374999761581420898e-01 2.959239482879638672e-01 1.137339878082275391e+01
8.500000238418579102e-01 -4.701544642448425293e-01 1.135462760925292969e+01
8.625000119209289551e-01 -1.187028527259826660e+00 1.136371517181396484e+01
8.750000000000000000e-01 -1.884391784667968750e+00 1.140071010589599609e+01
8.874999880790710449e-01 -2.575908184051513672e+00 1.141719532012939453e+01
8.999999761581420898e-01 -3.238368272781372070e+00 1.141144180297851562e+01
9.125000238418579102e-01 -3.845769643783569336e+00 1.141966247558593750e+01
9.250000119209289551e-01 -4.396217823028564453e+00 1.144761276245117188e+01
9.375000000000000000e-01 -4.894566535949707031e+00 1.146623039245605469e+01
9.499999880790710449e-01 -5.329089164733886719e+00 1.146700382232666016e+01
9.624999761581420898e-01 -5.682003021240234375e+00 1.147436237335205078e+01
9.750000238418579102e-01 -5.950936794281005859e+00 1.149899768829345703e+01
9.875000119209289551e-01 -6.142916679382324219e+00 1.151963615417480469e+01
1.000000000000000000e+00 -6.254142761230468750e+00 1.152327156066894531e+01
1.012500047683715820e+00 -6.272658824920654297e+00 1.152837371826171875e+01
1.024999976158142090e+00 -6.197934150695800781e+00 1.154987144470214844e+01
1.037500023841857910e+00 -6.041194438934326172e+00 1.157120990753173828e+01
1.049999952316284180e+00 -5.806220531463623047e+00 1.157480716705322266e+01
1.062500000000000000e+00 -5.486140251159667969e+00 1.157492351531982422e+01
1.075000047683715820e+00 -5.082458496093750000e+00 1.159154605865478516e+01
1.087499976158142090e+00 -4.611140251159667969e+00 1.161194419860839844e+01
1.100000023841857910e+00 -4.083204746246337891e+00 1.161232852935791016e+01
1.112499952316284180e+00 -3.495028495788574219e+00 1.160317516326904297e+01
1.125000000000000000e+00 -2.848289489746093750e+00 1.161274051666259766e+01
1.137500047683715820e+00 -2.163994073867797852e+00 1.163228321075439453e+01
1.149999976158142090e+00 -1.460220932960510254e+00 1.162554454803466797e+01
1.162500023841857910e+00 -7.290613651275634766e-01 1.159851551055908203e+01
1.174999952316284180e+00 3.952208161354064941e-02 1.160316467285156250e+01
1.187500000000000000e+00 8.149705529212951660e-01 1.163794994354248047e+01
1.200000047683715820e+00 1.536584138870239258e+00 1.158996963500976562e+01
1.212499976158142090e+00 2.177325248718261719e+00 1.133463287353515625e+01
1.225000023841857910e+00 2.775143146514892578e+00 1.088189601898193359e+01
1.237499952316284180e+00 3.383255243301391602e+00 1.037497711181640625e+01
1.250000000000000000e+00 4.003097534179687500e+00 9.945702552795410156e+00
1.262500047683715820e+00 4.585045814514160156e+00 9.617586135864257812e+00
1.274999976158142090e+00 5.084650039672851562e+00 9.354722023010253906e+00
1.287500023841857910e+00 5.494150638580322266e+00 9.145494461059570312e+00
1.299999952316284180e+00 5.821146011352539062e+00 9.000368118286132812e+00
1.312500000000000000e+00 6.063093662261962891e+00 8.906510353088378906e+00
1.325000047683715820e+00 6.213575363159179688e+00 8.836162567138671875e+00
1.337499976158142090e+00 6.275523185729980469e+00 8.788507461547851562e+00
1.350000023841857910e+00 6.253675460815429688e+00 8.783015251159667969e+00
1.362499952316284180e+00 6.144236087799072266e+00 8.817679405212402344e+00
1.375000000000000000e+00 5.944257259368896484e+00 8.872860908508300781e+00
1.387500047683715820e+00 5.662399291992187500e+00 8.954621315002441406e+00
1.399999976158142090e+00 5.308119773864746094e+00 9.092241287231445312e+00
1.412500023841857910e+00 4.879634380340576172e+00 9.286862373352050781e+00
1.424999952316284180e+00 4.378694057464599609e+00 9.508844375610351562e+00
1.437500000000000000e+00 3.829002857208251953e+00 9.764140129089355469e+00
1.450000047683715820e+00 3.256279230117797852e+00 1.011095523834228516e+01
1.462499976158142090e+00 2.649398326873779297e+00 1.056301689147949219e+01
1.475000023841857910e+00 1.967591285705566406e+00 1.100904369354248047e+01
1.487499952316284180e+00 1.199423193931579590e+00 1.129264545440673828e+01
1.500000000000000000e+00 3.952988088130950928e-01 1.137316417694091797e+01
1.512500047683715820e+00 -3.774149417877197266e-01 1.135669994354248047e+01
1.524999976158142090e+00 -1.099139213562011719e+00 1.136009883880615234e+01
1.537500023841857910e+00 -1.797380685806274414e+00 1.139641857147216797e+01
1.549999952316284180e+00 -2.490331172943115234e+00 1.141695499420166016e+01
1.562500000000000000e+00 -3.158222198486328125e+00 1.141208171844482422e+01
1.575000047683715820e+00 -3.773097515106201172e+00 1.141715812683105469e+01
1.587499976158142090e+00 -4.330216884613037109e+00 1.144400310516357422e+01
1.600000023841857910e+00 -4.835333824157714844e+00 1.146513938903808594e+01
1.612499952316284180e+00 -5.278950214385986328e+00 1.146713638305664062e+01
1.625000000000000000e+00 -5.642598628997802734e+00 1.147233486175537109e+01
1.637500047683715820e+00 -5.921618461608886719e+00 1.149556159973144531e+01
1.649999976158142090e+00 -6.123096466064453125e+00 1.151805782318115234e+01
1.662500023841857910e+00 -6.245100975036621094e+00 1.152329730987548828e+01
1.674999952316284180e+00 -6.275608539581298828e+00 1.152684116363525391e+01
1.687500000000000000e+00 -6.212002277374267578e+00 1.154662704467773438e+01
1.700000047683715820e+00 -6.064998149871826172e+00 1.156942462921142578e+01
1.712499976158142090e+00 -5.840109825134277344e+00 1.157511329650878906e+01
1.725000023841857910e+00 -5.530947685241699219e+00 1.157417201995849609e+01
1.737499952316284180e+00 -5.137018680572509766e+00 1.158867073059082031e+01
1.750000000000000000e+00 -4.673231601715087891e+00 1.161021423339843750e+01
1.762500047683715820e+00 -4.152374267578125000e+00 1.161341762542724609e+01
1.774999976158142090e+00 -3.572013139724731445e+00 1.160369682312011719e+01
1.787500023841857910e+00 -2.931768655776977539e+00 1.161031436920166016e+01
1.799999952316284180e+00 -2.250770568847656250e+00 1.163066196441650391e+01
1.812500000000000000e+00 -1.549340248107910156e+00 1.162830829620361328e+01
1.825000047683715820e+00 -8.225968480110168457e-01 1.160121631622314453e+01
1.837499976158142090e+00 -5.807625874876976013e-02 1.159977722167968750e+01
1.850000023841857910e+00 7.197417020797729492e-01 1.163500595092773438e+01
1.862499952316284180e+00 1.450881838798522949e+00 1.160561466217041016e+01
1.875000000000000000e+00 2.100810527801513672e+00 1.137925815582275391e+01
1.887500047683715820e+00 2.700607299804687500e+00 1.094498634338378906e+01
1.899999976158142090e+00 3.305936813354492188e+00 1.043587398529052734e+01
1.912500023841857910e+00 3.926443099975585938e+00 9.993331909179687500e+00
1.924999952316284180e+00 4.516215324401855469e+00 9.654325485229492188e+00
1.937500000000000000e+00 5.027248859405517578e+00 9.384831428527832031e+00
1.950000047683715820e+00 5.447561264038085938e+00 9.168274879455566406e+00
1.962499976158142090e+00 5.784739971160888672e+00 9.015124320983886719e+00
1.975000023841857910e+00 6.037782669067382812e+00 8.916522026062011719e+00
1.987499952316284180e+00 6.199748039245605469e+00 8.844062805175781250e+00
2.000000000000000000e+00 6.272383689880371094e+00 8.792493820190429688e+00
