0.000000000000000000e+00 6.236628055572509766e+00 8.821615219116210938e+00
1.250000018626451492e-02 6.277673721313476562e+00 8.782715797424316406e+00
2.500000037252902985e-02 6.234318256378173828e+00 8.788801193237304688e+00
3.750000149011611938e-02 6.101401805877685547e+00 8.830283164978027344e+00
5.000000074505805969e-02 5.878630161285400391e+00 8.890231132507324219e+00
6.250000000000000000e-02 5.576720714569091797e+00 8.984095573425292969e+00
7.500000298023223877e-02 5.202560424804687500e+00 9.138866424560546875e+00
8.749999850988388062e-02 4.752825260162353516e+00 9.343986511230468750e+00
1.000000014901161194e-01 4.234412670135498047e+00 9.571972846984863281e+00
1.124999970197677612e-01 3.675532341003417969e+00 9.846327781677246094e+00
1.250000000000000000e-01 3.095134496688842773e+00 1.022609519958496094e+01
1.375000029802322388e-01 2.470203876495361328e+00 1.069340896606445312e+01
1.500000059604644775e-01 1.761191129684448242e+00 1.110870933532714844e+01
1.624999940395355225e-01 9.737519025802612305e-01 1.133268833160400391e+01
1.749999970197677612e-01 1.707258373498916626e-01 1.137158012390136719e+01
1.875000000000000000e-01 -5.886911749839782715e-01 1.135253047943115234e+01
2.000000029802322388e-01 -1.301963567733764648e+00 1.136885929107666016e+01
2.125000059604644775e-01 -2.000282526016235352e+00 1.140543365478515625e+01
2.249999940395355225e-01 -2.690926313400268555e+00 1.141656684875488281e+01
2.374999970197677612e-01 -3.346933603286743164e+00 1.141074466705322266e+01
2.500000000000000000e-01 -3.945532798767089844e+00 1.142348766326904297e+01
2.624999880790710449e-01 -4.488166332244873047e+00 1.145213031768798828e+01
2.750000059604644775e-01 -4.977730274200439453e+00 1.146698760986328125e+01
2.874999940395355225e-01 -5.399613380432128906e+00 1.146687126159667969e+01
3.000000119209289551e-01 -5.737604141235351562e+00 1.147779178619384766e+01
3.125000000000000000e-01 -5.992433071136474609e+00 1.150384330749511719e+01
3.249999880790710449e-01 -6.170380592346191406e+00 1.152131748199462891e+01
3.375000059604644775e-01 -6.264920711517333984e+00 1.152325153350830078e+01
3.499999940395355225e-01 -6.264835834503173828e+00 1.153136634826660156e+01
3.625000119209289551e-01 -6.172820091247558594e+00 1.155497646331787109e+01
3.750000000000000000e-01 -6.000239372253417969e+00 1.157339763641357422e+01
3.874999880790710449e-01 -5.748040199279785156e+00 1.157426643371582031e+01
4.000000059604644775e-01 -5.409296035766601562e+00 1.157695865631103516e+01
4.124999940395355225e-01 -4.989027976989746094e+00 1.159660243988037109e+01
4.250000119209289551e-01 -4.504245281219482422e+00 1.161414527893066406e+01
4.375000000000000000e-01 -3.962690591812133789e+00 1.161026287078857422e+01
4.499999880790710449e-01 -3.359575510025024414e+00 1.160335063934326172e+01
4.625000059604644775e-01 -2.700752973556518555e+00 1.161766147613525391e+01
4.749999940395355225e-01 -2.009641170501708984e+00 1.163416481018066406e+01
4.875000119209289551e-01 -1.299440741539001465e+00 1.161990737915039062e+01
5.000000000000000000e-01 -5.578811168670654297e-01 1.159545421600341797e+01
5.124999880790710449e-01 2.187742888927459717e-01 1.161127758026123047e+01
5.249999761581420898e-01 9.891175627708435059e-01 1.164009284973144531e+01
5.375000238418579102e-01 1.693646550178527832e+00 1.155151844024658203e+01
5.500000119209289551e-01 2.320532083511352539e+00 1.124159622192382812e+01
5.625000000000000000e-01 2.918502807617187500e+00 1.075957393646240234e+01
5.749999880790710449e-01 3.533316135406494141e+00 1.026176261901855469e+01
5.874999761581420898e-01 4.150849342346191406e+00 9.857834815979003906e+00
6.000000238418579102e-01 4.716798782348632812e+00 9.548167228698730469e+00
6.125000119209289551e-01 5.194814682006835938e+00 9.297286033630371094e+00
6.250000000000000000e-01 5.584133148193359375e+00 9.102916717529296875e+00
6.374999880790710449e-01 5.891083717346191406e+00 8.972941398620605469e+00
6.499999761581420898e-01 6.110477924346923828e+00 8.886986732482910156e+00
6.625000238418579102e-01 6.237701892852783203e+00 8.820887565612792969e+00
6.750000119209289551e-01 6.277656555175781250e+00 8.782491683959960938e+00
6.875000000000000000e-01 6.233183383941650391e+00 8.789162635803222656e+00
6.999999880790710449e-01 6.099078178405761719e+00 8.830950736999511719e+00
7.124999761581420898e-01 5.875200748443603516e+00 8.891158103942871094e+00
7.250000238418579102e-01 5.572340011596679688e+00 8.985679626464843750e+00
7.375000119209289551e-01 5.197230815887451172e+00 9.141270637512207031e+00
7.500000000000000000e-01 4.746511936187744141e+00 9.346817970275878906e+00
7.624999880790710449e-01 4.227366447448730469e+00 9.575100898742675781e+00
7.749999761581420898e-01 3.668158054351806641e+00 9.850473403930664062e+00
7.875000238418579102e-01 3.087424516677856445e+00 1.023177337646484375e+01
8.000000119209289551e-01 2.461624383926391602e+00 1.069949817657470703e+01
8.125000000000000000e-01 1.751412153244018555e+00 1.111300945281982422e+01
8.249999880790710449e-01 9.632921218872070312e-01 1.133417320251464844e+01
8.374999761581420898e-01 1.605445146560668945e-01 1.137139701843261719e+01
8.500000238418579102e-01 -5.981599688529968262e-01 1.135243988037109375e+01
8.625000119209289551e-01 -1.311035513877868652e+00 1.136932277679443359e+01
8.750000000000000000e-01 -2.009302616119384766e+00 1.140579414367675781e+01
8.874999880790710449e-01 -2.699710369110107422e+00 1.141651725769042969e+01
8.999999761581420898e-01 -3.355067491531372070e+00 1.141073894500732422e+01
9.125000238418579102e-01 -3.952893495559692383e+00 1.142381668090820312e+01
9.250000119209289551e-01 -4.494853973388671875e+00 1.145246219635009766e+01
9.375000000000000000e-01 -4.983668804168701172e+00 1.146703529357910156e+01
9.499999880790710449e-01 -5.404542446136474609e+00 1.146689128875732422e+01
9.624999761581420898e-01 -5.741414546966552734e+00 1.147806835174560547e+01
9.750000238418579102e-01 -5.995223999023437500e+00 1.150417804718017578e+01
9.875000119209289551e-01 -6.172165393829345703e+00 1.152141475677490234e+01
1.000000000000000000e+00 -6.265537738800048828e+00 1.152326297760009766e+01
1.012500047683715820e+00 -6.264208316802978516e+00 1.153159332275390625e+01
1.024999976158142090e+00 -6.171082019805908203e+00 1.155530643463134766e+01
1.037500023841857910e+00 -5.997498512268066406e+00 1.157350826263427734e+01
1.049999952316284180e+00 -5.744218349456787109e+00 1.157422828674316406e+01
1.062500000000000000e+00 -5.404346466064453125e+00 1.157710933685302734e+01
1.075000047683715820e+00 -4.983129978179931641e+00 1.159690952301025391e+01
1.087499976158142090e+00 -4.497602462768554688e+00 1.161423587799072266e+01
1.100000023841857910e+00 -3.955288171768188477e+00 1.161011791229248047e+01
1.112499952316284180e+00 -3.351366519927978516e+00 1.160338497161865234e+01
1.125000000000000000e+00 -2.691959619522094727e+00 1.161795043945312500e+01
1.137500047683715820e+00 -2.000575065612792969e+00 1.163420963287353516e+01
1.149999976158142090e+00 -1.290084004402160645e+00 1.161953926086425781e+01
1.162500023841857910e+00 -5.480180978775024414e-01 1.159533214569091797e+01
1.174999952316284180e+00 2.289214581251144409e-01 1.161176681518554688e+01
1.187500000000000000e+00 9.987577199935913086e-01 1.164002609252929688e+01
1.200000047683715820e+00 1.702200531959533691e+00 1.154900360107421875e+01
1.212499976158142090e+00 2.328317642211914062e+00 1.123617267608642578e+01
1.225000023841857910e+00 2.926308631896972656e+00 1.075288295745849609e+01
1.237499952316284180e+00 3.541390419006347656e+00 1.025582790374755859e+01
1.250000000000000000e+00 4.158622741699218750e+00 9.853309631347656250e+00
1.262500047683715820e+00 4.723580360412597656e+00 9.544593811035156250e+00
1.274999976158142090e+00 5.200397968292236328e+00 9.294378280639648438e+00
1.287500023841857910e+00 5.588631153106689453e+00 9.100831985473632812e+00
1.299999952316284180e+00 5.894501686096191406e+00 8.971618652343750000e+00
1.312500000000000000e+00 6.112711429595947266e+00 8.886026382446289062e+00
1.325000047683715820e+00 6.238760948181152344e+00 8.820163726806640625e+00
1.337499976158142090e+00 6.277625560760498047e+00 8.782276153564453125e+00
1.350000023841857910e+00 6.232033729553222656e+00 8.789529800415039062e+00
1.362499952316284180e+00 6.096739292144775391e+00 8.831620216369628906e+00
1.375000000000000000e+00 5.871757984161376953e+00 8.892090797424316406e+00
1.387500047683715820e+00 5.567947387695312500e+00 8.987274169921875000e+00
1.399999976158142090e+00 5.191888332366943359e+00 9.143683433532714844e+00
1.412500023841857910e+00 4.740187168121337891e+00 9.349652290344238281e+00
1.424999952316284180e+00 4.220313549041748047e+00 9.578236579895019531e+00
1.437500000000000000e+00 3.660780906677246094e+00 9.854637145996093750e+00
1.450000047683715820e+00 3.079707384109497070e+00 1.023746871948242188e+01
1.462499976158142090e+00 2.453030347824096680e+00 1.070557785034179688e+01
1.475000023841857910e+00 1.741619110107421875e+00 1.111727428436279297e+01
1.487499952316284180e+00 9.528300166130065918e-01 1.133562469482421875e+01
1.500000000000000000e+00 1.503715366125106812e-01 1.137120628356933594e+01
1.512500047683715820e+00 -6.076204776763916016e-01 1.135235691070556641e+01
1.524999976158142090e+00 -1.320105433464050293e+00 1.136979007720947266e+01
1.537500023841857910e+00 -2.018322229385375977e+00 1.140614891052246094e+01
1.549999952316284180e+00 -2.708488464355468750e+00 1.141646480560302734e+01
1.562500000000000000e+00 -3.363191366195678711e+00 1.141073703765869141e+01
1.575000047683715820e+00 -3.960245132446289062e+00 1.142414951324462891e+01
1.587499976158142090e+00 -4.501533031463623047e+00 1.145279121398925781e+01
1.600000023841857910e+00 -4.989595413208007812e+00 1.146708106994628906e+01
1.612499952316284180e+00 -5.409456729888916016e+00 1.146691226959228516e+01
1.625000000000000000e+00 -5.745211601257324219e+00 1.147834777832031250e+01
1.637500047683715820e+00 -5.998002529144287109e+00 1.150450992584228516e+01
1.649999976158142090e+00 -6.173936843872070312e+00 1.152150917053222656e+01
1.662500023841857910e+00 -6.266139030456542969e+00 1.152327537536621094e+01
1.674999952316284180e+00 -6.263565063476562500e+00 1.153182315826416016e+01
1.687500000000000000e+00 -6.169330596923828125e+00 1.155563449859619141e+01
1.700000047683715820e+00 -5.994744300842285156e+00 1.157361602783203125e+01
1.712499976158142090e+00 -5.740381717681884766e+00 1.157419109344482422e+01
1.725000023841857910e+00 -5.399382591247558594e+00 1.157726383209228516e+01
1.737499952316284180e+00 -4.977221965789794922e+00 1.159721755981445312e+01
1.750000000000000000e+00 -4.490950584411621094e+00 1.161432266235351562e+01
1.762500047683715820e+00 -3.947875261306762695e+00 1.160997200012207031e+01
1.774999976158142090e+00 -3.343147993087768555e+00 1.160342502593994141e+01
1.787500023841857910e+00 -2.683161020278930664e+00 1.161824035644531250e+01
1.799999952316284180e+00 -1.991506099700927734e+00 1.163424777984619141e+01
1.812500000000000000e+00 -1.280721902847290039e+00 1.161916923522949219e+01
1.825000047683715820e+00 -5.381484031677246094e-01 1.159521675109863281e+01
1.837499976158142090e+00 2.390677779912948608e-01 1.161225891113281250e+01
1.850000023841857910e+00 1.008386015892028809e+00 1.163993930816650391e+01
1.862499952316284180e+00 1.710740566253662109e+00 1.154644870758056641e+01
1.875000000000000000e+00 2.336098432540893555e+00 1.123071956634521484e+01
1.887500047683715820e+00 2.934118747711181641e+00 1.074619007110595703e+01
1.899999976158142090e+00 3.549465656280517578e+00 1.024991035461425781e+01
1.912500023841857910e+00 4.166387081146240234e+00 9.848800659179687500e+00
1.924999952316284180e+00 4.730346202850341797e+00 9.541029930114746094e+00
1.937500000000000000e+00 5.205966949462890625e+00 9.291479110717773438e+00
1.950000047683715820e+00 5.593115329742431641e+00 9.098759651184082031e+00
1.962499976158142090e+00 5.897904872894287109e+00 8.970303535461425781e+00
1.975000023841857910e+00 6.114928722381591797e+00 8.885068893432617188e+00
1.987499952316284180e+00 6.239805221557617188e+00 8.819445610046386719e+00
2.000000000000000000e+00 6.277580738067626953e+00 8.782069206237792969e+00
