0.000000000000000000e+00 6.236181735992431641e+00 8.821953773498535156e+00
1.250000018626451492e-02 6.277439117431640625e+00 8.782860755920410156e+00
2.500000037252902985e-02 6.233858108520507812e+00 8.788979530334472656e+00
3.750000149011611938e-02 6.100240707397460938e+00 8.830631256103515625e+00
5.000000074505805969e-02 5.876333236694335938e+00 8.890839576721191406e+00
6.250000000000000000e-02 5.572967529296875000e+00 8.985372543334960938e+00
7.500000298023223877e-02 5.196988582611083984e+00 9.141239166259765625e+00
8.749999850988388062e-02 4.745025157928466797e+00 9.347333908081054688e+00
1.000000014901161194e-01 4.224332809448242188e+00 9.576285362243652344e+00
1.124999970197677612e-01 3.663527488708496094e+00 9.852818489074707031e+00
1.250000000000000000e-01 3.081100702285766602e+00 1.023601341247558594e+01
1.375000029802322388e-01 2.452996253967285156e+00 1.070509815216064453e+01
1.500000059604644775e-01 1.739737868309020996e+00 1.111759948730468750e+01
1.624999940395355225e-01 9.487410783767700195e-01 1.133576965332031250e+01
1.749999970197677612e-01 1.442839950323104858e-01 1.137079334259033203e+01
1.875000000000000000e-01 -6.152632832527160645e-01 1.135206222534179688e+01
2.000000029802322388e-01 -1.329268217086791992e+00 1.137001800537109375e+01
2.125000059604644775e-01 -2.029186248779296875e+00 1.140632343292236328e+01
2.249999940395355225e-01 -2.720754623413085938e+00 1.141617870330810547e+01
2.374999970197677612e-01 -3.376129627227783203e+00 1.141057205200195312e+01
2.500000000000000000e-01 -3.973392963409423828e+00 1.142459392547607422e+01
2.624999880790710449e-01 -4.514765262603759766e+00 1.145328521728515625e+01
2.750000059604644775e-01 -5.002455234527587891e+00 1.146705055236816406e+01
2.874999940395355225e-01 -5.421030998229980469e+00 1.146690177917480469e+01
3.000000119209289551e-01 -5.754839897155761719e+00 1.147904396057128906e+01
3.125000000000000000e-01 -6.005510330200195312e+00 1.150539970397949219e+01
3.249999880790710449e-01 -6.178932189941406250e+00 1.152177524566650391e+01
3.375000059604644775e-01 -6.267698764801025391e+00 1.152337741851806641e+01
3.499999940395355225e-01 -6.260995864868164062e+00 1.153271865844726562e+01
3.625000119209289551e-01 -6.162633419036865234e+00 1.155691528320312500e+01
3.750000000000000000e-01 -5.983855247497558594e+00 1.157412719726562500e+01
3.874999880790710449e-01 -5.724571704864501953e+00 1.157422924041748047e+01
4.000000059604644775e-01 -5.378066539764404297e+00 1.157817554473876953e+01
4.124999940395355225e-01 -4.950778007507324219e+00 1.159880065917968750e+01
4.250000119209289551e-01 -4.459903240203857422e+00 1.161491394042968750e+01
4.375000000000000000e-01 -3.911816120147705078e+00 1.160955524444580078e+01
4.499999880790710449e-01 -3.301589727401733398e+00 1.160401821136474609e+01
4.625000059604644775e-01 -2.637014150619506836e+00 1.162008953094482422e+01
4.749999940395355225e-01 -1.942180752754211426e+00 1.163467216491699219e+01
4.875000119209289551e-01 -1.227893948554992676e+00 1.161740970611572266e+01
5.000000000000000000e-01 -4.804799258708953857e-01 1.159512138366699219e+01
5.124999880790710449e-01 3.002296090126037598e-01 1.161570453643798828e+01
5.249999761581420898e-01 1.068137645721435547e+00 1.163929176330566406e+01
5.375000238418579102e-01 1.765373229980468750e+00 1.152945232391357422e+01
5.500000119209289551e-01 2.387536048889160156e+00 1.119432830810546875e+01
5.625000000000000000e-01 2.987344503402709961e+00 1.070115470886230469e+01
5.749999880790710449e-01 3.605862617492675781e+00 1.020959091186523438e+01
5.874999761581420898e-01 4.221790313720703125e+00 9.817381858825683594e+00
6.000000238418579102e-01 4.779730796813964844e+00 9.515383720397949219e+00
6.125000119209289551e-01 5.247651576995849609e+00 9.270080566406250000e+00
6.250000000000000000e-01 5.627508163452148438e+00 9.083240509033203125e+00
6.374999880790710449e-01 5.924476623535156250e+00 8.960269927978515625e+00
6.499999761581420898e-01 6.132372379302978516e+00 8.877515792846679688e+00
6.625000238418579102e-01 6.247809886932373047e+00 8.813755035400390625e+00
6.750000119209289551e-01 6.276373386383056641e+00 8.780754089355468750e+00
6.875000000000000000e-01 6.219680309295654297e+00 8.793558120727539062e+00
6.999999880790710449e-01 6.072191715240478516e+00 8.838558197021484375e+00
7.124999761581420898e-01 5.835526466369628906e+00 8.902023315429687500e+00
7.250000238418579102e-01 5.521143436431884766e+00 9.004581451416015625e+00
7.375000119209289551e-01 5.134026050567626953e+00 9.169832229614257812e+00
7.500000000000000000e-01 4.670680046081542969e+00 9.380491256713867188e+00
7.624999880790710449e-01 4.141847133636474609e+00 9.613277435302734375e+00
7.749999761581420898e-01 3.577486991882324219e+00 9.902591705322265625e+00
7.875000238418579102e-01 2.990765571594238281e+00 1.030336856842041016e+01
8.000000119209289551e-01 2.351893186569213867e+00 1.077502441406250000e+01
8.125000000000000000e-01 1.624763250350952148e+00 1.116454696655273438e+01
8.249999880790710449e-01 8.268701434135437012e-01 1.135020732879638672e+01
8.374999761581420898e-01 2.658857032656669617e-02 1.136800670623779297e+01
8.500000238418579102e-01 -7.247073650360107422e-01 1.135177230834960938e+01
8.625000119209289551e-01 -1.434663414955139160e+00 1.137570953369140625e+01
8.750000000000000000e-01 -2.134050846099853516e+00 1.140996932983398438e+01
8.874999880790710449e-01 -2.822322368621826172e+00 1.141533374786376953e+01
8.999999761581420898e-01 -3.469724655151367188e+00 1.141093730926513672e+01
9.125000238418579102e-01 -4.058062553405761719e+00 1.142871761322021484e+01
9.250000119209289551e-01 -4.591642856597900391e+00 1.145680522918701172e+01
9.375000000000000000e-01 -5.070265293121337891e+00 1.146732044219970703e+01
9.499999880790710449e-01 -5.476747512817382812e+00 1.146742534637451172e+01
9.624999761581420898e-01 -5.797578334808349609e+00 1.148258399963378906e+01
9.750000238418579102e-01 -6.036498069763183594e+00 1.150904178619384766e+01
9.875000119209289551e-01 -6.198011875152587891e+00 1.152256298065185547e+01
1.000000000000000000e+00 -6.272896766662597656e+00 1.152371406555175781e+01
1.012500047683715820e+00 -6.251770973205566406e+00 1.153573226928710938e+01
1.024999976158142090e+00 -6.140730857849121094e+00 1.156056880950927734e+01
1.037500023841857910e+00 -5.950237274169921875e+00 1.157498645782470703e+01
1.049999952316284180e+00 -5.678149223327636719e+00 1.157390499114990234e+01
1.062500000000000000e+00 -5.318639278411865234e+00 1.158039665222167969e+01
1.075000047683715820e+00 -4.880731105804443359e+00 1.160226726531982422e+01
1.087499976158142090e+00 -4.381312847137451172e+00 1.161537837982177734e+01
1.100000023841857910e+00 -3.824186801910400391e+00 1.160787010192871094e+01
1.112499952316284180e+00 -3.204726457595825195e+00 1.160506629943847656e+01
1.125000000000000000e+00 -2.533988952636718750e+00 1.162344074249267578e+01
1.137500047683715820e+00 -1.836270332336425781e+00 1.163424968719482422e+01
1.149999976158142090e+00 -1.118158698081970215e+00 1.161293029785156250e+01
1.162500023841857910e+00 -3.647377192974090576e-01 1.159500408172607422e+01
1.174999952316284180e+00 4.180272221565246582e-01 1.162173843383789062e+01
1.187500000000000000e+00 1.178335905075073242e+00 1.163493537902832031e+01
1.200000047683715820e+00 1.862747669219970703e+00 1.149377918243408203e+01
1.212499976158142090e+00 2.477522134780883789e+00 1.112669372558593750e+01
1.225000023841857910e+00 3.078830242156982422e+00 1.062349414825439453e+01
1.237499952316284180e+00 3.699832201004028320e+00 1.014357948303222656e+01
1.250000000000000000e+00 4.310556888580322266e+00 9.767316818237304688e+00
1.262500047683715820e+00 4.855988502502441406e+00 9.475290298461914062e+00
1.274999976158142090e+00 5.310081005096435547e+00 9.237899780273437500e+00
1.287500023841857910e+00 5.677462100982666016e+00 9.060959815979003906e+00
1.299999952316284180e+00 5.961594581604003906e+00 8.946084022521972656e+00
1.312500000000000000e+00 6.155539035797119141e+00 8.866802215576171875e+00
1.325000047683715820e+00 6.257488727569580078e+00 8.806242942810058594e+00
1.337499976158142090e+00 6.273403644561767578e+00 8.779756546020507812e+00
1.350000023841857910e+00 6.203436374664306641e+00 8.798866271972656250e+00
1.362499952316284180e+00 6.042105197906494141e+00 8.846815109252929688e+00
1.375000000000000000e+00 5.792982101440429688e+00 8.914077758789062500e+00
1.387500047683715820e+00 5.467703342437744141e+00 9.025307655334472656e+00
1.399999976158142090e+00 5.069311618804931641e+00 9.199472427368164062e+00
1.412500023841857910e+00 4.594807624816894531e+00 9.414009094238281250e+00
1.424999952316284180e+00 4.058592319488525391e+00 9.651480674743652344e+00
1.437500000000000000e+00 3.491041183471679688e+00 9.955085754394531250e+00
1.450000047683715820e+00 2.899273633956909180e+00 1.037258148193359375e+01
1.462499976158142090e+00 2.248680353164672852e+00 1.084303665161132812e+01
1.475000023841857910e+00 1.508077502250671387e+00 1.120654582977294922e+01
1.487499952316284180e+00 7.049849629402160645e-01 1.136064815521240234e+01
1.500000000000000000e+00 -8.986801654100418091e-02 1.136460018157958984e+01
1.512500047683715820e+00 -8.331708908081054688e-01 1.135262489318847656e+01
1.524999976158142090e+00 -1.539896726608276367e+00 1.138163948059082031e+01
1.537500023841857910e+00 -2.238730430603027344e+00 1.141281795501708984e+01
1.549999952316284180e+00 -2.922935724258422852e+00 1.141424274444580078e+01
1.562500000000000000e+00 -3.561933279037475586e+00 1.141191387176513672e+01
1.575000047683715820e+00 -4.141510486602783203e+00 1.143310928344726562e+01
1.587499976158142090e+00 -4.667322635650634766e+00 1.145984077453613281e+01
1.600000023841857910e+00 -5.136437892913818359e+00 1.146731185913085938e+01
1.612499952316284180e+00 -5.530488967895507812e+00 1.146836280822753906e+01
1.625000000000000000e+00 -5.838467597961425781e+00 1.148642921447753906e+01
1.637500047683715820e+00 -6.065774440765380859e+00 1.151233005523681641e+01
1.649999976158142090e+00 -6.215137481689453125e+00 1.152301597595214844e+01
1.662500023841857910e+00 -6.275890350341796875e+00 1.152434825897216797e+01
1.674999952316284180e+00 -6.240507602691650391e+00 1.153909778594970703e+01
1.687500000000000000e+00 -6.117067813873291016e+00 1.156394386291503906e+01
1.700000047683715820e+00 -5.914788246154785156e+00 1.157542419433593750e+01
1.712499976158142090e+00 -5.629718303680419922e+00 1.157378864288330078e+01
1.725000023841857910e+00 -5.257423877716064453e+00 1.158304405212402344e+01
1.737499952316284180e+00 -4.809329509735107422e+00 1.160550785064697266e+01
1.750000000000000000e+00 -4.301443099975585938e+00 1.161528491973876953e+01
1.762500047683715820e+00 -3.735113143920898438e+00 1.160630893707275391e+01
1.774999976158142090e+00 -3.106671810150146484e+00 1.160670471191406250e+01
1.787500023841857910e+00 -2.430395841598510742e+00 1.162661647796630859e+01
1.799999952316284180e+00 -1.729955196380615234e+00 1.163295555114746094e+01
1.812500000000000000e+00 -1.007583618164062500e+00 1.160849857330322266e+01
1.825000047683715820e+00 -2.482266724109649658e-01 1.159611511230468750e+01
1.837499976158142090e+00 5.353273749351501465e-01 1.162766265869140625e+01
1.850000023841857910e+00 1.286689400672912598e+00 1.162695121765136719e+01
1.862499952316284180e+00 1.958438873291015625e+00 1.145265293121337891e+01
1.875000000000000000e+00 2.567257165908813477e+00 1.105584335327148438e+01
1.887500047683715820e+00 3.170901298522949219e+00 1.054654598236083984e+01
1.899999976158142090e+00 3.793619632720947266e+00 1.008012390136718750e+01
1.912500023841857910e+00 4.397779464721679688e+00 9.719153404235839844e+00
1.924999952316284180e+00 4.930119037628173828e+00 9.436335563659667969e+00
1.937500000000000000e+00 5.370564460754394531e+00 9.207098960876464844e+00
1.950000047683715820e+00 5.725564956665039062e+00 9.040152549743652344e+00
1.962499976158142090e+00 5.996663093566894531e+00 8.932678222656250000e+00
1.975000023841857910e+00 6.176609992980957031e+00 8.856430053710937500e+00
1.987499952316284180e+00 6.265241622924804688e+00 8.799510955810546875e+00
2.000000000000000000e+00 6.268511772155761719e+00 8.779860496520996094e+00
