0.000000000000000000e+00 6.235725402832031250e+00 8.822203636169433594e+00
1.250000018626451492e-02 6.277194976806640625e+00 8.782915115356445312e+00
2.500000037252902985e-02 6.233388423919677734e+00 8.789068222045898438e+00
3.750000149011611938e-02 6.099068641662597656e+00 8.830888748168945312e+00
5.000000074505805969e-02 5.874022960662841797e+00 8.891357421875000000e+00
6.250000000000000000e-02 5.569199562072753906e+00 8.986562728881835938e+00
7.500000298023223877e-02 5.191398143768310547e+00 9.143527984619140625e+00
8.749999850988388062e-02 4.737203121185302734e+00 9.350591659545898438e+00
1.000000014901161194e-01 4.214235305786132812e+00 9.580513954162597656e+00
1.124999970197677612e-01 3.651512145996093750e+00 9.859255790710449219e+00
1.250000000000000000e-01 3.067044258117675781e+00 1.024587821960449219e+01
1.375000029802322388e-01 2.435733318328857422e+00 1.071664619445800781e+01
1.500000059604644775e-01 1.718220472335815430e+00 1.112622547149658203e+01
1.624999940395355225e-01 9.237154126167297363e-01 1.133857250213623047e+01
1.749999970197677612e-01 1.178939193487167358e-01 1.136985588073730469e+01
1.875000000000000000e-01 -6.417730450630187988e-01 1.135155296325683594e+01
2.000000029802322388e-01 -1.356549501419067383e+00 1.137110233306884766e+01
2.125000059604644775e-01 -2.058071136474609375e+00 1.140705394744873047e+01
2.249999940395355225e-01 -2.750502347946166992e+00 1.141565608978271484e+01
2.374999970197677612e-01 -3.405185937881469727e+00 1.141034889221191406e+01
2.500000000000000000e-01 -4.001108646392822266e+00 1.142563533782958984e+01
2.624999880790710449e-01 -4.541214466094970703e+00 1.145428466796875000e+01
2.750000059604644775e-01 -5.026964664459228516e+00 1.146696090698242188e+01
2.874999940395355225e-01 -5.442158222198486328e+00 1.146687793731689453e+01
3.000000119209289551e-01 -5.771769523620605469e+00 1.148024845123291016e+01
3.125000000000000000e-01 -6.018283843994140625e+00 1.150680160522460938e+01
3.249999880790710449e-01 -6.187120437622070312e+00 1.152205562591552734e+01
3.375000059604644775e-01 -6.270028591156005859e+00 1.152344322204589844e+01
3.499999940395355225e-01 -6.256695747375488281e+00 1.153405284881591797e+01
3.625000119209289551e-01 -6.152021884918212891e+00 1.155870342254638672e+01
3.750000000000000000e-01 -5.967013359069824219e+00 1.157463932037353516e+01
3.874999880790710449e-01 -5.700562477111816406e+00 1.157411956787109375e+01
4.000000059604644775e-01 -5.346304416656494141e+00 1.157942104339599609e+01
4.124999940395355225e-01 -4.912095546722412109e+00 1.160086059570312500e+01
4.250000119209289551e-01 -4.415150165557861328e+00 1.161539268493652344e+01
4.375000000000000000e-01 -3.860449314117431641e+00 1.160874843597412109e+01
4.499999880790710449e-01 -3.243144035339355469e+00 1.160480499267578125e+01
4.625000059604644775e-01 -2.573025941848754883e+00 1.162240886688232422e+01
4.749999940395355225e-01 -1.874569177627563477e+00 1.163473033905029297e+01
4.875000119209289551e-01 -1.156019687652587891e+00 1.161474418640136719e+01
5.000000000000000000e-01 -4.026938080787658691e-01 1.159522056579589844e+01
5.124999880790710449e-01 3.815646469593048096e-01 1.162016868591308594e+01
5.249999761581420898e-01 1.146302819252014160e+00 1.163683414459228516e+01
5.375000238418579102e-01 1.836129307746887207e+00 1.150444984436035156e+01
5.500000119209289551e-01 2.454239368438720703e+00 1.114493370056152344e+01
5.625000000000000000e-01 3.056460857391357422e+00 1.064278411865234375e+01
5.749999880790710449e-01 3.678381919860839844e+00 1.015882396697998047e+01
5.874999761581420898e-01 4.291862964630126953e+00 9.778110504150390625e+00
6.000000238418579102e-01 4.841288566589355469e+00 9.483246803283691406e+00
6.125000119209289551e-01 5.299138545989990234e+00 9.243656158447265625e+00
6.250000000000000000e-01 5.669572830200195312e+00 9.064542770385742188e+00
6.374999880790710449e-01 5.956363677978515625e+00 8.948168754577636719e+00
6.499999761581420898e-01 6.152625083923339844e+00 8.868210792541503906e+00
6.625000238418579102e-01 6.256338596343994141e+00 8.807071685791015625e+00
6.750000119209289551e-01 6.273489475250244141e+00 8.779840469360351562e+00
6.875000000000000000e-01 6.204377174377441406e+00 8.798488616943359375e+00
6.999999880790710449e-01 6.043463230133056641e+00 8.846364021301269531e+00
7.124999761581420898e-01 5.794221401214599609e+00 8.913596153259277344e+00
7.250000238418579102e-01 5.468379497528076172e+00 9.024843215942382812e+00
7.375000119209289551e-01 5.069070339202880859e+00 9.199338912963867188e+00
7.500000000000000000e-01 4.593268394470214844e+00 9.414440155029296875e+00
7.624999880790710449e-01 4.055502891540527344e+00 9.652636528015136719e+00
7.749999761581420898e-01 3.486374855041503906e+00 9.957575798034667969e+00
7.875000238418579102e-01 2.892815828323364258e+00 1.037692642211914062e+01
8.000000119209289551e-01 2.239716768264770508e+00 1.084816265106201172e+01
8.125000000000000000e-01 1.496053814888000488e+00 1.120998477935791016e+01
8.249999880790710449e-01 6.904128193855285645e-01 1.136117267608642578e+01
8.374999761581420898e-01 -1.057981923222541809e-01 1.136374092102050781e+01
8.500000238418579102e-01 -8.499589562416076660e-01 1.135252285003662109e+01
8.625000119209289551e-01 -1.558048009872436523e+00 1.138231468200683594e+01
8.750000000000000000e-01 -2.258507013320922852e+00 1.141292381286621094e+01
8.874999880790710449e-01 -2.943526029586791992e+00 1.141370391845703125e+01
8.999999761581420898e-01 -3.582292318344116211e+00 1.141194915771484375e+01
9.125000238418579102e-01 -4.161329746246337891e+00 1.143392467498779297e+01
9.250000119209289551e-01 -4.686510086059570312e+00 1.146028423309326172e+01
9.375000000000000000e-01 -5.154179096221923828e+00 1.146706390380859375e+01
9.499999880790710449e-01 -5.545639991760253906e+00 1.146855449676513672e+01
9.624999761581420898e-01 -5.850553035736083984e+00 1.148751735687255859e+01
9.750000238418579102e-01 -6.074736595153808594e+00 1.151318454742431641e+01
9.875000119209289551e-01 -6.220310211181640625e+00 1.152301883697509766e+01
1.000000000000000000e+00 -6.276160240173339844e+00 1.152462577819824219e+01
1.012500047683715820e+00 -6.235447883605957031e+00 1.154043674468994141e+01
1.024999976158142090e+00 -6.106934070587158203e+00 1.156518840789794922e+01
1.037500023841857910e+00 -5.899308204650878906e+00 1.157553768157958984e+01
1.049999952316284180e+00 -5.607967376708984375e+00 1.157391834259033203e+01
1.062500000000000000e+00 -5.229183197021484375e+00 1.158447551727294922e+01
1.075000047683715820e+00 -4.775418758392333984e+00 1.160703754425048828e+01
1.087499976158142090e+00 -4.262209415435791016e+00 1.161520767211914062e+01
1.100000023841857910e+00 -3.689845323562622070e+00 1.160581684112548828e+01
1.112499952316284180e+00 -3.055355787277221680e+00 1.160800266265869141e+01
1.125000000000000000e+00 -2.374685287475585938e+00 1.162841224670410156e+01
1.137500047683715820e+00 -1.670993924140930176e+00 1.163210868835449219e+01
1.149999976158142090e+00 -9.441803693771362305e-01 1.160636425018310547e+01
1.162500023841857910e+00 -1.795381009578704834e-01 1.159766197204589844e+01
1.174999952316284180e+00 6.058608889579772949e-01 1.163129425048828125e+01
1.187500000000000000e+00 1.353085756301879883e+00 1.162021446228027344e+01
1.200000047683715820e+00 2.018754959106445312e+00 1.142390060424804688e+01
1.212499976158142090e+00 2.625945806503295898e+00 1.100840950012207031e+01
1.225000023841857910e+00 3.232870101928710938e+00 1.049605369567871094e+01
1.237499952316284180e+00 3.857686519622802734e+00 1.003850746154785156e+01
1.250000000000000000e+00 4.457999229431152344e+00 9.686707496643066406e+00
1.262500047683715820e+00 4.982111930847167969e+00 9.409214973449707031e+00
1.274999976158142090e+00 5.413889408111572266e+00 9.185457229614257812e+00
1.287500023841857910e+00 5.760573863983154297e+00 9.025515556335449219e+00
1.299999952316284180e+00 6.022220611572265625e+00 8.922901153564453125e+00
1.312500000000000000e+00 6.191617012023925781e+00 8.848577499389648438e+00
1.325000047683715820e+00 6.269886016845703125e+00 8.794760704040527344e+00
1.337499976158142090e+00 6.262745380401611328e+00 8.780794143676757812e+00
1.350000023841857910e+00 6.167740821838378906e+00 8.810261726379394531e+00
1.362499952316284180e+00 5.980521202087402344e+00 8.863133430480957031e+00
1.375000000000000000e+00 5.708196640014648438e+00 8.939489364624023438e+00
1.387500047683715820e+00 5.361583709716796875e+00 9.068686485290527344e+00
1.399999976158142090e+00 4.940314769744873047e+00 9.258476257324218750e+00
1.412500023841857910e+00 4.444090843200683594e+00 9.479678153991699219e+00
1.424999952316284180e+00 3.894359588623046875e+00 9.730151176452636719e+00
1.437500000000000000e+00 3.319563627243041992e+00 1.006613063812255859e+01
1.450000047683715820e+00 2.713678121566772461e+00 1.051302528381347656e+01
1.462499976158142090e+00 2.035799980163574219e+00 1.097024631500244141e+01
1.475000023841857910e+00 1.268461227416992188e+00 1.127518749237060547e+01
1.487499952316284180e+00 4.581125676631927490e-01 1.137102985382080078e+01
1.500000000000000000e+00 -3.247592449188232422e-01 1.135714912414550781e+01
1.512500047683715820e+00 -1.055099844932556152e+00 1.135758781433105469e+01
1.524999976158142090e+00 -1.759216308593750000e+00 1.139346313476562500e+01
1.537500023841857910e+00 -2.457844972610473633e+00 1.141585636138916016e+01
1.549999952316284180e+00 -3.132591485977172852e+00 1.141157245635986328e+01
1.562500000000000000e+00 -3.754330873489379883e+00 1.141588687896728516e+01
1.575000047683715820e+00 -4.317210197448730469e+00 1.144260120391845703e+01
1.587499976158142090e+00 -4.827204227447509766e+00 1.146434688568115234e+01
1.600000023841857910e+00 -5.275054931640625000e+00 1.146666622161865234e+01
1.612499952316284180e+00 -5.641870498657226562e+00 1.147195434570312500e+01
1.625000000000000000e+00 -5.922733783721923828e+00 1.149543476104736328e+01
1.637500047683715820e+00 -6.124839782714843750e+00 1.151800823211669922e+01
1.649999976158142090e+00 -6.246087074279785156e+00 1.152318000793457031e+01
1.662500023841857910e+00 -6.274220466613769531e+00 1.152721214294433594e+01
1.674999952316284180e+00 -6.206982612609863281e+00 1.154771041870117188e+01
1.687500000000000000e+00 -6.055456161499023438e+00 1.157026958465576172e+01
1.700000047683715820e+00 -5.824714183807373047e+00 1.157526493072509766e+01
1.712499976158142090e+00 -5.508045673370361328e+00 1.157492256164550781e+01
1.725000023841857910e+00 -5.105868816375732422e+00 1.159074401855468750e+01
1.737499952316284180e+00 -4.633985042572021484e+00 1.161183929443359375e+01
1.750000000000000000e+00 -4.104437351226806641e+00 1.161329841613769531e+01
1.762500047683715820e+00 -3.513974189758300781e+00 1.160401821136474609e+01
1.774999976158142090e+00 -2.863699913024902344e+00 1.161305904388427734e+01
1.787500023841857910e+00 -2.174640655517578125e+00 1.163287734985351562e+01
1.799999952316284180e+00 -1.465653896331787109e+00 1.162656021118164062e+01
1.812500000000000000e+00 -7.289930582046508789e-01 1.159949970245361328e+01
1.825000047683715820e+00 4.566270112991333008e-02 1.160445213317871094e+01
1.837499976158142090e+00 8.269152045249938965e-01 1.163919258117675781e+01
1.850000023841857910e+00 1.552655339241027832e+00 1.158757305145263672e+01
1.862499952316284180e+00 2.196303606033325195e+00 1.132415485382080078e+01
1.875000000000000000e+00 2.797942161560058594e+00 1.086373710632324219e+01
1.887500047683715820e+00 3.411207675933837891e+00 1.035462760925292969e+01
1.899999976158142090e+00 4.035023689270019531e+00 9.927478790283203125e+00
1.912500023841857910e+00 4.617581844329833984e+00 9.601256370544433594e+00
1.924999952316284180e+00 5.115178585052490234e+00 9.339336395263671875e+00
1.937500000000000000e+00 5.521725177764892578e+00 9.132665634155273438e+00
1.950000047683715820e+00 5.844643592834472656e+00 8.991404533386230469e+00
1.962499976158142090e+00 6.080413341522216797e+00 8.899780273437500000e+00
1.975000023841857910e+00 6.223074913024902344e+00 8.830401420593261719e+00
1.987499952316284180e+00 6.276484489440917969e+00 8.785867691040039062e+00
2.000000000000000000e+00 6.244796276092529297e+00 8.785530090332031250e+00
