0.000000000000000000e+00 6.235268592834472656e+00 8.822552680969238281e+00
1.250000018626451492e-02 6.276951313018798828e+00 8.783069610595703125e+00
2.500000037252902985e-02 6.232918739318847656e+00 8.789257049560546875e+00
3.750000149011611938e-02 6.097894668579101562e+00 8.831245422363281250e+00
5.000000074505805969e-02 5.871708869934082031e+00 8.891976356506347656e+00
6.250000000000000000e-02 5.565424442291259766e+00 8.987857818603515625e+00
7.500000298023223877e-02 5.185795783996582031e+00 9.145923614501953125e+00
8.749999850988388062e-02 4.729365348815917969e+00 9.353953361511230469e+00
1.000000014901161194e-01 4.204126358032226562e+00 9.584856986999511719e+00
1.124999970197677612e-01 3.639490842819213867e+00 9.865837097167968750e+00
1.250000000000000000e-01 3.052968502044677734e+00 1.025588893890380859e+01
1.375000029802322388e-01 2.418417692184448242e+00 1.072824954986572266e+01
1.500000059604644775e-01 1.696641325950622559e+00 1.113478660583496094e+01
1.624999940395355225e-01 8.986776471138000488e-01 1.134130382537841797e+01
1.749999970197677612e-01 9.155595302581787109e-02 1.136897945404052734e+01
1.875000000000000000e-01 -6.682238578796386719e-01 1.135121059417724609e+01
2.000000029802322388e-01 -1.383812308311462402e+00 1.137231349945068359e+01
2.125000059604644775e-01 -2.086940288543701172e+00 1.140783023834228516e+01
2.249999940395355225e-01 -2.780171871185302734e+00 1.141520690917968750e+01
2.374999970197677612e-01 -3.434108734130859375e+00 1.141028118133544922e+01
2.500000000000000000e-01 -4.028688430786132812e+00 1.142681407928466797e+01
2.624999880790710449e-01 -4.567519664764404297e+00 1.145533466339111328e+01
2.750000059604644775e-01 -5.051263809204101562e+00 1.146693325042724609e+01
2.874999940395355225e-01 -5.463002681732177734e+00 1.146701145172119141e+01
3.000000119209289551e-01 -5.788404464721679688e+00 1.148161220550537109e+01
3.125000000000000000e-01 -6.030763149261474609e+00 1.150825595855712891e+01
3.249999880790710449e-01 -6.194950103759765625e+00 1.152237415313720703e+01
3.375000059604644775e-01 -6.271917819976806641e+00 1.152366828918457031e+01
3.499999940395355225e-01 -6.251950263977050781e+00 1.153557395935058594e+01
3.625000119209289551e-01 -6.140997886657714844e+00 1.156054019927978516e+01
3.750000000000000000e-01 -5.949719429016113281e+00 1.157514572143554688e+01
3.874999880790710449e-01 -5.676020145416259766e+00 1.157415866851806641e+01
4.000000059604644775e-01 -5.314027786254882812e+00 1.158089542388916016e+01
4.124999940395355225e-01 -4.872996807098388672e+00 1.160296535491943359e+01
4.250000119209289551e-01 -4.369989395141601562e+00 1.161579036712646484e+01
4.375000000000000000e-01 -3.808592796325683594e+00 1.160807228088378906e+01
4.499999880790710449e-01 -3.184258699417114258e+00 1.160591125488281250e+01
4.625000059604644775e-01 -2.508811712265014648e+00 1.162478256225585938e+01
4.749999940395355225e-01 -1.806802392005920410e+00 1.163453483581542969e+01
4.875000119209289551e-01 -1.083799242973327637e+00 1.161217498779296875e+01
5.000000000000000000e-01 -3.245470821857452393e-01 1.159597587585449219e+01
5.124999880790710449e-01 4.627032279968261719e-01 1.162473583221435547e+01
5.249999761581420898e-01 1.223566055297851562e+00 1.163273143768310547e+01
5.375000238418579102e-01 1.905966162681579590e+00 1.147669887542724609e+01
5.500000119209289551e-01 2.520736694335937500e+00 1.109382534027099609e+01
5.625000000000000000e-01 3.125870943069458008e+00 1.058488559722900391e+01
5.749999880790710449e-01 3.750794649124145508e+00 1.010968589782714844e+01
5.874999761581420898e-01 4.360989093780517578e+00 9.740122795104980469e+00
6.000000238418579102e-01 4.901469707489013672e+00 9.451922416687011719e+00
6.125000119209289551e-01 5.349306583404541016e+00 9.218241691589355469e+00
6.250000000000000000e-01 5.710328102111816406e+00 9.046989440917968750e+00
6.374999880790710449e-01 5.986733436584472656e+00 8.936748504638671875e+00
6.499999761581420898e-01 6.171254158020019531e+00 8.859257698059082031e+00
6.625000238418579102e-01 6.263316154479980469e+00 8.801095008850097656e+00
6.750000119209289551e-01 6.269001960754394531e+00 8.779938697814941406e+00
6.875000000000000000e-01 6.187269687652587891e+00 8.804066658020019531e+00
6.999999880790710449e-01 6.012931823730468750e+00 8.854574203491210938e+00
7.124999761581420898e-01 5.751332759857177734e+00 8.926187515258789062e+00
7.250000238418579102e-01 5.414044380187988281e+00 9.046663284301757812e+00
7.375000119209289551e-01 5.002365589141845703e+00 9.229846000671386719e+00
7.500000000000000000e-01 4.514379024505615234e+00 9.448867797851562500e+00
7.624999880790710449e-01 3.968461275100708008e+00 9.693647384643554688e+00
7.749999761581420898e-01 3.394778966903686523e+00 1.001571655273437500e+01
7.875000238418579102e-01 2.793372869491577148e+00 1.045211887359619141e+01
8.000000119209289551e-01 2.125031948089599609e+00 1.091833400726318359e+01
8.125000000000000000e-01 1.365551471710205078e+00 1.124936294555664062e+01
8.249999880790710449e-01 5.542818307876586914e-01 1.136791229248046875e+01
8.374999761581420898e-01 -2.365365177392959595e-01 1.135944938659667969e+01
8.500000238418579102e-01 -9.741083979606628418e-01 1.135487937927246094e+01
8.625000119209289551e-01 -1.681295514106750488e+00 1.138899040222167969e+01
8.750000000000000000e-01 -2.382519245147705078e+00 1.141484737396240234e+01
8.874999880790710449e-01 -3.063141345977783203e+00 1.141211986541748047e+01
8.999999761581420898e-01 -3.692776918411254883e+00 1.141402816772460938e+01
9.125000238418579102e-01 -4.262760162353515625e+00 1.143939590454101562e+01
9.250000119209289551e-01 -4.779376506805419922e+00 1.146303081512451172e+01
9.375000000000000000e-01 -5.235268115997314453e+00 1.146670436859130859e+01
9.499999880790710449e-01 -5.611217975616455078e+00 1.147058868408203125e+01
9.624999761581420898e-01 -5.900428771972656250e+00 1.149286270141601562e+01
9.750000238418579102e-01 -6.109915256500244141e+00 1.151668548583984375e+01
9.875000119209289551e-01 -6.238945484161376953e+00 1.152319812774658203e+01
1.000000000000000000e+00 -6.275336265563964844e+00 1.152637100219726562e+01
1.012500047683715820e+00 -6.215378284454345703e+00 1.154571342468261719e+01
1.024999976158142090e+00 -6.069736957550048828e+00 1.156916427612304688e+01
1.037500023841857910e+00 -5.844623088836669922e+00 1.157556629180908203e+01
1.049999952316284180e+00 -5.533695697784423828e+00 1.157472705841064453e+01
1.062500000000000000e+00 -5.136189937591552734e+00 1.158935928344726562e+01
1.075000047683715820e+00 -4.667325973510742188e+00 1.161109924316406250e+01
1.087499976158142090e+00 -4.140214920043945312e+00 1.161411094665527344e+01
1.100000023841857910e+00 -3.552278757095336914e+00 1.160458183288574219e+01
1.112499952316284180e+00 -2.903566598892211914e+00 1.161221790313720703e+01
1.125000000000000000e+00 -2.214300394058227539e+00 1.163248729705810547e+01
1.137500047683715820e+00 -1.504570603370666504e+00 1.162814426422119141e+01
1.149999976158142090e+00 -7.679585814476013184e-01 1.160094451904296875e+01
1.162500023841857910e+00 7.071380037814378738e-03 1.160343170166015625e+01
1.174999952316284180e+00 7.914290428161621094e-01 1.163867187500000000e+01
1.187500000000000000e+00 1.522654652595520020e+00 1.159408187866210938e+01
1.200000047683715820e+00 2.170994520187377930e+00 1.134009075164794922e+01
1.212499976158142090e+00 2.774501800537109375e+00 1.088421440124511719e+01
1.225000023841857910e+00 3.388299942016601562e+00 1.037283134460449219e+01
1.237499952316284180e+00 4.013967990875244141e+00 9.940761566162109375e+00
1.250000000000000000e+00 4.600241184234619141e+00 9.610851287841796875e+00
1.262500047683715820e+00 5.101979732513427734e+00 9.346529006958007812e+00
1.274999976158142090e+00 5.512008666992187500e+00 9.137545585632324219e+00
1.287500023841857910e+00 5.837850570678710938e+00 8.994298934936523438e+00
1.299999952316284180e+00 6.076250076293945312e+00 8.901641845703125000e+00
1.312500000000000000e+00 6.221076965332031250e+00 8.831705093383789062e+00
1.325000047683715820e+00 6.276062011718750000e+00 8.786413192749023438e+00
1.337499976158142090e+00 6.245516777038574219e+00 8.785364151000976562e+00
1.350000023841857910e+00 6.124907016754150391e+00 8.823376655578613281e+00
1.362499952316284180e+00 5.912275314331054688e+00 8.881116867065429688e+00
1.375000000000000000e+00 5.617614746093750000e+00 8.969333648681640625e+00
1.387500047683715820e+00 5.249457836151123047e+00 9.117356300354003906e+00
1.399999976158142090e+00 4.804991722106933594e+00 9.319952964782714844e+00
1.412500023841857910e+00 4.288824081420898438e+00 9.547371864318847656e+00
1.424999952316284180e+00 3.728267192840576172e+00 9.816338539123535156e+00
1.437500000000000000e+00 3.145728111267089844e+00 1.018780231475830078e+01
1.450000047683715820e+00 2.521631479263305664e+00 1.065492534637451172e+01
1.462499976158142090e+00 1.814428687095642090e+00 1.108301353454589844e+01
1.475000023841857910e+00 1.024723291397094727e+00 1.132360553741455078e+01
1.487499952316284180e+00 2.141373157501220703e-01 1.137123775482177734e+01
1.500000000000000000e+00 -5.542950630187988281e-01 1.135211658477783203e+01
1.512500047683715820e+00 -1.274579882621765137e+00 1.136663818359375000e+01
1.524999976158142090e+00 -1.978325128555297852e+00 1.140368175506591797e+01
1.537500023841857910e+00 -2.674634456634521484e+00 1.141590595245361328e+01
1.549999952316284180e+00 -3.336640357971191406e+00 1.141013050079345703e+01
1.562500000000000000e+00 -3.940563678741455078e+00 1.142267894744873047e+01
1.575000047683715820e+00 -4.487535476684570312e+00 1.145153236389160156e+01
1.587499976158142090e+00 -4.980579376220703125e+00 1.146653366088867188e+01
1.600000023841857910e+00 -5.404788970947265625e+00 1.146655654907226562e+01
1.612499952316284180e+00 -5.743721008300781250e+00 1.147802639007568359e+01
1.625000000000000000e+00 -5.998348712921142578e+00 1.150441646575927734e+01
1.637500047683715820e+00 -6.174889087677001953e+00 1.152148246765136719e+01
1.649999976158142090e+00 -6.266258239746093750e+00 1.152333641052246094e+01
1.662500023841857910e+00 -6.261313438415527344e+00 1.153248310089111328e+01
1.674999952316284180e+00 -6.163579940795898438e+00 1.155673885345458984e+01
1.687500000000000000e+00 -5.984492778778076172e+00 1.157423496246337891e+01
1.700000047683715820e+00 -5.724113941192626953e+00 1.157447624206542969e+01
1.712499976158142090e+00 -5.375647068023681641e+00 1.157856655120849609e+01
1.725000023841857910e+00 -4.945640087127685547e+00 1.159938907623291016e+01
1.737499952316284180e+00 -4.451514244079589844e+00 1.161536979675292969e+01
1.750000000000000000e+00 -3.899544954299926758e+00 1.160979080200195312e+01
1.762500047683715820e+00 -3.284778833389282227e+00 1.160470294952392578e+01
1.774999976158142090e+00 -2.615613937377929688e+00 1.162134170532226562e+01
1.787500023841857910e+00 -1.916558980941772461e+00 1.163520050048828125e+01
1.799999952316284180e+00 -1.197657465934753418e+00 1.161680603027343750e+01
1.812500000000000000e+00 -4.446527659893035889e-01 1.159567737579345703e+01
1.825000047683715820e+00 3.408887386322021484e-01 1.161849021911621094e+01
1.837499976158142090e+00 1.110205054283142090e+00 1.163867759704589844e+01
1.850000023841857910e+00 1.805934429168701172e+00 1.151604461669921875e+01
1.862499952316284180e+00 2.427766799926757812e+00 1.116541862487792969e+01
1.875000000000000000e+00 3.030906200408935547e+00 1.066494369506835938e+01
1.887500047683715820e+00 3.653609752655029297e+00 1.017662811279296875e+01
1.899999976158142090e+00 4.269966602325439453e+00 9.790860176086425781e+00
1.912500023841857910e+00 4.823815822601318359e+00 9.492769241333007812e+00
1.924999952316284180e+00 5.285933494567871094e+00 9.250690460205078125e+00
1.937500000000000000e+00 5.659880161285400391e+00 9.069043159484863281e+00
1.950000047683715820e+00 5.949794769287109375e+00 8.950866699218750000e+00
1.962499976158142090e+00 6.148879051208496094e+00 8.870103836059570312e+00
1.975000023841857910e+00 6.254845619201660156e+00 8.808269500732421875e+00
1.987499952316284180e+00 6.273687839508056641e+00 8.780057907104492188e+00
2.000000000000000000e+00 6.205908775329589844e+00 8.798018455505371094e+00
