0.000000000000000000e+00 6.234821796417236328e+00 8.822792053222656250e+00
1.250000018626451492e-02 6.276718139648437500e+00 8.783113479614257812e+00
2.500000037252902985e-02 6.232458591461181641e+00 8.789336204528808594e+00
3.750000149011611938e-02 6.096727848052978516e+00 8.831492424011230469e+00
5.000000074505805969e-02 5.869398593902587891e+00 8.892487525939941406e+00
6.250000000000000000e-02 5.561650276184082031e+00 8.989050865173339844e+00
7.500000298023223877e-02 5.180189132690429688e+00 9.148219108581542969e+00
8.749999850988388062e-02 4.721518516540527344e+00 9.357211112976074219e+00
1.000000014901161194e-01 4.194010257720947266e+00 9.589105606079101562e+00
1.124999970197677612e-01 3.627468109130859375e+00 9.872355461120605469e+00
1.250000000000000000e-01 3.038875579833984375e+00 1.026583576202392578e+01
1.375000029802322388e-01 2.401050090789794922e+00 1.073970127105712891e+01
1.500000059604644775e-01 1.675001859664916992e+00 1.114307594299316406e+01
1.624999940395355225e-01 8.736290335655212402e-01 1.134376144409179688e+01
1.749999970197677612e-01 6.526915729045867920e-02 1.136796188354492188e+01
1.875000000000000000e-01 -6.946203112602233887e-01 1.135083293914794922e+01
2.000000029802322388e-01 -1.411062479019165039e+00 1.137344837188720703e+01
2.125000059604644775e-01 -2.115798234939575195e+00 1.140845394134521484e+01
2.249999940395355225e-01 -2.809766769409179688e+00 1.141464042663574219e+01
2.374999970197677612e-01 -3.462903976440429688e+00 1.141017913818359375e+01
2.500000000000000000e-01 -4.056140899658203125e+00 1.142793464660644531e+01
2.624999880790710449e-01 -4.593688964843750000e+00 1.145624065399169922e+01
2.750000059604644775e-01 -5.075358390808105469e+00 1.146678066253662109e+01
2.874999940395355225e-01 -5.483572959899902344e+00 1.146711635589599609e+01
3.000000119209289551e-01 -5.804756641387939453e+00 1.148293781280517578e+01
3.125000000000000000e-01 -6.042957782745361328e+00 1.150956344604492188e+01
3.249999880790710449e-01 -6.202427864074707031e+00 1.152254581451416016e+01
3.375000059604644775e-01 -6.273376464843750000e+00 1.152386665344238281e+01
3.499999940395355225e-01 -6.246773242950439453e+00 1.153708553314208984e+01
3.625000119209289551e-01 -6.129573345184326172e+00 1.156222534179687500e+01
3.750000000000000000e-01 -5.931977748870849609e+00 1.157546424865722656e+01
3.874999880790710449e-01 -5.650952339172363281e+00 1.157417297363281250e+01
4.000000059604644775e-01 -5.281252861022949219e+00 1.158240318298339844e+01
4.124999940395355225e-01 -4.833496570587158203e+00 1.160490703582763672e+01
4.250000119209289551e-01 -4.324421405792236328e+00 1.161592197418212891e+01
4.375000000000000000e-01 -3.756249189376831055e+00 1.160735988616943359e+01
4.499999880790710449e-01 -3.124955177307128906e+00 1.160713768005371094e+01
4.625000059604644775e-01 -2.444392681121826172e+00 1.162697410583496094e+01
4.749999940395355225e-01 -1.738871812820434570e+00 1.163389110565185547e+01
4.875000119209289551e-01 -1.011214613914489746e+00 1.160956859588623047e+01
5.000000000000000000e-01 -2.460689544677734375e-01 1.159719562530517578e+01
5.124999880790710449e-01 5.435689091682434082e-01 1.162906169891357422e+01
5.249999761581420898e-01 1.299890398979187012e+00 1.162660408020019531e+01
5.375000238418579102e-01 1.974945545196533203e+00 1.144601726531982422e+01
5.500000119209289551e-01 2.587120532989501953e+00 1.104104042053222656e+01
5.625000000000000000e-01 3.195581912994384766e+00 1.052746486663818359e+01
5.749999880790710449e-01 3.823018312454223633e+00 1.006198406219482422e+01
5.874999761581420898e-01 4.429100513458251953e+00 9.703127861022949219e+00
6.000000238418579102e-01 4.960280418395996094e+00 9.421193122863769531e+00
6.125000119209289551e-01 5.398185253143310547e+00 9.193669319152832031e+00
6.250000000000000000e-01 5.749771595001220703e+00 9.030336380004882812e+00
6.374999880790710449e-01 6.015577316284179688e+00 8.925724029541015625e+00
6.499999761581420898e-01 6.188282489776611328e+00 8.850455284118652344e+00
6.625000238418579102e-01 6.268766403198242188e+00 8.795679092407226562e+00
6.750000119209289551e-01 6.262904167175292969e+00 8.780819892883300781e+00
6.875000000000000000e-01 6.168356895446777344e+00 8.810010910034179688e+00
6.999999880790710449e-01 5.980640888214111328e+00 8.863014221191406250e+00
7.124999761581420898e-01 5.706900119781494141e+00 8.939703941345214844e+00
7.250000238418579102e-01 5.358127593994140625e+00 9.069814682006835938e+00
7.375000119209289551e-01 4.933924198150634766e+00 9.261007308959960938e+00
7.500000000000000000e-01 4.434127807617187500e+00 9.483619689941406250e+00
7.624999880790710449e-01 3.880833387374877930e+00 9.736387252807617188e+00
7.749999761581420898e-01 3.302621841430664062e+00 1.007681560516357422e+01
7.875000238418579102e-01 2.692232847213745117e+00 1.052812671661376953e+01
8.000000119209289551e-01 2.007823705673217773e+00 1.098460483551025391e+01
8.125000000000000000e-01 1.233562588691711426e+00 1.128246498107910156e+01
8.249999880790710449e-01 4.188083708286285400e-01 1.137092304229736328e+01
8.374999761581420898e-01 -3.656102418899536133e-01 1.135547828674316406e+01
8.500000238418579102e-01 -1.097362399101257324e+00 1.135851669311523438e+01
8.625000119209289551e-01 -1.804468035697937012e+00 1.139520931243896484e+01
8.750000000000000000e-01 -2.505910396575927734e+00 1.141560649871826172e+01
8.874999880790710449e-01 -3.181017160415649414e+00 1.141066455841064453e+01
8.999999761581420898e-01 -3.801214933395385742e+00 1.141696071624755859e+01
9.125000238418579102e-01 -4.362402439117431641e+00 1.144468688964843750e+01
9.250000119209289551e-01 -4.870134830474853516e+00 1.146484851837158203e+01
9.375000000000000000e-01 -5.313405990600585938e+00 1.146629047393798828e+01
9.499999880790710449e-01 -5.673510551452636719e+00 1.147337055206298828e+01
9.624999761581420898e-01 -5.947285652160644531e+00 1.149818897247314453e+01
9.750000238418579102e-01 -6.141979694366455078e+00 1.151928806304931641e+01
9.875000119209289551e-01 -6.253812313079833984e+00 1.152315139770507812e+01
1.000000000000000000e+00 -6.270470142364501953e+00 1.152885341644287109e+01
1.012500047683715820e+00 -6.191700458526611328e+00 1.155112361907958984e+01
1.024999976158142090e+00 -6.029147148132324219e+00 1.157217502593994141e+01
1.037500023841857910e+00 -5.786095142364501953e+00 1.157513999938964844e+01
1.049999952316284180e+00 -5.455403327941894531e+00 1.157632160186767578e+01
1.062500000000000000e+00 -5.039878368377685547e+00 1.159457969665527344e+01
1.075000047683715820e+00 -4.556532859802246094e+00 1.161401557922363281e+01
1.087499976158142090e+00 -4.015237331390380859e+00 1.161219692230224609e+01
1.100000023841857910e+00 -3.411567687988281250e+00 1.160431098937988281e+01
1.112499952316284180e+00 -2.749702215194702148e+00 1.161717414855957031e+01
1.125000000000000000e+00 -2.052995443344116211e+00 1.163496494293212891e+01
1.137500047683715820e+00 -1.336754560470581055e+00 1.162256622314453125e+01
1.149999976158142090e+00 -5.894185304641723633e-01 1.159731578826904297e+01
1.162500023841857910e+00 1.944036036729812622e-01 1.161157703399658203e+01
1.174999952316284180e+00 9.737915992736816406e-01 1.164146232604980469e+01
1.187500000000000000e+00 1.686978101730346680e+00 1.155481433868408203e+01
1.200000047683715820e+00 2.320400238037109375e+00 1.124337100982666016e+01
1.212499976158142090e+00 2.923914670944213867e+00 1.075670814514160156e+01
1.225000023841857910e+00 3.544703483581542969e+00 1.025517463684082031e+01
1.237499952316284180e+00 4.167664051055908203e+00 9.849700927734375000e+00
1.250000000000000000e+00 4.736776351928710938e+00 9.538855552673339844e+00
1.262500047683715820e+00 5.215735912322998047e+00 9.287200927734375000e+00
1.274999976158142090e+00 5.604555130004882812e+00 9.094135284423828125e+00
1.287500023841857910e+00 5.909127235412597656e+00 8.966543197631835938e+00
1.299999952316284180e+00 6.123620033264160156e+00 8.881628990173339844e+00
1.312500000000000000e+00 6.244086742401123047e+00 8.816334724426269531e+00
1.325000047683715820e+00 6.276056289672851562e+00 8.781368255615234375e+00
1.337499976158142090e+00 6.221561908721923828e+00 8.792840957641601562e+00
1.350000023841857910e+00 6.074989795684814453e+00 8.837629318237304688e+00
1.362499952316284180e+00 5.837691307067871094e+00 8.901171684265136719e+00
1.375000000000000000e+00 5.521344184875488281e+00 9.004040718078613281e+00
1.387500047683715820e+00 5.131172180175781250e+00 9.170508384704589844e+00
1.399999976158142090e+00 4.663631439208984375e+00 9.382976531982421875e+00
1.412500023841857910e+00 4.129887580871582031e+00 9.617987632751464844e+00
1.424999952316284180e+00 3.560663938522338867e+00 9.911526679992675781e+00
1.437500000000000000e+00 2.968558788299560547e+00 1.031855106353759766e+01
1.450000047683715820e+00 2.322040319442749023e+00 1.079336071014404297e+01
1.462499976158142090e+00 1.585239052772521973e+00 1.117777729034423828e+01
1.475000023841857910e+00 7.790653705596923828e-01 1.135338973999023438e+01
1.487499952316284180e+00 -2.551003918051719666e-02 1.136551284790039062e+01
1.500000000000000000e+00 -7.790307402610778809e-01 1.135114669799804688e+01
1.512500047683715820e+00 -1.492688775062561035e+00 1.137800121307373047e+01
1.524999976158142090e+00 -2.197001934051513672e+00 1.141085338592529297e+01
1.537500023841857910e+00 -2.887962341308593750e+00 1.141384124755859375e+01
1.549999952316284180e+00 -3.534601449966430664e+00 1.141085147857666016e+01
1.562500000000000000e+00 -4.120964527130126953e+00 1.143132019042968750e+01
1.575000047683715820e+00 -4.652439117431640625e+00 1.145863628387451172e+01
1.587499976158142090e+00 -5.126703739166259766e+00 1.146679496765136719e+01
1.600000023841857910e+00 -5.525209426879882812e+00 1.146786117553710938e+01
1.612499952316284180e+00 -5.836352348327636719e+00 1.148593997955322266e+01
1.625000000000000000e+00 -6.065483093261718750e+00 1.151208496093750000e+01
1.637500047683715820e+00 -6.215429306030273438e+00 1.152287387847900391e+01
1.649999976158142090e+00 -6.275302886962890625e+00 1.152443504333496094e+01
1.662500023841857910e+00 -6.237596988677978516e+00 1.153976917266845703e+01
1.674999952316284180e+00 -6.110765933990478516e+00 1.156476402282714844e+01
1.687500000000000000e+00 -5.903932094573974609e+00 1.157570743560791016e+01
1.700000047683715820e+00 -5.612716674804687500e+00 1.157419109344482422e+01
1.712499976158142090e+00 -5.233124256134033203e+00 1.158460998535156250e+01
1.725000023841857910e+00 -4.777572631835937500e+00 1.160729408264160156e+01
1.737499952316284180e+00 -4.261889934539794922e+00 1.161562061309814453e+01
1.750000000000000000e+00 -3.686458349227905273e+00 1.160627937316894531e+01
1.762500047683715820e+00 -3.048317670822143555e+00 1.160871505737304688e+01
1.774999976158142090e+00 -2.363770723342895508e+00 1.162925148010253906e+01
1.787500023841857910e+00 -1.656156897544860840e+00 1.163236808776855469e+01
1.799999952316284180e+00 -9.248832464218139648e-01 1.160632324218750000e+01
1.812500000000000000e+00 -1.552547961473464966e-01 1.159893035888671875e+01
1.825000047683715820e+00 6.340013146400451660e-01 1.163323211669921875e+01
1.837499976158142090e+00 1.382405161857604980e+00 1.161719322204589844e+01
1.850000023841857910e+00 2.047882795333862305e+00 1.140974807739257812e+01
1.862499952316284180e+00 2.656618595123291016e+00 1.098391532897949219e+01
1.875000000000000000e+00 3.267428636550903320e+00 1.046892642974853516e+01
1.887500047683715820e+00 3.895335435867309570e+00 1.001517963409423828e+01
1.899999976158142090e+00 4.495067119598388672e+00 9.667410850524902344e+00
1.912500023841857910e+00 5.015621185302734375e+00 9.392081260681152344e+00
1.924999952316284180e+00 5.443090915679931641e+00 9.171291351318359375e+00
1.937500000000000000e+00 5.785017490386962891e+00 9.015719413757324219e+00
1.950000047683715820e+00 6.040395736694335938e+00 8.916044235229492188e+00
1.962499976158142090e+00 6.202170848846435547e+00 8.842834472656250000e+00
1.975000023841857910e+00 6.272449016571044922e+00 8.791533470153808594e+00
1.987499952316284180e+00 6.256643295288085938e+00 8.782229423522949219e+00
2.000000000000000000e+00 6.151411056518554688e+00 8.815285682678222656e+00
