0.000000000000000000e+00 6.234364986419677734e+00 8.823141098022460938e+00
1.250000018626451492e-02 6.276475906372070312e+00 8.783266067504882812e+00
2.500000037252902985e-02 6.231988906860351562e+00 8.789524078369140625e+00
3.750000149011611938e-02 6.095550060272216797e+00 8.831850051879882812e+00
5.000000074505805969e-02 5.867074966430664062e+00 8.893109321594238281e+00
6.250000000000000000e-02 5.557859897613525391e+00 8.990359306335449219e+00
7.500000298023223877e-02 5.174562454223632812e+00 9.150631904602050781e+00
8.749999850988388062e-02 4.713647842407226562e+00 9.360581398010253906e+00
1.000000014901161194e-01 4.183876514434814453e+00 9.593475341796875000e+00
1.124999970197677612e-01 3.615433692932128906e+00 9.879025459289550781e+00
1.250000000000000000e-01 3.024757623672485352e+00 1.027593040466308594e+01
1.375000029802322388e-01 2.383625030517578125e+00 1.075120449066162109e+01
1.500000059604644775e-01 1.653299927711486816e+00 1.115130043029785156e+01
1.624999940395355225e-01 8.485712409019470215e-01 1.134615421295166016e+01
1.749999970197677612e-01 3.903668001294136047e-02 1.136701297760009766e+01
1.875000000000000000e-01 -7.209589481353759766e-01 1.135062026977539062e+01
2.000000029802322388e-01 -1.438294053077697754e+00 1.137469863891601562e+01
2.125000059604644775e-01 -2.144633531570434570e+00 1.140911579132080078e+01
2.249999940395355225e-01 -2.839273452758789062e+00 1.141415023803710938e+01
2.374999970197677612e-01 -3.491558790206909180e+00 1.141023063659667969e+01
2.500000000000000000e-01 -4.083452701568603516e+00 1.142917728424072266e+01
2.624999880790710449e-01 -4.619704723358154297e+00 1.145718383789062500e+01
2.750000059604644775e-01 -5.099227905273437500e+00 1.146669006347656250e+01
2.874999940395355225e-01 -5.503850460052490234e+00 1.146737575531005859e+01
3.000000119209289551e-01 -5.820808887481689453e+00 1.148440074920654297e+01
3.125000000000000000e-01 -6.054847717285156250e+00 1.151090240478515625e+01
3.249999880790710449e-01 -6.209529876708984375e+00 1.152275562286376953e+01
3.375000059604644775e-01 -6.274383068084716797e+00 1.152422714233398438e+01
3.499999940395355225e-01 -6.241149902343750000e+00 1.153875923156738281e+01
3.625000119209289551e-01 -6.117731094360351562e+00 1.156393051147460938e+01
3.750000000000000000e-01 -5.913766384124755859e+00 1.157578372955322266e+01
3.874999880790710449e-01 -5.625341415405273438e+00 1.157435417175292969e+01
4.000000059604644775e-01 -5.247973442077636719e+00 1.158411884307861328e+01
4.124999940395355225e-01 -4.793588161468505859e+00 1.160685348510742188e+01
4.250000119209289551e-01 -4.278430938720703125e+00 1.161598300933837891e+01
4.375000000000000000e-01 -3.703408718109130859e+00 1.160682773590087891e+01
4.499999880790710449e-01 -3.065243721008300781e+00 1.160866451263427734e+01
4.625000059604644775e-01 -2.379780530929565430e+00 1.162913894653320312e+01
4.749999940395355225e-01 -1.670762538909912109e+00 1.163300514221191406e+01
4.875000119209289551e-01 -9.382498264312744141e-01 1.160718917846679688e+01
5.000000000000000000e-01 -1.672985255718231201e-01 1.159907531738281250e+01
5.124999880790710449e-01 6.240782141685485840e-01 1.163319110870361328e+01
5.249999761581420898e-01 1.375238180160522461e+00 1.161849021911621094e+01
5.375000238418579102e-01 2.043123960494995117e+00 1.141265678405761719e+01
5.500000119209289551e-01 2.653461694717407227e+00 1.098702812194824219e+01
5.625000000000000000e-01 3.265569448471069336e+00 1.047092247009277344e+01
5.749999880790710449e-01 3.894943952560424805e+00 1.001591682434082031e+01
5.874999761581420898e-01 4.496112823486328125e+00 9.667254447937011719e+00
6.000000238418579102e-01 5.017707824707031250e+00 9.391273498535156250e+00
6.125000119209289551e-01 5.445775032043457031e+00 9.170187950134277344e+00
6.250000000000000000e-01 5.787868499755859375e+00 9.014754295349121094e+00
6.374999880790710449e-01 6.042859554290771484e+00 8.915244102478027344e+00
6.499999761581420898e-01 6.203705310821533203e+00 8.842046737670898438e+00
6.625000238418579102e-01 6.272680759429931641e+00 8.791105270385742188e+00
6.750000119209289551e-01 6.255156993865966797e+00 8.782670974731445312e+00
6.875000000000000000e-01 6.147615909576416016e+00 8.816473960876464844e+00
6.999999880790710449e-01 5.946610927581787109e+00 8.871960639953613281e+00
7.124999761581420898e-01 5.660930633544921875e+00 8.954470634460449219e+00
7.250000238418579102e-01 5.300592422485351562e+00 9.094467163085937500e+00
7.375000119209289551e-01 4.863751411437988281e+00 9.292908668518066406e+00
7.500000000000000000e-01 4.352621078491210938e+00 9.519013404846191406e+00
7.624999880790710449e-01 3.792695522308349609e+00 9.781352043151855469e+00
7.749999761581420898e-01 3.209781408309936523e+00 1.014100456237792969e+01
7.875000238418579102e-01 2.589192152023315430e+00 1.060447692871093750e+01
8.000000119209289551e-01 1.888126850128173828e+00 1.104653072357177734e+01
8.125000000000000000e-01 1.100422501564025879e+00 1.130963420867919922e+01
8.249999880790710449e-01 2.842871844768524170e-01 1.137115097045898438e+01
8.374999761581420898e-01 -4.930541217327117920e-01 1.135247135162353516e+01
8.500000238418579102e-01 -1.219915866851806641e+00 1.136342430114746094e+01
8.625000119209289551e-01 -1.927565693855285645e+00 1.140088176727294922e+01
8.750000000000000000e-01 -2.628468751907348633e+00 1.141553211212158203e+01
8.874999880790710449e-01 -3.297016143798828125e+00 1.140977859497070312e+01
8.999999761581420898e-01 -3.907643079757690430e+00 1.142083930969238281e+01
9.125000238418579102e-01 -4.460256576538085938e+00 1.144974422454833984e+01
9.250000119209289551e-01 -4.958633422851562500e+00 1.146598052978515625e+01
9.375000000000000000e-01 -5.388462066650390625e+00 1.146624088287353516e+01
9.499999880790710449e-01 -5.732543945312500000e+00 1.147704505920410156e+01
9.624999761581420898e-01 -5.991156578063964844e+00 1.150343513488769531e+01
9.750000238418579102e-01 -6.170820713043212891e+00 1.152118492126464844e+01
9.875000119209289551e-01 -6.264792919158935547e+00 1.152330875396728516e+01
1.000000000000000000e+00 -6.261612415313720703e+00 1.153226470947265625e+01
1.012500047683715820e+00 -6.164510726928710938e+00 1.155657482147216797e+01
1.024999976158142090e+00 -5.985109806060791016e+00 1.157435226440429688e+01
1.037500023841857910e+00 -5.723625183105468750e+00 1.157473278045654297e+01
1.049999952316284180e+00 -5.373182296752929688e+00 1.157896900177001953e+01
1.062500000000000000e+00 -4.940441131591796875e+00 1.159998798370361328e+01
1.075000047683715820e+00 -4.443048477172851562e+00 1.161582851409912109e+01
1.087499976158142090e+00 -3.887175798416137695e+00 1.161003398895263672e+01
1.100000023841857910e+00 -3.267851591110229492e+00 1.160541057586669922e+01
1.112499952316284180e+00 -2.594099998474121094e+00 1.162259483337402344e+01
1.125000000000000000e+00 -1.890824317932128906e+00 1.163567924499511719e+01
1.137500047683715820e+00 -1.167265772819519043e+00 1.161619758605957031e+01
1.149999976158142090e+00 -4.086416959762573242e-01 1.159635162353515625e+01
1.162500023841857910e+00 3.816198110580444336e-01 1.162129020690917969e+01
1.174999952316284180e+00 1.152124524116516113e+00 1.163756942749023438e+01
1.187500000000000000e+00 1.846271514892578125e+00 1.150168037414550781e+01
1.200000047683715820e+00 2.467969179153442383e+00 1.113577842712402344e+01
1.212499976158142090e+00 3.074641704559326172e+00 1.062880229949951172e+01
1.225000023841857910e+00 3.701396226882934570e+00 1.014427471160888672e+01
1.237499952316284180e+00 4.317789077758789062e+00 9.764844894409179688e+00
1.250000000000000000e+00 4.867277622222900391e+00 9.470450401306152344e+00
1.262500047683715820e+00 5.323554992675781250e+00 9.231745719909667969e+00
1.274999976158142090e+00 5.691532611846923828e+00 9.055436134338378906e+00
1.287500023841857910e+00 5.974193096160888672e+00 8.941810607910156250e+00
1.299999952316284180e+00 6.164315700531005859e+00 8.862827301025390625e+00
1.312500000000000000e+00 6.260787487030029297e+00 8.803177833557128906e+00
1.325000047683715820e+00 6.269805431365966797e+00 8.780026435852050781e+00
1.337499976158142090e+00 6.190711021423339844e+00 8.802904129028320312e+00
1.350000023841857910e+00 6.018114566802978516e+00 8.853115081787109375e+00
1.362499952316284180e+00 5.757055759429931641e+00 8.924303054809570312e+00
1.375000000000000000e+00 5.419357299804687500e+00 9.044165611267089844e+00
1.387500047683715820e+00 5.006598949432373047e+00 9.227506637573242188e+00
1.399999976158142090e+00 4.516715526580810547e+00 9.447450637817382812e+00
1.412500023841857910e+00 3.968133449554443359e+00 9.693310737609863281e+00
1.424999952316284180e+00 3.391505718231201172e+00 1.001706886291503906e+01
1.437500000000000000e+00 2.786833524703979492e+00 1.045603942871093750e+01
1.450000047683715820e+00 2.114187002182006836e+00 1.092365837097167969e+01
1.462499976158142090e+00 1.349505662918090820e+00 1.125279521942138672e+01
1.475000023841857910e+00 5.337036848068237305e-01 1.136784934997558594e+01
1.487499952316284180e+00 -2.600034773349761963e-01 1.135814476013183594e+01
1.500000000000000000e+00 -9.999086260795593262e-01 1.135501956939697266e+01
1.512500047683715820e+00 -1.710201740264892578e+00 1.138996696472167969e+01
1.524999976158142090e+00 -2.414579391479492188e+00 1.141466999053955078e+01
1.537500023841857910e+00 -3.096745491027832031e+00 1.141128158569335938e+01
1.549999952316284180e+00 -3.726314306259155273e+00 1.141448593139648438e+01
1.562500000000000000e+00 -4.295851230621337891e+00 1.144083309173583984e+01
1.575000047683715820e+00 -4.811573505401611328e+00 1.146347427368164062e+01
1.587499976158142090e+00 -5.264785766601562500e+00 1.146631813049316406e+01
1.600000023841857910e+00 -5.636130332946777344e+00 1.147144699096679688e+01
1.612499952316284180e+00 -5.920122146606445312e+00 1.149497890472412109e+01
1.625000000000000000e+00 -6.124044418334960938e+00 1.151784801483154297e+01
1.637500047683715820e+00 -6.245862960815429688e+00 1.152317333221435547e+01
1.649999976158142090e+00 -6.273101806640625000e+00 1.152751922607421875e+01
1.662500023841857910e+00 -6.203610897064208984e+00 1.154849529266357422e+01
1.674999952316284180e+00 -6.048752307891845703e+00 1.157096099853515625e+01
1.687500000000000000e+00 -5.813356876373291016e+00 1.157555389404296875e+01
1.700000047683715820e+00 -5.490490913391113281e+00 1.157574748992919922e+01
1.712499976158142090e+00 -5.081284046173095703e+00 1.159258556365966797e+01
1.725000023841857910e+00 -4.602241992950439453e+00 1.161324405670166016e+01
1.737499952316284180e+00 -4.064804553985595703e+00 1.161335754394531250e+01
1.750000000000000000e+00 -3.465145587921142578e+00 1.160467052459716797e+01
1.762500047683715820e+00 -2.805762529373168945e+00 1.161571311950683594e+01
1.774999976158142090e+00 -2.109203338623046875e+00 1.163469696044921875e+01
1.787500023841857910e+00 -1.392819404602050781e+00 1.162498950958251953e+01
1.799999952316284180e+00 -6.465559601783752441e-01 1.159871578216552734e+01
1.812500000000000000e+00 1.373589932918548584e-01 1.160939788818359375e+01
1.825000047683715820e+00 9.212593436241149902e-01 1.164170646667480469e+01
1.837499976158142090e+00 1.642091631889343262e+00 1.156749439239501953e+01
1.850000023841857910e+00 2.281254291534423828e+00 1.127056407928466797e+01
1.862499952316284180e+00 2.886184692382812500e+00 1.078955554962158203e+01
1.875000000000000000e+00 3.507069587707519531e+00 1.028345489501953125e+01
1.887500047683715820e+00 4.132842540740966797e+00 9.870482444763183594e+00
1.899999976158142090e+00 4.707758426666259766e+00 9.554530143737792969e+00
1.912500023841857910e+00 5.193023204803466797e+00 9.299292564392089844e+00
1.924999952316284180e+00 5.587220668792724609e+00 9.102342605590820312e+00
1.937500000000000000e+00 5.896696090698242188e+00 8.971536636352539062e+00
1.950000047683715820e+00 6.115983486175537109e+00 8.885124206542968750e+00
1.962499976158142090e+00 6.240684509277343750e+00 8.818788528442382812e+00
1.975000023841857910e+00 6.276161670684814453e+00 8.782027244567871094e+00
1.987499952316284180e+00 6.224850654602050781e+00 8.791810989379882812e+00
2.000000000000000000e+00 6.081171989440917969e+00 8.835918426513671875e+00
