0.000000000000000000e+00 6.233898162841796875e+00 8.823389053344726562e+00
1.250000018626451492e-02 6.276224136352539062e+00 8.783318519592285156e+00
2.500000037252902985e-02 6.231509208679199219e+00 8.789611816406250000e+00
3.750000149011611938e-02 6.094360828399658203e+00 8.832106590270996094e+00
5.000000074505805969e-02 5.864737987518310547e+00 8.893631935119628906e+00
6.250000000000000000e-02 5.554055213928222656e+00 8.991573333740234375e+00
7.500000298023223877e-02 5.168916702270507812e+00 9.152952194213867188e+00
8.749999850988388062e-02 4.705755710601806641e+00 9.363856315612792969e+00
1.000000014901161194e-01 4.173725605010986328e+00 9.597758293151855469e+00
1.124999970197677612e-01 3.603389501571655273e+00 9.885639190673828125e+00
1.250000000000000000e-01 3.010615348815917969e+00 1.028596401214599609e+01
1.375000029802322388e-01 2.366142988204956055e+00 1.076255512237548828e+01
1.500000059604644775e-01 1.631537795066833496e+00 1.115925407409667969e+01
1.624999940395355225e-01 8.235075473785400391e-01 1.134828281402587891e+01
1.749999970197677612e-01 1.286053005605936050e-02 1.136593627929687500e+01
1.875000000000000000e-01 -7.472402453422546387e-01 1.135037136077880859e+01
2.000000029802322388e-01 -1.465507507324218750e+00 1.137586212158203125e+01
2.125000059604644775e-01 -2.173444271087646484e+00 1.140961933135986328e+01
2.249999940395355225e-01 -2.868688344955444336e+00 1.141354465484619141e+01
2.374999970197677612e-01 -3.520071983337402344e+00 1.141024208068847656e+01
2.500000000000000000e-01 -4.110624313354492188e+00 1.143034267425537109e+01
2.624999880790710449e-01 -4.645564556121826172e+00 1.145796966552734375e+01
2.750000059604644775e-01 -5.122868061065673828e+00 1.146647357940673828e+01
2.874999940395355225e-01 -5.523833274841308594e+00 1.146760272979736328e+01
3.000000119209289551e-01 -5.836563587188720703e+00 1.148580455780029297e+01
3.125000000000000000e-01 -6.066431999206542969e+00 1.151207733154296875e+01
3.249999880790710449e-01 -6.216251850128173828e+00 1.152282142639160156e+01
3.375000059604644775e-01 -6.274937629699707031e+00 1.152456378936767578e+01
3.499999940395355225e-01 -6.235085487365722656e+00 1.154039859771728516e+01
3.625000119209289551e-01 -6.105473041534423828e+00 1.156545734405517578e+01
3.750000000000000000e-01 -5.895081520080566406e+00 1.157592296600341797e+01
3.874999880790710449e-01 -5.599189758300781250e+00 1.157452487945556641e+01
4.000000059604644775e-01 -5.214201450347900391e+00 1.158583927154541016e+01
4.124999940395355225e-01 -4.753278255462646484e+00 1.160859489440917969e+01
4.250000119209289551e-01 -4.232013702392578125e+00 1.161579322814941406e+01
4.375000000000000000e-01 -3.650073528289794922e+00 1.160630512237548828e+01
4.499999880790710449e-01 -3.005146026611328125e+00 1.161028480529785156e+01
4.625000059604644775e-01 -2.314990997314453125e+00 1.163104248046875000e+01
4.749999940395355225e-01 -1.602461695671081543e+00 1.163169574737548828e+01
4.875000119209289551e-01 -8.648945093154907227e-01 1.160490512847900391e+01
5.000000000000000000e-01 -8.828054368495941162e-02 1.160139846801757812e+01
5.124999880790710449e-01 7.041510939598083496e-01 1.163675785064697266e+01
5.249999761581420898e-01 1.449586868286132812e+00 1.160803985595703125e+01
5.375000238418579102e-01 2.110572099685668945e+00 1.137649250030517578e+01
5.500000119209289551e-01 2.719833135604858398e+00 1.093183612823486328e+01
5.625000000000000000e-01 3.335807085037231445e+00 1.041522026062011719e+01
5.749999880790710449e-01 3.966473817825317383e+00 9.971248626708984375e+00
5.874999761581420898e-01 4.561964511871337891e+00 9.632217407226562500e+00
6.000000238418579102e-01 5.073761463165283203e+00 9.361968040466308594e+00
6.125000119209289551e-01 5.492088794708251953e+00 9.147617340087890625e+00
6.250000000000000000e-01 5.824599742889404297e+00 8.999979019165039062e+00
6.374999880790710449e-01 6.068568229675292969e+00 8.905036926269531250e+00
6.499999761581420898e-01 6.217540264129638672e+00 8.833859443664550781e+00
6.625000238418579102e-01 6.275065898895263672e+00 8.787217140197753906e+00
6.750000119209289551e-01 6.245740413665771484e+00 8.785236358642578125e+00
6.875000000000000000e-01 6.125048637390136719e+00 8.823190689086914062e+00
6.999999880790710449e-01 5.910884380340576172e+00 8.881275177001953125e+00
7.124999761581420898e-01 5.613444328308105469e+00 8.970374107360839844e+00
7.250000238418579102e-01 5.241417407989501953e+00 9.120336532592773438e+00
7.375000119209289551e-01 4.791881561279296875e+00 9.325228691101074219e+00
7.500000000000000000e-01 4.269989013671875000e+00 9.554986000061035156e+00
7.624999880790710449e-01 3.704111099243164062e+00 9.828595161437988281e+00
7.749999761581420898e-01 3.116117000579833984e+00 1.020789718627929688e+01
7.875000238418579102e-01 2.484073400497436523e+00 1.068023395538330078e+01
8.000000119209289551e-01 1.766036987304687500e+00 1.110335159301757812e+01
8.125000000000000000e-01 9.664903879165649414e-01 1.133094692230224609e+01
8.249999880790710449e-01 1.509667038917541504e-01 1.136914157867431641e+01
8.374999761581420898e-01 -6.189558506011962891e-01 1.135054969787597656e+01
8.500000238418579102e-01 -1.341955423355102539e+00 1.136912536621093750e+01
8.625000119209289551e-01 -2.050547599792480469e+00 1.140558624267578125e+01
8.750000000000000000e-01 -2.749985456466674805e+00 1.141462421417236328e+01
8.874999880790710449e-01 -3.411048650741577148e+00 1.140947532653808594e+01
8.999999761581420898e-01 -4.012123584747314453e+00 1.142531776428222656e+01
9.125000238418579102e-01 -4.556309223175048828e+00 1.145417213439941406e+01
9.250000119209289551e-01 -5.044723033905029297e+00 1.146635818481445312e+01
9.375000000000000000e-01 -5.460352897644042969e+00 1.146657276153564453e+01
9.499999880790710449e-01 -5.788383007049560547e+00 1.148131847381591797e+01
9.624999761581420898e-01 -6.032070636749267578e+00 1.150818824768066406e+01
9.750000238418579102e-01 -6.196329116821289062e+00 1.152226638793945312e+01
9.875000119209289551e-01 -6.271819114685058594e+00 1.152371978759765625e+01
1.000000000000000000e+00 -6.248859882354736328e+00 1.153635120391845703e+01
1.012500047683715820e+00 -6.133903980255126953e+00 1.156160926818847656e+01
1.024999976158142090e+00 -5.937560081481933594e+00 1.157554721832275391e+01
1.037500023841857910e+00 -5.657160282135009766e+00 1.157445716857910156e+01
1.049999952316284180e+00 -5.287183761596679688e+00 1.158245849609375000e+01
1.062500000000000000e+00 -4.838063716888427734e+00 1.160503578186035156e+01
1.075000047683715820e+00 -4.326848506927490234e+00 1.161632728576660156e+01
1.087499976158142090e+00 -3.755966901779174805e+00 1.160785388946533203e+01
1.100000023841857910e+00 -3.121350765228271484e+00 1.160775375366210938e+01
1.112499952316284180e+00 -2.437082052230834961e+00 1.162773227691650391e+01
1.125000000000000000e+00 -1.727742433547973633e+00 1.163427543640136719e+01
1.137500047683715820e+00 -9.958381056785583496e-01 1.160962677001953125e+01
1.149999976158142090e+00 -2.258897125720977783e-01 1.159825038909912109e+01
1.162500023841857910e+00 5.677856802940368652e-01 1.163091373443603516e+01
1.174999952316284180e+00 1.325796127319335938e+00 1.162457656860351562e+01
1.187500000000000000e+00 2.001026868820190430e+00 1.143421173095703125e+01
1.200000047683715820e+00 2.614692926406860352e+00 1.101940917968750000e+01
1.212499976158142090e+00 3.226861953735351562e+00 1.050272369384765625e+01
1.225000023841857910e+00 3.857522249221801758e+00 1.004036045074462891e+01
1.237499952316284180e+00 4.463489055633544922e+00 9.685183525085449219e+00
1.250000000000000000e+00 4.991621017456054688e+00 9.405190467834472656e+00
1.262500047683715820e+00 5.425635814666748047e+00 9.180295944213867188e+00
1.274999976158142090e+00 5.772877216339111328e+00 9.021020889282226562e+00
1.287500023841857910e+00 6.032877445220947266e+00 8.919234275817871094e+00
1.299999952316284180e+00 6.198411941528320312e+00 8.845008850097656250e+00
1.312500000000000000e+00 6.271312236785888672e+00 8.792552947998046875e+00
1.325000047683715820e+00 6.257200241088867188e+00 8.782123565673828125e+00
1.337499976158142090e+00 6.152866363525390625e+00 8.814782142639160156e+00
1.350000023841857910e+00 5.954514980316162109e+00 8.869789123535156250e+00
1.362499952316284180e+00 5.670619010925292969e+00 8.951133728027343750e+00
1.375000000000000000e+00 5.311551570892333984e+00 9.089472770690917969e+00
1.387500047683715820e+00 4.875741004943847656e+00 9.287200927734375000e+00
1.399999976158142090e+00 4.364932537078857422e+00 9.513384819030761719e+00
1.412500023841857910e+00 3.804296493530273438e+00 9.774954795837402344e+00
1.424999952316284180e+00 3.220354080200195312e+00 1.013304042816162109e+01
1.437500000000000000e+00 2.599266529083251953e+00 1.059644889831542969e+01
1.450000047683715820e+00 1.897886037826538086e+00 1.104108142852783203e+01
1.462499976158142090e+00 1.109003305435180664e+00 1.130751228332519531e+01
1.475000023841857910e+00 2.906357944011688232e-01 1.137076473236083984e+01
1.487499952316284180e+00 -4.891547262668609619e-01 1.135219860076904297e+01
1.500000000000000000e+00 -1.218058347702026367e+00 1.136298942565917969e+01
1.512500047683715820e+00 -1.927479147911071777e+00 1.140052509307861328e+01
1.524999976158142090e+00 -2.630090236663818359e+00 1.141521072387695312e+01
1.537500023841857910e+00 -3.300129652023315430e+00 1.140948963165283203e+01
1.549999952316284180e+00 -3.911911725997924805e+00 1.142075443267822266e+01
1.562500000000000000e+00 -4.465426921844482422e+00 1.144975185394287109e+01
1.575000047683715820e+00 -4.964367389678955078e+00 1.146581077575683594e+01
1.587499976158142090e+00 -5.394162178039550781e+00 1.146608066558837891e+01
1.600000023841857910e+00 -5.737646579742431641e+00 1.147727298736572266e+01
1.612499952316284180e+00 -5.995355129241943359e+00 1.150382804870605469e+01
1.625000000000000000e+00 -6.173721313476562500e+00 1.152125072479248047e+01
1.637500047683715820e+00 -6.265667915344238281e+00 1.152328872680664062e+01
1.649999976158142090e+00 -6.259837150573730469e+00 1.153277111053466797e+01
1.662500023841857910e+00 -6.159917354583740234e+00 1.155735111236572266e+01
1.674999952316284180e+00 -5.977506160736083984e+00 1.157462310791015625e+01
1.687500000000000000e+00 -5.712368011474609375e+00 1.157472610473632812e+01
1.700000047683715820e+00 -5.357748985290527344e+00 1.157962417602539062e+01
1.712499976158142090e+00 -4.921020030975341797e+00 1.160107994079589844e+01
1.725000023841857910e+00 -4.419901371002197266e+00 1.161613845825195312e+01
1.737499952316284180e+00 -3.859872579574584961e+00 1.160970592498779297e+01
1.750000000000000000e+00 -3.236014842987060547e+00 1.160598373413085938e+01
1.762500047683715820e+00 -2.558483839035034180e+00 1.162397193908691406e+01
1.774999976158142090e+00 -1.852404832839965820e+00 1.163570404052734375e+01
1.787500023841857910e+00 -1.125544667243957520e+00 1.161476993560791016e+01
1.799999952316284180e+00 -3.626388013362884521e-01 1.159677696228027344e+01
1.812500000000000000e+00 4.303115010261535645e-01 1.162409210205078125e+01
1.825000047683715820e+00 1.199296832084655762e+00 1.163524341583251953e+01
1.837499976158142090e+00 1.889502882957458496e+00 1.148466014862060547e+01
1.850000023841857910e+00 2.509629964828491211e+00 1.110381507873535156e+01
1.862499952316284180e+00 3.118663072586059570e+00 1.059219169616699219e+01
1.875000000000000000e+00 3.747843265533447266e+00 1.011295413970947266e+01
1.887500047683715820e+00 4.362541198730468750e+00 9.740357398986816406e+00
1.899999976158142090e+00 4.906569004058837891e+00 9.449975967407226562e+00
1.912500023841857910e+00 5.356592178344726562e+00 9.215029716491699219e+00
1.924999952316284180e+00 5.718536376953125000e+00 9.043879508972167969e+00
1.937500000000000000e+00 5.994294643402099609e+00 8.934184074401855469e+00
1.950000047683715820e+00 6.176467895507812500e+00 8.856730461120605469e+00
1.962499976158142090e+00 6.264957904815673828e+00 8.799228668212890625e+00
1.975000023841857910e+00 6.265933513641357422e+00 8.780392646789550781e+00
1.987499952316284180e+00 6.177797317504882812e+00 8.806968688964843750e+00
2.000000000000000000e+00 5.995550155639648438e+00 8.859006881713867188e+00
