0.000000000000000000e+00 6.233441352844238281e+00 8.823739051818847656e+00
1.250000018626451492e-02 6.275983333587646484e+00 8.783472061157226562e+00
2.500000037252902985e-02 6.231040000915527344e+00 8.789800643920898438e+00
3.750000149011611938e-02 6.093179225921630859e+00 8.832463264465332031e+00
5.000000074505805969e-02 5.862406253814697266e+00 8.894254684448242188e+00
6.250000000000000000e-02 5.550251483917236328e+00 8.992891311645507812e+00
7.500000298023223877e-02 5.163267135620117188e+00 9.155377388000488281e+00
8.749999850988388062e-02 4.697854518890380859e+00 9.367231369018554688e+00
1.000000014901161194e-01 4.163569450378417969e+00 9.602153778076171875e+00
1.124999970197677612e-01 3.591344118118286133e+00 9.892395973205566406e+00
1.250000000000000000e-01 2.996455192565917969e+00 1.029613590240478516e+01
1.375000029802322388e-01 2.348608732223510742e+00 1.077394771575927734e+01
1.500000059604644775e-01 1.609718680381774902e+00 1.116713714599609375e+01
1.624999940395355225e-01 7.984402775764465332e-01 1.135035228729248047e+01
1.749999970197677612e-01 -1.326042972505092621e-02 1.136493682861328125e+01
1.875000000000000000e-01 -7.734701037406921387e-01 1.135029125213623047e+01
2.000000029802322388e-01 -1.492710947990417480e+00 1.137713813781738281e+01
2.125000059604644775e-01 -2.202237844467163086e+00 1.141016483306884766e+01
2.249999940395355225e-01 -2.898019790649414062e+00 1.141302871704101562e+01
2.374999970197677612e-01 -3.548456668853759766e+00 1.141041469573974609e+01
2.500000000000000000e-01 -4.137670993804931641e+00 1.143162918090820312e+01
2.624999880790710449e-01 -4.671283245086669922e+00 1.145879745483398438e+01
2.750000059604644775e-01 -5.146292686462402344e+00 1.146633815765380859e+01
2.874999940395355225e-01 -5.543540954589843750e+00 1.146799850463867188e+01
3.000000119209289551e-01 -5.852041244506835938e+00 1.148734188079833984e+01
3.125000000000000000e-01 -6.077728748321533203e+00 1.151328468322753906e+01
3.249999880790710449e-01 -6.222609996795654297e+00 1.152295017242431641e+01
3.375000059604644775e-01 -6.275061130523681641e+00 1.152508258819580078e+01
3.499999940395355225e-01 -6.228605270385742188e+00 1.154219436645507812e+01
3.625000119209289551e-01 -6.092818737030029297e+00 1.156699752807617188e+01
3.750000000000000000e-01 -5.875936985015869141e+00 1.157608985900878906e+01
3.874999880790710449e-01 -5.572515010833740234e+00 1.157489299774169922e+01
4.000000059604644775e-01 -5.179962158203125000e+00 1.158775138854980469e+01
4.124999940395355225e-01 -4.712586402893066406e+00 1.161031532287597656e+01
4.250000119209289551e-01 -4.185176372528076172e+00 1.161556720733642578e+01
4.375000000000000000e-01 -3.596256256103515625e+00 1.160601425170898438e+01
4.499999880790710449e-01 -2.944690227508544922e+00 1.161217784881591797e+01
4.625000059604644775e-01 -2.250042676925659180e+00 1.163285160064697266e+01
4.749999940395355225e-01 -1.533955931663513184e+00 1.163018989562988281e+01
4.875000119209289551e-01 -7.911404371261596680e-01 1.160298061370849609e+01
5.000000000000000000e-01 -9.062349796295166016e-03 1.160433101654052734e+01
5.124999880790710449e-01 7.837147116661071777e-01 1.163978862762451172e+01
5.249999761581420898e-01 1.522931814193725586e+00 1.159532165527343750e+01
5.375000238418579102e-01 2.177376270294189453e+00 1.133782482147216797e+01
5.500000119209289551e-01 2.786312580108642578e+00 1.087591743469238281e+01
5.625000000000000000e-01 3.406271696090698242e+00 1.036070346832275391e+01
5.749999880790710449e-01 4.037525653839111328e+00 9.928134918212890625e+00
5.874999761581420898e-01 4.626622676849365234e+00 9.598147392272949219e+00
6.000000238418579102e-01 5.128473281860351562e+00 9.333498001098632812e+00
6.125000119209289551e-01 5.537155151367187500e+00 9.126177787780761719e+00
6.250000000000000000e-01 5.859963893890380859e+00 8.986148834228515625e+00
6.374999880790710449e-01 6.092715740203857422e+00 8.895254135131835938e+00
6.499999761581420898e-01 6.229826927185058594e+00 8.826141357421875000e+00
6.625000238418579102e-01 6.275944232940673828e+00 8.784257888793945312e+00
6.750000119209289551e-01 6.234652519226074219e+00 8.788661003112792969e+00
6.875000000000000000e-01 6.100682258605957031e+00 8.830319404602050781e+00
6.999999880790710449e-01 5.873520851135253906e+00 8.891246795654296875e+00
7.124999761581420898e-01 5.564466476440429688e+00 8.987689971923828125e+00
7.250000238418579102e-01 5.180595397949218750e+00 9.147523880004882812e+00
7.375000119209289551e-01 4.718379020690917969e+00 9.358077049255371094e+00
7.500000000000000000e-01 4.186373710632324219e+00 9.591924667358398438e+00
7.624999880790710449e-01 3.615123748779296875e+00 9.878545761108398438e+00
7.749999761581420898e-01 3.021469831466674805e+00 1.027741241455078125e+01
7.875000238418579102e-01 2.376729488372802734e+00 1.075483703613281250e+01
8.000000119209289551e-01 1.641705513000488281e+00 1.115482521057128906e+01
8.125000000000000000e-01 8.321330547332763672e-01 1.134701061248779297e+01
8.249999880790710449e-01 1.903879083693027496e-02 1.136582374572753906e+01
8.374999761581420898e-01 -7.434506416320800781e-01 1.135011768341064453e+01
8.500000238418579102e-01 -1.463651061058044434e+00 1.137550354003906250e+01
8.625000119209289551e-01 -2.173337697982788086e+00 1.140937328338623047e+01
8.750000000000000000e-01 -2.870266914367675781e+00 1.141332626342773438e+01
8.874999880790710449e-01 -3.523074865341186523e+00 1.141010379791259766e+01
8.999999761581420898e-01 -4.114736557006835938e+00 1.143039703369140625e+01
9.125000238418579102e-01 -4.650532722473144531e+00 1.145801258087158203e+01
9.250000119209289551e-01 -5.128266811370849609e+00 1.146635723114013672e+01
9.375000000000000000e-01 -5.529045104980468750e+00 1.146765232086181641e+01
9.499999880790710449e-01 -5.841121196746826172e+00 1.148623085021972656e+01
9.624999761581420898e-01 -6.070047855377197266e+00 1.151246356964111328e+01
9.750000238418579102e-01 -6.218404769897460938e+00 1.152288055419921875e+01
9.875000119209289551e-01 -6.274872779846191406e+00 1.152479076385498047e+01
1.000000000000000000e+00 -6.232349395751953125e+00 1.154117393493652344e+01
1.012500047683715820e+00 -6.099962234497070312e+00 1.156618690490722656e+01
1.024999976158142090e+00 -5.886431217193603516e+00 1.157608604431152344e+01
1.037500023841857910e+00 -5.586699485778808594e+00 1.157478713989257812e+01
1.049999952316284180e+00 -5.197605609893798828e+00 1.158686637878417969e+01
1.062500000000000000e+00 -4.732908725738525391e+00 1.160958480834960938e+01
1.075000047683715820e+00 -4.207880020141601562e+00 1.161581897735595703e+01
1.087499976158142090e+00 -3.621601819992065430e+00 1.160627841949462891e+01
1.100000023841857910e+00 -2.972350358963012695e+00 1.161144256591796875e+01
1.112499952316284180e+00 -2.278921604156494141e+00 1.163221740722656250e+01
1.125000000000000000e+00 -1.563610792160034180e+00 1.163102340698242188e+01
1.137500047683715820e+00 -8.222609162330627441e-01 1.160392093658447266e+01
1.149999976158142090e+00 -4.160812124609947205e-02 1.160324001312255859e+01
1.162500023841857910e+00 7.519374489784240723e-01 1.163881778717041016e+01
1.174999952316284180e+00 1.494422435760498047e+00 1.160072040557861328e+01
1.187500000000000000e+00 2.151974201202392578e+00 1.135303783416748047e+01
1.200000047683715820e+00 2.761477708816528320e+00 1.089705753326416016e+01
1.212499976158142090e+00 3.380473375320434570e+00 1.038069248199462891e+01
1.225000023841857910e+00 4.012135028839111328e+00 9.943586349487304688e+00
1.237499952316284180e+00 4.604091644287109375e+00 9.610132217407226562e+00
1.250000000000000000e+00 5.109852313995361328e+00 9.343274116516113281e+00
1.262500047683715820e+00 5.522158622741699219e+00 9.133336067199707031e+00
1.274999976158142090e+00 5.848475456237792969e+00 8.990678787231445312e+00
1.287500023841857910e+00 6.085076808929443359e+00 8.898437500000000000e+00
1.299999952316284180e+00 6.226060867309570312e+00 8.828587532043457031e+00
1.312500000000000000e+00 6.275761127471923828e+00 8.785126686096191406e+00
1.325000047683715820e+00 6.238109588623046875e+00 8.787585258483886719e+00
1.337499976158142090e+00 6.108027458190917969e+00 8.828201293945312500e+00
1.350000023841857910e+00 5.884499549865722656e+00 8.888297080993652344e+00
1.362499952316284180e+00 5.578558444976806641e+00 8.982603073120117188e+00
1.375000000000000000e+00 5.197791099548339844e+00 9.139757156372070312e+00
1.387500047683715820e+00 4.738782405853271484e+00 9.348951339721679688e+00
1.399999976158142090e+00 4.209114551544189453e+00 9.581776618957519531e+00
1.412500023841857910e+00 3.638874053955078125e+00 9.864896774291992188e+00
1.424999952316284180e+00 3.046401262283325195e+00 1.025884151458740234e+01
1.437500000000000000e+00 2.404690027236938477e+00 1.073559379577636719e+01
1.450000047683715820e+00 1.673558473587036133e+00 1.114213848114013672e+01
1.462499976158142090e+00 8.658229112625122070e-01 1.134336280822753906e+01
1.475000023841857910e+00 5.143323913216590881e-02 1.136666584014892578e+01
1.487499952316284180e+00 -7.133569121360778809e-01 1.135003089904785156e+01
1.500000000000000000e+00 -1.434579968452453613e+00 1.137388420104980469e+01
1.512500047683715820e+00 -2.144421339035034180e+00 1.140851974487304688e+01
1.524999976158142090e+00 -2.842437267303466797e+00 1.141361045837402344e+01
1.537500023841857910e+00 -3.497586727142333984e+00 1.140984153747558594e+01
1.549999952316284180e+00 -4.091710090637207031e+00 1.142918014526367188e+01
1.562500000000000000e+00 -4.629687786102294922e+00 1.145718765258789062e+01
1.575000047683715820e+00 -5.110111236572265625e+00 1.146636295318603516e+01
1.587499976158142090e+00 -5.514398097991943359e+00 1.146734142303466797e+01
1.600000023841857910e+00 -5.830063343048095703e+00 1.148513412475585938e+01
1.612499952316284180e+00 -6.062235355377197266e+00 1.151161098480224609e+01
1.625000000000000000e+00 -6.214045524597167969e+00 1.152279281616210938e+01
1.637500047683715820e+00 -6.274516582489013672e+00 1.152452945709228516e+01
1.649999976158142090e+00 -6.235943317413330078e+00 1.154017066955566406e+01
1.662500023841857910e+00 -6.106973171234130859e+00 1.156534481048583984e+01
1.674999952316284180e+00 -5.896781444549560547e+00 1.157605838775634766e+01
1.687500000000000000e+00 -5.600731849670410156e+00 1.157470893859863281e+01
1.700000047683715820e+00 -5.215122699737548828e+00 1.158600330352783203e+01
1.712499976158142090e+00 -4.753133296966552734e+00 1.160882091522216797e+01
1.725000023841857910e+00 -4.230481624603271484e+00 1.161603927612304688e+01
1.737499952316284180e+00 -3.646838426589965820e+00 1.160657310485839844e+01
1.750000000000000000e+00 -2.999935865402221680e+00 1.161074066162109375e+01
1.762500047683715820e+00 -2.307769060134887695e+00 1.163154029846191406e+01
1.774999976158142090e+00 -1.593224287033081055e+00 1.163180255889892578e+01
1.787500023841857910e+00 -8.533090949058532715e-01 1.160491085052490234e+01
1.799999952316284180e+00 -7.412549853324890137e-02 1.160223102569580078e+01
1.812500000000000000e+00 7.200701236724853516e-01 1.163772964477539062e+01
1.825000047683715820e+00 1.465759277343750000e+00 1.160574626922607422e+01
1.837499976158142090e+00 2.126488208770751953e+00 1.136787986755371094e+01
1.850000023841857910e+00 2.736668348312377930e+00 1.091810035705566406e+01
1.862499952316284180e+00 3.354705333709716797e+00 1.040083408355712891e+01
1.875000000000000000e+00 3.986676216125488281e+00 9.959220886230468750e+00
1.887500047683715820e+00 4.581409454345703125e+00 9.622222900390625000e+00
1.899999976158142090e+00 5.091073513031005859e+00 9.353141784667968750e+00
1.912500023841857910e+00 5.507020473480224609e+00 9.140611648559570312e+00
1.924999952316284180e+00 5.836837768554687500e+00 8.995294570922851562e+00
1.937500000000000000e+00 6.077276229858398438e+00 8.901651382446289062e+00
1.950000047683715820e+00 6.222142219543457031e+00 8.831073760986328125e+00
1.962499976158142090e+00 6.275434494018554688e+00 8.786078453063964844e+00
1.975000023841857910e+00 6.241411685943603516e+00 8.786576271057128906e+00
1.987499952316284180e+00 6.115214347839355469e+00 8.826108932495117188e+00
2.000000000000000000e+00 5.895341396331787109e+00 8.885399818420410156e+00
