0.000000000000000000e+00 6.232984066009521484e+00 8.823987960815429688e+00
1.250000018626451492e-02 6.275742530822753906e+00 8.783524513244628906e+00
2.500000037252902985e-02 6.230570316314697266e+00 8.789889335632324219e+00
3.750000149011611938e-02 6.091995239257812500e+00 8.832720756530761719e+00
5.000000074505805969e-02 5.860069274902343750e+00 8.894779205322265625e+00
6.250000000000000000e-02 5.546440601348876953e+00 8.994115829467773438e+00
7.500000298023223877e-02 5.157605648040771484e+00 9.157711982727050781e+00
8.749999850988388062e-02 4.689937591552734375e+00 9.370511054992675781e+00
1.000000014901161194e-01 4.153401851654052734e+00 9.606464385986328125e+00
1.124999970197677612e-01 3.579292535781860352e+00 9.899098396301269531e+00
1.250000000000000000e-01 2.982272148132324219e+00 1.030624580383300781e+01
1.375000029802322388e-01 2.331018209457397461e+00 1.078518009185791016e+01
1.500000059604644775e-01 1.587841629981994629e+00 1.117474746704101562e+01
1.624999940395355225e-01 7.733703255653381348e-01 1.135216331481933594e+01
1.749999970197677612e-01 -3.932543843984603882e-02 1.136381912231445312e+01
1.875000000000000000e-01 -7.996485829353332520e-01 1.135017490386962891e+01
2.000000029802322388e-01 -1.519902467727661133e+00 1.137831974029541016e+01
2.125000059604644775e-01 -2.231008052825927734e+00 1.141055297851562500e+01
2.249999940395355225e-01 -2.927260637283325195e+00 1.141240692138671875e+01
2.374999970197677612e-01 -3.576706886291503906e+00 1.141055202484130859e+01
2.500000000000000000e-01 -4.164587974548339844e+00 1.143283176422119141e+01
2.624999880790710449e-01 -4.696851253509521484e+00 1.145946788787841797e+01
2.750000059604644775e-01 -5.169491291046142578e+00 1.146608924865722656e+01
2.874999940395355225e-01 -5.562963485717773438e+00 1.146836662292480469e+01
3.000000119209289551e-01 -5.867235660552978516e+00 1.148880958557128906e+01
3.125000000000000000e-01 -6.088727474212646484e+00 1.151432228088378906e+01
3.249999880790710449e-01 -6.228590011596679688e+00 1.152295017242431641e+01
3.375000059604644775e-01 -6.274744033813476562e+00 1.152558612823486328e+01
3.499999940395355225e-01 -6.221703052520751953e+00 1.154393768310546875e+01
3.625000119209289551e-01 -6.079759120941162109e+00 1.156834506988525391e+01
3.750000000000000000e-01 -5.856319427490234375e+00 1.157609748840332031e+01
3.874999880790710449e-01 -5.545311450958251953e+00 1.157526874542236328e+01
4.000000059604644775e-01 -5.145257949829101562e+00 1.158964347839355469e+01
4.124999940395355225e-01 -4.671509265899658203e+00 1.161180114746093750e+01
4.250000119209289551e-01 -4.137906551361083984e+00 1.161511993408203125e+01
4.375000000000000000e-01 -3.541955709457397461e+00 1.160577392578125000e+01
4.499999880790710449e-01 -2.883893013000488281e+00 1.161411952972412109e+01
4.625000059604644775e-01 -2.184941291809082031e+00 1.163432884216308594e+01
4.749999940395355225e-01 -1.465225338935852051e+00 1.162831497192382812e+01
4.875000119209289551e-01 -7.169822454452514648e-01 1.160127258300781250e+01
5.000000000000000000e-01 7.030136883258819580e-02 1.160762023925781250e+01
5.124999880790710449e-01 8.626942634582519531e-01 1.164190101623535156e+01
5.249999761581420898e-01 1.595270395278930664e+00 1.158002185821533203e+01
5.375000238418579102e-01 2.243615150451660156e+00 1.129658031463623047e+01
5.500000119209289551e-01 2.852952480316162109e+00 1.081932353973388672e+01
5.625000000000000000e-01 3.476909399032592773e+00 1.030729389190673828e+01
5.749999880790710449e-01 4.107996940612792969e+00 9.886318206787109375e+00
5.874999761581420898e-01 4.690037727355957031e+00 9.564784049987792969e+00
6.000000238418579102e-01 5.181852817535400391e+00 9.305693626403808594e+00
6.125000119209289551e-01 5.580972194671630859e+00 9.105680465698242188e+00
6.250000000000000000e-01 5.893929004669189453e+00 8.972990989685058594e+00
6.374999880790710449e-01 6.115288257598876953e+00 8.885653495788574219e+00
6.499999761581420898e-01 6.240574836730957031e+00 8.818744659423828125e+00
6.625000238418579102e-01 6.275303363800048828e+00 8.782058715820312500e+00
6.750000119209289551e-01 6.221863269805908203e+00 8.792678833007812500e+00
6.875000000000000000e-01 6.074522495269775391e+00 8.837633132934570312e+00
6.999999880790710449e-01 5.834553241729736328e+00 8.901778221130371094e+00
7.124999761581420898e-01 5.513990879058837891e+00 9.006278038024902344e+00
7.250000238418579102e-01 5.118100643157958984e+00 9.175716400146484375e+00
7.375000119209289551e-01 4.643301010131835938e+00 9.391199111938476562e+00
7.500000000000000000e-01 4.101897239685058594e+00 9.629852294921875000e+00
7.624999880790710449e-01 3.525731086730957031e+00 9.931186676025390625e+00
7.749999761581420898e-01 2.925650596618652344e+00 1.034897327423095703e+01
7.875000238418579102e-01 2.267038345336914062e+00 1.082731914520263672e+01
8.000000119209289551e-01 1.515330195426940918e+00 1.120043754577636719e+01
8.125000000000000000e-01 6.977115869522094727e-01 1.135813713073730469e+01
8.249999880790710449e-01 -1.113611981272697449e-01 1.136167716979980469e+01
8.374999761581420898e-01 -8.667013645172119141e-01 1.135105419158935547e+01
8.500000238418579102e-01 -1.585131406784057617e+00 1.138201999664306641e+01
8.625000119209289551e-01 -2.295807838439941406e+00 1.141197109222412109e+01
8.750000000000000000e-01 -2.989117383956909180e+00 1.141170501708984375e+01
8.874999880790710449e-01 -3.633071899414062500e+00 1.141155338287353516e+01
8.999999761581420898e-01 -4.215537071228027344e+00 1.143565177917480469e+01
9.125000238418579102e-01 -4.742846488952636719e+00 1.146097278594970703e+01
9.250000119209289551e-01 -5.209109306335449219e+00 1.146599006652832031e+01
9.375000000000000000e-01 -5.594510555267333984e+00 1.146939373016357422e+01
9.499999880790710449e-01 -5.890827178955078125e+00 1.149138259887695312e+01
9.624999761581420898e-01 -6.105049133300781250e+00 1.151593017578125000e+01
9.750000238418579102e-01 -6.236917972564697266e+00 1.152302169799804688e+01
9.875000119209289551e-01 -6.273943901062011719e+00 1.152647495269775391e+01
1.000000000000000000e+00 -6.212195396423339844e+00 1.154633235931396484e+01
1.012500047683715820e+00 -6.062705993652343750e+00 1.156992053985595703e+01
1.024999976158142090e+00 -5.831619739532470703e+00 1.157597064971923828e+01
1.037500023841857910e+00 -5.512259960174560547e+00 1.157574844360351562e+01
1.049999952316284180e+00 -5.104640007019042969e+00 1.159177780151367188e+01
1.062500000000000000e+00 -4.625071048736572266e+00 1.161314678192138672e+01
1.075000047683715820e+00 -4.086048603057861328e+00 1.161433219909667969e+01
1.087499976158142090e+00 -3.484114646911621094e+00 1.160547542572021484e+01
1.100000023841857910e+00 -2.821162462234497070e+00 1.161601066589355469e+01
1.112499952316284180e+00 -2.119806766510009766e+00 1.163532543182373047e+01
1.125000000000000000e+00 -1.398208856582641602e+00 1.162602996826171875e+01
1.137500047683715820e+00 -6.464215517044067383e-01 1.159971618652343750e+01
1.149999976158142090e+00 1.435786932706832886e-01 1.161071681976318359e+01
1.162500023841857910e+00 9.331413507461547852e-01 1.164270782470703125e+01
1.174999952316284180e+00 1.657883882522583008e+00 1.156424808502197266e+01
1.187500000000000000e+00 2.299995183944702148e+00 1.125906562805175781e+01
1.200000047683715820e+00 2.909038305282592773e+00 1.077123165130615234e+01
1.212499976158142090e+00 3.535073757171630859e+00 1.026402664184570312e+01
1.225000023841857910e+00 4.164237022399902344e+00 9.853334426879882812e+00
1.237499952316284180e+00 4.739094734191894531e+00 9.538839340209960938e+00
1.250000000000000000e+00 5.222097396850585938e+00 9.284688949584960938e+00
1.262500047683715820e+00 5.613207817077636719e+00 9.090817451477050781e+00
1.274999976158142090e+00 5.918145179748535156e+00 8.963642120361328125e+00
1.287500023841857910e+00 6.130726337432861328e+00 8.878801345825195312e+00
1.299999952316284180e+00 6.247409343719482422e+00 8.813749313354492188e+00
1.312500000000000000e+00 6.274133682250976562e+00 8.781020164489746094e+00
1.325000047683715820e+00 6.212362289428710938e+00 8.795759201049804688e+00
1.337499976158142090e+00 6.056262493133544922e+00 8.842672348022460938e+00
1.350000023841857910e+00 5.808367729187011719e+00 8.909111976623535156e+00
1.362499952316284180e+00 5.480919361114501953e+00 9.019026756286621094e+00
1.375000000000000000e+00 5.077920913696289062e+00 9.194114685058593750e+00
1.387500047683715820e+00 4.596086978912353516e+00 9.412023544311523438e+00
1.399999976158142090e+00 4.050117492675781250e+00 9.653745651245117188e+00
1.412500023841857910e+00 3.472009420394897461e+00 9.964342117309570312e+00
1.424999952316284180e+00 2.868540525436401367e+00 1.039230537414550781e+01
1.437500000000000000e+00 2.202225923538208008e+00 1.086853218078613281e+01
1.450000047683715820e+00 1.442225933074951172e+00 1.122417736053466797e+01
1.462499976158142090e+00 6.221502423286437988e-01 1.136275577545166016e+01
1.475000023841857910e+00 -1.828934848308563232e-01 1.135949325561523438e+01
1.487499952316284180e+00 -9.334363937377929688e-01 1.135236454010009766e+01
1.500000000000000000e+00 -1.650330662727355957e+00 1.138569259643554688e+01
1.512500047683715820e+00 -2.360480308532714844e+00 1.141308021545410156e+01
1.524999976158142090e+00 -3.050540924072265625e+00 1.141101169586181641e+01
1.537500023841857910e+00 -3.688905239105224609e+00 1.141280269622802734e+01
1.549999952316284180e+00 -4.266036510467529297e+00 1.143847846984863281e+01
1.562500000000000000e+00 -4.788342952728271484e+00 1.146226882934570312e+01
1.575000047683715820e+00 -5.248038291931152344e+00 1.146587562561035156e+01
1.587499976158142090e+00 -5.625296592712402344e+00 1.147061157226562500e+01
1.600000023841857910e+00 -5.913738250732421875e+00 1.149398040771484375e+01
1.612499952316284180e+00 -6.120692729949951172e+00 1.151736068725585938e+01
1.625000000000000000e+00 -6.244442939758300781e+00 1.152305698394775391e+01
1.637500047683715820e+00 -6.272302150726318359e+00 1.152753257751464844e+01
1.649999976158142090e+00 -6.201957702636718750e+00 1.154876708984375000e+01
1.662500023841857910e+00 -6.044981002807617188e+00 1.157131767272949219e+01
1.674999952316284180e+00 -5.806174755096435547e+00 1.157577991485595703e+01
1.687500000000000000e+00 -5.478452682495117188e+00 1.157639694213867188e+01
1.700000047683715820e+00 -5.063422679901123047e+00 1.159397125244140625e+01
1.712499976158142090e+00 -4.578150272369384766e+00 1.161429119110107422e+01
1.725000023841857910e+00 -4.033658504486083984e+00 1.161344146728515625e+01
1.737499952316284180e+00 -3.425742149353027344e+00 1.160537719726562500e+01
1.750000000000000000e+00 -2.758112907409667969e+00 1.161800289154052734e+01
1.762500047683715820e+00 -2.054528713226318359e+00 1.163603878021240234e+01
1.774999976158142090e+00 -1.330940365791320801e+00 1.162355899810791016e+01
1.787500023841857910e+00 -5.755001902580261230e-01 1.159852790832519531e+01
1.799999952316284180e+00 2.168768048286437988e-01 1.161408996582031250e+01
1.812500000000000000e+00 1.003006696701049805e+00 1.164257907867431641e+01
1.825000047683715820e+00 1.719747185707092285e+00 1.154643917083740234e+01
1.837499976158142090e+00 2.356098175048828125e+00 1.121992397308349609e+01
1.850000023841857910e+00 2.965321063995361328e+00 1.072302341461181641e+01
1.862499952316284180e+00 3.593299388885498047e+00 1.022166824340820312e+01
1.875000000000000000e+00 4.220001697540283203e+00 9.821178436279296875e+00
1.887500047683715820e+00 4.787349224090576172e+00 9.513362884521484375e+00
1.899999976158142090e+00 5.261569976806640625e+00 9.264184951782226562e+00
1.912500023841857910e+00 5.644733905792236328e+00 9.076545715332031250e+00
1.924999952316284180e+00 5.941583633422851562e+00 8.954646110534667969e+00
1.937500000000000000e+00 6.145350456237792969e+00 8.872082710266113281e+00
1.950000047683715820e+00 6.253494739532470703e+00 8.809022903442382812e+00
1.962499976158142090e+00 6.272229671478271484e+00 8.780409812927246094e+00
1.975000023841857910e+00 6.202063083648681641e+00 8.799108505249023438e+00
1.987499952316284180e+00 6.037223339080810547e+00 8.847839355468750000e+00
2.000000000000000000e+00 5.781523704528808594e+00 8.916810035705566406e+00
