0.000000000000000000e+00 6.280901432037353516e+00 8.790856361389160156e+00
1.250000018626451492e-02 6.301481723785400391e+00 8.771928787231445312e+00
2.500000037252902985e-02 6.280807495117187500e+00 8.775471687316894531e+00
3.750000149011611938e-02 6.216931343078613281e+00 8.798526763916015625e+00
5.000000074505805969e-02 6.108517169952392578e+00 8.833034515380859375e+00
6.250000000000000000e-02 5.957120895385742188e+00 8.875161170959472656e+00
7.500000298023223877e-02 5.766609191894531250e+00 8.931180953979492188e+00
8.749999850988388062e-02 5.540087223052978516e+00 9.012996673583984375e+00
1.000000014901161194e-01 5.277576923370361328e+00 9.126791000366210938e+00
1.124999970197677612e-01 4.977364540100097656e+00 9.266226768493652344e+00
1.250000000000000000e-01 4.640337944030761719e+00 9.418565750122070312e+00
1.375000029802322388e-01 4.273133754730224609e+00 9.579874038696289062e+00
1.500000059604644775e-01 3.886113166809082031e+00 9.764987945556640625e+00
1.624999940395355225e-01 3.486556291580200195e+00 9.999913215637207031e+00
1.749999970197677612e-01 3.072322368621826172e+00 1.029866600036621094e+01
1.875000000000000000e-01 2.632029056549072266e+00 1.064163494110107422e+01
2.000000029802322388e-01 2.153157711029052734e+00 1.097466945648193359e+01
2.125000059604644775e-01 1.632892608642578125e+00 1.123378467559814453e+01
2.249999940395355225e-01 1.083507537841796875e+00 1.138035869598388672e+01
2.374999970197677612e-01 5.276465415954589844e-01 1.142223072052001953e+01
2.500000000000000000e-01 -1.358771044760942459e-02 1.140565681457519531e+01
2.624999880790710449e-01 -5.312514901161193848e-01 1.138443660736083984e+01
2.750000059604644775e-01 -1.030385255813598633e+00 1.138881587982177734e+01
2.874999940395355225e-01 -1.522336244583129883e+00 1.141535949707031250e+01
3.000000119209289551e-01 -2.013969659805297852e+00 1.144155216217041016e+01
3.125000000000000000e-01 -2.501932859420776367e+00 1.145015907287597656e+01
3.249999880790710449e-01 -2.975450515747070312e+00 1.144319438934326172e+01
3.375000059604644775e-01 -3.424164056777954102e+00 1.143655967712402344e+01
3.499999940395355225e-01 -3.844047307968139648e+00 1.144342041015625000e+01
3.625000119209289551e-01 -4.236966133117675781e+00 1.146253108978271484e+01
3.750000000000000000e-01 -4.605319023132324219e+00 1.148117256164550781e+01
3.874999880790710449e-01 -4.947173118591308594e+00 1.148830604553222656e+01
4.000000059604644775e-01 -5.256181240081787109e+00 1.148482131958007812e+01
4.124999940395355225e-01 -5.525833129882812500e+00 1.148170375823974609e+01
4.250000119209289551e-01 -5.753699779510498047e+00 1.148881053924560547e+01
4.375000000000000000e-01 -5.941725254058837891e+00 1.150546360015869141e+01
4.499999880790710449e-01 -6.092583179473876953e+00 1.152165794372558594e+01
4.625000059604644775e-01 -6.205797195434570312e+00 1.152816486358642578e+01
4.749999940395355225e-01 -6.277352809906005859e+00 1.152547645568847656e+01
4.875000119209289551e-01 -6.303019523620605469e+00 1.152302455902099609e+01
5.000000000000000000e-01 -6.282069683074951172e+00 1.152969837188720703e+01
5.124999880790710449e-01 -6.217771053314208984e+00 1.154505443572998047e+01
5.249999761581420898e-01 -6.114232540130615234e+00 1.155976867675781250e+01
5.375000238418579102e-01 -5.972723960876464844e+00 1.156485366821289062e+01
5.500000119209289551e-01 -5.791081905364990234e+00 1.156060218811035156e+01
5.625000000000000000e-01 -5.566811561584472656e+00 1.155641841888427734e+01
5.749999880790710449e-01 -5.300856590270996094e+00 1.156153964996337891e+01
5.874999761581420898e-01 -4.998285293579101562e+00 1.157562541961669922e+01
6.000000238418579102e-01 -4.665085792541503906e+00 1.158861732482910156e+01
6.125000119209289551e-01 -4.304110527038574219e+00 1.159044456481933594e+01
6.250000000000000000e-01 -3.914211273193359375e+00 1.158134365081787109e+01
6.374999880790710449e-01 -3.493653535842895508e+00 1.157239437103271484e+01
6.499999761581420898e-01 -3.044660568237304688e+00 1.157492542266845703e+01
6.625000238418579102e-01 -2.574484825134277344e+00 1.158853530883789062e+01
6.750000119209289551e-01 -2.091413974761962891e+00 1.159987831115722656e+01
6.875000000000000000e-01 -1.599047422409057617e+00 1.159492492675781250e+01
6.999999880790710449e-01 -1.094425678253173828e+00 1.157416439056396484e+01
7.124999761581420898e-01 -5.727182030677795410e-01 1.155550956726074219e+01
7.250000238418579102e-01 -3.530170023441314697e-02 1.155902385711669922e+01
7.375000119209289551e-01 5.056719183921813965e-01 1.158377647399902344e+01
7.500000000000000000e-01 1.031077027320861816e+00 1.159626293182373047e+01
7.624999880790710449e-01 1.525268077850341797e+00 1.154286670684814453e+01
7.749999761581420898e-01 1.985681176185607910e+00 1.138051319122314453e+01
7.875000238418579102e-01 2.424064159393310547e+00 1.110458469390869141e+01
8.000000119209289551e-01 2.857891559600830078e+00 1.075405883789062500e+01
8.125000000000000000e-01 3.297929763793945312e+00 1.039030170440673828e+01
8.249999880790710449e-01 3.740722179412841797e+00 1.006499099731445312e+01
8.374999761581420898e-01 4.170823574066162109e+00 9.799199104309082031e+00
8.500000238418579102e-01 4.570229053497314453e+00 9.585268974304199219e+00
8.625000119209289551e-01 4.927578926086425781e+00 9.405179023742675781e+00
8.750000000000000000e-01 5.240959644317626953e+00 9.248353004455566406e+00
8.874999880790710449e-01 5.513840198516845703e+00 9.116000175476074219e+00
8.999999761581420898e-01 5.748895168304443359e+00 9.012745857238769531e+00
9.125000238418579102e-01 5.945017814636230469e+00 8.936907768249511719e+00
9.250000119209289551e-01 6.098988533020019531e+00 8.879543304443359375e+00
9.375000000000000000e-01 6.208932399749755859e+00 8.832200050354003906e+00
9.499999880790710449e-01 6.275713443756103516e+00 8.794435501098632812e+00
9.624999761581420898e-01 6.301167964935302734e+00 8.773043632507324219e+00
9.750000238418579102e-01 6.285504817962646484e+00 8.773886680603027344e+00
9.875000119209289551e-01 6.226900577545166016e+00 8.795011520385742188e+00
1.000000000000000000e+00 6.123790740966796875e+00 8.828522682189941406e+00
1.012500047683715820e+00 5.977347850799560547e+00 8.869610786437988281e+00
1.024999976158142090e+00 5.791298866271972656e+00 8.923358917236328125e+00
1.037500023841857910e+00 5.569013118743896484e+00 9.001551628112792969e+00
1.049999952316284180e+00 5.310893058776855469e+00 9.111614227294921875e+00
1.062500000000000000e+00 5.015232086181640625e+00 9.248657226562500000e+00
1.075000047683715820e+00 4.682373046875000000e+00 9.399977684020996094e+00
1.087499976158142090e+00 4.318251132965087891e+00 9.559813499450683594e+00
1.100000023841857910e+00 3.933081388473510742e+00 9.740758895874023438e+00
1.112499952316284180e+00 3.534917593002319336e+00 9.968513488769531250e+00
1.125000000000000000e+00 3.122903108596801758e+00 1.025989627838134766e+01
1.137500047683715820e+00 2.686463832855224609e+00 1.059989452362060547e+01
1.149999976158142090e+00 2.212625026702880859e+00 1.093761730194091797e+01
1.162500023841857910e+00 1.696953177452087402e+00 1.120838642120361328e+01
1.174999952316284180e+00 1.149964213371276855e+00 1.136895275115966797e+01
1.187500000000000000e+00 5.936156511306762695e-01 1.142142295837402344e+01
1.200000047683715820e+00 4.986526817083358765e-02 1.140881538391113281e+01
1.212499976158142090e+00 -4.705826640129089355e-01 1.138589572906494141e+01
1.225000023841857910e+00 -9.713529348373413086e-01 1.138679027557373047e+01
1.237499952316284180e+00 -1.463627696037292480e+00 1.141172313690185547e+01
1.250000000000000000e+00 -1.955268502235412598e+00 1.143916893005371094e+01
1.262500047683715820e+00 -2.444156408309936523e+00 1.145017242431640625e+01
1.274999976158142090e+00 -2.920027732849121094e+00 1.144436550140380859e+01
1.287500023841857910e+00 -3.372063875198364258e+00 1.143678855895996094e+01
1.299999952316284180e+00 -3.795369863510131836e+00 1.144178676605224609e+01
1.312500000000000000e+00 -4.191336154937744141e+00 1.145998096466064453e+01
1.325000047683715820e+00 -4.562617778778076172e+00 1.147942352294921875e+01
1.337499976158142090e+00 -4.907913208007812500e+00 1.148815536499023438e+01
1.350000023841857910e+00 -5.221233367919921875e+00 1.148547458648681641e+01
1.362499952316284180e+00 -5.495817184448242188e+00 1.148165607452392578e+01
1.375000000000000000e+00 -5.728636264801025391e+00 1.148733234405517578e+01
1.387500047683715820e+00 -5.921251773834228516e+00 1.150326156616210938e+01
1.399999976158142090e+00 -6.076491355895996094e+00 1.152011966705322266e+01
1.412500023841857910e+00 -6.194365024566650391e+00 1.152798748016357422e+01
1.424999952316284180e+00 -6.271156311035156250e+00 1.152601146697998047e+01
1.437500000000000000e+00 -6.302433967590332031e+00 1.152294731140136719e+01
1.450000047683715820e+00 -6.286941051483154297e+00 1.152833080291748047e+01
1.462499976158142090e+00 -6.227581501007080078e+00 1.154302883148193359e+01
1.475000023841857910e+00 -6.128586769104003906e+00 1.155840396881103516e+01
1.487499952316284180e+00 -5.991678237915039062e+00 1.156484985351562500e+01
1.500000000000000000e+00 -5.814995765686035156e+00 1.156133556365966797e+01
1.512500047683715820e+00 -5.595859527587890625e+00 1.155654716491699219e+01
1.524999976158142090e+00 -5.334681510925292969e+00 1.156033802032470703e+01
1.537500023841857910e+00 -5.036144733428955078e+00 1.157375335693359375e+01
1.549999952316284180e+00 -4.706366539001464844e+00 1.158752155303955078e+01
1.562500000000000000e+00 -4.348709106445312500e+00 1.159092903137207031e+01
1.575000047683715820e+00 -3.962391853332519531e+00 1.158269786834716797e+01
1.587499976158142090e+00 -3.545488119125366211e+00 1.157300853729248047e+01
1.600000023841857910e+00 -3.099590063095092773e+00 1.157388877868652344e+01
1.612499952316284180e+00 -2.631472587585449219e+00 1.158669376373291016e+01
1.625000000000000000e+00 -2.149619340896606445e+00 1.159919071197509766e+01
1.637500047683715820e+00 -1.658408641815185547e+00 1.159654331207275391e+01
1.649999976158142090e+00 -1.155541419982910156e+00 1.157699489593505859e+01
1.662500023841857910e+00 -6.359938383102416992e-01 1.155685710906982422e+01
1.674999952316284180e+00 -1.000272110104560852e-01 1.155717182159423828e+01
1.687500000000000000e+00 4.414719045162200928e-01 1.158052539825439453e+01
1.700000047683715820e+00 9.697371721267700195e-01 1.159714603424072266e+01
1.712499976158142090e+00 1.468102574348449707e+00 1.155440807342529297e+01
1.725000023841857910e+00 1.932167291641235352e+00 1.140622901916503906e+01
1.737499952316284180e+00 2.372258663177490234e+00 1.114256668090820312e+01
1.750000000000000000e+00 2.805829048156738281e+00 1.079786777496337891e+01
1.762500047683715820e+00 3.245008945465087891e+00 1.043250942230224609e+01
1.774999976158142090e+00 3.688120365142822266e+00 1.010082244873046875e+01
1.787500023841857910e+00 4.120736122131347656e+00 9.827892303466796875e+00
1.799999952316284180e+00 4.524593353271484375e+00 9.608711242675781250e+00
1.812500000000000000e+00 4.887237071990966797e+00 9.425384521484375000e+00
1.825000047683715820e+00 5.205733776092529297e+00 9.265903472900390625e+00
1.837499976158142090e+00 5.483249187469482422e+00 9.130340576171875000e+00
1.850000023841857910e+00 5.722806930541992188e+00 9.023522377014160156e+00
1.862499952316284180e+00 5.923741817474365234e+00 8.944786071777343750e+00
1.875000000000000000e+00 6.082899570465087891e+00 8.885759353637695312e+00
1.887500047683715820e+00 6.198105335235595703e+00 8.837431907653808594e+00
1.899999976158142090e+00 6.269937992095947266e+00 8.798248291015625000e+00
1.912500023841857910e+00 6.300270557403564453e+00 8.774486541748046875e+00
1.924999952316284180e+00 6.289588928222656250e+00 8.772599220275878906e+00
1.937500000000000000e+00 6.236230850219726562e+00 8.791669845581054688e+00
1.950000047683715820e+00 6.138442039489746094e+00 8.824107170104980469e+00
1.962499976158142090e+00 5.997010231018066406e+00 8.864231109619140625e+00
1.975000023841857910e+00 5.815475940704345703e+00 8.915891647338867188e+00
1.987499952316284180e+00 5.597430706024169922e+00 8.990577697753906250e+00
2.000000000000000000e+00 5.343670368194580078e+00 9.096834182739257812e+00
