0.000000000000000000e+00 6.232517242431640625e+00 8.824336051940917969e+00
1.250000018626451492e-02 6.275492668151855469e+00 8.783675193786621094e+00
2.500000037252902985e-02 6.230091094970703125e+00 8.790076255798339844e+00
3.750000149011611938e-02 6.090800285339355469e+00 8.833076477050781250e+00
5.000000074505805969e-02 5.857719421386718750e+00 8.895403861999511719e+00
6.250000000000000000e-02 5.542614459991455078e+00 8.995445251464843750e+00
7.500000298023223877e-02 5.151924133300781250e+00 9.160152435302734375e+00
8.749999850988388062e-02 4.681997776031494141e+00 9.373894691467285156e+00
1.000000014901161194e-01 4.143217086791992188e+00 9.610888481140136719e+00
1.124999970197677612e-01 3.567229747772216797e+00 9.905944824218750000e+00
1.250000000000000000e-01 2.968062400817871094e+00 1.031649017333984375e+01
1.375000029802322388e-01 2.313369035720825195e+00 1.079644870758056641e+01
1.500000059604644775e-01 1.565906405448913574e+00 1.118228435516357422e+01
1.624999940395355225e-01 7.483000159263610840e-01 1.135392284393310547e+01
1.749999970197677612e-01 -6.533239781856536865e-02 1.136278724670410156e+01
1.875000000000000000e-01 -8.257747888565063477e-01 1.135022449493408203e+01
2.000000029802322388e-01 -1.547079682350158691e+00 1.137960624694824219e+01
2.125000059604644775e-01 -2.259749174118041992e+00 1.141098213195800781e+01
2.249999940395355225e-01 -2.956403017044067383e+00 1.141188240051269531e+01
2.374999970197677612e-01 -3.604816198348999023e+00 1.141085052490234375e+01
2.500000000000000000e-01 -4.191367626190185547e+00 1.143414688110351562e+01
2.624999880790710449e-01 -4.722258567810058594e+00 1.146017932891845703e+01
2.750000059604644775e-01 -5.192451000213623047e+00 1.146593189239501953e+01
2.874999940395355225e-01 -5.582092285156250000e+00 1.146890735626220703e+01
3.000000119209289551e-01 -5.882138252258300781e+00 1.149039936065673828e+01
3.125000000000000000e-01 -6.099415779113769531e+00 1.151538753509521484e+01
3.249999880790710449e-01 -6.234178543090820312e+00 1.152302742004394531e+01
3.375000059604644775e-01 -6.273976802825927734e+00 1.152627944946289062e+01
3.499999940395355225e-01 -6.214374542236328125e+00 1.154581737518310547e+01
3.625000119209289551e-01 -6.066285133361816406e+00 1.156969451904296875e+01
3.750000000000000000e-01 -5.836215496063232422e+00 1.157615566253662109e+01
3.874999880790710449e-01 -5.517573833465576172e+00 1.157585906982421875e+01
4.000000059604644775e-01 -5.110092639923095703e+00 1.159169864654541016e+01
4.124999940395355225e-01 -4.630043029785156250e+00 1.161324024200439453e+01
4.250000119209289551e-01 -4.090193748474121094e+00 1.161467170715332031e+01
4.375000000000000000e-01 -3.487173557281494141e+00 1.160580253601074219e+01
4.499999880790710449e-01 -2.822772979736328125e+00 1.161628627777099609e+01
4.625000059604644775e-01 -2.119692802429199219e+00 1.163564777374267578e+01
4.749999940395355225e-01 -1.396249771118164062e+00 1.162630939483642578e+01
4.875000119209289551e-01 -6.424202919006347656e-01 1.160003948211669922e+01
5.000000000000000000e-01 1.497496515512466431e-01 1.161140537261962891e+01
5.124999880790710449e-01 9.410171508789062500e-01 1.164311504364013672e+01
5.249999761581420898e-01 1.666608810424804688e+00 1.156225299835205078e+01
5.375000238418579102e-01 2.309369087219238281e+00 1.125310897827148438e+01
5.500000119209289551e-01 2.919794559478759766e+00 1.076249980926513672e+01
5.625000000000000000e-01 3.547655820846557617e+00 1.025528621673583984e+01
5.749999880790710449e-01 4.177786827087402344e+00 9.845930099487304688e+00
5.874999761581420898e-01 4.752170562744140625e+00 9.532278060913085938e+00
6.000000238418579102e-01 5.233910560607910156e+00 9.278785705566406250e+00
6.125000119209289551e-01 5.623530864715576172e+00 9.086323738098144531e+00
6.250000000000000000e-01 5.926463603973388672e+00 8.960633277893066406e+00
6.374999880790710449e-01 6.136277198791503906e+00 8.876407623291015625e+00
6.499999761581420898e-01 6.249793052673339844e+00 8.811930656433105469e+00
6.625000238418579102e-01 6.273127079010009766e+00 8.780837059020996094e+00
6.750000119209289551e-01 6.207344532012939453e+00 8.797418594360351562e+00
6.875000000000000000e-01 6.046581268310546875e+00 8.845322608947753906e+00
6.999999880790710449e-01 5.794012069702148438e+00 8.913176536560058594e+00
7.124999761581420898e-01 5.462003707885742188e+00 9.026369094848632812e+00
7.250000238418579102e-01 5.053913116455078125e+00 9.204987525939941406e+00
7.375000119209289551e-01 4.566722393035888672e+00 9.424773216247558594e+00
7.500000000000000000e-01 4.016676902770996094e+00 9.669218063354492188e+00
7.624999880790710449e-01 3.435899496078491211e+00 9.986841201782226562e+00
7.749999761581420898e-01 2.828460931777954102e+00 1.042230892181396484e+01
7.875000238418579102e-01 2.154921531677246094e+00 1.089713287353515625e+01
8.000000119209289551e-01 1.387156844139099121e+00 1.124021148681640625e+01
8.125000000000000000e-01 5.635744929313659668e-01 1.136513042449951172e+01
8.249999880790710449e-01 -2.401547133922576904e-01 1.135751247406005859e+01
8.374999761581420898e-01 -9.888902902603149414e-01 1.135353279113769531e+01
8.500000238418579102e-01 -1.706483840942382812e+00 1.138854122161865234e+01
8.625000119209289551e-01 -2.417796373367309570e+00 1.141358470916748047e+01
8.750000000000000000e-01 -3.106362342834472656e+00 1.141023063659667969e+01
8.874999880790710449e-01 -3.741046190261840820e+00 1.141403770446777344e+01
8.999999761581420898e-01 -4.314565181732177734e+00 1.144103622436523438e+01
9.125000238418579102e-01 -4.833142280578613281e+00 1.146321678161621094e+01
9.250000119209289551e-01 -5.287105083465576172e+00 1.146568202972412109e+01
9.375000000000000000e-01 -5.656751155853271484e+00 1.147204494476318359e+01
9.499999880790710449e-01 -5.937560558319091797e+00 1.149674701690673828e+01
9.624999761581420898e-01 -6.137006759643554688e+00 1.151872062683105469e+01
9.750000238418579102e-01 -6.251746177673339844e+00 1.152311897277832031e+01
9.875000119209289551e-01 -6.269056320190429688e+00 1.152906036376953125e+01
1.000000000000000000e+00 -6.188512325286865234e+00 1.155178642272949219e+01
1.012500047683715820e+00 -6.022119522094726562e+00 1.157289409637451172e+01
1.024999976158142090e+00 -5.773026943206787109e+00 1.157565689086914062e+01
1.037500023841857910e+00 -5.433903694152832031e+00 1.157769012451171875e+01
1.049999952316284180e+00 -5.008485317230224609e+00 1.159710502624511719e+01
1.062500000000000000e+00 -4.514598369598388672e+00 1.161572265625000000e+01
1.075000047683715820e+00 -3.961255788803100586e+00 1.161239337921142578e+01
1.087499976158142090e+00 -3.343607902526855469e+00 1.160591888427734375e+01
1.100000023841857910e+00 -2.668118476867675781e+00 1.162126064300537109e+01
1.112499952316284180e+00 -1.959833502769470215e+00 1.163685035705566406e+01
1.125000000000000000e+00 -1.231273531913757324e+00 1.162002944946289062e+01
1.137500047683715820e+00 -4.683471322059631348e-01 1.159792709350585938e+01
1.149999976158142090e+00 3.288936316967010498e-01 1.162002754211425781e+01
1.162500023841857910e+00 1.110565185546875000e+00 1.164057159423828125e+01
1.174999952316284180e+00 1.816339015960693359e+00 1.151435279846191406e+01
1.187500000000000000e+00 2.446056842803955078e+00 1.115419292449951172e+01
1.200000047683715820e+00 3.057852029800415039e+00 1.064475727081298828e+01
1.212499976158142090e+00 3.690020561218261719e+00 1.015390205383300781e+01
1.225000023841857910e+00 4.312877655029296875e+00 9.769138336181640625e+00
1.237499952316284180e+00 4.868190288543701172e+00 9.471051216125488281e+00
1.250000000000000000e+00 5.328532695770263672e+00 9.229932785034179688e+00
1.262500047683715820e+00 5.698786258697509766e+00 9.052909851074218750e+00
1.274999976158142090e+00 5.981691837310791016e+00 8.939468383789062500e+00
1.287500023841857910e+00 6.169835090637207031e+00 8.860322952270507812e+00
1.299999952316284180e+00 6.262602329254150391e+00 8.801190376281738281e+00
1.312500000000000000e+00 6.266359329223632812e+00 8.780550003051757812e+00
1.325000047683715820e+00 6.179813861846923828e+00 8.806301116943359375e+00
1.337499976158142090e+00 5.997732639312744141e+00 8.858362197875976562e+00
1.350000023841857910e+00 5.726394176483154297e+00 8.933230400085449219e+00
1.362499952316284180e+00 5.377644062042236328e+00 9.060799598693847656e+00
1.375000000000000000e+00 4.951862335205078125e+00 9.251853942871093750e+00
1.387500047683715820e+00 4.448219776153564453e+00 9.476535797119140625e+00
1.399999976158142090e+00 3.888732910156250000e+00 9.731170654296875000e+00
1.412500023841857910e+00 3.303461313247680664e+00 1.007420063018798828e+01
1.424999952316284180e+00 2.685520887374877930e+00 1.053055953979492188e+01
1.437500000000000000e+00 1.991454720497131348e+00 1.099085235595703125e+01
1.450000047683715820e+00 1.205443143844604492e+00 1.128643798828125000e+01
1.462499976158142090e+00 3.800404965877532959e-01 1.136951255798339844e+01
1.475000023841857910e+00 -4.119494259357452393e-01 1.135293579101562500e+01
1.487499952316284180e+00 -1.150461912155151367e+00 1.135918235778808594e+01
1.500000000000000000e+00 -1.865786910057067871e+00 1.139678955078125000e+01
1.512500047683715820e+00 -2.574773311614990234e+00 1.141448974609375000e+01
1.524999976158142090e+00 -3.253504276275634766e+00 1.140905284881591797e+01
1.537500023841857910e+00 -3.874160289764404297e+00 1.141861534118652344e+01
1.549999952316284180e+00 -4.435113430023193359e+00 1.144760799407958984e+01
1.562500000000000000e+00 -4.940856933593750000e+00 1.146506500244140625e+01
1.575000047683715820e+00 -5.377472400665283203e+00 1.146568012237548828e+01
1.587499976158142090e+00 -5.726917743682861328e+00 1.147628784179687500e+01
1.600000023841857910e+00 -5.988986968994140625e+00 1.150292301177978516e+01
1.612499952316284180e+00 -6.170425891876220703e+00 1.152099323272705078e+01
1.625000000000000000e+00 -6.264390468597412109e+00 1.152330970764160156e+01
1.637500047683715820e+00 -6.259191513061523438e+00 1.153285980224609375e+01
1.649999976158142090e+00 -6.158419132232666016e+00 1.155766487121582031e+01
1.662500023841857910e+00 -5.973889350891113281e+00 1.157499122619628906e+01
1.674999952316284180e+00 -5.705291271209716797e+00 1.157511615753173828e+01
1.687500000000000000e+00 -5.345855236053466797e+00 1.158058357238769531e+01
1.700000047683715820e+00 -4.903512001037597656e+00 1.160249137878417969e+01
1.712499976158142090e+00 -4.396266937255859375e+00 1.161689376831054688e+01
1.725000023841857910e+00 -3.829054117202758789e+00 1.160991764068603516e+01
1.737499952316284180e+00 -3.197054862976074219e+00 1.160737228393554688e+01
1.750000000000000000e+00 -2.511888265609741211e+00 1.162632179260253906e+01
1.762500047683715820e+00 -1.799108505249023438e+00 1.163612365722656250e+01
1.774999976158142090e+00 -1.064526796340942383e+00 1.161333560943603516e+01
1.787500023841857910e+00 -2.923137843608856201e-01 1.159846973419189453e+01
1.799999952316284180e+00 5.073260664939880371e-01 1.162907886505126953e+01
1.812500000000000000e+00 1.276041865348815918e+00 1.163045310974121094e+01
1.825000047683715820e+00 1.961994171142578125e+00 1.145396995544433594e+01
1.837499976158142090e+00 2.581950664520263672e+00 1.104745769500732422e+01
1.850000023841857910e+00 3.197253942489624023e+00 1.052835750579833984e+01
1.862499952316284180e+00 3.832044601440429688e+00 1.005831241607666016e+01
1.875000000000000000e+00 4.444436550140380859e+00 9.696666717529296875e+00
1.887500047683715820e+00 4.979323387145996094e+00 9.412453651428222656e+00
1.899999976158142090e+00 5.418693065643310547e+00 9.184329032897949219e+00
1.912500023841857910e+00 5.769742965698242188e+00 9.022830009460449219e+00
1.924999952316284180e+00 6.032152652740478516e+00 8.919933319091796875e+00
1.937500000000000000e+00 6.198597431182861328e+00 8.845059394836425781e+00
1.950000047683715820e+00 6.271018505096435547e+00 8.792430877685546875e+00
1.962499976158142090e+00 6.255114078521728516e+00 8.782734870910644531e+00
1.975000023841857910e+00 6.147456645965576172e+00 8.816411018371582031e+00
1.987499952316284180e+00 5.944401264190673828e+00 8.872352600097656250e+00
2.000000000000000000e+00 5.654982089996337891e+00 8.956007957458496094e+00
