0.000000000000000000e+00 6.232059955596923828e+00 8.824585914611816406e+00
1.250000018626451492e-02 6.275253295898437500e+00 8.783727645874023438e+00
2.500000037252902985e-02 6.229621887207031250e+00 8.790163993835449219e+00
3.750000149011611938e-02 6.089612483978271484e+00 8.833333015441894531e+00
5.000000074505805969e-02 5.855373859405517578e+00 8.895930290222167969e+00
6.250000000000000000e-02 5.538788795471191406e+00 8.996682167053222656e+00
7.500000298023223877e-02 5.146238327026367188e+00 9.162501335144042969e+00
8.749999850988388062e-02 4.674049377441406250e+00 9.377181053161621094e+00
1.000000014901161194e-01 4.133027553558349609e+00 9.615228652954101562e+00
1.124999970197677612e-01 3.555166244506835938e+00 9.912736892700195312e+00
1.250000000000000000e-01 2.953833103179931641e+00 1.032666969299316406e+01
1.375000029802322388e-01 2.295665740966796875e+00 1.080755233764648438e+01
1.500000059604644775e-01 1.543917417526245117e+00 1.118954658508300781e+01
1.624999940395355225e-01 7.232323288917541504e-01 1.135543251037597656e+01
1.749999970197677612e-01 -9.128206968307495117e-02 1.136164569854736328e+01
1.875000000000000000e-01 -8.518539667129516602e-01 1.135023975372314453e+01
2.000000029802322388e-01 -1.574249625205993652e+00 1.138079166412353516e+01
2.125000059604644775e-01 -2.288467407226562500e+00 1.141125297546386719e+01
2.249999940395355225e-01 -2.985454797744750977e+00 1.141125869750976562e+01
2.374999970197677612e-01 -3.632797479629516602e+00 1.141111183166503906e+01
2.500000000000000000e-01 -4.218025684356689453e+00 1.143536758422851562e+01
2.624999880790710449e-01 -4.747518062591552734e+00 1.146073055267333984e+01
2.750000059604644775e-01 -5.215186595916748047e+00 1.146567153930664062e+01
2.874999940395355225e-01 -5.600946426391601562e+00 1.146942234039306641e+01
3.000000119209289551e-01 -5.896770000457763672e+00 1.149190521240234375e+01
3.125000000000000000e-01 -6.109811782836914062e+00 1.151628017425537109e+01
3.249999880790710449e-01 -6.239391803741455078e+00 1.152299118041992188e+01
3.375000059604644775e-01 -6.272781848907470703e+00 1.152696609497070312e+01
3.499999940395355225e-01 -6.206644058227539062e+00 1.154762649536132812e+01
3.625000119209289551e-01 -6.052414894104003906e+00 1.157084369659423828e+01
3.750000000000000000e-01 -5.815639495849609375e+00 1.157607841491699219e+01
3.874999880790710449e-01 -5.489323139190673828e+00 1.157647132873535156e+01
4.000000059604644775e-01 -5.074491500854492188e+00 1.159370326995849609e+01
4.124999940395355225e-01 -4.588204383850097656e+00 1.161442470550537109e+01
4.250000119209289551e-01 -4.042044162750244141e+00 1.161404323577880859e+01
4.375000000000000000e-01 -3.431927919387817383e+00 1.160591316223144531e+01
4.499999880790710449e-01 -2.761359691619873047e+00 1.161844635009765625e+01
4.625000059604644775e-01 -2.054306983947753906e+00 1.163658237457275391e+01
4.749999940395355225e-01 -1.327013015747070312e+00 1.162401676177978516e+01
4.875000119209289551e-01 -5.674607753753662109e-01 1.159912872314453125e+01
5.000000000000000000e-01 2.292199730873107910e-01 1.161540222167968750e+01
5.124999880790710449e-01 1.018622398376464844e+00 1.164304542541503906e+01
5.249999761581420898e-01 1.736974000930786133e+00 1.154174327850341797e+01
5.375000238418579102e-01 2.374733448028564453e+00 1.120737838745117188e+01
5.500000119209289551e-01 2.986886501312255859e+00 1.070548248291015625e+01
5.625000000000000000e-01 3.618457078933715820e+00 1.020455265045166016e+01
5.749999880790710449e-01 4.246821403503417969e+00 9.806693077087402344e+00
5.874999761581420898e-01 4.813014984130859375e+00 9.500390052795410156e+00
6.000000238418579102e-01 5.284685134887695312e+00 9.252612113952636719e+00
6.125000119209289551e-01 5.664847373962402344e+00 9.067896842956542969e+00
6.250000000000000000e-01 5.957566261291503906e+00 8.948800086975097656e+00
6.374999880790710449e-01 6.155708312988281250e+00 8.867301940917968750e+00
6.499999761581420898e-01 6.257520198822021484e+00 8.805563926696777344e+00
6.625000238418579102e-01 6.269424438476562500e+00 8.780399322509765625e+00
6.750000119209289551e-01 6.191100597381591797e+00 8.802610397338867188e+00
6.875000000000000000e-01 6.016904354095458984e+00 8.853200912475585938e+00
6.999999880790710449e-01 5.751951694488525391e+00 8.925354003906250000e+00
7.124999761581420898e-01 5.408510208129882812e+00 9.047771453857421875e+00
7.250000238418579102e-01 4.988044738769531250e+00 9.235003471374511719e+00
7.375000119209289551e-01 4.488752841949462891e+00 9.458621978759765625e+00
7.500000000000000000e-01 3.930836439132690430e+00 9.710088729858398438e+00
7.624999880790710449e-01 3.345577001571655273e+00 1.004535579681396484e+01
7.749999761581420898e-01 2.729709148406982422e+00 1.049666690826416016e+01
7.875000238418579102e-01 2.040353536605834961e+00 1.096337127685546875e+01
8.000000119209289551e-01 1.257474422454833984e+00 1.127391338348388672e+01
8.125000000000000000e-01 4.300444424152374268e-01 1.136845588684082031e+01
8.249999880790710449e-01 -3.673243522644042969e-01 1.135365295410156250e+01
8.374999761581420898e-01 -1.110215783119201660e+00 1.135722827911376953e+01
8.500000238418579102e-01 -1.827762365341186523e+00 1.139456272125244141e+01
8.625000119209289551e-01 -2.539131402969360352e+00 1.141409587860107422e+01
8.750000000000000000e-01 -3.221871137619018555e+00 1.140896129608154297e+01
8.874999880790710449e-01 -3.847047328948974609e+00 1.141730499267578125e+01
8.999999761581420898e-01 -4.411863327026367188e+00 1.144611740112304688e+01
9.125000238418579102e-01 -4.921313285827636719e+00 1.146457862854003906e+01
9.250000119209289551e-01 -5.362154960632324219e+00 1.146546363830566406e+01
9.375000000000000000e-01 -5.715822219848632812e+00 1.147538757324218750e+01
9.499999880790710449e-01 -5.981395244598388672e+00 1.150189304351806641e+01
9.624999761581420898e-01 -6.165856838226318359e+00 1.152063560485839844e+01
9.750000238418579102e-01 -6.262815475463867188e+00 1.152321338653564453e+01
9.875000119209289551e-01 -6.260297298431396484e+00 1.153235912322998047e+01
1.000000000000000000e+00 -6.161429882049560547e+00 1.155707550048828125e+01
1.012500047683715820e+00 -5.978183746337890625e+00 1.157487297058105469e+01
1.024999976158142090e+00 -5.710596084594726562e+00 1.157523059844970703e+01
1.037500023841857910e+00 -5.351763725280761719e+00 1.158046817779541016e+01
1.049999952316284180e+00 -4.909350872039794922e+00 1.160231876373291016e+01
1.062500000000000000e+00 -4.401507854461669922e+00 1.161701488494873047e+01
1.075000047683715820e+00 -3.833434343338012695e+00 1.161019134521484375e+01
1.087499976158142090e+00 -3.200267553329467773e+00 1.160754966735839844e+01
1.100000023841857910e+00 -2.513549327850341797e+00 1.162649059295654297e+01
1.112499952316284180e+00 -1.799005389213562012e+00 1.163634967803955078e+01
1.125000000000000000e+00 -1.062539100646972656e+00 1.161352920532226562e+01
1.137500047683715820e+00 -2.882301807403564453e-01 1.159883022308349609e+01
1.149999976158142090e+00 5.134553313255310059e-01 1.162967777252197266e+01
1.162500023841857910e+00 1.283551931381225586e+00 1.163003635406494141e+01
1.174999952316284180e+00 1.970224261283874512e+00 1.145044994354248047e+01
1.187500000000000000e+00 2.591141700744628906e+00 1.104038333892822266e+01
1.200000047683715820e+00 3.208142042160034180e+00 1.051981449127197266e+01
1.212499976158142090e+00 3.844510555267333984e+00 1.005056667327880859e+01
1.225000023841857910e+00 4.457239627838134766e+00 9.690024375915527344e+00
1.237499952316284180e+00 4.991274833679199219e+00 9.406347274780273438e+00
1.250000000000000000e+00 5.429367065429687500e+00 9.179135322570800781e+00
1.262500047683715820e+00 5.778842449188232422e+00 9.019175529479980469e+00
1.274999976158142090e+00 6.038974761962890625e+00 8.917320251464843750e+00
1.287500023841857910e+00 6.202509403228759766e+00 8.842825889587402344e+00
1.299999952316284180e+00 6.271780967712402344e+00 8.791219711303710938e+00
1.312500000000000000e+00 6.252339363098144531e+00 8.783410072326660156e+00
1.325000047683715820e+00 6.140405654907226562e+00 8.818479537963867188e+00
1.337499976158142090e+00 5.932704925537109375e+00 8.875323295593261719e+00
1.350000023841857910e+00 5.638813972473144531e+00 8.961249351501464844e+00
1.362499952316284180e+00 5.268622875213623047e+00 9.107553482055664062e+00
1.375000000000000000e+00 4.819693088531494141e+00 9.311876296997070312e+00
1.387500047683715820e+00 4.295930862426757812e+00 9.542752265930175781e+00
1.399999976158142090e+00 3.725587368011474609e+00 9.815641403198242188e+00
1.412500023841857910e+00 3.132615804672241211e+00 1.019403076171875000e+01
1.424999952316284180e+00 2.496125936508178711e+00 1.066944217681884766e+01
1.437500000000000000e+00 1.772524237632751465e+00 1.109835815429687500e+01
1.450000047683715820e+00 9.651505947113037109e-01 1.132931709289550781e+01
1.462499976158142090e+00 1.412062346935272217e-01 1.136758136749267578e+01
1.475000023841857910e+00 -6.359316706657409668e-01 1.134928226470947266e+01
1.487499952316284180e+00 -1.365541219711303711e+00 1.136916255950927734e+01
1.500000000000000000e+00 -2.080986499786376953e+00 1.140549945831298828e+01
1.512500047683715820e+00 -2.786249160766601562e+00 1.141331100463867188e+01
1.524999976158142090e+00 -3.450733423233032227e+00 1.140876579284667969e+01
1.537500023841857910e+00 -4.053636074066162109e+00 1.142652606964111328e+01
1.549999952316284180e+00 -4.598981380462646484e+00 1.145525836944580078e+01
1.562500000000000000e+00 -5.086555480957031250e+00 1.146580314636230469e+01
1.575000047683715820e+00 -5.497956752777099609e+00 1.146663665771484375e+01
1.587499976158142090e+00 -5.819543361663818359e+00 1.148383045196533203e+01
1.600000023841857910e+00 -6.056006431579589844e+00 1.151070213317871094e+01
1.612499952316284180e+00 -6.210985183715820312e+00 1.152257251739501953e+01
1.625000000000000000e+00 -6.273561000823974609e+00 1.152443408966064453e+01
1.637500047683715820e+00 -6.235606670379638672e+00 1.154010200500488281e+01
1.649999976158142090e+00 -6.105772495269775391e+00 1.156550693511962891e+01
1.662500023841857910e+00 -5.893453121185302734e+00 1.157629871368408203e+01
1.674999952316284180e+00 -5.593916416168212891e+00 1.157512187957763672e+01
1.687500000000000000e+00 -5.203577041625976562e+00 1.158699703216552734e+01
1.700000047683715820e+00 -4.736155509948730469e+00 1.160992908477783203e+01
1.712499976158142090e+00 -4.207381248474121094e+00 1.161639881134033203e+01
1.725000023841857910e+00 -3.616452455520629883e+00 1.160694885253906250e+01
1.737499952316284180e+00 -2.961694955825805664e+00 1.161249828338623047e+01
1.750000000000000000e+00 -2.262475013732910156e+00 1.163334369659423828e+01
1.762500047683715820e+00 -1.541235685348510742e+00 1.163121891021728516e+01
1.774999976158142090e+00 -7.930347919464111328e-01 1.160401058197021484e+01
1.787500023841857910e+00 -4.993109963834285736e-03 1.160552215576171875e+01
1.799999952316284180e+00 7.936730384826660156e-01 1.164100933074951172e+01
1.812500000000000000e+00 1.537231922149658203e+00 1.159336853027343750e+01
1.825000047683715820e+00 2.194722890853881836e+00 1.132833957672119141e+01
1.837499976158142090e+00 2.807498455047607422e+00 1.085910797119140625e+01
1.850000023841857910e+00 3.432562828063964844e+00 1.034180641174316406e+01
1.862499952316284180e+00 4.067691326141357422e+00 9.911171913146972656e+00
1.875000000000000000e+00 4.657327175140380859e+00 9.582758903503417969e+00
1.887500047683715820e+00 5.157236099243164062e+00 9.318998336791992188e+00
1.899999976158142090e+00 5.563054084777832031e+00 9.114380836486816406e+00
1.912500023841857910e+00 5.881698131561279297e+00 8.978034019470214844e+00
1.924999952316284180e+00 6.108121871948242188e+00 8.888949394226074219e+00
1.937500000000000000e+00 6.237432003021240234e+00 8.820910453796386719e+00
1.950000047683715820e+00 6.275026321411132812e+00 8.782660484313964844e+00
1.962499976158142090e+00 6.223639011383056641e+00 8.792074203491210938e+00
1.975000023841857910e+00 6.077520847320556641e+00 8.836731910705566406e+00
1.987499952316284180e+00 5.837675094604492188e+00 8.900780677795410156e+00
2.000000000000000000e+00 5.516261577606201172e+00 9.005136489868164062e+00
