0.000000000000000000e+00 6.231592655181884766e+00 8.824934959411621094e+00
1.250000018626451492e-02 6.275004863739013672e+00 8.783879280090332031e+00
2.500000037252902985e-02 6.229142665863037109e+00 8.790352821350097656e+00
3.750000149011611938e-02 6.088413715362548828e+00 8.833690643310546875e+00
5.000000074505805969e-02 5.853014945983886719e+00 8.896558761596679688e+00
6.250000000000000000e-02 5.534948348999023438e+00 8.998024940490722656e+00
7.500000298023223877e-02 5.140533447265625000e+00 9.164958953857421875e+00
8.749999850988388062e-02 4.666078567504882812e+00 9.380572319030761719e+00
1.000000014901161194e-01 4.122821331024169922e+00 9.619684219360351562e+00
1.124999970197677612e-01 3.543091535568237305e+00 9.919674873352050781e+00
1.250000000000000000e-01 2.939575910568237305e+00 1.033698368072509766e+01
1.375000029802322388e-01 2.277903079986572266e+00 1.081868839263916016e+01
1.500000059604644775e-01 1.521872282028198242e+00 1.119673633575439453e+01
1.624999940395355225e-01 6.981681585311889648e-01 1.135689735412597656e+01
1.749999970197677612e-01 -1.171725168824195862e-01 1.136060142517089844e+01
1.875000000000000000e-01 -8.778837919235229492e-01 1.135041904449462891e+01
2.000000029802322388e-01 -1.601406693458557129e+00 1.138207435607910156e+01
2.125000059604644775e-01 -2.317151784896850586e+00 1.141156673431396484e+01
2.249999940395355225e-01 -3.014403104782104492e+00 1.141074085235595703e+01
2.374999970197677612e-01 -3.660638332366943359e+00 1.141153621673583984e+01
2.500000000000000000e-01 -4.244548320770263672e+00 1.143669128417968750e+01
2.624999880790710449e-01 -4.772612571716308594e+00 1.146132087707519531e+01
2.750000059604644775e-01 -5.237677097320556641e+00 1.146551322937011719e+01
2.874999940395355225e-01 -5.619506835937500000e+00 1.147010993957519531e+01
3.000000119209289551e-01 -5.911114215850830078e+00 1.149351882934570312e+01
3.125000000000000000e-01 -6.119894027709960938e+00 1.151719665527343750e+01
3.249999880790710449e-01 -6.244205951690673828e+00 1.152304840087890625e+01
3.375000059604644775e-01 -6.271140575408935547e+00 1.152784347534179688e+01
3.499999940395355225e-01 -6.198496818542480469e+00 1.154955291748046875e+01
3.625000119209289551e-01 -6.038127899169921875e+00 1.157198810577392578e+01
3.750000000000000000e-01 -5.794569492340087891e+00 1.157607841491699219e+01
3.874999880790710449e-01 -5.460547447204589844e+00 1.157730960845947266e+01
4.000000059604644775e-01 -5.038449764251708984e+00 1.159583854675292969e+01
4.124999940395355225e-01 -4.545980453491210938e+00 1.161554813385009766e+01
4.250000119209289551e-01 -3.993441581726074219e+00 1.161345577239990234e+01
4.375000000000000000e-01 -3.376218318939208984e+00 1.160631942749023438e+01
4.499999880790710449e-01 -2.699666738510131836e+00 1.162077236175537109e+01
4.625000059604644775e-01 -1.988780498504638672e+00 1.163731479644775391e+01
4.749999940395355225e-01 -1.257492542266845703e+00 1.162168598175048828e+01
4.875000119209289551e-01 -4.921138584613800049e-01 1.159878063201904297e+01
5.000000000000000000e-01 3.086426258087158203e-01 1.161971855163574219e+01
5.124999880790710449e-01 1.095446825027465820e+00 1.164171028137207031e+01
5.249999761581420898e-01 1.806389808654785156e+00 1.151865005493164062e+01
5.375000238418579102e-01 2.439785480499267578e+00 1.115977764129638672e+01
5.500000119209289551e-01 3.054242134094238281e+00 1.064869689941406250e+01
5.625000000000000000e-01 3.689226150512695312e+00 1.015533924102783203e+01
5.749999880790710449e-01 4.315001010894775391e+00 9.768727302551269531e+00
5.874999761581420898e-01 4.872539520263671875e+00 9.469294548034667969e+00
6.000000238418579102e-01 5.334179401397705078e+00 9.227410316467285156e+00
6.125000119209289551e-01 5.704894542694091797e+00 9.050578117370605469e+00
6.250000000000000000e-01 5.987196922302246094e+00 8.937616348266601562e+00
6.374999880790710449e-01 6.173570156097412109e+00 8.858539581298828125e+00
6.499999761581420898e-01 6.263751506805419922e+00 8.799905776977539062e+00
6.625000238418579102e-01 6.264160633087158203e+00 8.780932426452636719e+00
6.750000119209289551e-01 6.173100948333740234e+00 8.808382987976074219e+00
6.875000000000000000e-01 5.985506057739257812e+00 8.861497879028320312e+00
6.999999880790710449e-01 5.708384513854980469e+00 8.938621520996093750e+00
7.124999761581420898e-01 5.353477001190185547e+00 9.070663452148437500e+00
7.250000238418579102e-01 4.920488357543945312e+00 9.265834808349609375e+00
7.375000119209289551e-01 4.409486293792724609e+00 9.493007659912109375e+00
7.500000000000000000e-01 3.844459533691406250e+00 9.752933502197265625e+00
7.624999880790710449e-01 3.254661321640014648e+00 1.010690021514892578e+01
7.749999761581420898e-01 2.629194974899291992e+00 1.057162380218505859e+01
7.875000238418579102e-01 1.923349738121032715e+00 1.102559280395507812e+01
8.000000119209289551e-01 1.126597523689270020e+00 1.130184650421142578e+01
8.125000000000000000e-01 2.974077761173248291e-01 1.136901664733886719e+01
8.249999880790710449e-01 -4.929028749465942383e-01 1.135072135925292969e+01
8.374999761581420898e-01 -1.230865478515625000e+00 1.136213493347167969e+01
8.500000238418579102e-01 -1.948961138725280762e+00 1.140002250671386719e+01
8.625000119209289551e-01 -2.659608602523803711e+00 1.141385459899902344e+01
8.750000000000000000e-01 -3.335523843765258789e+00 1.140832424163818359e+01
8.874999880790710449e-01 -3.951116085052490234e+00 1.142144298553466797e+01
8.999999761581420898e-01 -4.507418155670166016e+00 1.145088100433349609e+01
9.125000238418579102e-01 -5.007205486297607422e+00 1.146535205841064453e+01
9.250000119209289551e-01 -5.434151649475097656e+00 1.146574211120605469e+01
9.375000000000000000e-01 -5.771762847900390625e+00 1.147953891754150391e+01
9.499999880790710449e-01 -6.022345066070556641e+00 1.150680160522460938e+01
9.624999761581420898e-01 -6.191478252410888672e+00 1.152194404602050781e+01
9.750000238418579102e-01 -6.270036220550537109e+00 1.152373409271240234e+01
9.875000119209289551e-01 -6.247740268707275391e+00 1.153650856018066406e+01
1.000000000000000000e+00 -6.131017684936523438e+00 1.156214237213134766e+01
1.012500047683715820e+00 -5.930814743041992188e+00 1.157610607147216797e+01
1.024999976158142090e+00 -5.644263267517089844e+00 1.157517719268798828e+01
1.037500023841857910e+00 -5.265974998474121094e+00 1.158423995971679688e+01
1.049999952316284180e+00 -4.807389736175537109e+00 1.160728073120117188e+01
1.062500000000000000e+00 -4.285747528076171875e+00 1.161725139617919922e+01
1.075000047683715820e+00 -3.702526807785034180e+00 1.160833835601806641e+01
1.087499976158142090e+00 -3.054322242736816406e+00 1.161056041717529297e+01
1.100000023841857910e+00 -2.357735157012939453e+00 1.163135528564453125e+01
1.112499952316284180e+00 -1.637219429016113281e+00 1.163399505615234375e+01
1.125000000000000000e+00 -8.917720317840576172e-01 1.160754299163818359e+01
1.137500047683715820e+00 -1.064416691660881042e-01 1.160277652740478516e+01
1.149999976158142090e+00 6.963260173797607422e-01 1.163819503784179688e+01
1.162500023841857910e+00 1.451654672622680664e+00 1.160933208465576172e+01
1.174999952316284180e+00 2.120190143585205078e+00 1.137302398681640625e+01
1.187500000000000000e+00 2.736131668090820312e+00 1.092030811309814453e+01
1.200000047683715820e+00 3.359821796417236328e+00 1.039860153198242188e+01
1.212499976158142090e+00 3.997603654861450195e+00 9.954204559326171875e+00
1.225000023841857910e+00 4.596632003784179688e+00 9.615437507629394531e+00
1.237499952316284180e+00 5.108356952667236328e+00 9.344933509826660156e+00
1.250000000000000000e+00 5.524734497070312500e+00 9.132764816284179688e+00
1.262500047683715820e+00 5.853225708007812500e+00 8.989394187927246094e+00
1.274999976158142090e+00 6.089864253997802734e+00 8.896855354309082031e+00
1.287500023841857910e+00 6.228863239288330078e+00 8.826750755310058594e+00
1.299999952316284180e+00 6.274989128112792969e+00 8.784467697143554688e+00
1.312500000000000000e+00 6.231900215148925781e+00 8.789483070373535156e+00
1.325000047683715820e+00 6.094124794006347656e+00 8.832070350646972656e+00
1.337499976158142090e+00 5.861455440521240234e+00 8.894266128540039062e+00
1.350000023841857910e+00 5.545731544494628906e+00 8.994027137756347656e+00
1.362499952316284180e+00 5.153687000274658203e+00 9.158973693847656250e+00
1.375000000000000000e+00 4.681641101837158203e+00 9.373662948608398438e+00
1.387500047683715820e+00 4.140038490295410156e+00 9.611881256103515625e+00
1.399999976158142090e+00 3.561001300811767578e+00 9.908957481384277344e+00
1.412500023841857910e+00 2.958514690399169922e+00 1.032269096374511719e+01
1.424999952316284180e+00 2.299333810806274414e+00 1.080464744567871094e+01
1.437500000000000000e+00 1.546169877052307129e+00 1.118829822540283203e+01
1.450000047683715820e+00 7.234703302383422852e-01 1.135504341125488281e+01
1.462499976158142090e+00 -9.314048290252685547e-02 1.136132240295410156e+01
1.475000023841857910e+00 -8.555104732513427734e-01 1.135005283355712891e+01
1.487499952316284180e+00 -1.579602479934692383e+00 1.138083934783935547e+01
1.500000000000000000e+00 -2.295512437820434570e+00 1.141115856170654297e+01
1.512500047683715820e+00 -2.993825197219848633e+00 1.141097164154052734e+01
1.524999976158142090e+00 -3.641937017440795898e+00 1.141113185882568359e+01
1.537500023841857910e+00 -4.227649688720703125e+00 1.143574523925781250e+01
1.549999952316284180e+00 -4.757399559020996094e+00 1.146088409423828125e+01
1.562500000000000000e+00 -5.224677562713623047e+00 1.146554660797119141e+01
1.575000047683715820e+00 -5.609252929687500000e+00 1.146968936920166016e+01
1.587499976158142090e+00 -5.903509616851806641e+00 1.149264812469482422e+01
1.600000023841857910e+00 -6.114739894866943359e+00 1.151673507690429688e+01
1.612499952316284180e+00 -6.241802215576171875e+00 1.152303504943847656e+01
1.625000000000000000e+00 -6.271828651428222656e+00 1.152745914459228516e+01
1.637500047683715820e+00 -6.202061653137207031e+00 1.154873275756835938e+01
1.649999976158142090e+00 -6.044206142425537109e+00 1.157155895233154297e+01
1.662500023841857910e+00 -5.803267002105712891e+00 1.157614803314208984e+01
1.674999952316284180e+00 -5.472060203552246094e+00 1.157704162597656250e+01
1.687500000000000000e+00 -5.052412509918212891e+00 1.159509372711181641e+01
1.700000047683715820e+00 -4.561833381652832031e+00 1.161523437500000000e+01
1.712499976158142090e+00 -4.011156082153320312e+00 1.161377716064453125e+01
1.725000023841857910e+00 -3.395940303802490234e+00 1.160626602172851562e+01
1.737499952316284180e+00 -2.720873832702636719e+00 1.162007999420166016e+01
1.750000000000000000e+00 -2.010673999786376953e+00 1.163721275329589844e+01
1.762500047683715820e+00 -1.280117988586425781e+00 1.162257099151611328e+01
1.774999976158142090e+00 -5.160068869590759277e-01 1.159896659851074219e+01
1.787500023841857910e+00 2.841520607471466064e-01 1.161849498748779297e+01
1.799999952316284180e+00 1.072433471679687500e+00 1.164237403869628906e+01
1.812500000000000000e+00 1.786124706268310547e+00 1.152581596374511719e+01
1.825000047683715820e+00 2.421157836914062500e+00 1.117375087738037109e+01
1.837499976158142090e+00 3.035296678543090820e+00 1.066475772857666016e+01
1.850000023841857910e+00 3.669765233993530273e+00 1.016886901855468750e+01
1.862499952316284180e+00 4.296729087829589844e+00 9.778957366943359375e+00
1.875000000000000000e+00 4.856983661651611328e+00 9.477505683898925781e+00
1.887500047683715820e+00 5.321540355682373047e+00 9.233881950378417969e+00
1.899999976158142090e+00 5.694904327392578125e+00 9.054908752441406250e+00
1.912500023841857910e+00 5.979995727539062500e+00 8.940383911132812500e+00
1.924999952316284180e+00 6.169354438781738281e+00 8.860680580139160156e+00
1.937500000000000000e+00 6.262356281280517578e+00 8.801224708557128906e+00
1.950000047683715820e+00 6.265460014343261719e+00 8.780763626098632812e+00
1.962499976158142090e+00 6.177286148071289062e+00 8.807056427001953125e+00
1.975000023841857910e+00 5.992595195770263672e+00 8.859635353088378906e+00
1.987499952316284180e+00 5.717989444732666016e+00 8.935635566711425781e+00
2.000000000000000000e+00 5.365381717681884766e+00 9.065625190734863281e+00
