0.000000000000000000e+00 6.231125354766845703e+00 8.825294494628906250e+00
1.250000018626451492e-02 6.274756431579589844e+00 8.784040451049804688e+00
2.500000037252902985e-02 6.228663444519042969e+00 8.790550231933593750e+00
3.750000149011611938e-02 6.087212562561035156e+00 8.834054946899414062e+00
5.000000074505805969e-02 5.850652217864990234e+00 8.897195816040039062e+00
6.250000000000000000e-02 5.531101226806640625e+00 8.999380111694335938e+00
7.500000298023223877e-02 5.134816646575927734e+00 9.167428016662597656e+00
8.749999850988388062e-02 4.658092975616455078e+00 9.383972167968750000e+00
1.000000014901161194e-01 4.112605094909667969e+00 9.624159812927246094e+00
1.124999970197677612e-01 3.531011581420898438e+00 9.926662445068359375e+00
1.250000000000000000e-01 2.925294637680053711e+00 1.034733200073242188e+01
1.375000029802322388e-01 2.260083913803100586e+00 1.082975578308105469e+01
1.500000059604644775e-01 1.499774694442749023e+00 1.120375347137451172e+01
1.624999940395355225e-01 6.731107831001281738e-01 1.135822296142578125e+01
1.749999970197677612e-01 -1.430032849311828613e-01 1.135955524444580078e+01
1.875000000000000000e-01 -9.038671255111694336e-01 1.135066032409667969e+01
2.000000029802322388e-01 -1.628554105758666992e+00 1.138334560394287109e+01
2.125000059604644775e-01 -2.345804691314697266e+00 1.141181945800781250e+01
2.249999940395355225e-01 -3.043250799179077148e+00 1.141022491455078125e+01
2.374999970197677612e-01 -3.688344955444335938e+00 1.141201496124267578e+01
2.500000000000000000e-01 -4.270942687988281250e+00 1.143800544738769531e+01
2.624999880790710449e-01 -4.797546863555908203e+00 1.146184444427490234e+01
2.750000059604644775e-01 -5.259928703308105469e+00 1.146535396575927734e+01
2.874999940395355225e-01 -5.637784481048583984e+00 1.147086238861083984e+01
3.000000119209289551e-01 -5.925181388854980469e+00 1.149512672424316406e+01
3.125000000000000000e-01 -6.129669189453125000e+00 1.151803112030029297e+01
3.249999880790710449e-01 -6.248628616333007812e+00 1.152310085296630859e+01
3.375000059604644775e-01 -6.269065856933593750e+00 1.152880764007568359e+01
3.499999940395355225e-01 -6.189947128295898438e+00 1.155147743225097656e+01
3.625000119209289551e-01 -6.023433208465576172e+00 1.157301807403564453e+01
3.750000000000000000e-01 -5.773012161254882812e+00 1.157605743408203125e+01
3.874999880790710449e-01 -5.431261062622070312e+00 1.157826519012451172e+01
4.000000059604644775e-01 -5.001986026763916016e+00 1.159797859191894531e+01
4.124999940395355225e-01 -4.503379344940185547e+00 1.161649417877197266e+01
4.250000119209289551e-01 -3.944387435913085938e+00 1.161282634735107422e+01
4.375000000000000000e-01 -3.320061206817626953e+00 1.160692119598388672e+01
4.499999880790710449e-01 -2.637719392776489258e+00 1.162312412261962891e+01
4.625000059604644775e-01 -1.923115611076354980e+00 1.163772773742675781e+01
4.749999940395355225e-01 -1.187670826911926270e+00 1.161927127838134766e+01
4.875000119209289551e-01 -4.163962006568908691e-01 1.159893131256103516e+01
5.000000000000000000e-01 3.879476487636566162e-01 1.162414836883544922e+01
5.124999880790710449e-01 1.171440005302429199e+00 1.163883972167968750e+01
5.249999761581420898e-01 1.874898791313171387e+00 1.149286460876464844e+01
5.375000238418579102e-01 2.504614591598510742e+00 1.111041831970214844e+01
5.500000119209289551e-01 3.121880292892456055e+00 1.059226512908935547e+01
5.625000000000000000e-01 3.759888172149658203e+00 1.010758399963378906e+01
5.749999880790710449e-01 4.382256507873535156e+00 9.731863021850585938e+00
5.874999761581420898e-01 4.930746078491210938e+00 9.438885688781738281e+00
6.000000238418579102e-01 5.382421493530273438e+00 9.203125953674316406e+00
6.125000119209289551e-01 5.743671417236328125e+00 9.034244537353515625e+00
6.250000000000000000e-01 6.015348434448242188e+00 8.926921844482421875e+00
6.374999880790710449e-01 6.189885616302490234e+00 8.850040435791015625e+00
6.499999761581420898e-01 6.268509864807128906e+00 8.794927597045898438e+00
6.625000238418579102e-01 6.257328987121582031e+00 8.782321929931640625e+00
6.750000119209289551e-01 6.153349399566650391e+00 8.814579010009765625e+00
6.875000000000000000e-01 5.952431678771972656e+00 8.870167732238769531e+00
6.999999880790710449e-01 5.663345336914062500e+00 8.952987670898437500e+00
7.124999761581420898e-01 5.296892166137695312e+00 9.094903945922851562e+00
7.250000238418579102e-01 4.851271152496337891e+00 9.297263145446777344e+00
7.375000119209289551e-01 4.329046249389648438e+00 9.527941703796386719e+00
7.500000000000000000e-01 3.757627010345458984e+00 9.797917366027832031e+00
7.624999880790710449e-01 3.163035392761230469e+00 1.017125320434570312e+01
7.749999761581420898e-01 2.526741981506347656e+00 1.064640426635742188e+01
7.875000238418579102e-01 1.803985357284545898e+00 1.108313941955566406e+01
8.000000119209289551e-01 9.948670268058776855e-01 1.132415103912353516e+01
8.125000000000000000e-01 1.659086942672729492e-01 1.136742305755615234e+01
8.249999880790710449e-01 -6.169738173484802246e-01 1.134892368316650391e+01
8.374999761581420898e-01 -1.351020097732543945e+00 1.136788368225097656e+01
8.500000238418579102e-01 -2.070039510726928711e+00 1.140461444854736328e+01
8.625000119209289551e-01 -2.779033899307250977e+00 1.141295242309570312e+01
8.750000000000000000e-01 -3.447251558303833008e+00 1.140839385986328125e+01
8.874999880790710449e-01 -4.053321838378906250e+00 1.142617702484130859e+01
8.999999761581420898e-01 -4.601211547851562500e+00 1.145504665374755859e+01
9.125000238418579102e-01 -5.090681552886962891e+00 1.146557521820068359e+01
9.250000119209289551e-01 -5.503042221069335938e+00 1.146658802032470703e+01
9.375000000000000000e-01 -5.824651718139648438e+00 1.148425579071044922e+01
9.499999880790710449e-01 -6.060427188873291016e+00 1.151117992401123047e+01
9.624999761581420898e-01 -6.213766574859619141e+00 1.152266883850097656e+01
9.750000238418579102e-01 -6.273379802703857422e+00 1.152477264404296875e+01
9.875000119209289551e-01 -6.231505870819091797e+00 1.154126834869384766e+01
1.000000000000000000e+00 -6.097346305847167969e+00 1.156665325164794922e+01
1.012500047683715820e+00 -5.879938602447509766e+00 1.157661533355712891e+01
1.024999976158142090e+00 -5.574026584625244141e+00 1.157564449310302734e+01
1.037500023841857910e+00 -5.176727294921875000e+00 1.158875465393066406e+01
1.049999952316284180e+00 -4.702742576599121094e+00 1.161156463623046875e+01
1.062500000000000000e+00 -4.167253017425537109e+00 1.161646842956542969e+01
1.075000047683715820e+00 -3.568541288375854492e+00 1.160711669921875000e+01
1.087499976158142090e+00 -2.906064271926879883e+00 1.161467647552490234e+01
1.100000023841857910e+00 -2.200904130935668945e+00 1.163522052764892578e+01
1.112499952316284180e+00 -1.474297285079956055e+00 1.162988281250000000e+01
1.125000000000000000e+00 -7.188218235969543457e-01 1.160280418395996094e+01
1.137500047683715820e+00 7.647197693586349487e-02 1.160943031311035156e+01
1.149999976158142090e+00 8.765835762023925781e-01 1.164352798461914062e+01
1.162500023841857910e+00 1.614688634872436523e+00 1.157675743103027344e+01
1.174999952316284180e+00 2.267070293426513672e+00 1.128292083740234375e+01
1.187500000000000000e+00 2.881766319274902344e+00 1.079648590087890625e+01
1.200000047683715820e+00 3.512550115585327148e+00 1.028255558013916016e+01
1.212499976158142090e+00 4.148345947265625000e+00 9.864347457885742188e+00
1.225000023841857910e+00 4.730571269989013672e+00 9.544654846191406250e+00
1.237499952316284180e+00 5.219571590423583984e+00 9.286903381347656250e+00
1.250000000000000000e+00 5.614730358123779297e+00 9.090869903564453125e+00
1.262500047683715820e+00 5.921774387359619141e+00 8.962916374206542969e+00
1.274999976158142090e+00 6.134325981140136719e+00 8.877598762512207031e+00
1.287500023841857910e+00 6.249063491821289062e+00 8.812408447265625000e+00
1.299999952316284180e+00 6.272233486175537109e+00 8.781122207641601562e+00
1.312500000000000000e+00 6.204897403717041016e+00 8.798209190368652344e+00
1.325000047683715820e+00 6.041080951690673828e+00 8.846763610839843750e+00
1.337499976158142090e+00 5.784291744232177734e+00 8.915799140930175781e+00
1.350000023841857910e+00 5.447174072265625000e+00 9.031875610351562500e+00
1.362499952316284180e+00 5.032719612121582031e+00 9.214195251464843750e+00
1.375000000000000000e+00 4.538154125213623047e+00 9.436754226684570312e+00
1.387500047683715820e+00 3.981378555297851562e+00 9.685284614562988281e+00
1.399999976158142090e+00 3.394958257675170898e+00 1.001211357116699219e+01
1.412500023841857910e+00 2.779997110366821289e+00 1.045762443542480469e+01
1.424999952316284180e+00 2.094506502151489258e+00 1.093147277832031250e+01
1.437500000000000000e+00 1.313690781593322754e+00 1.125897121429443359e+01
1.450000047683715820e+00 4.824927449226379395e-01 1.136667919158935547e+01
1.462499976158142090e+00 -3.223741352558135986e-01 1.135431957244873047e+01
1.475000023841857910e+00 -1.071668744087219238e+00 1.135531520843505859e+01
1.487499952316284180e+00 -1.793254613876342773e+00 1.139229393005371094e+01
1.500000000000000000e+00 -2.508599281311035156e+00 1.141352272033691406e+01
1.512500047683715820e+00 -3.196573257446289062e+00 1.140876960754394531e+01
1.524999976158142090e+00 -3.827135801315307617e+00 1.141623592376708984e+01
1.537500023841857910e+00 -4.396465301513671875e+00 1.144496631622314453e+01
1.549999952316284180e+00 -4.909904003143310547e+00 1.146414470672607422e+01
1.562500000000000000e+00 -5.354555606842041016e+00 1.146527576446533203e+01
1.575000047683715820e+00 -5.711401939392089844e+00 1.147500228881835938e+01
1.587499976158142090e+00 -5.979155540466308594e+00 1.150158882141113281e+01
1.600000023841857910e+00 -6.164933204650878906e+00 1.152058982849121094e+01
1.612499952316284180e+00 -6.262377738952636719e+00 1.152329921722412109e+01
1.625000000000000000e+00 -6.259362697601318359e+00 1.153265190124511719e+01
1.637500047683715820e+00 -6.159104347229003906e+00 1.155758285522460938e+01
1.649999976158142090e+00 -5.973689556121826172e+00 1.157524871826171875e+01
1.662500023841857910e+00 -5.702966213226318359e+00 1.157553672790527344e+01
1.674999952316284180e+00 -5.340069293975830078e+00 1.158131599426269531e+01
1.687500000000000000e+00 -4.893217563629150391e+00 1.160353374481201172e+01
1.700000047683715820e+00 -4.380722045898437500e+00 1.161758232116699219e+01
1.712499976158142090e+00 -3.807239055633544922e+00 1.161031150817871094e+01
1.725000023841857910e+00 -3.168046712875366211e+00 1.160868453979492188e+01
1.737499952316284180e+00 -2.475909471511840820e+00 1.162829399108886719e+01
1.750000000000000000e+00 -1.756724476814270020e+00 1.163648891448974609e+01
1.762500047683715820e+00 -1.014734864234924316e+00 1.161241531372070312e+01
1.774999976158142090e+00 -2.338380217552185059e-01 1.160041618347167969e+01
1.787500023841857910e+00 5.719814896583557129e-01 1.163327789306640625e+01
1.799999952316284180e+00 1.340817570686340332e+00 1.162488842010498047e+01
1.812500000000000000e+00 2.023860692977905273e+00 1.142518424987792969e+01
1.825000047683715820e+00 2.644884824752807617e+00 1.099724388122558594e+01
1.837499976158142090e+00 3.266539812088012695e+00 1.047330188751220703e+01
1.850000023841857910e+00 3.906186342239379883e+00 1.001185131072998047e+01
1.862499952316284180e+00 4.516042709350585938e+00 9.659038543701171875e+00
1.875000000000000000e+00 5.042749881744384766e+00 9.379776000976562500e+00
1.887500047683715820e+00 5.472891807556152344e+00 9.158095359802246094e+00
1.899999976158142090e+00 5.814107894897460938e+00 9.005208969116210938e+00
1.912500023841857910e+00 6.064089775085449219e+00 8.907625198364257812e+00
1.924999952316284180e+00 6.216095924377441406e+00 8.834925651550292969e+00
1.937500000000000000e+00 6.273806095123291016e+00 8.787580490112304688e+00
1.950000047683715820e+00 6.241979122161865234e+00 8.786444664001464844e+00
1.962499976158142090e+00 6.115782260894775391e+00 8.825852394104003906e+00
1.975000023841857910e+00 5.893450260162353516e+00 8.885682106018066406e+00
1.987499952316284180e+00 5.586076736450195312e+00 8.979351043701171875e+00
2.000000000000000000e+00 5.201991558074951172e+00 9.136992454528808594e+00
