0.000000000000000000e+00 6.230657577514648438e+00 8.825543403625488281e+00
1.250000018626451492e-02 6.274509429931640625e+00 8.784090995788574219e+00
2.500000037252902985e-02 6.228184700012207031e+00 8.790637969970703125e+00
3.750000149011611938e-02 6.086009979248046875e+00 8.834310531616210938e+00
5.000000074505805969e-02 5.848284721374511719e+00 8.897725105285644531e+00
6.250000000000000000e-02 5.527246952056884766e+00 9.000633239746093750e+00
7.500000298023223877e-02 5.129088401794433594e+00 9.169797897338867188e+00
8.749999850988388062e-02 4.650092124938964844e+00 9.387268066406250000e+00
1.000000014901161194e-01 4.102379322052001953e+00 9.628545761108398438e+00
1.124999970197677612e-01 3.518925905227661133e+00 9.933591842651367188e+00
1.250000000000000000e-01 2.910988807678222656e+00 1.035760688781738281e+01
1.375000029802322388e-01 2.242207765579223633e+00 1.084064579010009766e+01
1.500000059604644775e-01 1.477625608444213867e+00 1.121049308776855469e+01
1.624999940395355225e-01 6.480621695518493652e-01 1.135931015014648438e+01
1.749999970197677612e-01 -1.687740832567214966e-01 1.135841369628906250e+01
1.875000000000000000e-01 -9.298057556152343750e-01 1.135086536407470703e+01
2.000000029802322388e-01 -1.655692577362060547e+00 1.138451099395751953e+01
2.125000059604644775e-01 -2.374423265457153320e+00 1.141192054748535156e+01
2.249999940395355225e-01 -3.071995735168457031e+00 1.140962791442871094e+01
2.374999970197677612e-01 -3.715918064117431641e+00 1.141246128082275391e+01
2.500000000000000000e-01 -4.297209739685058594e+00 1.143922042846679688e+01
2.624999880790710449e-01 -4.822318553924560547e+00 1.146221733093261719e+01
2.750000059604644775e-01 -5.281938552856445312e+00 1.146511554718017578e+01
2.874999940395355225e-01 -5.655780315399169922e+00 1.147159576416015625e+01
3.000000119209289551e-01 -5.938973426818847656e+00 1.149663925170898438e+01
3.125000000000000000e-01 -6.139135360717773438e+00 1.151869869232177734e+01
3.249999880790710449e-01 -6.252656459808349609e+00 1.152307033538818359e+01
3.375000059604644775e-01 -6.266559600830078125e+00 1.152977180480957031e+01
3.499999940395355225e-01 -6.180998802185058594e+00 1.155330657958984375e+01
3.625000119209289551e-01 -6.008328437805175781e+00 1.157385063171386719e+01
3.750000000000000000e-01 -5.750964164733886719e+00 1.157594966888427734e+01
3.874999880790710449e-01 -5.401470184326171875e+00 1.157925796508789062e+01
4.000000059604644775e-01 -4.965109348297119141e+00 1.160002422332763672e+01
4.124999940395355225e-01 -4.460399150848388672e+00 1.161718082427978516e+01
4.250000119209289551e-01 -3.894877910614013672e+00 1.161209297180175781e+01
4.375000000000000000e-01 -3.263469696044921875e+00 1.160763549804687500e+01
4.499999880790710449e-01 -2.575538396835327148e+00 1.162537574768066406e+01
4.625000059604644775e-01 -1.857308626174926758e+00 1.163771724700927734e+01
4.749999940395355225e-01 -1.117529273033142090e+00 1.161672878265380859e+01
4.875000119209289551e-01 -3.403295278549194336e-01 1.159949970245361328e+01
5.000000000000000000e-01 4.670623838901519775e-01 1.162846374511718750e+01
5.124999880790710449e-01 1.246557593345642090e+00 1.163415527343750000e+01
5.249999761581420898e-01 1.942549824714660645e+00 1.146428108215332031e+01
5.375000238418579102e-01 2.569302558898925781e+00 1.105940341949462891e+01
5.500000119209289551e-01 3.189802646636962891e+00 1.053626728057861328e+01
5.625000000000000000e-01 3.830358028411865234e+00 1.006117534637451172e+01
5.749999880790710449e-01 4.448517799377441406e+00 9.695904731750488281e+00
5.874999761581420898e-01 4.987635135650634766e+00 9.409045219421386719e+00
6.000000238418579102e-01 5.429428100585937500e+00 9.179674148559570312e+00
6.125000119209289551e-01 5.781162261962890625e+00 9.018732070922851562e+00
6.250000000000000000e-01 6.042006015777587891e+00 8.916529655456542969e+00
6.374999880790710449e-01 6.204670429229736328e+00 8.841710090637207031e+00
6.499999761581420898e-01 6.271803855895996094e+00 8.790563583374023438e+00
6.625000238418579102e-01 6.248909950256347656e+00 8.784409523010253906e+00
6.750000119209289551e-01 6.131844997406005859e+00 8.821022987365722656e+00
6.875000000000000000e-01 5.917720794677734375e+00 8.879161834716796875e+00
6.999999880790710449e-01 5.616851329803466797e+00 8.968429565429687500e+00
7.124999761581420898e-01 5.238733768463134766e+00 9.120309829711914062e+00
7.250000238418579102e-01 4.780426979064941406e+00 9.329073905944824219e+00
7.375000119209289551e-01 4.247556209564208984e+00 9.563462257385253906e+00
7.500000000000000000e-01 3.670389652252197266e+00 9.845170974731445312e+00
7.624999880790710449e-01 3.070552110671997070e+00 1.023809242248535156e+01
7.749999761581420898e-01 2.422191381454467773e+00 1.072018814086914062e+01
7.875000238418579102e-01 1.682384252548217773e+00 1.113544940948486328e+01
8.000000119209289551e-01 8.626320958137512207e-01 1.134108352661132812e+01
8.125000000000000000e-01 3.574042022228240967e-02 1.136427307128906250e+01
8.249999880790710449e-01 -7.396608591079711914e-01 1.134835910797119141e+01
8.374999761581420898e-01 -1.470835804939270020e+00 1.137407493591308594e+01
8.500000238418579102e-01 -2.190912008285522461e+00 1.140811443328857422e+01
8.625000119209289551e-01 -2.897213220596313477e+00 1.141154003143310547e+01
8.750000000000000000e-01 -3.557014226913452148e+00 1.140920829772949219e+01
8.874999880790710449e-01 -4.153726577758789062e+00 1.143122196197509766e+01
8.999999761581420898e-01 -4.693188667297363281e+00 1.145840740203857422e+01
9.125000238418579102e-01 -5.171595573425292969e+00 1.146535205841064453e+01
9.250000119209289551e-01 -5.568795680999755859e+00 1.146804237365722656e+01
9.375000000000000000e-01 -5.874564170837402344e+00 1.148927116394042969e+01
9.499999880790710449e-01 -6.095620632171630859e+00 1.151480484008789062e+01
9.624999761581420898e-01 -6.232605934143066406e+00 1.152290821075439453e+01
9.750000238418579102e-01 -6.272842407226562500e+00 1.152639770507812500e+01
9.875000119209289551e-01 -6.211715698242187500e+00 1.154636573791503906e+01
1.000000000000000000e+00 -6.060443401336669922e+00 1.157034778594970703e+01
1.012500047683715820e+00 -5.825465202331542969e+00 1.157651805877685547e+01
1.024999976158142090e+00 -5.499917984008789062e+00 1.157675838470458984e+01
1.037500023841857910e+00 -5.084216117858886719e+00 1.159370994567871094e+01
1.049999952316284180e+00 -4.595496654510498047e+00 1.161483669281005859e+01
1.062500000000000000e+00 -4.045936584472656250e+00 1.161483573913574219e+01
1.075000047683715820e+00 -3.431540966033935547e+00 1.160676383972167969e+01
1.087499976158142090e+00 -2.755810260772705078e+00 1.161949443817138672e+01
1.100000023841857910e+00 -2.043199777603149414e+00 1.163753700256347656e+01
1.112499952316284180e+00 -1.310001015663146973e+00 1.162433433532714844e+01
1.125000000000000000e+00 -5.436549782752990723e-01 1.159995746612548828e+01
1.137500047683715820e+00 2.598087489604949951e-01 1.161801528930664062e+01
1.149999976158142090e+00 1.053383946418762207e+00 1.164345359802246094e+01
1.162500023841857910e+00 1.772736430168151855e+00 1.153108119964599609e+01
1.174999952316284180e+00 2.411795854568481445e+00 1.118155002593994141e+01
1.187500000000000000e+00 3.028563976287841797e+00 1.067136287689208984e+01
1.200000047683715820e+00 3.665743350982666016e+00 1.017257118225097656e+01
1.212499976158142090e+00 4.295815467834472656e+00 9.780256271362304688e+00
1.225000023841857910e+00 4.858753204345703125e+00 9.477117538452148438e+00
1.237499952316284180e+00 5.325096607208251953e+00 9.232430458068847656e+00
1.250000000000000000e+00 5.699363231658935547e+00 9.053291320800781250e+00
1.262500047683715820e+00 5.984312057495117188e+00 8.938993453979492188e+00
1.274999976158142090e+00 6.172387123107910156e+00 8.859257698059082031e+00
1.287500023841857910e+00 6.263257503509521484e+00 8.800167083740234375e+00
1.299999952316284180e+00 6.263443470001220703e+00 8.781136512756347656e+00
1.312500000000000000e+00 6.171208858489990234e+00 8.808934211730957031e+00
1.325000047683715820e+00 5.981462478637695312e+00 8.862479209899902344e+00
1.337499976158142090e+00 5.701476573944091797e+00 8.940596580505371094e+00
1.350000023841857910e+00 5.343065738677978516e+00 9.074759483337402344e+00
1.362499952316284180e+00 4.905689716339111328e+00 9.272212982177734375e+00
1.375000000000000000e+00 4.389858245849609375e+00 9.501157760620117188e+00
1.387500047683715820e+00 3.820668697357177734e+00 9.764561653137207031e+00
1.399999976158142090e+00 3.227054834365844727e+00 1.012529850006103516e+01
1.412500023841857910e+00 2.595832109451293945e+00 1.059528446197509766e+01
1.424999952316284180e+00 1.881502747535705566e+00 1.104557704925537109e+01
1.437500000000000000e+00 1.076827287673950195e+00 1.131016635894775391e+01
1.450000047683715820e+00 2.440574914216995239e-01 1.136800289154052734e+01
1.462499976158142090e+00 -5.464610457420349121e-01 1.134931278228759766e+01
1.475000023841857910e+00 -1.285496354103088379e+00 1.136416912078857422e+01
1.487499952316284180e+00 -2.006684303283691406e+00 1.140184974670410156e+01
1.500000000000000000e+00 -2.719253063201904297e+00 1.141305637359619141e+01
1.512500047683715820e+00 -3.393815755844116211e+00 1.140790081024169922e+01
1.524999976158142090e+00 -4.006557941436767578e+00 1.142359542846679688e+01
1.537500023841857910e+00 -4.560162544250488281e+00 1.145297431945800781e+01
1.549999952316284180e+00 -5.055846691131591797e+00 1.146526718139648438e+01
1.562500000000000000e+00 -5.475687980651855469e+00 1.146596908569335938e+01
1.575000047683715820e+00 -5.804636001586914062e+00 1.148223590850830078e+01
1.587499976158142090e+00 -6.046678543090820312e+00 1.150952148437500000e+01
1.600000023841857910e+00 -6.206143856048583984e+00 1.152238464355468750e+01
1.612499952316284180e+00 -6.272355556488037109e+00 1.152434253692626953e+01
1.625000000000000000e+00 -6.236545562744140625e+00 1.153975582122802734e+01
1.637500047683715820e+00 -6.107155799865722656e+00 1.156543827056884766e+01
1.649999976158142090e+00 -5.893968105316162109e+00 1.157661819458007812e+01
1.662500023841857910e+00 -5.592325687408447266e+00 1.157560348510742188e+01
1.674999952316284180e+00 -5.198559761047363281e+00 1.158776569366455078e+01
1.687500000000000000e+00 -4.726714611053466797e+00 1.161083793640136719e+01
1.700000047683715820e+00 -4.192688941955566406e+00 1.161692714691162109e+01
1.712499976158142090e+00 -3.595433235168457031e+00 1.160756397247314453e+01
1.725000023841857910e+00 -2.933705806732177734e+00 1.161412811279296875e+01
1.737499952316284180e+00 -2.227940797805786133e+00 1.163492298126220703e+01
1.750000000000000000e+00 -1.500259399414062500e+00 1.163093566894531250e+01
1.762500047683715820e+00 -7.442126274108886719e-01 1.160374164581298828e+01
1.774999976158142090e+00 5.203444138169288635e-02 1.160877704620361328e+01
1.787500023841857910e+00 8.549745678901672363e-01 1.164344215393066406e+01
1.799999952316284180e+00 1.597243905067443848e+00 1.158121299743652344e+01
1.812500000000000000e+00 2.252925634384155273e+00 1.129257488250732422e+01
1.825000047683715820e+00 2.869108200073242188e+00 1.080772781372070312e+01
1.837499976158142090e+00 3.500846624374389648e+00 1.029165363311767578e+01
1.850000023841857910e+00 4.138489246368408203e+00 9.870481491088867188e+00
1.862499952316284180e+00 4.723318576812744141e+00 9.548746109008789062e+00
1.875000000000000000e+00 5.214753627777099609e+00 9.289563179016113281e+00
1.887500047683715820e+00 5.611772537231445312e+00 9.092329978942871094e+00
1.899999976158142090e+00 5.920196056365966797e+00 8.963613510131835938e+00
1.912500023841857910e+00 6.133666992187500000e+00 8.877927780151367188e+00
1.924999952316284180e+00 6.248816013336181641e+00 8.812497138977050781e+00
1.937500000000000000e+00 6.271933555603027344e+00 8.781146049499511719e+00
1.950000047683715820e+00 6.204078674316406250e+00 8.798401832580566406e+00
1.962499976158142090e+00 6.039241313934326172e+00 8.847172737121582031e+00
1.975000023841857910e+00 5.781042575836181641e+00 8.916606903076171875e+00
1.987499952316284180e+00 5.442216873168945312e+00 9.033656120300292969e+00
2.000000000000000000e+00 5.025630950927734375e+00 9.217205047607421875e+00
