0.000000000000000000e+00 6.230190277099609375e+00 8.825891494750976562e+00
1.250000018626451492e-02 6.274262428283691406e+00 8.784240722656250000e+00
2.500000037252902985e-02 6.227705478668212891e+00 8.790824890136718750e+00
3.750000149011611938e-02 6.084805011749267578e+00 8.834667205810546875e+00
5.000000074505805969e-02 5.845912456512451172e+00 8.898356437683105469e+00
6.250000000000000000e-02 5.523385047912597656e+00 9.001994132995605469e+00
7.500000298023223877e-02 5.123347282409667969e+00 9.172276496887207031e+00
8.749999850988388062e-02 4.642075061798095703e+00 9.390669822692871094e+00
1.000000014901161194e-01 4.092142105102539062e+00 9.633049964904785156e+00
1.124999970197677612e-01 3.506832838058471680e+00 9.940668106079101562e+00
1.250000000000000000e-01 2.896655797958374023e+00 1.036801147460937500e+01
1.375000029802322388e-01 2.224272727966308594e+00 1.085156059265136719e+01
1.500000059604644775e-01 1.455424189567565918e+00 1.121715736389160156e+01
1.624999940395355225e-01 6.230222582817077637e-01 1.136036491394042969e+01
1.749999970197677612e-01 -1.944864839315414429e-01 1.135737895965576172e+01
1.875000000000000000e-01 -9.557029008865356445e-01 1.135123157501220703e+01
2.000000029802322388e-01 -1.682824254035949707e+00 1.138576221466064453e+01
2.125000059604644775e-01 -2.403007507324218750e+00 1.141206645965576172e+01
2.249999940395355225e-01 -3.100637435913085938e+00 1.140914630889892578e+01
2.374999970197677612e-01 -3.743359804153442383e+00 1.141306686401367188e+01
2.500000000000000000e-01 -4.323350906372070312e+00 1.144052410125732422e+01
2.624999880790710449e-01 -4.846925735473632812e+00 1.146263313293457031e+01
2.750000059604644775e-01 -5.303704738616943359e+00 1.146499633789062500e+01
2.874999940395355225e-01 -5.673495769500732422e+00 1.147250270843505859e+01
3.000000119209289551e-01 -5.952491283416748047e+00 1.149824237823486328e+01
3.125000000000000000e-01 -6.148289203643798828e+00 1.151939582824707031e+01
3.249999880790710449e-01 -6.256286621093750000e+00 1.152316093444824219e+01
3.375000059604644775e-01 -6.263625621795654297e+00 1.153093051910400391e+01
3.499999940395355225e-01 -6.171655654907226562e+00 1.155522441864013672e+01
3.625000119209289551e-01 -5.992810726165771484e+00 1.157467842102050781e+01
3.750000000000000000e-01 -5.728421688079833984e+00 1.157595825195312500e+01
3.874999880790710449e-01 -5.371180534362792969e+00 1.158047962188720703e+01
4.000000059604644775e-01 -4.927827835083007812e+00 1.160214710235595703e+01
4.124999940395355225e-01 -4.417037010192871094e+00 1.161779689788818359e+01
4.250000119209289551e-01 -3.844908475875854492e+00 1.161147117614746094e+01
4.375000000000000000e-01 -3.206455707550048828e+00 1.160865497589111328e+01
4.499999880790710449e-01 -2.513139963150024414e+00 1.162768459320068359e+01
4.625000059604644775e-01 -1.791351199150085449e+00 1.163747596740722656e+01
4.749999940395355225e-01 -1.047048926353454590e+00 1.161431598663330078e+01
4.875000119209289551e-01 -2.639395296573638916e-01 1.160069561004638672e+01
5.000000000000000000e-01 5.459148287773132324e-01 1.163273239135742188e+01
5.124999880790710449e-01 1.320765137672424316e+00 1.162770080566406250e+01
5.249999761581420898e-01 2.009401321411132812e+00 1.143313694000244141e+01
5.375000238418579102e-01 2.633929252624511719e+00 1.100716114044189453e+01
5.500000119209289551e-01 3.258001089096069336e+00 1.048108673095703125e+01
5.625000000000000000e-01 3.900548458099365234e+00 1.001630878448486328e+01
5.749999880790710449e-01 4.513723373413085938e+00 9.660983085632324219e+00
5.874999761581420898e-01 5.043213844299316406e+00 9.379986763000488281e+00
6.000000238418579102e-01 5.475214481353759766e+00 9.157290458679199219e+00
6.125000119209289551e-01 5.817351341247558594e+00 9.004199028015136719e+00
6.250000000000000000e-01 6.067159652709960938e+00 8.906593322753906250e+00
6.374999880790710449e-01 6.217941761016845703e+00 8.833795547485351562e+00
6.499999761581420898e-01 6.273639202117919922e+00 8.787072181701660156e+00
6.625000238418579102e-01 6.238883972167968750e+00 8.787359237670898438e+00
6.750000119209289551e-01 6.108593463897705078e+00 8.827880859375000000e+00
6.875000000000000000e-01 5.881412506103515625e+00 8.888770103454589844e+00
6.999999880790710449e-01 5.568912029266357422e+00 8.985233306884765625e+00
7.124999761581420898e-01 5.178979873657226562e+00 9.146996498107910156e+00
7.250000238418579102e-01 4.708003044128417969e+00 9.361392021179199219e+00
7.375000119209289551e-01 4.165139675140380859e+00 9.599963188171386719e+00
7.500000000000000000e-01 3.582768917083740234e+00 9.895105361938476562e+00
7.624999880790710449e-01 2.977041959762573242e+00 1.030731582641601562e+01
7.749999761581420898e-01 2.315411806106567383e+00 1.079245281219482422e+01
7.875000238418579102e-01 1.558718323707580566e+00 1.118238735198974609e+01
8.000000119209289551e-01 7.302400469779968262e-01 1.135331153869628906e+01
8.125000000000000000e-01 -9.295929223299026489e-02 1.136041927337646484e+01
8.249999880790710449e-01 -8.611205816268920898e-01 1.134930992126464844e+01
8.374999761581420898e-01 -1.590439438819885254e+00 1.138058280944824219e+01
8.500000238418579102e-01 -2.311457872390747070e+00 1.141065597534179688e+01
8.625000119209289551e-01 -3.013969659805297852e+00 1.141006374359130859e+01
8.750000000000000000e-01 -3.664805650711059570e+00 1.141102027893066406e+01
8.874999880790710449e-01 -4.252387046813964844e+00 1.143654251098632812e+01
8.999999761581420898e-01 -4.783268451690673828e+00 1.146109008789062500e+01
9.125000238418579102e-01 -5.249811649322509766e+00 1.146508693695068359e+01
9.250000119209289551e-01 -5.631412506103515625e+00 1.147037029266357422e+01
9.375000000000000000e-01 -5.921569347381591797e+00 1.149456977844238281e+01
9.499999880790710449e-01 -6.127876758575439453e+00 1.151779174804687500e+01
9.624999761581420898e-01 -6.247886657714843750e+00 1.152306842803955078e+01
9.750000238418579102e-01 -6.268451690673828125e+00 1.152889347076416016e+01
9.875000119209289551e-01 -6.188486576080322266e+00 1.155176639556884766e+01
1.000000000000000000e+00 -6.020302295684814453e+00 1.157330989837646484e+01
1.012500047683715820e+00 -5.767307758331298828e+00 1.157625484466552734e+01
1.024999976158142090e+00 -5.422009944915771484e+00 1.157883739471435547e+01
1.037500023841857910e+00 -4.988636016845703125e+00 1.159900856018066406e+01
1.049999952316284180e+00 -4.485689640045166016e+00 1.161711788177490234e+01
1.062500000000000000e+00 -3.921709537506103516e+00 1.161287975311279297e+01
1.075000047683715820e+00 -3.291651248931884766e+00 1.160768795013427734e+01
1.087499976158142090e+00 -2.603879451751708984e+00 1.162477588653564453e+01
1.100000023841857910e+00 -1.884669065475463867e+00 1.163817882537841797e+01
1.112499952316284180e+00 -1.144066810607910156e+00 1.161815643310546875e+01
1.125000000000000000e+00 -3.663849532604217529e-01 1.159976577758789062e+01
1.137500047683715820e+00 4.427481889724731445e-01 1.162763595581054688e+01
1.149999976158142090e+00 1.226026535034179688e+00 1.163604831695556641e+01
1.162500023841857910e+00 1.926144361495971680e+00 1.147196674346923828e+01
1.174999952316284180e+00 2.555320978164672852e+00 1.107111454010009766e+01
1.187500000000000000e+00 3.176787853240966797e+00 1.054749774932861328e+01
1.200000047683715820e+00 3.818635225296020508e+00 1.006935977935791016e+01
1.212499976158142090e+00 4.439190387725830078e+00 9.701398849487304688e+00
1.225000023841857910e+00 4.981050014495849609e+00 9.412813186645507812e+00
1.237499952316284180e+00 5.425114631652832031e+00 9.182043075561523438e+00
1.250000000000000000e+00 5.778565406799316406e+00 9.020002365112304688e+00
1.262500047683715820e+00 6.040686130523681641e+00 8.917217254638671875e+00
1.274999976158142090e+00 6.204138278961181641e+00 8.842089653015136719e+00
1.287500023841857910e+00 6.271556377410888672e+00 8.790726661682128906e+00
1.299999952316284180e+00 6.248494148254394531e+00 8.784577369689941406e+00
1.312500000000000000e+00 6.130773544311523438e+00 8.821363449096679688e+00
1.325000047683715820e+00 5.915524959564208984e+00 8.879735946655273438e+00
1.337499976158142090e+00 5.613197326660156250e+00 8.969617843627929688e+00
1.350000023841857910e+00 5.233267307281494141e+00 9.122611999511718750e+00
1.362499952316284180e+00 4.772712230682373047e+00 9.332401275634765625e+00
1.375000000000000000e+00 4.237513542175292969e+00 9.567737579345703125e+00
1.387500047683715820e+00 3.658406257629394531e+00 9.851622581481933594e+00
1.399999976158142090e+00 3.056530237197875977e+00 1.024802303314208984e+01
1.412500023841857910e+00 2.404894828796386719e+00 1.073172283172607422e+01
1.424999952316284180e+00 1.660749316215515137e+00 1.114374351501464844e+01
1.437500000000000000e+00 8.375910520553588867e-01 1.134343910217285156e+01
1.450000047683715820e+00 9.577600285410881042e-03 1.136331462860107422e+01
1.462499976158142090e+00 -7.658839225769042969e-01 1.134825229644775391e+01
1.475000023841857910e+00 -1.497991561889648438e+00 1.137534523010253906e+01
1.487499952316284180e+00 -2.219641923904418945e+00 1.140863323211669922e+01
1.500000000000000000e+00 -2.926415443420410156e+00 1.141102886199951172e+01
1.512500047683715820e+00 -3.585186243057250977e+00 1.140946483612060547e+01
1.524999976158142090e+00 -4.180524349212646484e+00 1.143253135681152344e+01
1.537500023841857910e+00 -4.718583106994628906e+00 1.145913505554199219e+01
1.549999952316284180e+00 -5.194503307342529297e+00 1.146520805358886719e+01
1.562500000000000000e+00 -5.587809085845947266e+00 1.146861648559570312e+01
1.575000047683715820e+00 -5.889296531677246094e+00 1.149087429046630859e+01
1.587499976158142090e+00 -6.106073379516601562e+00 1.151582813262939453e+01
1.600000023841857910e+00 -6.237839221954345703e+00 1.152298927307128906e+01
1.612499952316284180e+00 -6.271610260009765625e+00 1.152719974517822266e+01
1.625000000000000000e+00 -6.203892707824707031e+00 1.154828357696533203e+01
1.637500047683715820e+00 -6.046429157257080078e+00 1.157157039642333984e+01
1.649999976158142090e+00 -5.804664134979248047e+00 1.157654380798339844e+01
1.662500023841857910e+00 -5.471372604370117188e+00 1.157755374908447266e+01
1.674999952316284180e+00 -5.048325061798095703e+00 1.159583950042724609e+01
1.687500000000000000e+00 -4.553370475769042969e+00 1.161599636077880859e+01
1.700000047683715820e+00 -3.997407197952270508e+00 1.161426734924316406e+01
1.712499976158142090e+00 -3.375868797302246094e+00 1.160717582702636719e+01
1.725000023841857910e+00 -2.694132089614868164e+00 1.162181949615478516e+01
1.737499952316284180e+00 -1.977686285972595215e+00 1.163821792602539062e+01
1.750000000000000000e+00 -1.240446805953979492e+00 1.162199306488037109e+01
1.762500047683715820e+00 -4.682270586490631104e-01 1.159977340698242188e+01
1.774999976158142090e+00 3.391638398170471191e-01 1.162237644195556641e+01
1.787500023841857910e+00 1.129814386367797852e+00 1.164143657684326172e+01
1.799999952316284180e+00 1.841643333435058594e+00 1.150663566589355469e+01
1.812500000000000000e+00 2.476646423339843750e+00 1.113298225402832031e+01
1.825000047683715820e+00 3.096022129058837891e+00 1.061483192443847656e+01
1.837499976158142090e+00 3.736393690109252930e+00 1.012436103820800781e+01
1.850000023841857910e+00 4.363303184509277344e+00 9.743077278137207031e+00
1.862499952316284180e+00 4.917247295379638672e+00 9.446523666381835938e+00
1.875000000000000000e+00 5.373554229736328125e+00 9.207961082458496094e+00
1.887500047683715820e+00 5.738297939300537109e+00 9.036818504333496094e+00
1.899999976158142090e+00 6.012579441070556641e+00 8.928242683410644531e+00
1.912500023841857910e+00 6.188759326934814453e+00 8.850726127624511719e+00
1.924999952316284180e+00 6.268014430999755859e+00 8.795166015625000000e+00
1.937500000000000000e+00 6.256556034088134766e+00 8.782536506652832031e+00
1.950000047683715820e+00 6.151333808898925781e+00 8.815140724182128906e+00
1.962499976158142090e+00 5.948215007781982422e+00 8.871172904968261719e+00
1.975000023841857910e+00 5.656239509582519531e+00 8.955103874206542969e+00
1.987499952316284180e+00 5.286224842071533203e+00 9.099207878112792969e+00
2.000000000000000000e+00 4.836155414581298828e+00 9.303733825683593750e+00
