0.000000000000000000e+00 6.229722499847412109e+00 8.826140403747558594e+00
1.250000018626451492e-02 6.274016380310058594e+00 8.784290313720703125e+00
2.500000037252902985e-02 6.227226734161376953e+00 8.790911674499511719e+00
3.750000149011611938e-02 6.083598613739013672e+00 8.834921836853027344e+00
5.000000074505805969e-02 5.843536853790283203e+00 8.898887634277343750e+00
6.250000000000000000e-02 5.519516468048095703e+00 9.003258705139160156e+00
7.500000298023223877e-02 5.117595195770263672e+00 9.174660682678222656e+00
8.749999850988388062e-02 4.634043693542480469e+00 9.393973350524902344e+00
1.000000014901161194e-01 4.081896305084228516e+00 9.637468338012695312e+00
1.124999970197677612e-01 3.494735002517700195e+00 9.947689056396484375e+00
1.250000000000000000e-01 2.882298231124877930e+00 1.037834358215332031e+01
1.375000029802322388e-01 2.206280946731567383e+00 1.086229515075683594e+01
1.500000059604644775e-01 1.433174967765808105e+00 1.122354698181152344e+01
1.624999940395355225e-01 5.979960560798645020e-01 1.136119174957275391e+01
1.749999970197677612e-01 -2.201371490955352783e-01 1.135625743865966797e+01
1.875000000000000000e-01 -9.815574288368225098e-01 1.135155963897705078e+01
2.000000029802322388e-01 -1.709946751594543457e+00 1.138689804077148438e+01
2.125000059604644775e-01 -2.431552648544311523e+00 1.141206073760986328e+01
2.249999940395355225e-01 -3.129172086715698242e+00 1.140858650207519531e+01
2.374999970197677612e-01 -3.770668745040893555e+00 1.141363334655761719e+01
2.500000000000000000e-01 -4.349364757537841797e+00 1.144171428680419922e+01
2.624999880790710449e-01 -4.871365070343017578e+00 1.146289348602294922e+01
2.750000059604644775e-01 -5.325224399566650391e+00 1.146479988098144531e+01
2.874999940395355225e-01 -5.690930843353271484e+00 1.147337913513183594e+01
3.000000119209289551e-01 -5.965736389160156250e+00 1.149972820281982422e+01
3.125000000000000000e-01 -6.157127857208251953e+00 1.151992130279541016e+01
3.249999880790710449e-01 -6.259516239166259766e+00 1.152317714691162109e+01
3.375000059604644775e-01 -6.260267257690429688e+00 1.153207778930664062e+01
3.499999940395355225e-01 -6.161921977996826172e+00 1.155701732635498047e+01
3.625000119209289551e-01 -5.976878166198730469e+00 1.157530307769775391e+01
3.750000000000000000e-01 -5.705384731292724609e+00 1.157589530944824219e+01
3.874999880790710449e-01 -5.340402126312255859e+00 1.158172321319580078e+01
4.000000059604644775e-01 -4.890152454376220703e+00 1.160413074493408203e+01
4.124999940395355225e-01 -4.373293399810791016e+00 1.161814594268798828e+01
4.250000119209289551e-01 -3.794479131698608398e+00 1.161078453063964844e+01
4.375000000000000000e-01 -3.149038076400756836e+00 1.160977554321289062e+01
4.499999880790710449e-01 -2.450545072555541992e+00 1.162981700897216797e+01
4.625000059604644775e-01 -1.725237011909484863e+00 1.163680934906005859e+01
4.749999940395355225e-01 -9.762174487113952637e-01 1.161189365386962891e+01
4.875000119209289551e-01 -1.872622072696685791e-01 1.160231876373291016e+01
5.000000000000000000e-01 6.244278550148010254e-01 1.163661003112792969e+01
5.124999880790710449e-01 1.394032359123229980e+00 1.161912822723388672e+01
5.249999761581420898e-01 2.075514316558837891e+00 1.139929008483886719e+01
5.375000238418579102e-01 2.698564052581787109e+00 1.095372486114501953e+01
5.500000119209289551e-01 3.326451539993286133e+00 1.042667961120605469e+01
5.625000000000000000e-01 3.970367193222045898e+00 9.972754478454589844e+00
5.749999880790710449e-01 4.577817916870117188e+00 9.626832008361816406e+00
5.874999761581420898e-01 5.097491741180419922e+00 9.351528167724609375e+00
6.000000238418579102e-01 5.519789218902587891e+00 9.135797500610351562e+00
6.125000119209289551e-01 5.852218151092529297e+00 8.990386009216308594e+00
6.250000000000000000e-01 6.090801239013671875e+00 8.896864891052246094e+00
6.374999880790710449e-01 6.229718685150146484e+00 8.826143264770507812e+00
6.499999761581420898e-01 6.274016380310058594e+00 8.784291267395019531e+00
6.625000238418579102e-01 6.227231025695800781e+00 8.790910720825195312e+00
6.750000119209289551e-01 6.083606719970703125e+00 8.834919929504394531e+00
6.875000000000000000e-01 5.843548774719238281e+00 8.898884773254394531e+00
6.999999880790710449e-01 5.519532203674316406e+00 9.003252983093261719e+00
7.124999761581420898e-01 5.117614269256591797e+00 9.174652099609375000e+00
7.250000238418579102e-01 4.634066581726074219e+00 9.393963813781738281e+00
7.375000119209289551e-01 4.081921100616455078e+00 9.637456893920898438e+00
7.500000000000000000e-01 3.494760751724243164e+00 9.947672843933105469e+00
7.624999880790710449e-01 2.882325649261474609e+00 1.037832260131835938e+01
7.749999761581420898e-01 2.206312179565429688e+00 1.086227607727050781e+01
7.875000238418579102e-01 1.433210015296936035e+00 1.122353649139404297e+01
8.000000119209289551e-01 5.980322360992431641e-01 1.136118984222412109e+01
8.125000000000000000e-01 -2.201031148433685303e-01 1.135625839233398438e+01
8.249999880790710449e-01 -9.815255999565124512e-01 1.135155868530273438e+01
8.374999761581420898e-01 -1.709915637969970703e+00 1.138689613342285156e+01
8.500000238418579102e-01 -2.431521892547607422e+00 1.141206073760986328e+01
8.625000119209289551e-01 -3.129143238067626953e+00 1.140858745574951172e+01
8.750000000000000000e-01 -3.770642518997192383e+00 1.141363239288330078e+01
8.874999880790710449e-01 -4.349340915679931641e+00 1.144171333312988281e+01
8.999999761581420898e-01 -4.871343612670898438e+00 1.146289348602294922e+01
9.125000238418579102e-01 -5.325206756591796875e+00 1.146479988098144531e+01
9.250000119209289551e-01 -5.690917015075683594e+00 1.147337818145751953e+01
9.375000000000000000e-01 -5.965726375579833984e+00 1.149972724914550781e+01
9.499999880790710449e-01 -6.157121658325195312e+00 1.151992130279541016e+01
9.624999761581420898e-01 -6.259514331817626953e+00 1.152317714691162109e+01
9.750000238418579102e-01 -6.260269165039062500e+00 1.153207683563232422e+01
9.875000119209289551e-01 -6.161928176879882812e+00 1.155701637268066406e+01
1.000000000000000000e+00 -5.976888179779052734e+00 1.157530307769775391e+01
1.012500047683715820e+00 -5.705398559570312500e+00 1.157589530944824219e+01
1.024999976158142090e+00 -5.340419769287109375e+00 1.158172225952148438e+01
1.037500023841857910e+00 -4.890173435211181641e+00 1.160412979125976562e+01
1.049999952316284180e+00 -4.373316764831542969e+00 1.161814594268798828e+01
1.062500000000000000e+00 -3.794505596160888672e+00 1.161078548431396484e+01
1.075000047683715820e+00 -3.149067163467407227e+00 1.160977554321289062e+01
1.087499976158142090e+00 -2.450575828552246094e+00 1.162981605529785156e+01
1.100000023841857910e+00 -1.725268721580505371e+00 1.163681030273437500e+01
1.112499952316284180e+00 -9.762504696846008301e-01 1.161189460754394531e+01
1.125000000000000000e+00 -1.872970312833786011e-01 1.160231781005859375e+01
1.137500047683715820e+00 6.243932843208312988e-01 1.163660812377929688e+01
1.149999976158142090e+00 1.394001007080078125e+00 1.161913299560546875e+01
1.162500023841857910e+00 2.075486660003662109e+00 1.139930534362792969e+01
1.174999952316284180e+00 2.698537349700927734e+00 1.095374774932861328e+01
1.187500000000000000e+00 3.326424121856689453e+00 1.042670154571533203e+01
1.200000047683715820e+00 3.970339775085449219e+00 9.972771644592285156e+00
1.212499976158142090e+00 4.577793121337890625e+00 9.626844406127929688e+00
1.225000023841857910e+00 5.097471237182617188e+00 9.351538658142089844e+00
1.237499952316284180e+00 5.519773006439208984e+00 9.135805130004882812e+00
1.250000000000000000e+00 5.852205753326416016e+00 8.990390777587890625e+00
1.262500047683715820e+00 6.090793132781982422e+00 8.896868705749511719e+00
1.274999976158142090e+00 6.229714870452880859e+00 8.826146125793457031e+00
1.287500023841857910e+00 6.274016380310058594e+00 8.784291267395019531e+00
1.299999952316284180e+00 6.227234840393066406e+00 8.790909767150878906e+00
1.312500000000000000e+00 6.083615303039550781e+00 8.834917068481445312e+00
1.325000047683715820e+00 5.843561172485351562e+00 8.898880958557128906e+00
1.337499976158142090e+00 5.519547939300537109e+00 9.003247261047363281e+00
1.350000023841857910e+00 5.117633342742919922e+00 9.174643516540527344e+00
1.362499952316284180e+00 4.634088993072509766e+00 9.393953323364257812e+00
1.375000000000000000e+00 4.081945896148681641e+00 9.637446403503417969e+00
1.387500047683715820e+00 3.494786500930786133e+00 9.947657585144042969e+00
1.399999976158142090e+00 2.882353067398071289e+00 1.037830162048339844e+01
1.412500023841857910e+00 2.206343173980712891e+00 1.086225700378417969e+01
1.424999952316284180e+00 1.433245182037353516e+00 1.122352504730224609e+01
1.437500000000000000e+00 5.980683565139770508e-01 1.136118793487548828e+01
1.450000047683715820e+00 -2.200690805912017822e-01 1.135625934600830078e+01
1.462499976158142090e+00 -9.814938306808471680e-01 1.135155773162841797e+01
1.475000023841857910e+00 -1.709884405136108398e+00 1.138689422607421875e+01
1.487499952316284180e+00 -2.431491136550903320e+00 1.141206073760986328e+01
1.500000000000000000e+00 -3.129114151000976562e+00 1.140858745574951172e+01
1.512500047683715820e+00 -3.770616292953491211e+00 1.141363143920898438e+01
1.524999976158142090e+00 -4.349317550659179688e+00 1.144171142578125000e+01
1.537500023841857910e+00 -4.871322631835937500e+00 1.146289348602294922e+01
1.549999952316284180e+00 -5.325189113616943359e+00 1.146479988098144531e+01
1.562500000000000000e+00 -5.690903186798095703e+00 1.147337722778320312e+01
1.575000047683715820e+00 -5.965716361999511719e+00 1.149972629547119141e+01
1.587499976158142090e+00 -6.157114982604980469e+00 1.151992034912109375e+01
1.600000023841857910e+00 -6.259511947631835938e+00 1.152317714691162109e+01
1.612499952316284180e+00 -6.260271549224853516e+00 1.153207683563232422e+01
1.625000000000000000e+00 -6.161934375762939453e+00 1.155701541900634766e+01
1.637500047683715820e+00 -5.976897716522216797e+00 1.157530212402343750e+01
1.649999976158142090e+00 -5.705411911010742188e+00 1.157589530944824219e+01
1.662500023841857910e+00 -5.340437412261962891e+00 1.158172225952148438e+01
1.674999952316284180e+00 -4.890193939208984375e+00 1.160412788391113281e+01
1.687500000000000000e+00 -4.373340606689453125e+00 1.161814594268798828e+01
1.700000047683715820e+00 -3.794532060623168945e+00 1.161078548431396484e+01
1.712499976158142090e+00 -3.149096250534057617e+00 1.160977458953857422e+01
1.725000023841857910e+00 -2.450606822967529297e+00 1.162981510162353516e+01
1.737499952316284180e+00 -1.725300312042236328e+00 1.163681030273437500e+01
1.750000000000000000e+00 -9.762834906578063965e-01 1.161189556121826172e+01
1.762500047683715820e+00 -1.873318552970886230e-01 1.160231781005859375e+01
1.774999976158142090e+00 6.243586540222167969e-01 1.163660717010498047e+01
1.787500023841857910e+00 1.393969655036926270e+00 1.161913681030273438e+01
1.799999952316284180e+00 2.075459003448486328e+00 1.139931964874267578e+01
1.812500000000000000e+00 2.698510885238647461e+00 1.095376968383789062e+01
1.825000047683715820e+00 3.326396465301513672e+00 1.042672348022460938e+01
1.837499976158142090e+00 3.970312356948852539e+00 9.972788810729980469e+00
1.850000023841857910e+00 4.577768802642822266e+00 9.626857757568359375e+00
1.862499952316284180e+00 5.097451210021972656e+00 9.351549148559570312e+00
1.875000000000000000e+00 5.519756793975830078e+00 9.135812759399414062e+00
1.887500047683715820e+00 5.852193355560302734e+00 8.990395545959472656e+00
1.899999976158142090e+00 6.090785026550292969e+00 8.896871566772460938e+00
1.912500023841857910e+00 6.229711055755615234e+00 8.826148033142089844e+00
1.924999952316284180e+00 6.274016380310058594e+00 8.784292221069335938e+00
1.937500000000000000e+00 6.227239131927490234e+00 8.790907859802246094e+00
1.950000047683715820e+00 6.083623409271240234e+00 8.834915161132812500e+00
1.962499976158142090e+00 5.843573570251464844e+00 8.898878097534179688e+00
1.975000023841857910e+00 5.519563198089599609e+00 9.003241539001464844e+00
1.987499952316284180e+00 5.117652416229248047e+00 9.174634933471679688e+00
2.000000000000000000e+00 4.634111404418945312e+00 9.393943786621093750e+00
