0.000000000000000000e+00 6.229254722595214844e+00 8.826499938964843750e+00
1.250000018626451492e-02 6.273770332336425781e+00 8.784449577331542969e+00
2.500000037252902985e-02 6.226747512817382812e+00 8.791109085083007812e+00
3.750000149011611938e-02 6.082389354705810547e+00 8.835287094116210938e+00
5.000000074505805969e-02 5.841155529022216797e+00 8.899529457092285156e+00
6.250000000000000000e-02 5.515640258789062500e+00 9.004637718200683594e+00
7.500000298023223877e-02 5.111830234527587891e+00 9.177159309387207031e+00
8.749999850988388062e-02 4.625996589660644531e+00 9.397386550903320312e+00
1.000000014901161194e-01 4.071639537811279297e+00 9.642009735107421875e+00
1.124999970197677612e-01 3.482629776000976562e+00 9.954859733581542969e+00
1.250000000000000000e-01 2.867912530899047852e+00 1.038880252838134766e+01
1.375000029802322388e-01 2.188229560852050781e+00 1.087305068969726562e+01
1.500000059604644775e-01 1.410875797271728516e+00 1.122986221313476562e+01
1.624999940395355225e-01 5.729824304580688477e-01 1.136199283599853516e+01
1.749999970197677612e-01 -2.457290440797805786e-01 1.135524845123291016e+01
1.875000000000000000e-01 -1.007373690605163574e+00 1.135204410552978516e+01
2.000000029802322388e-01 -1.737063169479370117e+00 1.138811111450195312e+01
2.125000059604644775e-01 -2.460058689117431641e+00 1.141209983825683594e+01
2.249999940395355225e-01 -3.157599925994873047e+00 1.140814495086669922e+01
2.374999970197677612e-01 -3.797847270965576172e+00 1.141434860229492188e+01
2.500000000000000000e-01 -4.375252723693847656e+00 1.144297790527343750e+01
2.624999880790710449e-01 -4.895634174346923828e+00 1.146319198608398438e+01
2.750000059604644775e-01 -5.346496105194091797e+00 1.146472263336181641e+01
2.874999940395355225e-01 -5.708088397979736328e+00 1.147441291809082031e+01
3.000000119209289551e-01 -5.978709220886230469e+00 1.150127983093261719e+01
3.125000000000000000e-01 -6.165648460388183594e+00 1.152046680450439453e+01
3.249999880790710449e-01 -6.262344360351562500e+00 1.152331542968750000e+01
3.375000059604644775e-01 -6.256486892700195312e+00 1.153340148925781250e+01
3.499999940395355225e-01 -6.151800155639648438e+00 1.155886650085449219e+01
3.625000119209289551e-01 -5.960526943206787109e+00 1.157591915130615234e+01
3.750000000000000000e-01 -5.681849956512451172e+00 1.157596588134765625e+01
3.874999880790710449e-01 -5.309140682220458984e+00 1.158318042755126953e+01
4.000000059604644775e-01 -4.852087974548339844e+00 1.160615158081054688e+01
4.124999940395355225e-01 -4.329162120819091797e+00 1.161843013763427734e+01
4.250000119209289551e-01 -3.743587017059326172e+00 1.161025619506835938e+01
4.375000000000000000e-01 -3.091230630874633789e+00 1.161118984222412109e+01
4.499999880790710449e-01 -2.387766838073730469e+00 1.163193702697753906e+01
4.625000059604644775e-01 -1.658952474594116211e+00 1.163592910766601562e+01
4.749999940395355225e-01 -9.050192832946777344e-01 1.160972309112548828e+01
4.875000119209289551e-01 -1.103333830833435059e-01 1.160455608367919922e+01
5.000000000000000000e-01 7.025311589241027832e-01 1.164014625549316406e+01
5.124999880790710449e-01 1.466344118118286133e+00 1.160850811004638672e+01
5.249999761581420898e-01 2.140960931777954102e+00 1.136302661895751953e+01
5.375000238418579102e-01 2.763274669647216797e+00 1.089953136444091797e+01
5.500000119209289551e-01 3.395124673843383789e+00 1.037338733673095703e+01
5.625000000000000000e-01 4.039725780487060547e+00 9.930676460266113281e+00
5.749999880790710449e-01 4.640758037567138672e+00 9.593595504760742188e+00
5.874999761581420898e-01 5.150484561920166016e+00 9.323901176452636719e+00
6.000000238418579102e-01 5.563160896301269531e+00 9.115415573120117188e+00
6.125000119209289551e-01 5.885743141174316406e+00 8.977437019348144531e+00
6.250000000000000000e-01 6.112929344177246094e+00 8.887516021728515625e+00
6.374999880790710449e-01 6.240019321441650391e+00 8.819016456604003906e+00
6.499999761581420898e-01 6.272932052612304688e+00 8.782455444335937500e+00
6.625000238418579102e-01 6.213931560516357422e+00 8.795210838317871094e+00
6.750000119209289551e-01 6.056901931762695312e+00 8.842334747314453125e+00
6.875000000000000000e-01 5.804166793823242188e+00 8.909815788269042969e+00
6.999999880790710449e-01 5.468706130981445312e+00 9.022732734680175781e+00
7.124999761581420898e-01 5.054623126983642578e+00 9.203365325927734375e+00
7.250000238418579102e-01 4.558691978454589844e+00 9.426979064941406250e+00
7.375000119209289551e-01 3.998013734817504883e+00 9.676391601562500000e+00
7.500000000000000000e-01 3.406325578689575195e+00 1.000317382812500000e+01
7.624999880790710449e-01 2.786210775375366211e+00 1.045083618164062500e+01
7.749999761581420898e-01 2.094837665557861328e+00 1.092916679382324219e+01
7.875000238418579102e-01 1.306116342544555664e+00 1.125901412963867188e+01
8.000000119209289551e-01 4.663222730159759521e-01 1.136553573608398438e+01
8.125000000000000000e-01 -3.456648588180541992e-01 1.135249900817871094e+01
8.249999880790710449e-01 -1.101064562797546387e+00 1.135518932342529297e+01
8.374999761581420898e-01 -1.829313278198242188e+00 1.139291858673095703e+01
8.500000238418579102e-01 -2.550932645797729492e+00 1.141260433197021484e+01
8.625000119209289551e-01 -3.242605686187744141e+00 1.140754127502441406e+01
8.750000000000000000e-01 -3.874566793441772461e+00 1.141716670989990234e+01
8.874999880790710449e-01 -4.444608688354492188e+00 1.144670391082763672e+01
8.999999761581420898e-01 -4.957292079925537109e+00 1.146406364440917969e+01
9.125000238418579102e-01 -5.397682189941406250e+00 1.146489143371582031e+01
9.250000119209289551e-01 -5.747358322143554688e+00 1.147720336914062500e+01
9.375000000000000000e-01 -6.007074356079101562e+00 1.150471878051757812e+01
9.499999880790710449e-01 -6.183262348175048828e+00 1.152143192291259766e+01
9.624999761581420898e-01 -6.267416000366210938e+00 1.152364635467529297e+01
9.750000238418579102e-01 -6.248380184173583984e+00 1.153608989715576172e+01
9.875000119209289551e-01 -6.132126331329345703e+00 1.156206321716308594e+01
1.000000000000000000e+00 -5.930136680603027344e+00 1.157656764984130859e+01
1.012500047683715820e+00 -5.639691352844238281e+00 1.157590675354003906e+01
1.024999976158142090e+00 -5.255296230316162109e+00 1.158555507659912109e+01
1.037500023841857910e+00 -4.788982868194580078e+00 1.160894489288330078e+01
1.049999952316284180e+00 -4.258330821990966797e+00 1.161816978454589844e+01
1.062500000000000000e+00 -3.664289712905883789e+00 1.160914325714111328e+01
1.075000047683715820e+00 -3.004033803939819336e+00 1.161316108703613281e+01
1.087499976158142090e+00 -2.296152353286743164e+00 1.163428974151611328e+01
1.100000023841857910e+00 -1.564862370491027832e+00 1.163370227813720703e+01
1.112499952316284180e+00 -8.063586950302124023e-01 1.160655212402343750e+01
1.125000000000000000e+00 -6.842200178653001785e-03 1.160775375366210938e+01
1.137500047683715820e+00 8.038397431373596191e-01 1.164334106445312500e+01
1.149999976158142090e+00 1.557038307189941406e+00 1.159122371673583984e+01
1.162500023841857910e+00 2.221526384353637695e+00 1.131402301788330078e+01
1.174999952316284180e+00 2.842208862304687500e+00 1.083215141296386719e+01
1.187500000000000000e+00 3.477197170257568359e+00 1.031075096130371094e+01
1.200000047683715820e+00 4.119929313659667969e+00 9.882699012756347656e+00
1.212499976158142090e+00 4.711123943328857422e+00 9.556176185607910156e+00
1.225000023841857910e+00 5.208132743835449219e+00 9.293671607971191406e+00
1.237499952316284180e+00 5.609158515930175781e+00 9.094062805175781250e+00
1.250000000000000000e+00 5.920121192932128906e+00 8.964118957519531250e+00
1.262500047683715820e+00 6.134594917297363281e+00 8.877792358398437500e+00
1.274999976158142090e+00 6.249269008636474609e+00 8.812037467956542969e+00
1.287500023841857910e+00 6.270624637603759766e+00 8.781321525573730469e+00
1.299999952316284180e+00 6.199515342712402344e+00 8.799868583679199219e+00
1.312500000000000000e+00 6.029847621917724609e+00 8.849637985229492188e+00
1.325000047683715820e+00 5.765857696533203125e+00 8.920838356018066406e+00
1.337499976158142090e+00 5.420518398284912109e+00 9.042010307312011719e+00
1.350000023841857910e+00 4.996058464050292969e+00 9.230259895324707031e+00
1.362499952316284180e+00 4.490307331085205078e+00 9.456864356994628906e+00
1.375000000000000000e+00 3.923934936523437500e+00 9.712020874023437500e+00
1.387500047683715820e+00 3.329640865325927734e+00 1.005365753173828125e+01
1.399999976158142090e+00 2.703334331512451172e+00 1.051351833343505859e+01
1.412500023841857910e+00 1.999753594398498535e+00 1.098271656036376953e+01
1.424999952316284180e+00 1.200477838516235352e+00 1.128426837921142578e+01
1.437500000000000000e+00 3.601958155632019043e-01 1.136710643768310547e+01
1.450000047683715820e+00 -4.445912837982177734e-01 1.135020351409912109e+01
1.462499976158142090e+00 -1.194336891174316406e+00 1.135901355743408203e+01
1.475000023841857910e+00 -1.921531558036804199e+00 1.139734268188476562e+01
1.487499952316284180e+00 -2.641329288482666016e+00 1.141262912750244141e+01
1.500000000000000000e+00 -3.326596021652221680e+00 1.140724277496337891e+01
1.512500047683715820e+00 -3.950275897979736328e+00 1.142037296295166016e+01
1.524999976158142090e+00 -4.513073921203613281e+00 1.145018005371093750e+01
1.537500023841857910e+00 -5.017786979675292969e+00 1.146461009979248047e+01
1.549999952316284180e+00 -5.447367191314697266e+00 1.146529293060302734e+01
1.562500000000000000e+00 -5.785164833068847656e+00 1.148029327392578125e+01
1.575000047683715820e+00 -6.034118175506591797e+00 1.150794124603271484e+01
1.587499976158142090e+00 -6.199393749237060547e+00 1.152210998535156250e+01
1.600000023841857910e+00 -6.270789146423339844e+00 1.152418136596679688e+01
1.612499952316284180e+00 -6.238692760467529297e+00 1.153905010223388672e+01
1.625000000000000000e+00 -6.111093997955322266e+00 1.156503486633300781e+01
1.637500047683715820e+00 -5.898322582244873047e+00 1.157691669464111328e+01
1.649999976158142090e+00 -5.595982551574707031e+00 1.157605457305908203e+01
1.662500023841857910e+00 -5.200117588043212891e+00 1.158820915222167969e+01
1.674999952316284180e+00 -4.724868774414062500e+00 1.161146640777587891e+01
1.687500000000000000e+00 -4.186483383178710938e+00 1.161754798889160156e+01
1.700000047683715820e+00 -3.583883523941040039e+00 1.160828876495361328e+01
1.712499976158142090e+00 -2.916054248809814453e+00 1.161548995971679688e+01
1.725000023841857910e+00 -2.204209089279174805e+00 1.163623428344726562e+01
1.737499952316284180e+00 -1.470355391502380371e+00 1.163093280792236328e+01
1.750000000000000000e+00 -7.069639563560485840e-01 1.160390853881835938e+01
1.762500047683715820e+00 9.689845144748687744e-02 1.161172199249267578e+01
1.774999976158142090e+00 9.041613340377807617e-01 1.164515495300292969e+01
1.787500023841857910e+00 1.646173715591430664e+00 1.157004833221435547e+01
1.799999952316284180e+00 2.301363229751586914e+00 1.126148223876953125e+01
1.812500000000000000e+00 2.921481609344482422e+00 1.076419734954833984e+01
1.825000047683715820e+00 3.559477329254150391e+00 1.024982929229736328e+01
1.837499976158142090e+00 4.199266433715820312e+00 9.836421966552734375e+00
1.850000023841857910e+00 4.779899597167968750e+00 9.519716262817382812e+00
1.862499952316284180e+00 5.264223575592041016e+00 9.264447212219238281e+00
1.875000000000000000e+00 5.653725147247314453e+00 9.073901176452636719e+00
1.887500047683715820e+00 5.952932357788085938e+00 8.951501846313476562e+00
1.899999976158142090e+00 6.154628753662109375e+00 8.868330955505371094e+00
1.912500023841857910e+00 6.257021427154541016e+00 8.805625915527343750e+00
1.924999952316284180e+00 6.266837120056152344e+00 8.781044960021972656e+00
1.937500000000000000e+00 6.183487892150878906e+00 8.805018424987792969e+00
1.950000047683715820e+00 6.001251697540283203e+00 8.857215881347656250e+00
1.962499976158142090e+00 5.726254463195800781e+00 8.932686805725097656e+00
1.975000023841857910e+00 5.371063709259033203e+00 9.062458992004394531e+00
1.987499952316284180e+00 4.936141014099121094e+00 9.257747650146484375e+00
2.000000000000000000e+00 4.420916557312011719e+00 9.487085342407226562e+00
