0.000000000000000000e+00 6.228776931762695312e+00 8.826749801635742188e+00
1.250000018626451492e-02 6.273515701293945312e+00 8.784500122070312500e+00
2.500000037252902985e-02 6.226259231567382812e+00 8.791196823120117188e+00
3.750000149011611938e-02 6.081169605255126953e+00 8.835542678833007812e+00
5.000000074505805969e-02 5.838762283325195312e+00 8.900064468383789062e+00
6.250000000000000000e-02 5.511749744415283203e+00 9.005915641784667969e+00
7.500000298023223877e-02 5.106047153472900391e+00 9.179556846618652344e+00
8.749999850988388062e-02 4.617928981781005859e+00 9.400696754455566406e+00
1.000000014901161194e-01 4.061369419097900391e+00 9.646463394165039062e+00
1.124999970197677612e-01 3.470515251159667969e+00 9.961974143981933594e+00
1.250000000000000000e-01 2.853497505187988281e+00 1.039918518066406250e+01
1.375000029802322388e-01 2.170119285583496094e+00 1.088362026214599609e+01
1.500000059604644775e-01 1.388530373573303223e+00 1.123590183258056641e+01
1.624999940395355225e-01 5.479866266250610352e-01 1.136257553100585938e+01
1.749999970197677612e-01 -2.712574303150177002e-01 1.135416126251220703e+01
1.875000000000000000e-01 -1.033147811889648438e+00 1.135248661041259766e+01
2.000000029802322388e-01 -1.764166951179504395e+00 1.138920307159423828e+01
2.125000059604644775e-01 -2.488515377044677734e+00 1.141199111938476562e+01
2.249999940395355225e-01 -3.185910701751708984e+00 1.140763282775878906e+01
2.374999970197677612e-01 -3.824887514114379883e+00 1.141502380371093750e+01
2.500000000000000000e-01 -4.401006221771240234e+00 1.144412517547607422e+01
2.624999880790710449e-01 -4.919720649719238281e+00 1.146334552764892578e+01
2.750000059604644775e-01 -5.367507457733154297e+00 1.146458721160888672e+01
2.874999940395355225e-01 -5.724959373474121094e+00 1.147542190551757812e+01
3.000000119209289551e-01 -5.991401195526123047e+00 1.150271511077880859e+01
3.125000000000000000e-01 -6.173837184906005859e+00 1.152085971832275391e+01
3.249999880790710449e-01 -6.264758110046386719e+00 1.152340888977050781e+01
3.375000059604644775e-01 -6.252280235290527344e+00 1.153472042083740234e+01
3.499999940395355225e-01 -6.141283988952636719e+00 1.156058406829833984e+01
3.625000119209289551e-01 -5.943745613098144531e+00 1.157635211944580078e+01
3.750000000000000000e-01 -5.657809734344482422e+00 1.157599830627441406e+01
3.874999880790710449e-01 -5.277399063110351562e+00 1.158465862274169922e+01
4.000000059604644775e-01 -4.813637256622314453e+00 1.160800552368164062e+01
4.124999940395355225e-01 -4.284636497497558594e+00 1.161846637725830078e+01
4.250000119209289551e-01 -3.692229270935058594e+00 1.160971260070800781e+01
4.375000000000000000e-01 -3.033050060272216797e+00 1.161268901824951172e+01
4.499999880790710449e-01 -2.324819564819335938e+00 1.163381195068359375e+01
4.625000059604644775e-01 -1.592485666275024414e+00 1.163465118408203125e+01
4.749999940395355225e-01 -8.334476351737976074e-01 1.160766410827636719e+01
4.875000119209289551e-01 -3.320138156414031982e-02 1.160717678070068359e+01
5.000000000000000000e-01 7.801474332809448242e-01 1.164297676086425781e+01
5.124999880790710449e-01 1.537685394287109375e+00 1.159551620483398438e+01
5.249999761581420898e-01 2.205808401107788086e+00 1.132424163818359375e+01
5.375000238418579102e-01 2.828110218048095703e+00 1.084460258483886719e+01
5.500000119209289551e-01 3.463968276977539062e+00 1.032111167907714844e+01
5.625000000000000000e-01 4.108524322509765625e+00 9.889802932739257812e+00
5.749999880790710449e-01 4.702497482299804688e+00 9.561004638671875000e+00
5.874999761581420898e-01 5.202199459075927734e+00 9.296917915344238281e+00
6.000000238418579102e-01 5.605321884155273438e+00 9.095928192138671875e+00
6.125000119209289551e-01 5.917894840240478516e+00 8.965064048767089844e+00
6.250000000000000000e-01 6.133533954620361328e+00 8.878302574157714844e+00
6.374999880790710449e-01 6.248852252960205078e+00 8.812252044677734375e+00
6.499999761581420898e-01 6.270368576049804688e+00 8.781360626220703125e+00
6.625000238418579102e-01 6.198960304260253906e+00 8.799972534179687500e+00
6.750000119209289551e-01 6.028494834899902344e+00 8.849908828735351562e+00
6.875000000000000000e-01 5.763294696807861328e+00 8.921452522277832031e+00
6.999999880790710449e-01 5.416418075561523438e+00 9.043468475341796875e+00
7.124999761581420898e-01 4.989996910095214844e+00 9.232795715332031250e+00
7.250000238418579102e-01 4.481968402862548828e+00 9.460247993469238281e+00
7.375000119209289551e-01 3.913519620895385742e+00 9.716810226440429688e+00
7.500000000000000000e-01 3.317394733428955078e+00 1.006142520904541016e+01
7.624999880790710449e-01 2.688508033752441406e+00 1.052409839630126953e+01
7.749999761581420898e-01 1.980983018875122070e+00 1.099228000640869141e+01
7.875000238418579102e-01 1.177731752395629883e+00 1.128866863250732422e+01
8.000000119209289551e-01 3.354000151157379150e-01 1.136681175231933594e+01
8.125000000000000000e-01 -4.696620404720306396e-01 1.134936523437500000e+01
8.249999880790710449e-01 -1.219916343688964844e+00 1.135981655120849609e+01
8.374999761581420898e-01 -1.948628306388854980e+00 1.139820671081542969e+01
8.500000238418579102e-01 -2.669495820999145508e+00 1.141224002838134766e+01
8.625000119209289551e-01 -3.354249715805053711e+00 1.140694713592529297e+01
8.750000000000000000e-01 -3.976624250411987305e+00 1.142131519317626953e+01
8.874999880790710449e-01 -4.538173675537109375e+00 1.145113945007324219e+01
8.999999761581420898e-01 -5.040966510772705078e+00 1.146453094482421875e+01
9.125000238418579102e-01 -5.467154502868652344e+00 1.146536731719970703e+01
9.250000119209289551e-01 -5.800787925720214844e+00 1.148155689239501953e+01
9.375000000000000000e-01 -6.045620918273925781e+00 1.150917816162109375e+01
9.499999880790710449e-01 -6.206182003021240234e+00 1.152225780487060547e+01
9.624999761581420898e-01 -6.271539211273193359e+00 1.152449893951416016e+01
9.750000238418579102e-01 -6.232881069183349609e+00 1.154063796997070312e+01
9.875000119209289551e-01 -6.099133968353271484e+00 1.156650733947753906e+01
1.000000000000000000e+00 -5.879961013793945312e+00 1.157704734802246094e+01
1.012500047683715820e+00 -5.570172309875488281e+00 1.157635116577148438e+01
1.024999976158142090e+00 -5.166809082031250000e+00 1.159000396728515625e+01
1.037500023841857910e+00 -4.685180664062500000e+00 1.161297225952148438e+01
1.049999952316284180e+00 -4.140655040740966797e+00 1.161716365814208984e+01
1.062500000000000000e+00 -3.531077623367309570e+00 1.160811901092529297e+01
1.075000047683715820e+00 -2.856838703155517578e+00 1.161743736267089844e+01
1.087499976158142090e+00 -2.140797376632690430e+00 1.163750839233398438e+01
1.100000023841857910e+00 -1.403249263763427734e+00 1.162894344329833984e+01
1.112499952316284180e+00 -6.342995166778564453e-01 1.160269832611083984e+01
1.125000000000000000e+00 1.743612140417098999e-01 1.161540985107421875e+01
1.137500047683715820e+00 9.802240729331970215e-01 1.164563560485839844e+01
1.149999976158142090e+00 1.715115070343017578e+00 1.155085468292236328e+01
1.162500023841857910e+00 2.365136623382568359e+00 1.121721649169921875e+01
1.174999952316284180e+00 2.986894607543945312e+00 1.070861530303955078e+01
1.187500000000000000e+00 3.628582954406738281e+00 1.020051860809326172e+01
1.200000047683715820e+00 4.266488552093505859e+00 9.798359870910644531e+00
1.212499976158142090e+00 4.838849544525146484e+00 9.488728523254394531e+00
1.225000023841857910e+00 5.313189983367919922e+00 9.239274024963378906e+00
1.237499952316284180e+00 5.693271160125732422e+00 9.056564331054687500e+00
1.250000000000000000e+00 5.982129573822021484e+00 8.940356254577636719e+00
1.262500047683715820e+00 6.172111034393310547e+00 8.859607696533203125e+00
1.274999976158142090e+00 6.262933731079101562e+00 8.800022125244140625e+00
1.287500023841857910e+00 6.261296272277832031e+00 8.781643867492675781e+00
1.299999952316284180e+00 6.165215015411376953e+00 8.810712814331054688e+00
1.312500000000000000e+00 5.969659805297851562e+00 8.865390777587890625e+00
1.325000047683715820e+00 5.682650089263916016e+00 8.946161270141601562e+00
1.337499976158142090e+00 5.316010475158691406e+00 9.085682868957519531e+00
1.350000023841857910e+00 4.868543148040771484e+00 9.288376808166503906e+00
1.362499952316284180e+00 4.342023372650146484e+00 9.521199226379394531e+00
1.375000000000000000e+00 3.764117240905761719e+00 9.792943954467773438e+00
1.387500047683715820e+00 3.162436962127685547e+00 1.016935729980468750e+01
1.399999976158142090e+00 2.518293857574462891e+00 1.064979839324951172e+01
1.412500023841857910e+00 1.785228490829467773e+00 1.108908939361572266e+01
1.424999952316284180e+00 9.642974734306335449e-01 1.132636165618896484e+01
1.437500000000000000e+00 1.255844235420227051e-01 1.136493682861328125e+01
1.450000047683715820e+00 -6.642308235168457031e-01 1.134715938568115234e+01
1.462499976158142090e+00 -1.405442595481872559e+00 1.136923313140869141e+01
1.475000023841857910e+00 -2.132854223251342773e+00 1.140522766113281250e+01
1.487499952316284180e+00 -2.848121643066406250e+00 1.141103076934814453e+01
1.500000000000000000e+00 -3.518385171890258789e+00 1.140783500671386719e+01
1.512500047683715820e+00 -4.124453067779541016e+00 1.142878246307373047e+01
1.524999976158142090e+00 -4.671700954437255859e+00 1.145684242248535156e+01
1.537500023841857910e+00 -5.157267570495605469e+00 1.146474647521972656e+01
1.549999952316284180e+00 -5.560709953308105469e+00 1.146735954284667969e+01
1.562500000000000000e+00 -5.870900630950927734e+00 1.148857784271240234e+01
1.575000047683715820e+00 -6.094527721405029297e+00 1.151449680328369141e+01
1.587499976158142090e+00 -6.232386589050292969e+00 1.152281188964843750e+01
1.600000023841857910e+00 -6.271504878997802734e+00 1.152668571472167969e+01
1.612499952316284180e+00 -6.207359790802001953e+00 1.154732704162597656e+01
1.625000000000000000e+00 -6.051592826843261719e+00 1.157124042510986328e+01
1.637500047683715820e+00 -5.810333251953125000e+00 1.157686710357666016e+01
1.649999976158142090e+00 -5.476386547088623047e+00 1.157783889770507812e+01
1.662500023841857910e+00 -5.051181793212890625e+00 1.159611415863037109e+01
1.674999952316284180e+00 -4.552801132202148438e+00 1.161650180816650391e+01
1.687500000000000000e+00 -3.992475509643554688e+00 1.161481952667236328e+01
1.700000047683715820e+00 -3.365608453750610352e+00 1.160797119140625000e+01
1.712499976158142090e+00 -2.677944183349609375e+00 1.162311363220214844e+01
1.725000023841857910e+00 -1.955597400665283203e+00 1.163903331756591797e+01
1.737499952316284180e+00 -1.212003827095031738e+00 1.162175369262695312e+01
1.750000000000000000e+00 -4.322752356529235840e-01 1.160069656372070312e+01
1.762500047683715820e+00 3.819238543510437012e-01 1.162555027008056641e+01
1.774999976158142090e+00 1.175406098365783691e+00 1.164010906219482422e+01
1.787500023841857910e+00 1.886645317077636719e+00 1.148974037170410156e+01
1.799999952316284180e+00 2.522702693939208984e+00 1.109827327728271484e+01
1.812500000000000000e+00 3.147408246994018555e+00 1.057313442230224609e+01
1.825000047683715820e+00 3.793170690536499023e+00 1.008746814727783203e+01
1.837499976158142090e+00 4.420031070709228516e+00 9.712916374206542969e+00
1.850000023841857910e+00 4.968675136566162109e+00 9.420033454895019531e+00
1.862499952316284180e+00 5.418147563934326172e+00 9.185988426208496094e+00
1.875000000000000000e+00 5.775428771972656250e+00 9.021707534790039062e+00
1.887500047683715820e+00 6.039943218231201172e+00 8.917815208435058594e+00
1.899999976158142090e+00 6.204256534576416016e+00 8.842037200927734375e+00
1.912500023841857910e+00 6.271130561828613281e+00 8.790548324584960938e+00
1.924999952316284180e+00 6.246172428131103516e+00 8.785186767578125000e+00
1.937500000000000000e+00 6.124976634979248047e+00 8.822951316833496094e+00
1.950000047683715820e+00 5.904911041259765625e+00 8.882319450378417969e+00
1.962499976158142090e+00 5.596978664398193359e+00 8.974839210510253906e+00
1.975000023841857910e+00 5.210396766662597656e+00 9.132239341735839844e+00
1.987499952316284180e+00 4.741827011108398438e+00 9.345635414123535156e+00
2.000000000000000000e+00 4.198748111724853516e+00 9.584237098693847656e+00
