0.000000000000000000e+00 6.228308677673339844e+00 8.827108383178710938e+00
1.250000018626451492e-02 6.273271083831787109e+00 8.784658432006835938e+00
2.500000037252902985e-02 6.225780010223388672e+00 8.791393280029296875e+00
3.750000149011611938e-02 6.079957008361816406e+00 8.835907936096191406e+00
5.000000074505805969e-02 5.836372852325439453e+00 8.900709152221679688e+00
6.250000000000000000e-02 5.507859706878662109e+00 9.007308006286621094e+00
7.500000298023223877e-02 5.100258350372314453e+00 9.182069778442382812e+00
8.749999850988388062e-02 4.609851837158203125e+00 9.404116630554199219e+00
1.000000014901161194e-01 4.051094055175781250e+00 9.651040077209472656e+00
1.124999970197677612e-01 3.458397388458251953e+00 9.969239234924316406e+00
1.250000000000000000e-01 2.839056730270385742e+00 1.040969181060791016e+01
1.375000029802322388e-01 2.151951313018798828e+00 1.089420413970947266e+01
1.500000059604644775e-01 1.366138815879821777e+00 1.124186611175537109e+01
1.624999940395355225e-01 5.230069756507873535e-01 1.136314105987548828e+01
1.749999970197677612e-01 -2.967282831668853760e-01 1.135319232940673828e+01
1.875000000000000000e-01 -1.058889508247375488e+00 1.135308074951171875e+01
2.000000029802322388e-01 -1.791268587112426758e+00 1.139036655426025391e+01
2.125000059604644775e-01 -2.516933679580688477e+00 1.141192913055419922e+01
2.249999940395355225e-01 -3.214117765426635742e+00 1.140724563598632812e+01
2.374999970197677612e-01 -3.851806640625000000e+00 1.141584587097167969e+01
2.500000000000000000e-01 -4.426641464233398438e+00 1.144533824920654297e+01
2.624999880790710449e-01 -4.943640708923339844e+00 1.146354293823242188e+01
2.750000059604644775e-01 -5.388276576995849609e+00 1.146458053588867188e+01
2.874999940395355225e-01 -5.741565704345703125e+00 1.147658443450927734e+01
3.000000119209289551e-01 -6.003832340240478516e+00 1.150420570373535156e+01
3.125000000000000000e-01 -6.181711196899414062e+00 1.152128028869628906e+01
3.249999880790710449e-01 -6.266776084899902344e+00 1.152363967895507812e+01
3.375000059604644775e-01 -6.247669219970703125e+00 1.153620719909667969e+01
3.499999940395355225e-01 -6.130394935607910156e+00 1.156233978271484375e+01
3.625000119209289551e-01 -5.926548004150390625e+00 1.157678604125976562e+01
3.750000000000000000e-01 -5.633279800415039062e+00 1.157618808746337891e+01
3.874999880790710449e-01 -5.245199680328369141e+00 1.158633518218994141e+01
4.000000059604644775e-01 -4.774818420410156250e+00 1.160986423492431641e+01
4.124999940395355225e-01 -4.239721298217773438e+00 1.161845493316650391e+01
4.250000119209289551e-01 -3.640414953231811523e+00 1.160937023162841797e+01
4.375000000000000000e-01 -2.974519968032836914e+00 1.161445331573486328e+01
4.499999880790710449e-01 -2.261717557907104492e+00 1.163560581207275391e+01
4.625000059604644775e-01 -1.525821208953857422e+00 1.163319778442382812e+01
4.749999940395355225e-01 -7.614933252334594727e-01 1.160597038269042969e+01
4.875000119209289551e-01 4.409005865454673767e-02 1.161034297943115234e+01
5.000000000000000000e-01 8.572152853012084961e-01 1.164514160156250000e+01
5.124999880790710449e-01 1.608066678047180176e+00 1.158026027679443359e+01
5.249999761581420898e-01 2.270146608352661133e+00 1.128327274322509766e+01
5.375000238418579102e-01 2.893133163452148438e+00 1.078938102722167969e+01
5.500000119209289551e-01 3.532946586608886719e+00 1.027015876770019531e+01
5.625000000000000000e-01 4.176693916320800781e+00 9.850291252136230469e+00
5.749999880790710449e-01 4.763026237487792969e+00 9.529236793518066406e+00
5.874999761581420898e-01 5.252673625946044922e+00 9.270830154418945312e+00
6.000000238418579102e-01 5.646289825439453125e+00 9.077547073364257812e+00
6.125000119209289551e-01 5.948673725128173828e+00 8.953412055969238281e+00
6.250000000000000000e-01 6.152640819549560547e+00 8.869427680969238281e+00
6.374999880790710449e-01 6.256254196166992188e+00 8.806128501892089844e+00
6.499999761581420898e-01 6.266335010528564453e+00 8.781222343444824219e+00
6.625000238418579102e-01 6.182322978973388672e+00 8.805345535278320312e+00
6.750000119209289551e-01 5.998431205749511719e+00 8.857880592346191406e+00
6.875000000000000000e-01 5.720979690551757812e+00 8.934117317199707031e+00
6.999999880790710449e-01 5.362665653228759766e+00 9.065660476684570312e+00
7.124999761581420898e-01 4.923753261566162109e+00 9.263031959533691406e+00
7.250000238418579102e-01 4.404007911682128906e+00 9.494046211242675781e+00
7.375000119209289551e-01 3.828535079956054688e+00 9.759177207946777344e+00
7.500000000000000000e-01 3.227876901626586914e+00 1.012257957458496094e+01
7.624999880790710449e-01 2.589038133621215820e+00 1.059769821166992188e+01
7.749999761581420898e-01 1.864791274070739746e+00 1.105124282836914062e+01
7.875000238418579102e-01 1.048371315002441406e+00 1.131287574768066406e+01
8.000000119209289551e-01 2.055088132619857788e-01 1.136589145660400391e+01
8.125000000000000000e-01 -5.921704769134521484e-01 1.134736919403076172e+01
8.249999880790710449e-01 -1.338263392448425293e+00 1.136538696289062500e+01
8.374999761581420898e-01 -2.067831993103027344e+00 1.140276050567626953e+01
8.500000238418579102e-01 -2.787034511566162109e+00 1.141135311126708984e+01
8.625000119209289551e-01 -3.464023828506469727e+00 1.140715789794921875e+01
8.750000000000000000e-01 -4.076891899108886719e+00 1.142609882354736328e+01
8.874999880790710449e-01 -4.630021572113037109e+00 1.145505523681640625e+01
8.999999761581420898e-01 -5.122246742248535156e+00 1.146463489532470703e+01
9.125000238418579102e-01 -5.533597946166992188e+00 1.146655368804931641e+01
9.250000119209289551e-01 -5.851295948028564453e+00 1.148646163940429688e+01
9.375000000000000000e-01 -6.081375598907470703e+00 1.151313304901123047e+01
9.499999880790710449e-01 -6.225789546966552734e+00 1.152273464202880859e+01
9.624999761581420898e-01 -6.271889686584472656e+00 1.152606868743896484e+01
9.750000238418579102e-01 -6.213904380798339844e+00 1.154572391510009766e+01
9.875000119209289551e-01 -6.062999248504638672e+00 1.157035350799560547e+01
1.000000000000000000e+00 -5.826292037963867188e+00 1.157711124420166016e+01
1.012500047683715820e+00 -5.496886253356933594e+00 1.157760429382324219e+01
1.024999976158142090e+00 -5.075160503387451172e+00 1.159503555297851562e+01
1.037500023841857910e+00 -4.578855991363525391e+00 1.161616897583007812e+01
1.049999952316284180e+00 -4.020212173461914062e+00 1.161557960510253906e+01
1.062500000000000000e+00 -3.394952535629272461e+00 1.160819053649902344e+01
1.075000047683715820e+00 -2.707795381546020508e+00 1.162245750427246094e+01
1.087499976158142090e+00 -1.984617352485656738e+00 1.163927745819091797e+01
1.100000023841857910e+00 -1.240183711051940918e+00 1.162322139739990234e+01
1.112499952316284180e+00 -4.601027965545654297e-01 1.160117721557617188e+01
1.125000000000000000e+00 3.555722534656524658e-01 1.162461853027343750e+01
1.137500047683715820e+00 1.152807474136352539e+00 1.164163398742675781e+01
1.149999976158142090e+00 1.868481397628784180e+00 1.149750137329101562e+01
1.162500023841857910e+00 2.507255792617797852e+00 1.111089229583740234e+01
1.174999952316284180e+00 3.132938385009765625e+00 1.058569049835205078e+01
1.187500000000000000e+00 3.779892921447753906e+00 1.009681606292724609e+01
1.200000047683715820e+00 4.409214496612548828e+00 9.719273567199707031e+00
1.212499976158142090e+00 4.960837364196777344e+00 9.424483299255371094e+00
1.225000023841857910e+00 5.412838935852050781e+00 9.188876152038574219e+00
1.237499952316284180e+00 5.772068500518798828e+00 9.023307800292968750e+00
1.250000000000000000e+00 6.038104057312011719e+00 8.918719291687011719e+00
1.262500047683715820e+00 6.203452110290527344e+00 8.842586517333984375e+00
1.274999976158142090e+00 6.270835399627685547e+00 8.790794372558593750e+00
1.287500023841857910e+00 6.245925903320312500e+00 8.785317420959472656e+00
1.299999952316284180e+00 6.124302387237548828e+00 8.823179244995117188e+00
1.312500000000000000e+00 5.903328418731689453e+00 8.882739067077636719e+00
1.325000047683715820e+00 5.594121456146240234e+00 8.975772857666015625e+00
1.337499976158142090e+00 5.205895900726318359e+00 9.134131431579589844e+00
1.350000023841857910e+00 4.735256671905517578e+00 9.348439216613769531e+00
1.362499952316284180e+00 4.190016746520996094e+00 9.587964057922363281e+00
1.375000000000000000e+00 3.602894306182861328e+00 9.882010459899902344e+00
1.387500047683715820e+00 2.992327928543090820e+00 1.029389190673828125e+01
1.399999976158142090e+00 2.326225280761718750e+00 1.078312873840332031e+01
1.412500023841857910e+00 1.563428640365600586e+00 1.117871379852294922e+01
1.424999952316284180e+00 7.267252206802368164e-01 1.135192298889160156e+01
1.437500000000000000e+00 -1.046385020017623901e-01 1.135879611968994141e+01
1.450000047683715820e+00 -8.796743154525756836e-01 1.134843730926513672e+01
1.462499976158142090e+00 -1.615668654441833496e+00 1.138078212738037109e+01
1.475000023841857910e+00 -2.343392133712768555e+00 1.141008663177490234e+01
1.487499952316284180e+00 -3.050884962081909180e+00 1.140869617462158203e+01
1.500000000000000000e+00 -3.704330921173095703e+00 1.141110706329345703e+01
1.512500047683715820e+00 -4.293466091156005859e+00 1.143800258636474609e+01
1.524999976158142090e+00 -4.824893474578857422e+00 1.146139049530029297e+01
1.537500023841857910e+00 -5.289093971252441406e+00 1.146443843841552734e+01
1.549999952316284180e+00 -5.665162563323974609e+00 1.147164535522460938e+01
1.562500000000000000e+00 -5.948467731475830078e+00 1.149748706817626953e+01
1.575000047683715820e+00 -6.146786689758300781e+00 1.151910591125488281e+01
1.587499976158142090e+00 -6.255606651306152344e+00 1.152311992645263672e+01
1.600000023841857910e+00 -6.261768817901611328e+00 1.153133296966552734e+01
1.612499952316284180e+00 -6.166812896728515625e+00 1.155612277984619141e+01
1.625000000000000000e+00 -5.983444690704345703e+00 1.157530307769775391e+01
1.637500047683715820e+00 -5.712581634521484375e+00 1.157636260986328125e+01
1.649999976158142090e+00 -5.346945285797119141e+00 1.158197689056396484e+01
1.662500023841857910e+00 -4.894452571868896484e+00 1.160445404052734375e+01
1.674999952316284180e+00 -4.374152660369873047e+00 1.161877536773681641e+01
1.687500000000000000e+00 -3.790988922119140625e+00 1.161151313781738281e+01
1.700000047683715820e+00 -3.140265703201293945e+00 1.161079597473144531e+01
1.712499976158142090e+00 -2.436014890670776367e+00 1.163109970092773438e+01
1.725000023841857910e+00 -1.704870104789733887e+00 1.163736057281494141e+01
1.737499952316284180e+00 -9.492616653442382812e-01 1.161194896697998047e+01
1.750000000000000000e+00 -1.528772115707397461e-01 1.160421943664550781e+01
1.762500047683715820e+00 6.645532250404357910e-01 1.163934421539306641e+01
1.774999976158142090e+00 1.435800671577453613e+00 1.161404323577880859e+01
1.787500023841857910e+00 2.117065906524658203e+00 1.137750053405761719e+01
1.799999952316284180e+00 2.742862701416015625e+00 1.091772079467773438e+01
1.812500000000000000e+00 3.376729726791381836e+00 1.038856792449951172e+01
1.825000047683715820e+00 4.024519443511962891e+00 9.940768241882324219e+00
1.837499976158142090e+00 4.630019664764404297e+00 9.599965095520019531e+00
1.850000023841857910e+00 5.143957138061523438e+00 9.327752113342285156e+00
1.862499952316284180e+00 5.559784412384033203e+00 9.117330551147460938e+00
1.875000000000000000e+00 5.884518623352050781e+00 8.978206634521484375e+00
1.887500047683715820e+00 6.112866878509521484e+00 8.887723922729492188e+00
1.899999976158142090e+00 6.240104675292968750e+00 8.818886756896972656e+00
1.912500023841857910e+00 6.272272586822509766e+00 8.782504081726074219e+00
1.924999952316284180e+00 6.211563110351562500e+00 8.795942306518554688e+00
1.937500000000000000e+00 6.051766872406005859e+00 8.843667984008789062e+00
1.950000047683715820e+00 5.795536994934082031e+00 8.912113189697265625e+00
1.962499976158142090e+00 5.456075668334960938e+00 9.027419090270996094e+00
1.975000023841857910e+00 5.037122726440429688e+00 9.211015701293945312e+00
1.987499952316284180e+00 4.535653591156005859e+00 9.436674118041992188e+00
2.000000000000000000e+00 3.970132589340209961e+00 9.689169883728027344e+00
