0.000000000000000000e+00 6.280586242675781250e+00 8.791133880615234375e+00
1.250000018626451492e-02 6.301310539245605469e+00 8.772066116333007812e+00
2.500000037252902985e-02 6.280476093292236328e+00 8.775628089904785156e+00
3.750000149011611938e-02 6.216114997863769531e+00 8.798826217651367188e+00
5.000000074505805969e-02 6.106885433197021484e+00 8.833517074584960938e+00
6.250000000000000000e-02 5.954384326934814453e+00 8.875907897949218750e+00
7.500000298023223877e-02 5.762532234191894531e+00 8.932456016540527344e+00
8.749999850988388062e-02 5.534433841705322266e+00 9.015181541442871094e+00
1.000000014901161194e-01 5.270054817199707031e+00 9.130110740661621094e+00
1.124999970197677612e-01 4.967669010162353516e+00 9.270564079284667969e+00
1.250000000000000000e-01 4.628307342529296875e+00 9.423708915710449219e+00
1.375000029802322388e-01 4.258857727050781250e+00 9.586082458496093750e+00
1.500000059604644775e-01 3.869825124740600586e+00 9.773305892944335938e+00
1.624999940395355225e-01 3.468307018280029297e+00 1.001165580749511719e+01
1.749999970197677612e-01 3.051685810089111328e+00 1.031418991088867188e+01
1.875000000000000000e-01 2.608161687850952148e+00 1.065929603576660156e+01
2.000000029802322388e-01 2.125293254852294922e+00 1.099101734161376953e+01
2.125000059604644775e-01 1.600963354110717773e+00 1.124522304534912109e+01
2.249999940395355225e-01 1.048392891883850098e+00 1.138525295257568359e+01
2.374999970197677612e-01 4.907733798027038574e-01 1.142191696166992188e+01
2.500000000000000000e-01 -5.105840042233467102e-02 1.140349006652832031e+01
2.624999880790710449e-01 -5.690521001815795898e-01 1.138351917266845703e+01
2.750000059604644775e-01 -1.069090247154235840e+00 1.139012050628662109e+01
2.874999940395355225e-01 -1.562672495841979980e+00 1.141761875152587891e+01
3.000000119209289551e-01 -2.056046724319458008e+00 1.144284820556640625e+01
3.125000000000000000e-01 -2.545003890991210938e+00 1.144976043701171875e+01
3.249999880790710449e-01 -3.018359422683715820e+00 1.144208621978759766e+01
3.375000059604644775e-01 -3.466046094894409180e+00 1.143635749816894531e+01
3.499999940395355225e-01 -3.884668588638305664e+00 1.144478702545166016e+01
3.625000119209289551e-01 -4.276438236236572266e+00 1.146459579467773438e+01
3.750000000000000000e-01 -4.643503665924072266e+00 1.148245048522949219e+01
3.874999880790710449e-01 -4.983351230621337891e+00 1.148816871643066406e+01
4.000000059604644775e-01 -5.289296150207519531e+00 1.148409843444824219e+01
4.124999940395355225e-01 -5.555052757263183594e+00 1.148184585571289062e+01
4.250000119209289551e-01 -5.778756141662597656e+00 1.149044227600097656e+01
4.375000000000000000e-01 -5.962700366973876953e+00 1.150775814056396484e+01
4.499999880790710449e-01 -6.109363555908203125e+00 1.152314567565917969e+01
4.625000059604644775e-01 -6.217739582061767578e+00 1.152819919586181641e+01
4.749999940395355225e-01 -6.283497810363769531e+00 1.152490425109863281e+01
4.875000119209289551e-01 -6.302660942077636719e+00 1.152337169647216797e+01
5.000000000000000000e-01 -6.275119781494140625e+00 1.153163814544677734e+01
5.124999880790710449e-01 -6.204551696777343750e+00 1.154767704010009766e+01
5.249999761581420898e-01 -6.094883918762207031e+00 1.156142139434814453e+01
5.375000238418579102e-01 -5.946816444396972656e+00 1.156478977203369141e+01
5.500000119209289551e-01 -5.757841587066650391e+00 1.155980110168457031e+01
5.625000000000000000e-01 -5.525772094726562500e+00 1.155668830871582031e+01
5.749999880790710449e-01 -5.252301216125488281e+00 1.156369113922119141e+01
5.874999761581420898e-01 -4.943006515502929688e+00 1.157852268218994141e+01
6.000000238418579102e-01 -4.603654861450195312e+00 1.159016418457031250e+01
6.125000119209289551e-01 -4.236366271972656250e+00 1.158967876434326172e+01
6.250000000000000000e-01 -3.839530706405639648e+00 1.157958126068115234e+01
6.374999880790710449e-01 -3.411818981170654297e+00 1.157211875915527344e+01
6.499999761581420898e-01 -2.956488847732543945e+00 1.157726669311523438e+01
6.625000238418579102e-01 -2.481503486633300781e+00 1.159178924560546875e+01
6.750000119209289551e-01 -1.994744420051574707e+00 1.160080718994140625e+01
6.875000000000000000e-01 -1.498506307601928711e+00 1.159201049804687500e+01
6.999999880790710449e-01 -9.888465404510498047e-01 1.156977176666259766e+01
7.124999761581420898e-01 -4.614891111850738525e-01 1.155438613891601562e+01
7.250000238418579102e-01 8.007110655307769775e-02 1.156355190277099609e+01
7.375000119209289551e-01 6.214382648468017578e-01 1.158963489532470703e+01
7.500000000000000000e-01 1.143002748489379883e+00 1.159251117706298828e+01
7.624999880790710449e-01 1.631164550781250000e+00 1.151740646362304688e+01
7.749999761581420898e-01 2.086789608001708984e+00 1.132754707336425781e+01
7.875000238418579102e-01 2.524104356765747070e+00 1.102877521514892578e+01
8.000000119209289551e-01 2.960332393646240234e+00 1.066828441619873047e+01
8.125000000000000000e-01 3.403411388397216797e+00 1.030860519409179688e+01
8.249999880790710449e-01 3.846446037292480469e+00 9.995760917663574219e+00
8.374999761581420898e-01 4.272197723388671875e+00 9.743062019348144531e+00
8.500000238418579102e-01 4.663387775421142578e+00 9.538256645202636719e+00
8.625000119209289551e-01 5.010901927947998047e+00 9.363748550415039062e+00
8.750000000000000000e-01 5.314723014831542969e+00 9.212077140808105469e+00
8.874999880790710449e-01 5.578686714172363281e+00 9.086433410644531250e+00
8.999999761581420898e-01 5.804603576660156250e+00 8.990527153015136719e+00
9.125000238418579102e-01 5.990493774414062500e+00 8.920357704162597656e+00
9.250000119209289551e-01 6.133154869079589844e+00 8.866064071655273438e+00
9.375000000000000000e-01 6.231445312500000000e+00 8.820798873901367188e+00
9.499999880790710449e-01 6.286782741546630859e+00 8.786612510681152344e+00
9.624999761581420898e-01 6.300784111022949219e+00 8.771070480346679688e+00
9.750000238418579102e-01 6.272989273071289062e+00 8.778275489807128906e+00
9.875000119209289551e-01 6.201323032379150391e+00 8.803917884826660156e+00
1.000000000000000000e+00 6.084821224212646484e+00 8.839879035949707031e+00
1.012500047683715820e+00 5.925595283508300781e+00 8.883879661560058594e+00
1.024999976158142090e+00 5.727674961090087891e+00 8.943896293640136719e+00
1.037500023841857910e+00 5.493732452392578125e+00 9.031791687011718750e+00
1.049999952316284180e+00 5.223244190216064453e+00 9.151667594909667969e+00
1.062500000000000000e+00 4.914603233337402344e+00 9.295026779174804688e+00
1.075000047683715820e+00 4.569694519042968750e+00 9.449452400207519531e+00
1.087499976158142090e+00 4.196315288543701172e+00 9.614326477050781250e+00
1.100000023841857910e+00 3.804960489273071289e+00 9.808128356933593750e+00
1.112499952316284180e+00 3.401449441909790039e+00 1.005681419372558594e+01
1.125000000000000000e+00 2.981390714645385742e+00 1.036885261535644531e+01
1.137500047683715820e+00 2.532132863998413086e+00 1.071624279022216797e+01
1.149999976158142090e+00 2.042232513427734375e+00 1.103936004638671875e+01
1.162500023841857910e+00 1.511996984481811523e+00 1.127624320983886719e+01
1.174999952316284180e+00 9.569126367568969727e-01 1.139735603332519531e+01
1.187500000000000000e+00 4.006983637809753418e-01 1.142111968994140625e+01
1.200000047683715820e+00 -1.373714953660964966e-01 1.139916038513183594e+01
1.212499976158142090e+00 -6.517406702041625977e-01 1.138255596160888672e+01
1.225000023841857910e+00 -1.149956107139587402e+00 1.139372348785400391e+01
1.237499952316284180e+00 -1.643337845802307129e+00 1.142252635955810547e+01
1.250000000000000000e+00 -2.136546373367309570e+00 1.144538211822509766e+01
1.262500047683715820e+00 -2.623790502548217773e+00 1.144913673400878906e+01
1.274999976158142090e+00 -3.093497037887573242e+00 1.144055080413818359e+01
1.287500023841857910e+00 -3.536465883255004883e+00 1.143664264678955078e+01
1.299999952316284180e+00 -3.950469732284545898e+00 1.144753551483154297e+01
1.312500000000000000e+00 -4.338142395019531250e+00 1.146803283691406250e+01
1.325000047683715820e+00 -4.701076507568359375e+00 1.148432254791259766e+01
1.337499976158142090e+00 -5.035892963409423828e+00 1.148792457580566406e+01
1.350000023841857910e+00 -5.335611343383789062e+00 1.148326683044433594e+01
1.362499952316284180e+00 -5.594480037689208984e+00 1.148241329193115234e+01
1.375000000000000000e+00 -5.811461925506591797e+00 1.149290275573730469e+01
1.387500047683715820e+00 -5.989203453063964844e+00 1.151071834564208984e+01
1.399999976158142090e+00 -6.129789829254150391e+00 1.152476978302001953e+01
1.412500023841857910e+00 -6.231539726257324219e+00 1.152801895141601562e+01
1.424999952316284180e+00 -6.289877891540527344e+00 1.152423477172851562e+01
1.437500000000000000e+00 -6.301287651062011719e+00 1.152396583557128906e+01
1.450000047683715820e+00 -6.266399383544921875e+00 1.153394031524658203e+01
1.462499976158142090e+00 -6.189225673675537109e+00 1.155037975311279297e+01
1.475000023841857910e+00 -6.073340415954589844e+00 1.156276988983154297e+01
1.487499952316284180e+00 -5.918801307678222656e+00 1.156433200836181641e+01
1.500000000000000000e+00 -5.722857952117919922e+00 1.155885791778564453e+01
1.512500047683715820e+00 -5.483776569366455078e+00 1.155705261230468750e+01
1.524999976158142090e+00 -5.204004287719726562e+00 1.156580924987792969e+01
1.537500023841857910e+00 -4.889462947845458984e+00 1.158097362518310547e+01
1.549999952316284180e+00 -4.545522689819335938e+00 1.159101200103759766e+01
1.562500000000000000e+00 -4.173569202423095703e+00 1.158843231201171875e+01
1.575000047683715820e+00 -3.771693468093872070e+00 1.157781219482421875e+01
1.587499976158142090e+00 -3.339089632034301758e+00 1.157199192047119141e+01
1.600000023841857910e+00 -2.879926443099975586e+00 1.157930564880371094e+01
1.612499952316284180e+00 -2.402571678161621094e+00 1.159409141540527344e+01
1.625000000000000000e+00 -1.914300560951232910e+00 1.160072040557861328e+01
1.637500047683715820e+00 -1.416246891021728516e+00 1.158888912200927734e+01
1.649999976158142090e+00 -9.038698673248291016e-01 1.156615447998046875e+01
1.662500023841857910e+00 -3.736560642719268799e-01 1.155400276184082031e+01
1.674999952316284180e+00 1.691103130578994751e-01 1.156736087799072266e+01
1.687500000000000000e+00 7.085663676261901855e-01 1.159312343597412109e+01
1.700000047683715820e+00 1.225279331207275391e+00 1.158693599700927734e+01
1.712499976158142090e+00 1.707634925842285156e+00 1.149464321136474609e+01
1.725000023841857910e+00 2.159053564071655273e+00 1.128530597686767578e+01
1.737499952316284180e+00 2.595126390457153320e+00 1.097240161895751953e+01
1.750000000000000000e+00 3.032311201095581055e+00 1.060785484313964844e+01
1.762500047683715820e+00 3.476232290267944336e+00 1.025348186492919922e+01
1.774999976158142090e+00 3.917755365371704102e+00 9.950437545776367188e+00
1.787500023841857910e+00 4.338889122009277344e+00 9.706814765930175781e+00
1.799999952316284180e+00 4.723288536071777344e+00 9.508015632629394531e+00
1.812500000000000000e+00 5.063475131988525391e+00 9.337392807006835938e+00
1.825000047683715820e+00 5.360512733459472656e+00 9.189599037170410156e+00
1.837499976158142090e+00 5.618238925933837891e+00 9.068712234497070312e+00
1.850000023841857910e+00 5.837825298309326172e+00 8.977523803710937500e+00
1.862499952316284180e+00 6.016842842102050781e+00 8.910663604736328125e+00
1.875000000000000000e+00 6.152245998382568359e+00 8.858106613159179688e+00
1.887500047683715820e+00 6.243373870849609375e+00 8.814274787902832031e+00
1.899999976158142090e+00 6.291879653930664062e+00 8.782598495483398438e+00
1.912500023841857910e+00 6.299144268035888672e+00 8.770704269409179688e+00
1.924999952316284180e+00 6.264327049255371094e+00 8.781425476074218750e+00
1.937500000000000000e+00 6.185324668884277344e+00 8.809271812438964844e+00
1.950000047683715820e+00 6.061610221862792969e+00 8.846429824829101562e+00
1.962499976158142090e+00 5.895775318145751953e+00 8.892269134521484375e+00
1.975000023841857910e+00 5.691863059997558594e+00 8.956102371215820312e+00
1.987499952316284180e+00 5.452057361602783203e+00 9.049288749694824219e+00
2.000000000000000000e+00 5.175405502319335938e+00 9.173864364624023438e+00
