0.000000000000000000e+00 6.227830886840820312e+00 8.827357292175292969e+00
1.250000018626451492e-02 6.273017406463623047e+00 8.784707069396972656e+00
2.500000037252902985e-02 6.225291728973388672e+00 8.791481018066406250e+00
3.750000149011611938e-02 6.078733444213867188e+00 8.836162567138671875e+00
5.000000074505805969e-02 5.833971023559570312e+00 8.901245117187500000e+00
6.250000000000000000e-02 5.503955364227294922e+00 9.008596420288085938e+00
7.500000298023223877e-02 5.094451427459716797e+00 9.184480667114257812e+00
8.749999850988388062e-02 4.601754188537597656e+00 9.407432556152343750e+00
1.000000014901161194e-01 4.040805339813232422e+00 9.655528068542480469e+00
1.124999970197677612e-01 3.446270465850830078e+00 9.976444244384765625e+00
1.250000000000000000e-01 2.824585676193237305e+00 1.042011547088623047e+01
1.375000029802322388e-01 2.133724212646484375e+00 1.090459442138671875e+01
1.500000059604644775e-01 1.343703746795654297e+00 1.124755382537841797e+01
1.624999940395355225e-01 4.980488121509552002e-01 1.136349487304687500e+01
1.749999970197677612e-01 -3.221355676651000977e-01 1.135215187072753906e+01
1.875000000000000000e-01 -1.084592103958129883e+00 1.135363292694091797e+01
2.000000029802322388e-01 -1.818357586860656738e+00 1.139140605926513672e+01
2.125000059604644775e-01 -2.545297861099243164e+00 1.141172790527343750e+01
2.249999940395355225e-01 -3.242204904556274414e+00 1.140679836273193359e+01
2.374999970197677612e-01 -3.878588914871215820e+00 1.141662693023681641e+01
2.500000000000000000e-01 -4.452141761779785156e+00 1.144643020629882812e+01
2.624999880790710449e-01 -4.967371940612792969e+00 1.146360206604003906e+01
2.750000059604644775e-01 -5.408782482147216797e+00 1.146452426910400391e+01
2.874999940395355225e-01 -5.757888793945312500e+00 1.147771358489990234e+01
3.000000119209289551e-01 -6.015983104705810547e+00 1.150556564331054688e+01
3.125000000000000000e-01 -6.189247131347656250e+00 1.152155208587646484e+01
3.249999880790710449e-01 -6.268378257751464844e+00 1.152383327484130859e+01
3.375000059604644775e-01 -6.242639541625976562e+00 1.153767490386962891e+01
3.499999940395355225e-01 -6.119116306304931641e+00 1.156394386291503906e+01
3.625000119209289551e-01 -5.908913612365722656e+00 1.157704734802246094e+01
3.750000000000000000e-01 -5.608244419097900391e+00 1.157636165618896484e+01
3.874999880790710449e-01 -5.212538242340087891e+00 1.158801555633544922e+01
4.000000059604644775e-01 -4.735625267028808594e+00 1.161152839660644531e+01
4.124999940395355225e-01 -4.194402217864990234e+00 1.161822032928466797e+01
4.250000119209289551e-01 -3.588139533996582031e+00 1.160905647277832031e+01
4.375000000000000000e-01 -2.915655136108398438e+00 1.161627197265625000e+01
4.499999880790710449e-01 -2.198468446731567383e+00 1.163709449768066406e+01
4.625000059604644775e-01 -1.458943486213684082e+00 1.163140106201171875e+01
4.749999940395355225e-01 -6.891571283340454102e-01 1.160449886322021484e+01
4.875000119209289551e-01 1.214814484119415283e-01 1.161379623413085938e+01
5.000000000000000000e-01 9.336611032485961914e-01 1.164626693725585938e+01
5.124999880790710449e-01 1.677488684654235840e+00 1.156245517730712891e+01
5.249999761581420898e-01 2.334043502807617188e+00 1.124005603790283203e+01
5.375000238418579102e-01 2.958368301391601562e+00 1.073387527465820312e+01
5.500000119209289551e-01 3.601983308792114258e+00 1.022038364410400391e+01
5.625000000000000000e-01 4.244133472442626953e+00 9.811852455139160156e+00
5.749999880790710449e-01 4.822305679321289062e+00 9.498043060302734375e+00
5.874999761581420898e-01 5.301907539367675781e+00 9.245455741882324219e+00
6.000000238418579102e-01 5.686039447784423828e+00 9.060037612915039062e+00
6.125000119209289551e-01 5.978041172027587891e+00 8.942194938659667969e+00
6.250000000000000000e-01 6.170238494873046875e+00 8.860673904418945312e+00
6.374999880790710449e-01 6.262220382690429688e+00 8.800488471984863281e+00
6.499999761581420898e-01 6.260797500610351562e+00 8.781810760498046875e+00
6.625000238418579102e-01 6.163992404937744141e+00 8.811045646667480469e+00
6.750000119209289551e-01 5.966726779937744141e+00 8.866068840026855469e+00
6.875000000000000000e-01 5.677232265472412109e+00 8.947691917419433594e+00
6.999999880790710449e-01 5.307416915893554688e+00 9.089052200317382812e+00
7.124999761581420898e-01 4.855898857116699219e+00 9.293743133544921875e+00
7.250000238418579102e-01 4.324913501739501953e+00 9.528259277343750000e+00
7.375000119209289551e-01 3.743121385574340820e+00 9.803528785705566406e+00
7.500000000000000000e-01 3.137644052505493164e+00 1.018628978729248047e+01
7.624999880790710449e-01 2.487632036209106445e+00 1.067077350616455078e+01
7.749999761581420898e-01 1.746353149414062500e+00 1.110536766052246094e+01
7.875000238418579102e-01 9.183679223060607910e-01 1.133172893524169922e+01
8.000000119209289551e-01 7.685518264770507812e-02 1.136324596405029297e+01
8.125000000000000000e-01 -7.132928371429443359e-01 1.134652519226074219e+01
8.249999880790710449e-01 -1.456250071525573730e+00 1.137142276763916016e+01
8.374999761581420898e-01 -2.186833858489990234e+00 1.140626144409179688e+01
8.500000238418579102e-01 -2.903350591659545898e+00 1.140998172760009766e+01
8.625000119209289551e-01 -3.571878671646118164e+00 1.140809822082519531e+01
8.750000000000000000e-01 -4.175411701202392578e+00 1.143113327026367188e+01
8.874999880790710449e-01 -4.720073699951171875e+00 1.145816516876220703e+01
8.999999761581420898e-01 -5.200975418090820312e+00 1.146438312530517578e+01
9.125000238418579102e-01 -5.596975803375244141e+00 1.146836566925048828e+01
9.250000119209289551e-01 -5.898933410644531250e+00 1.149154758453369141e+01
9.375000000000000000e-01 -6.114282608032226562e+00 1.151630306243896484e+01
9.499999880790710449e-01 -6.241956710815429688e+00 1.152287864685058594e+01
9.624999761581420898e-01 -6.268468379974365234e+00 1.152827548980712891e+01
9.750000238418579102e-01 -6.191547393798828125e+00 1.155095386505126953e+01
9.875000119209289551e-01 -6.023702144622802734e+00 1.157330989837646484e+01
1.000000000000000000e+00 -5.769029617309570312e+00 1.157681274414062500e+01
1.012500047683715820e+00 -5.419890403747558594e+00 1.157960605621337891e+01
1.024999976158142090e+00 -4.980525970458984375e+00 1.160018634796142578e+01
1.037500023841857910e+00 -4.470029830932617188e+00 1.161820030212402344e+01
1.049999952316284180e+00 -3.896912574768066406e+00 1.161356449127197266e+01
1.062500000000000000e+00 -3.256047248840332031e+00 1.160934543609619141e+01
1.075000047683715820e+00 -2.557207107543945312e+00 1.162758541107177734e+01
1.087499976158142090e+00 -1.827625036239624023e+00 1.163915538787841797e+01
1.100000023841857910e+00 -1.075415372848510742e+00 1.161698818206787109e+01
1.112499952316284180e+00 -2.839582860469818115e-01 1.160221195220947266e+01
1.125000000000000000e+00 5.359452962875366211e-01 1.163391494750976562e+01
1.137500047683715820e+00 1.321001291275024414e+00 1.162914276123046875e+01
1.149999976158142090e+00 2.017602682113647461e+00 1.143081283569335938e+01
1.162500023841857910e+00 2.648767471313476562e+00 1.099699974060058594e+01
1.174999952316284180e+00 3.280396223068237305e+00 1.046520805358886719e+01
1.187500000000000000e+00 3.930277824401855469e+00 9.999574661254882812e+00
1.200000047683715820e+00 4.547400474548339844e+00 9.644512176513671875e+00
1.212499976158142090e+00 5.077056884765625000e+00 9.363191604614257812e+00
1.225000023841857910e+00 5.507206439971923828e+00 9.142521858215332031e+00
1.237499952316284180e+00 5.845409393310546875e+00 8.993680953979492188e+00
1.250000000000000000e+00 6.087923049926757812e+00 8.898480415344238281e+00
1.262500047683715820e+00 6.228729724884033203e+00 8.826754570007324219e+00
1.274999976158142090e+00 6.273004531860351562e+00 8.784520149230957031e+00
1.287500023841857910e+00 6.224344730377197266e+00 8.791780471801757812e+00
1.299999952316284180e+00 6.076793193817138672e+00 8.836702346801757812e+00
1.312500000000000000e+00 5.831123352050781250e+00 8.902029037475585938e+00
1.325000047683715820e+00 5.500327110290527344e+00 9.009982109069824219e+00
1.337499976158142090e+00 5.090020179748535156e+00 9.186509132385253906e+00
1.350000023841857910e+00 4.596529006958007812e+00 9.409730911254882812e+00
1.362499952316284180e+00 4.035080909729003906e+00 9.658195495605468750e+00
1.375000000000000000e+00 3.440336942672729492e+00 9.980198860168457031e+00
1.387500047683715820e+00 2.818229198455810547e+00 1.042494106292724609e+01
1.399999976158142090e+00 2.126447200775146484e+00 1.090893554687500000e+01
1.412500023841857910e+00 1.335541963577270508e+00 1.124976825714111328e+01
1.424999952316284180e+00 4.897586703300476074e-01 1.136373329162597656e+01
1.437500000000000000e+00 -3.298872709274291992e-01 1.135194778442382812e+01
1.450000047683715820e+00 -1.091866374015808105e+00 1.135389709472656250e+01
1.462499976158142090e+00 -1.825529932975769043e+00 1.139176940917968750e+01
1.475000023841857910e+00 -2.552348136901855469e+00 1.141174983978271484e+01
1.487499952316284180e+00 -3.248774290084838867e+00 1.140676403045654297e+01
1.500000000000000000e+00 -3.884508132934570312e+00 1.141686439514160156e+01
1.512500047683715820e+00 -4.457489490509033203e+00 1.144670867919921875e+01
1.524999976158142090e+00 -4.972102642059326172e+00 1.146365261077880859e+01
1.537500023841857910e+00 -5.412673473358154297e+00 1.146455192565917969e+01
1.549999952316284180e+00 -5.760847568511962891e+00 1.147795104980468750e+01
1.562500000000000000e+00 -6.018096923828125000e+00 1.150581932067871094e+01
1.575000047683715820e+00 -6.190507411956787109e+00 1.152160739898681641e+01
1.587499976158142090e+00 -6.268639564514160156e+00 1.152387619018554688e+01
1.600000023841857910e+00 -6.241878032684326172e+00 1.153790664672851562e+01
1.612499952316284180e+00 -6.117466926574707031e+00 1.156417369842529297e+01
1.625000000000000000e+00 -5.906418323516845703e+00 1.157707214355468750e+01
1.637500047683715820e+00 -5.604815483093261719e+00 1.157637882232666016e+01
1.649999976158142090e+00 -5.208215713500976562e+00 1.158822917938232422e+01
1.662500023841857910e+00 -4.730610847473144531e+00 1.161171627044677734e+01
1.674999952316284180e+00 -4.188780784606933594e+00 1.161816215515136719e+01
1.687500000000000000e+00 -3.581845283508300781e+00 1.160900211334228516e+01
1.700000047683715820e+00 -2.908782005310058594e+00 1.161646652221679688e+01
1.712499976158142090e+00 -2.191303253173828125e+00 1.163722324371337891e+01
1.725000023841857910e+00 -1.451570034027099609e+00 1.163116264343261719e+01
1.737499952316284180e+00 -6.813858151435852051e-01 1.160433006286621094e+01
1.750000000000000000e+00 1.295588761568069458e-01 1.161414337158203125e+01
1.762500047683715820e+00 9.413929581642150879e-01 1.164629554748535156e+01
1.774999976158142090e+00 1.684314966201782227e+00 1.156052970886230469e+01
1.787500023841857910e+00 2.340206384658813477e+00 1.123573207855224609e+01
1.799999952316284180e+00 2.964560031890869141e+00 1.072858047485351562e+01
1.812500000000000000e+00 3.608386993408203125e+00 1.021579837799072266e+01
1.825000047683715820e+00 4.250216007232666016e+00 9.808388710021972656e+00
1.837499976158142090e+00 4.827507495880126953e+00 9.495286941528320312e+00
1.850000023841857910e+00 5.306125164031982422e+00 9.243281364440917969e+00
1.862499952316284180e+00 5.689361572265625000e+00 9.058585166931152344e+00
1.875000000000000000e+00 5.980424880981445312e+00 8.941276550292968750e+00
1.887500047683715820e+00 6.171617507934570312e+00 8.859965324401855469e+00
1.899999976158142090e+00 6.262652873992919922e+00 8.800062179565429688e+00
1.912500023841857910e+00 6.260323047637939453e+00 8.781888961791992188e+00
1.924999952316284180e+00 6.162544250488281250e+00 8.811496734619140625e+00
1.937500000000000000e+00 5.964308738708496094e+00 8.866699218750000000e+00
1.950000047683715820e+00 5.673982620239257812e+00 8.948737144470214844e+00
1.962499976158142090e+00 5.303392887115478516e+00 9.090797424316406250e+00
1.975000023841857910e+00 4.851048946380615234e+00 9.295947074890136719e+00
1.987499952316284180e+00 4.319385528564453125e+00 9.530674934387207031e+00
2.000000000000000000e+00 3.737279653549194336e+00 9.806660652160644531e+00
