0.000000000000000000e+00 6.227352619171142578e+00 8.827715873718261719e+00
1.250000018626451492e-02 6.272764205932617188e+00 8.784864425659179688e+00
2.500000037252902985e-02 6.224802970886230469e+00 8.791676521301269531e+00
3.750000149011611938e-02 6.077507019042968750e+00 8.836525917053222656e+00
5.000000074505805969e-02 5.831563949584960938e+00 8.901891708374023438e+00
6.250000000000000000e-02 5.500042915344238281e+00 9.010000228881835938e+00
7.500000298023223877e-02 5.088631153106689453e+00 9.187006950378417969e+00
8.749999850988388062e-02 4.593641281127929688e+00 9.410859107971191406e+00
1.000000014901161194e-01 4.030507087707519531e+00 9.660140991210937500e+00
1.124999970197677612e-01 3.434135675430297852e+00 9.983801841735839844e+00
1.250000000000000000e-01 2.810084104537963867e+00 1.043066215515136719e+01
1.375000029802322388e-01 2.115436553955078125e+00 1.091499614715576172e+01
1.500000059604644775e-01 1.321224451065063477e+00 1.125316905975341797e+01
1.624999940395355225e-01 4.731109142303466797e-01 1.136384105682373047e+01
1.749999970197677612e-01 -3.474837839603424072e-01 1.135123729705810547e+01
1.875000000000000000e-01 -1.110262513160705566e+00 1.135433197021484375e+01
2.000000029802322388e-01 -1.845440268516540527e+00 1.139251041412353516e+01
2.125000059604644775e-01 -2.573613643646240234e+00 1.141157722473144531e+01
2.249999940395355225e-01 -3.270179510116577148e+00 1.140647983551025391e+01
2.374999970197677612e-01 -3.905244588851928711e+00 1.141754722595214844e+01
2.500000000000000000e-01 -4.477515220642089844e+00 1.144758033752441406e+01
2.624999880790710449e-01 -4.990921497344970703e+00 1.146370983123779297e+01
2.750000059604644775e-01 -5.429032802581787109e+00 1.146460533142089844e+01
2.874999940395355225e-01 -5.773940563201904297e+00 1.147898960113525391e+01
3.000000119209289551e-01 -6.027863502502441406e+00 1.150697326660156250e+01
3.125000000000000000e-01 -6.196451187133789062e+00 1.152186298370361328e+01
3.249999880790710449e-01 -6.269572734832763672e+00 1.152417945861816406e+01
3.375000059604644775e-01 -6.237204551696777344e+00 1.153930091857910156e+01
3.499999940395355225e-01 -6.107458114624023438e+00 1.156557178497314453e+01
3.625000119209289551e-01 -5.890845775604248047e+00 1.157732677459716797e+01
3.750000000000000000e-01 -5.582711696624755859e+00 1.157671260833740234e+01
3.874999880790710449e-01 -5.179430007934570312e+00 1.158987426757812500e+01
4.000000059604644775e-01 -4.696067810058593750e+00 1.161316776275634766e+01
4.124999940395355225e-01 -4.148679256439208984e+00 1.161796283721923828e+01
4.250000119209289551e-01 -3.535409927368164062e+00 1.160897731781005859e+01
4.375000000000000000e-01 -2.856476306915283203e+00 1.161831283569335938e+01
4.499999880790710449e-01 -2.135079622268676758e+00 1.163844299316406250e+01
4.625000059604644775e-01 -1.391833305358886719e+00 1.162948989868164062e+01
4.749999940395355225e-01 -6.164376735687255859e-01 1.160349464416503906e+01
4.875000119209289551e-01 1.989193111658096313e-01 1.161766910552978516e+01
5.000000000000000000e-01 1.009429097175598145e+00 1.164639091491699219e+01
5.124999880790710449e-01 1.745977640151977539e+00 1.154224967956542969e+01
5.249999761581420898e-01 2.397587537765502930e+00 1.119496440887451172e+01
5.375000238418579102e-01 3.023853063583374023e+00 1.067851257324218750e+01
5.500000119209289551e-01 3.671020030975341797e+00 1.017205047607421875e+01
5.625000000000000000e-01 4.310774326324462891e+00 9.774630546569824219e+00
5.749999880790710449e-01 4.880333423614501953e+00 9.467618942260742188e+00
5.874999761581420898e-01 5.349929332733154297e+00 9.221047401428222656e+00
6.000000238418579102e-01 5.724572658538818359e+00 9.043589591979980469e+00
6.125000119209289551e-01 6.005990028381347656e+00 8.931563377380371094e+00
6.250000000000000000e-01 6.186349391937255859e+00 8.852271080017089844e+00
6.374999880790710449e-01 6.266772270202636719e+00 8.795606613159179688e+00
6.499999761581420898e-01 6.253747463226318359e+00 8.783316612243652344e+00
6.625000238418579102e-01 6.143972396850585938e+00 8.817232131958007812e+00
6.750000119209289551e-01 5.933425903320312500e+00 8.874748229980468750e+00
6.875000000000000000e-01 5.632078647613525391e+00 8.962487220764160156e+00
6.999999880790710449e-01 5.250656127929687500e+00 9.113800048828125000e+00
7.124999761581420898e-01 4.786467552185058594e+00 9.325040817260742188e+00
7.250000238418579102e-01 4.244805335998535156e+00 9.563244819641113281e+00
7.375000119209289551e-01 3.657326698303222656e+00 9.850298881530761719e+00
7.500000000000000000e-01 3.046551227569580078e+00 1.025254058837890625e+01
7.624999880790710449e-01 2.384145498275756836e+00 1.074284553527832031e+01
7.749999761581420898e-01 1.625807046890258789e+00 1.115447425842285156e+01
7.875000238418579102e-01 7.880550026893615723e-01 1.134583187103271484e+01
8.000000119209289551e-01 -5.041161924600601196e-02 1.135971260070800781e+01
8.125000000000000000e-01 -8.331748247146606445e-01 1.134713459014892578e+01
8.249999880790710449e-01 -1.574007272720336914e+00 1.137781143188476562e+01
8.374999761581420898e-01 -2.305525779724121094e+00 1.140883922576904297e+01
8.500000238418579102e-01 -3.018281221389770508e+00 1.140855789184570312e+01
8.625000119209289551e-01 -3.677817821502685547e+00 1.141000366210937500e+01
8.750000000000000000e-01 -4.272243499755859375e+00 1.143638610839843750e+01
8.874999880790710449e-01 -4.808254718780517578e+00 1.146061134338378906e+01
8.999999761581420898e-01 -5.277036666870117188e+00 1.146416473388671875e+01
9.125000238418579102e-01 -5.657310485839843750e+00 1.147102832794189453e+01
9.250000119209289551e-01 -5.943771839141845703e+00 1.149678897857666016e+01
9.375000000000000000e-01 -6.144290447235107422e+00 1.151883316040039062e+01
9.499999880790710449e-01 -6.254596710205078125e+00 1.152308845520019531e+01
9.624999761581420898e-01 -6.261334896087646484e+00 1.153133964538574219e+01
9.750000238418579102e-01 -6.165924549102783203e+00 1.155627441406250000e+01
9.875000119209289551e-01 -5.981220245361328125e+00 1.157551765441894531e+01
1.000000000000000000e+00 -5.708113193511962891e+00 1.157659530639648438e+01
1.012500047683715820e+00 -5.339303493499755859e+00 1.158257770538330078e+01
1.024999976158142090e+00 -4.883086681365966797e+00 1.160533237457275391e+01
1.037500023841857910e+00 -4.358695507049560547e+00 1.161920642852783203e+01
1.049999952316284180e+00 -3.770698785781860352e+00 1.161167716979980469e+01
1.062500000000000000e+00 -3.114563226699829102e+00 1.161181640625000000e+01
1.075000047683715820e+00 -2.405353784561157227e+00 1.163251590728759766e+01
1.087499976158142090e+00 -1.669743776321411133e+00 1.163727474212646484e+01
1.100000023841857910e+00 -9.087205529212951660e-01 1.161118793487548828e+01
1.112499952316284180e+00 -1.062119007110595703e-01 1.160612964630126953e+01
1.125000000000000000e+00 7.146047353744506836e-01 1.164190387725830078e+01
1.137500047683715820e+00 1.484441041946411133e+00 1.160660457611083984e+01
1.149999976158142090e+00 2.163158178329467773e+00 1.135146331787109375e+01
1.162500023841857910e+00 2.790471792221069336e+00 1.087812328338623047e+01
1.174999952316284180e+00 3.429087400436401367e+00 1.034902858734130859e+01
1.187500000000000000e+00 4.078851222991943359e+00 9.908785820007324219e+00
1.200000047683715820e+00 4.680530548095703125e+00 9.573666572570800781e+00
1.212499976158142090e+00 5.187612056732177734e+00 9.305217742919921875e+00
1.225000023841857910e+00 5.596393108367919922e+00 9.100578308105468750e+00
1.237499952316284180e+00 5.913145542144775391e+00 8.967378616333007812e+00
1.250000000000000000e+00 6.131558895111083984e+00 8.879498481750488281e+00
1.262500047683715820e+00 6.248104095458984375e+00 8.812724113464355469e+00
1.274999976158142090e+00 6.269436836242675781e+00 8.781652450561523438e+00
1.287500023841857910e+00 6.196418762207031250e+00 8.800784111022949219e+00
1.299999952316284180e+00 6.022817134857177734e+00 8.851365089416503906e+00
1.312500000000000000e+00 5.753328323364257812e+00 8.924189567565917969e+00
1.325000047683715820e+00 5.401248455047607422e+00 9.049258232116699219e+00
1.337499976158142090e+00 4.968306541442871094e+00 9.242223739624023438e+00
1.350000023841857910e+00 4.452887058258056641e+00 9.472373962402343750e+00
1.362499952316284180e+00 3.877953529357910156e+00 9.733663558959960938e+00
1.375000000000000000e+00 3.276170015335083008e+00 1.008824348449707031e+01
1.387500047683715820e+00 2.638965845108032227e+00 1.055965042114257812e+01
1.399999976158142090e+00 1.918733000755310059e+00 1.102333831787109375e+01
1.412500023841857910e+00 1.103184580802917480e+00 1.130221843719482422e+01
1.424999952316284180e+00 2.551655471324920654e-01 1.136564159393310547e+01
1.437500000000000000e+00 -5.501377582550048828e-01 1.134724330902099609e+01
1.450000047683715820e+00 -1.301850080490112305e+00 1.136290836334228516e+01
1.462499976158142090e+00 -2.035157680511474609e+00 1.140094184875488281e+01
1.475000023841857910e+00 -2.758761405944824219e+00 1.141104698181152344e+01
1.487499952316284180e+00 -3.441223382949829102e+00 1.140655994415283203e+01
1.500000000000000000e+00 -4.059182167053222656e+00 1.142475700378417969e+01
1.512500047683715820e+00 -4.616531372070312500e+00 1.145409774780273438e+01
1.524999976158142090e+00 -5.112678527832031250e+00 1.146430492401123047e+01
1.537500023841857910e+00 -5.527637481689453125e+00 1.146618080139160156e+01
1.549999952316284180e+00 -5.848062992095947266e+00 1.148597145080566406e+01
1.562500000000000000e+00 -6.079881191253662109e+00 1.151287174224853516e+01
1.575000047683715820e+00 -6.225213050842285156e+00 1.152267265319824219e+01
1.587499976158142090e+00 -6.271298885345458984e+00 1.152614784240722656e+01
1.600000023841857910e+00 -6.212308883666992188e+00 1.154606246948242188e+01
1.612499952316284180e+00 -6.059584617614746094e+00 1.157072734832763672e+01
1.625000000000000000e+00 -5.820176124572753906e+00 1.157729721069335938e+01
1.637500047683715820e+00 -5.487035274505615234e+00 1.157809925079345703e+01
1.649999976158142090e+00 -5.060954570770263672e+00 1.159611225128173828e+01
1.662500023841857910e+00 -4.560120582580566406e+00 1.161693954467773438e+01
1.674999952316284180e+00 -3.996378898620605469e+00 1.161562633514404297e+01
1.687500000000000000e+00 -3.365194797515869141e+00 1.160882472991943359e+01
1.700000047683715820e+00 -2.672338247299194336e+00 1.162415599822998047e+01
1.712499976158142090e+00 -1.944426536560058594e+00 1.163990879058837891e+01
1.725000023841857910e+00 -1.194844007492065430e+00 1.162206363677978516e+01
1.737499952316284180e+00 -4.082312285900115967e-01 1.160182476043701172e+01
1.750000000000000000e+00 4.124609231948852539e-01 1.162819671630859375e+01
1.762500047683715820e+00 1.209431767463684082e+00 1.163901329040527344e+01
1.774999976158142090e+00 1.921401381492614746e+00 1.147612094879150391e+01
1.787500023841857910e+00 2.559415578842163086e+00 1.107038974761962891e+01
1.799999952316284180e+00 3.189377546310424805e+00 1.053977966308593750e+01
1.812500000000000000e+00 3.840125083923339844e+00 1.005791091918945312e+01
1.825000047683715820e+00 4.467219829559326172e+00 9.688295364379882812e+00
1.837499976158142090e+00 5.011737823486328125e+00 9.398018836975097656e+00
1.850000023841857910e+00 5.455780982971191406e+00 9.167859077453613281e+00
1.862499952316284180e+00 5.806759834289550781e+00 9.009392738342285156e+00
1.875000000000000000e+00 6.062644481658935547e+00 8.909091949462890625e+00
1.887500047683715820e+00 6.216459274291992188e+00 8.834753036499023438e+00
1.899999976158142090e+00 6.272289752960205078e+00 8.787351608276367188e+00
1.912500023841857910e+00 6.234916687011718750e+00 8.788535118103027344e+00
1.924999952316284180e+00 6.098929405212402344e+00 8.830486297607421875e+00
1.937500000000000000e+00 5.863412380218505859e+00 8.893234252929687500e+00
1.950000047683715820e+00 5.540821552276611328e+00 8.994685173034667969e+00
1.962499976158142090e+00 5.138512611389160156e+00 9.164232254028320312e+00
1.975000023841857910e+00 4.652636051177978516e+00 9.384832382202148438e+00
1.987499952316284180e+00 4.095389366149902344e+00 9.630185127258300781e+00
2.000000000000000000e+00 3.501442909240722656e+00 9.941785812377929688e+00
