0.000000000000000000e+00 6.226874351501464844e+00 8.827964782714843750e+00
1.250000018626451492e-02 6.272511482238769531e+00 8.784912109375000000e+00
2.500000037252902985e-02 6.224314689636230469e+00 8.791763305664062500e+00
3.750000149011611938e-02 6.076279640197753906e+00 8.836780548095703125e+00
5.000000074505805969e-02 5.829153060913085938e+00 8.902431488037109375e+00
6.250000000000000000e-02 5.496124267578125000e+00 9.011301994323730469e+00
7.500000298023223877e-02 5.082800865173339844e+00 9.189432144165039062e+00
8.749999850988388062e-02 4.585514545440673828e+00 9.414181709289550781e+00
1.000000014901161194e-01 4.020201206207275391e+00 9.664668083190917969e+00
1.124999970197677612e-01 3.421995639801025391e+00 9.991101264953613281e+00
1.250000000000000000e-01 2.795554637908935547e+00 1.044112300872802734e+01
1.375000029802322388e-01 2.097091913223266602e+00 1.092520046234130859e+01
1.500000059604644775e-01 1.298705220222473145e+00 1.125851058959960938e+01
1.624999940395355225e-01 4.481977820396423340e-01 1.136398601531982422e+01
1.749999970197677612e-01 -3.727703094482421875e-01 1.135025596618652344e+01
1.875000000000000000e-01 -1.135899782180786133e+00 1.135498428344726562e+01
2.000000029802322388e-01 -1.872513771057128906e+00 1.139348697662353516e+01
2.125000059604644775e-01 -2.601875543594360352e+00 1.141129112243652344e+01
2.249999940395355225e-01 -3.298037767410278320e+00 1.140610599517822266e+01
2.374999970197677612e-01 -3.931772470474243164e+00 1.141842174530029297e+01
2.500000000000000000e-01 -4.502760410308837891e+00 1.144860363006591797e+01
2.624999880790710449e-01 -5.014285564422607422e+00 1.146368598937988281e+01
2.750000059604644775e-01 -5.449026584625244141e+00 1.146464443206787109e+01
2.874999940395355225e-01 -5.789721965789794922e+00 1.148022556304931641e+01
3.000000119209289551e-01 -6.039472579956054688e+00 1.150824069976806641e+01
3.125000000000000000e-01 -6.203319072723388672e+00 1.152203559875488281e+01
3.249999880790710449e-01 -6.270359039306640625e+00 1.152450084686279297e+01
3.375000059604644775e-01 -6.231369495391845703e+00 1.154089546203613281e+01
3.499999940395355225e-01 -6.095423221588134766e+00 1.156703376770019531e+01
3.625000119209289551e-01 -5.872343540191650391e+00 1.157744979858398438e+01
3.750000000000000000e-01 -5.556684970855712891e+00 1.157706642150878906e+01
3.874999880790710449e-01 -5.145886898040771484e+00 1.159171295166015625e+01
4.000000059604644775e-01 -4.656150341033935547e+00 1.161458778381347656e+01
4.124999940395355225e-01 -4.102548599243164062e+00 1.161751365661621094e+01
4.250000119209289551e-01 -3.482234001159667969e+00 1.160896110534667969e+01
4.375000000000000000e-01 -2.797005891799926758e+00 1.162036132812500000e+01
4.499999880790710449e-01 -2.071558952331542969e+00 1.163943576812744141e+01
4.625000059604644775e-01 -1.324475646018981934e+00 1.162731075286865234e+01
4.749999940395355225e-01 -5.433446168899536133e-01 1.160280036926269531e+01
4.875000119209289551e-01 2.763389647006988525e-01 1.162167644500732422e+01
5.000000000000000000e-01 1.084460377693176270e+00 1.164513778686523438e+01
5.124999880790710449e-01 1.813559532165527344e+00 1.151939678192138672e+01
5.249999761581420898e-01 2.460856676101684570e+00 1.114796543121337891e+01
5.375000238418579102e-01 3.089602947235107422e+00 1.062327861785888672e+01
5.500000119209289551e-01 3.739981174468994141e+00 1.012496948242187500e+01
5.625000000000000000e-01 4.376542091369628906e+00 9.738334655761718750e+00
5.749999880790710449e-01 4.937102317810058594e+00 9.437737464904785156e+00
5.874999761581420898e-01 5.396755218505859375e+00 9.197418212890625000e+00
6.000000238418579102e-01 5.761875629425048828e+00 9.027947425842285156e+00
6.125000119209289551e-01 6.032505989074707031e+00 8.921232223510742188e+00
6.250000000000000000e-01 6.200987339019775391e+00 8.844023704528808594e+00
6.374999880790710449e-01 6.269918441772460938e+00 8.791316032409667969e+00
6.499999761581420898e-01 6.245168209075927734e+00 8.785485267639160156e+00
6.625000238418579102e-01 6.122266292572021484e+00 8.823637962341308594e+00
6.750000119209289551e-01 5.898567676544189453e+00 8.883770942687988281e+00
6.875000000000000000e-01 5.585533142089843750e+00 8.978364944458007812e+00
6.999999880790710449e-01 5.192365646362304688e+00 9.139603614807128906e+00
7.124999761581420898e-01 4.715507030487060547e+00 9.356632232666015625e+00
7.250000238418579102e-01 4.163805007934570312e+00 9.598964691162109375e+00
7.375000119209289551e-01 3.571172714233398438e+00 9.899466514587402344e+00
7.500000000000000000e-01 2.954437494277954102e+00 1.032081031799316406e+01
7.624999880790710449e-01 2.278467416763305664e+00 1.081301975250244141e+01
7.749999761581420898e-01 1.503340959548950195e+00 1.119808864593505859e+01
7.875000238418579102e-01 6.577652096748352051e-01 1.135547542572021484e+01
8.000000119209289551e-01 -1.761881113052368164e-01 1.135567951202392578e+01
8.125000000000000000e-01 -9.519771933555603027e-01 1.134900856018066406e+01
8.249999880790710449e-01 -1.691623330116271973e+00 1.138405895233154297e+01
8.374999761581420898e-01 -2.423762321472167969e+00 1.141031551361083984e+01
8.500000238418579102e-01 -3.131673336029052734e+00 1.140713977813720703e+01
8.625000119209289551e-01 -3.781859636306762695e+00 1.141267871856689453e+01
8.750000000000000000e-01 -4.367419719696044922e+00 1.144145488739013672e+01
8.874999880790710449e-01 -4.894456386566162109e+00 1.146222019195556641e+01
8.999999761581420898e-01 -5.350319385528564453e+00 1.146400451660156250e+01
9.125000238418579102e-01 -5.714634418487548828e+00 1.147433853149414062e+01
9.250000119209289551e-01 -5.985859394073486328e+00 1.150179195404052734e+01
9.375000000000000000e-01 -6.171317577362060547e+00 1.152056121826171875e+01
9.499999880790710449e-01 -6.263632297515869141e+00 1.152339935302734375e+01
9.624999761581420898e-01 -6.250566482543945312e+00 1.153504753112792969e+01
9.750000238418579102e-01 -6.137125968933105469e+00 1.156126689910888672e+01
9.875000119209289551e-01 -5.935498237609863281e+00 1.157682991027832031e+01
1.000000000000000000e+00 -5.643500328063964844e+00 1.157653903961181641e+01
1.012500047683715820e+00 -5.255270481109619141e+00 1.158628368377685547e+01
1.024999976158142090e+00 -4.782994747161865234e+00 1.160998153686523438e+01
1.037500023841857910e+00 -4.244807243347167969e+00 1.161906623840332031e+01
1.049999952316284180e+00 -3.641549110412597656e+00 1.161010360717773438e+01
1.062500000000000000e+00 -2.970752000808715820e+00 1.161532020568847656e+01
1.075000047683715820e+00 -2.252468347549438477e+00 1.163655662536621094e+01
1.087499976158142090e+00 -1.510822176933288574e+00 1.163358306884765625e+01
1.100000023841857910e+00 -7.399498820304870605e-01 1.160639286041259766e+01
1.112499952316284180e+00 7.262276858091354370e-02 1.161249542236328125e+01
1.125000000000000000e+00 8.906841278076171875e-01 1.164653968811035156e+01
1.137500047683715820e+00 1.642992138862609863e+00 1.157239723205566406e+01
1.149999976158142090e+00 2.305959463119506836e+00 1.126028442382812500e+01
1.162500023841857910e+00 2.932992696762084961e+00 1.075647830963134766e+01
1.174999952316284180e+00 3.578581809997558594e+00 1.023812866210937500e+01
1.187500000000000000e+00 4.224722385406494141e+00 9.823740959167480469e+00
1.200000047683715820e+00 4.808249950408935547e+00 9.506049156188964844e+00
1.212499976158142090e+00 5.292654037475585938e+00 9.250601768493652344e+00
1.225000023841857910e+00 5.680417537689208984e+00 9.062815666198730469e+00
1.237499952316284180e+00 5.975111484527587891e+00 8.943586349487304688e+00
1.250000000000000000e+00 6.169037342071533203e+00 8.861390113830566406e+00
1.262500047683715820e+00 6.261714458465576172e+00 8.800741195678710938e+00
1.274999976158142090e+00 6.260056972503662109e+00 8.782013893127441406e+00
1.287500023841857910e+00 6.162040710449218750e+00 8.811601638793945312e+00
1.299999952316284180e+00 5.962575435638427734e+00 8.867058753967285156e+00
1.312500000000000000e+00 5.670174121856689453e+00 8.949753761291503906e+00
1.325000047683715820e+00 5.296785354614257812e+00 9.093316078186035156e+00
1.337499976158142090e+00 4.840788364410400391e+00 9.300218582153320312e+00
1.350000023841857910e+00 4.305007934570312500e+00 9.536546707153320312e+00
1.362499952316284180e+00 3.719203710556030273e+00 9.815801620483398438e+00
1.375000000000000000e+00 3.109773635864257812e+00 1.020557975769042969e+01
1.387500047683715820e+00 2.453425645828247070e+00 1.069402313232421875e+01
1.399999976158142090e+00 1.703385591506958008e+00 1.112273788452148438e+01
1.412500023841857910e+00 8.682546019554138184e-01 1.133699321746826172e+01
1.424999952316284180e+00 2.432929910719394684e-02 1.136133003234863281e+01
1.437500000000000000e+00 -7.658416032791137695e-01 1.134613800048828125e+01
1.450000047683715820e+00 -1.510562777519226074e+00 1.137386131286621094e+01
1.462499976158142090e+00 -2.244267702102661133e+00 1.140717983245849609e+01
1.475000023841857910e+00 -2.961627483367919922e+00 1.140887451171875000e+01
1.487499952316284180e+00 -3.627948999404907227e+00 1.140864276885986328e+01
1.500000000000000000e+00 -4.228656768798828125e+00 1.143367576599121094e+01
1.512500047683715820e+00 -4.770357131958007812e+00 1.145934963226318359e+01
1.524999976158142090e+00 -5.245932102203369141e+00 1.146401500701904297e+01
1.537500023841857910e+00 -5.633842945098876953e+00 1.146971702575683594e+01
1.549999952316284180e+00 -5.927142143249511719e+00 1.149469089508056641e+01
1.562500000000000000e+00 -6.133697986602783203e+00 1.151790809631347656e+01
1.575000047683715820e+00 -6.250398159027099609e+00 1.152295970916748047e+01
1.587499976158142090e+00 -6.263626575469970703e+00 1.153028964996337891e+01
1.600000023841857910e+00 -6.173575401306152344e+00 1.155472087860107422e+01
1.612499952316284180e+00 -5.993197441101074219e+00 1.157503986358642578e+01
1.625000000000000000e+00 -5.724358558654785156e+00 1.157676315307617188e+01
1.637500047683715820e+00 -5.359513759613037109e+00 1.158191967010498047e+01
1.649999976158142090e+00 -4.905955791473388672e+00 1.160432720184326172e+01
1.662500023841857910e+00 -4.383145332336425781e+00 1.161928176879882812e+01
1.674999952316284180e+00 -3.796618223190307617e+00 1.161229801177978516e+01
1.687500000000000000e+00 -3.141579627990722656e+00 1.161154079437255859e+01
1.700000047683715820e+00 -2.432152509689331055e+00 1.163196563720703125e+01
1.712499976158142090e+00 -1.695458292961120605e+00 1.163798809051513672e+01
1.725000023841857910e+00 -9.337362051010131836e-01 1.161234092712402344e+01
1.737499952316284180e+00 -1.305329054594039917e-01 1.160580635070800781e+01
1.750000000000000000e+00 6.926481127738952637e-01 1.164137840270996094e+01
1.762500047683715820e+00 1.466548800468444824e+00 1.160994052886962891e+01
1.774999976158142090e+00 2.148879289627075195e+00 1.136023044586181641e+01
1.787500023841857910e+00 2.777937889099121094e+00 1.088918304443359375e+01
1.799999952316284180e+00 3.417464017868041992e+00 1.035833168029785156e+01
1.812500000000000000e+00 4.068922042846679688e+00 9.915104866027832031e+00
1.825000047683715820e+00 4.673156738281250000e+00 9.577849388122558594e+00
1.837499976158142090e+00 5.182710647583007812e+00 9.307935714721679688e+00
1.850000023841857910e+00 5.593391895294189453e+00 9.102070808410644531e+00
1.862499952316284180e+00 5.911546707153320312e+00 8.968082427978515625e+00
1.875000000000000000e+00 6.130891799926757812e+00 8.879826545715332031e+00
1.887500047683715820e+00 6.247850418090820312e+00 8.812809944152832031e+00
1.899999976158142090e+00 6.269124031066894531e+00 8.781677246093750000e+00
1.912500023841857910e+00 6.195568084716796875e+00 8.800981521606445312e+00
1.924999952316284180e+00 6.020918369293212891e+00 8.851777076721191406e+00
1.937500000000000000e+00 5.749997615814208984e+00 8.925035476684570312e+00
1.950000047683715820e+00 5.396178245544433594e+00 9.051131248474121094e+00
1.962499976158142090e+00 4.961053371429443359e+00 9.245303153991699219e+00
1.975000023841857910e+00 4.443172454833984375e+00 9.476349830627441406e+00
1.987499952316284180e+00 3.866097450256347656e+00 9.739268302917480469e+00
2.000000000000000000e+00 3.262422084808349609e+00 1.009721660614013672e+01
