0.000000000000000000e+00 6.226396083831787109e+00 8.828324317932128906e+00
1.250000018626451492e-02 6.272259235382080078e+00 8.785069465637207031e+00
2.500000037252902985e-02 6.223826408386230469e+00 8.791959762573242188e+00
3.750000149011611938e-02 6.075049877166748047e+00 8.837143898010253906e+00
5.000000074505805969e-02 5.826737403869628906e+00 8.903079986572265625e+00
6.250000000000000000e-02 5.492197990417480469e+00 9.012716293334960938e+00
7.500000298023223877e-02 5.076956748962402344e+00 9.191969871520996094e+00
8.749999850988388062e-02 4.577372074127197266e+00 9.417613983154296875e+00
1.000000014901161194e-01 4.009885311126708984e+00 9.669318199157714844e+00
1.124999970197677612e-01 3.409847736358642578e+00 9.998551368713378906e+00
1.250000000000000000e-01 2.780993461608886719e+00 1.045170211791992188e+01
1.375000029802322388e-01 2.078686952590942383e+00 1.093541049957275391e+01
1.500000059604644775e-01 1.276144742965698242e+00 1.126377868652343750e+01
1.624999940395355225e-01 4.233082532882690430e-01 1.136413097381591797e+01
1.749999970197677612e-01 -3.979983627796173096e-01 1.134940719604492188e+01
1.875000000000000000e-01 -1.161508202552795410e+00 1.135577964782714844e+01
2.000000029802322388e-01 -1.899580597877502441e+00 1.139452266693115234e+01
2.125000059604644775e-01 -2.630084037780761719e+00 1.141106033325195312e+01
2.249999940395355225e-01 -3.325780868530273438e+00 1.140586757659912109e+01
2.374999970197677612e-01 -3.958175659179687500e+00 1.141943073272705078e+01
2.500000000000000000e-01 -4.527878284454345703e+00 1.144967842102050781e+01
2.624999880790710449e-01 -5.037462234497070312e+00 1.146371746063232422e+01
2.750000059604644775e-01 -5.468763828277587891e+00 1.146482658386230469e+01
2.874999940395355225e-01 -5.805236339569091797e+00 1.148159790039062500e+01
3.000000119209289551e-01 -6.050811290740966797e+00 1.150954437255859375e+01
3.125000000000000000e-01 -6.209848880767822266e+00 1.152225685119628906e+01
3.249999880790710449e-01 -6.270737648010253906e+00 1.152498340606689453e+01
3.375000059604644775e-01 -6.225137710571289062e+00 1.154263305664062500e+01
3.499999940395355225e-01 -6.083010673522949219e+00 1.156850624084472656e+01
3.625000119209289551e-01 -5.853400230407714844e+00 1.157760906219482422e+01
3.750000000000000000e-01 -5.530165672302246094e+00 1.157761287689208984e+01
3.874999880790710449e-01 -5.111916065216064453e+00 1.159370613098144531e+01
4.000000059604644775e-01 -4.615874767303466797e+00 1.161596393585205078e+01
4.124999940395355225e-01 -4.056004047393798828e+00 1.161707782745361328e+01
4.250000119209289551e-01 -3.428616762161254883e+00 1.160921096801757812e+01
4.375000000000000000e-01 -2.737261056900024414e+00 1.162258338928222656e+01
4.499999880790710449e-01 -2.007905960083007812e+00 1.164024925231933594e+01
4.625000059604644775e-01 -1.256849408149719238e+00 1.162510490417480469e+01
4.749999940395355225e-01 -4.698858559131622314e-01 1.160265159606933594e+01
4.875000119209289551e-01 3.536792695522308350e-01 1.162592697143554688e+01
5.000000000000000000e-01 1.158708333969116211e+00 1.164255523681640625e+01
5.124999880790710449e-01 1.880275011062622070e+00 1.149409389495849609e+01
5.249999761581420898e-01 2.523932456970214844e+00 1.109946441650390625e+01
5.375000238418579102e-01 3.155627965927124023e+00 1.056857585906982422e+01
5.500000119209289551e-01 3.808790206909179688e+00 1.007936859130859375e+01
5.625000000000000000e-01 4.441371917724609375e+00 9.703109741210937500e+00
5.749999880790710449e-01 4.992614746093750000e+00 9.408615112304687500e+00
5.874999761581420898e-01 5.442399978637695312e+00 9.174818038940429688e+00
6.000000238418579102e-01 5.797933578491210938e+00 9.013283729553222656e+00
6.125000119209289551e-01 6.057579040527343750e+00 8.911366462707519531e+00
6.250000000000000000e-01 6.214169979095458984e+00 8.836184501647949219e+00
6.374999880790710449e-01 6.271663188934326172e+00 8.787881851196289062e+00
6.499999761581420898e-01 6.235039234161376953e+00 8.788486480712890625e+00
6.625000238418579102e-01 6.098879814147949219e+00 8.830439567565917969e+00
6.750000119209289551e-01 5.862189769744873047e+00 8.893435478210449219e+00
6.875000000000000000e-01 5.537600517272949219e+00 8.995601654052734375e+00
6.999999880790710449e-01 5.132524967193603516e+00 9.166579246520996094e+00
7.124999761581420898e-01 4.643072605133056641e+00 9.388674736022949219e+00
7.250000238418579102e-01 4.082027912139892578e+00 9.635834693908691406e+00
7.375000119209289551e-01 3.484648704528808594e+00 9.951383590698242188e+00
7.500000000000000000e-01 2.861123800277709961e+00 1.039091300964355469e+01
7.624999880790710449e-01 2.170516252517700195e+00 1.088082122802734375e+01
7.749999761581420898e-01 1.379178285598754883e+00 1.123626232147216797e+01
7.875000238418579102e-01 5.278102755546569824e-01 1.136142253875732422e+01
8.000000119209289551e-01 -3.004286587238311768e-01 1.135186290740966797e+01
8.125000000000000000e-01 -1.069878816604614258e+00 1.135225582122802734e+01
8.249999880790710449e-01 -1.809153318405151367e+00 1.139007568359375000e+01
8.374999761581420898e-01 -2.541381597518920898e+00 1.141095447540283203e+01
8.500000238418579102e-01 -3.243404865264892578e+00 1.140614223480224609e+01
8.625000119209289551e-01 -3.884046077728271484e+00 1.141624164581298828e+01
8.750000000000000000e-01 -4.460957050323486328e+00 1.144631862640380859e+01
8.874999880790710449e-01 -4.978558063507080078e+00 1.146324539184570312e+01
8.999999761581420898e-01 -5.420736789703369141e+00 1.146427917480468750e+01
9.125000238418579102e-01 -5.769000530242919922e+00 1.147840404510498047e+01
9.250000119209289551e-01 -6.025223731994628906e+00 1.150654411315917969e+01
9.375000000000000000e-01 -6.195266723632812500e+00 1.152174949645996094e+01
9.499999880790710449e-01 -6.269011020660400391e+00 1.152419090270996094e+01
9.624999761581420898e-01 -6.236258029937744141e+00 1.153948593139648438e+01
9.750000238418579102e-01 -6.105215549468994141e+00 1.156589508056640625e+01
9.875000119209289551e-01 -5.886460781097412109e+00 1.157753753662109375e+01
1.000000000000000000e+00 -5.575178623199462891e+00 1.157706356048583984e+01
1.012500047683715820e+00 -5.167957782745361328e+00 1.159077358245849609e+01
1.024999976158142090e+00 -4.680362701416015625e+00 1.161403942108154297e+01
1.037500023841857910e+00 -4.128291606903076172e+00 1.161813640594482422e+01
1.049999952316284180e+00 -3.509486913681030273e+00 1.160937023162841797e+01
1.062500000000000000e+00 -2.824894905090332031e+00 1.161981487274169922e+01
1.075000047683715820e+00 -2.098708391189575195e+00 1.163945484161376953e+01
1.087499976158142090e+00 -1.350644826889038086e+00 1.162862300872802734e+01
1.100000023841857910e+00 -5.690522193908691406e-01 1.160350608825683594e+01
1.112499952316284180e+00 2.518950402736663818e-01 1.162089252471923828e+01
1.125000000000000000e+00 1.063399791717529297e+00 1.164605712890625000e+01
1.137500047683715820e+00 1.796774029731750488e+00 1.152578639984130859e+01
1.149999976158142090e+00 2.446897745132446289e+00 1.115904045104980469e+01
1.162500023841857910e+00 3.076745033264160156e+00 1.063460636138916016e+01
1.174999952316284180e+00 3.728255510330200195e+00 1.013344573974609375e+01
1.187500000000000000e+00 4.367068290710449219e+00 9.744008064270019531e+00
1.200000047683715820e+00 4.930372714996337891e+00 9.441608428955078125e+00
1.212499976158142090e+00 5.392354011535644531e+00 9.199865341186523438e+00
1.225000023841857910e+00 5.759229183197021484e+00 9.029259681701660156e+00
1.237499952316284180e+00 6.031161308288574219e+00 8.921936988830566406e+00
1.250000000000000000e+00 6.200445175170898438e+00 8.844412803649902344e+00
1.262500047683715820e+00 6.269665718078613281e+00 8.791485786437988281e+00
1.274999976158142090e+00 6.244741916656494141e+00 8.785662651062011719e+00
1.287500023841857910e+00 6.121167182922363281e+00 8.823986053466796875e+00
1.299999952316284180e+00 5.896323204040527344e+00 8.884359359741210938e+00
1.312500000000000000e+00 5.581810951232910156e+00 8.979607582092285156e+00
1.325000047683715820e+00 5.186793327331542969e+00 9.141982078552246094e+00
1.337499976158142090e+00 4.707650661468505859e+00 9.359995841979980469e+00
1.350000023841857910e+00 4.153656959533691406e+00 9.603345870971679688e+00
1.362499952316284180e+00 3.559137582778930664e+00 9.906282424926757812e+00
1.375000000000000000e+00 2.940234899520874023e+00 1.033106422424316406e+01
1.387500047683715820e+00 2.260710239410400391e+00 1.082406902313232422e+01
1.399999976158142090e+00 1.481239557266235352e+00 1.120497703552246094e+01
1.412500023841857910e+00 6.327369809150695801e-01 1.135661411285400391e+01
1.424999952316284180e+00 -2.018723338842391968e-01 1.135466003417968750e+01
1.437500000000000000e+00 -9.778079986572265625e-01 1.134941768646240234e+01
1.450000047683715820e+00 -1.718695044517517090e+00 1.138528633117675781e+01
1.462499976158142090e+00 -2.452231407165527344e+00 1.141037940979003906e+01
1.475000023841857910e+00 -3.160051822662353516e+00 1.140670776367187500e+01
1.487499952316284180e+00 -3.808945178985595703e+00 1.141341781616210938e+01
1.500000000000000000e+00 -4.393176555633544922e+00 1.144270610809326172e+01
1.512500047683715820e+00 -4.918518543243408203e+00 1.146248054504394531e+01
1.524999976158142090e+00 -5.371256351470947266e+00 1.146397972106933594e+01
1.537500023841857910e+00 -5.731369018554687500e+00 1.147546958923339844e+01
1.549999952316284180e+00 -5.998363494873046875e+00 1.150330162048339844e+01
1.562500000000000000e+00 -6.179230690002441406e+00 1.152100563049316406e+01
1.575000047683715820e+00 -6.265644073486328125e+00 1.152364158630371094e+01
1.587499976158142090e+00 -6.245890617370605469e+00 1.153654861450195312e+01
1.600000023841857910e+00 -6.126123428344726562e+00 1.156301116943359375e+01
1.612499952316284180e+00 -5.918122768402099609e+00 1.157724189758300781e+01
1.625000000000000000e+00 -5.618709564208984375e+00 1.157678031921386719e+01
1.637500047683715820e+00 -5.222784996032714844e+00 1.158802795410156250e+01
1.649999976158142090e+00 -4.743909835815429688e+00 1.161176586151123047e+01
1.662500023841857910e+00 -4.199567794799804688e+00 1.161895370483398438e+01
1.674999952316284180e+00 -3.589323282241821289e+00 1.160989093780517578e+01
1.687500000000000000e+00 -2.911905527114868164e+00 1.161724090576171875e+01
1.700000047683715820e+00 -2.189234256744384766e+00 1.163810920715332031e+01
1.712499976158142090e+00 -1.443930506706237793e+00 1.163184642791748047e+01
1.725000023841857910e+00 -6.675378680229187012e-01 1.160513782501220703e+01
1.737499952316284180e+00 1.500045508146286011e-01 1.161616706848144531e+01
1.750000000000000000e+00 9.668152928352355957e-01 1.164729213714599609e+01
1.762500047683715820e+00 1.711910724639892578e+00 1.155346870422363281e+01
1.774999976158142090e+00 2.369590759277343750e+00 1.121610260009765625e+01
1.787500023841857910e+00 2.998306512832641602e+00 1.070114040374755859e+01
1.799999952316284180e+00 3.647566795349121094e+00 1.018937873840332031e+01
1.812500000000000000e+00 4.291561603546142578e+00 9.786203384399414062e+00
1.825000047683715820e+00 4.866554737091064453e+00 9.475449562072753906e+00
1.837499976158142090e+00 5.340888977050781250e+00 9.226023674011230469e+00
1.850000023841857910e+00 5.719104766845703125e+00 9.046238899230957031e+00
1.862499952316284180e+00 6.003173828125000000e+00 8.932908058166503906e+00
1.875000000000000000e+00 6.185204029083251953e+00 8.852966308593750000e+00
1.887500047683715820e+00 6.266265869140625000e+00 8.795847892761230469e+00
1.899999976158142090e+00 6.252953052520751953e+00 8.783541679382324219e+00
1.912500023841857910e+00 6.141900062561035156e+00 8.817805290222167969e+00
1.924999952316284180e+00 5.929106712341308594e+00 8.875772476196289062e+00
1.937500000000000000e+00 5.624830245971679688e+00 8.964702606201171875e+00
1.950000047683715820e+00 5.239773273468017578e+00 9.118264198303222656e+00
1.962499976158142090e+00 4.771054267883300781e+00 9.331593513488769531e+00
1.975000023841857910e+00 4.224697113037109375e+00 9.571696281433105469e+00
1.987499952316284180e+00 3.633342027664184570e+00 9.863193511962890625e+00
2.000000000000000000e+00 3.018440485000610352e+00 1.027244949340820312e+01
