0.000000000000000000e+00 6.225917816162109375e+00 8.828681945800781250e+00
1.250000018626451492e-02 6.272007942199707031e+00 8.785225868225097656e+00
2.500000037252902985e-02 6.223337650299072266e+00 8.792154312133789062e+00
3.750000149011611938e-02 6.073817729949951172e+00 8.837507247924804688e+00
5.000000074505805969e-02 5.824317932128906250e+00 8.903730392456054688e+00
6.250000000000000000e-02 5.488265037536621094e+00 9.014138221740722656e+00
7.500000298023223877e-02 5.071101665496826172e+00 9.194515228271484375e+00
8.749999850988388062e-02 4.569215774536132812e+00 9.421050071716308594e+00
1.000000014901161194e-01 3.999561786651611328e+00 9.673988342285156250e+00
1.124999970197677612e-01 3.397693157196044922e+00 1.000604820251464844e+01
1.250000000000000000e-01 2.766402244567871094e+00 1.046229553222656250e+01
1.375000029802322388e-01 2.060223579406738281e+00 1.094552040100097656e+01
1.500000059604644775e-01 1.253546357154846191e+00 1.126887512207031250e+01
1.624999940395355225e-01 3.984460830688476562e-01 1.136418247222900391e+01
1.749999970197677612e-01 -4.231660664081573486e-01 1.134859466552734375e+01
1.875000000000000000e-01 -1.187087178230285645e+00 1.135661983489990234e+01
2.000000029802322388e-01 -1.926638126373291016e+00 1.139552116394042969e+01
2.125000059604644775e-01 -2.658234834671020508e+00 1.141079235076904297e+01
2.249999940395355225e-01 -3.353406667709350586e+00 1.140567111968994141e+01
2.374999970197677612e-01 -3.984453916549682617e+00 1.142047786712646484e+01
2.500000000000000000e-01 -4.552866935729980469e+00 1.145071125030517578e+01
2.624999880790710449e-01 -5.060447216033935547e+00 1.146371459960937500e+01
2.750000059604644775e-01 -5.488242149353027344e+00 1.146506404876708984e+01
2.874999940395355225e-01 -5.820484638214111328e+00 1.148301124572753906e+01
3.000000119209289551e-01 -6.061877727508544922e+00 1.151079273223876953e+01
3.125000000000000000e-01 -6.216035842895507812e+00 1.152244186401367188e+01
3.249999880790710449e-01 -6.270709037780761719e+00 1.152554035186767578e+01
3.375000059604644775e-01 -6.218514442443847656e+00 1.154441547393798828e+01
3.499999940395355225e-01 -6.070221900939941406e+00 1.156989288330078125e+01
3.625000119209289551e-01 -5.834014415740966797e+00 1.157772254943847656e+01
3.750000000000000000e-01 -5.503158092498779297e+00 1.157826805114746094e+01
3.874999880790710449e-01 -5.077528953552246094e+00 1.159574604034423828e+01
4.000000059604644775e-01 -4.575243473052978516e+00 1.161719608306884766e+01
4.124999940395355225e-01 -4.009041786193847656e+00 1.161658191680908203e+01
4.250000119209289551e-01 -3.374568223953247070e+00 1.160964107513427734e+01
4.375000000000000000e-01 -2.677263021469116211e+00 1.162485313415527344e+01
4.499999880790710449e-01 -1.944122314453125000e+00 1.164077186584472656e+01
4.625000059604644775e-01 -1.188938379287719727e+00 1.162282180786132812e+01
4.749999940395355225e-01 -3.960798084735870361e-01 1.160297584533691406e+01
4.875000119209289551e-01 4.308712482452392578e-01 1.163021373748779297e+01
5.000000000000000000e-01 1.232127308845520020e+00 1.163838005065917969e+01
5.124999880790710449e-01 1.946167230606079102e+00 1.146624469757080078e+01
5.249999761581420898e-01 2.586889266967773438e+00 1.104955577850341797e+01
5.375000238418579102e-01 3.221923828125000000e+00 1.051446819305419922e+01
5.500000119209289551e-01 3.877364873886108398e+00 1.003513145446777344e+01
5.625000000000000000e-01 4.505204200744628906e+00 9.668777465820312500e+00
5.749999880790710449e-01 5.046875476837158203e+00 9.380153656005859375e+00
5.874999761581420898e-01 5.486875534057617188e+00 9.153158187866210938e+00
6.000000238418579102e-01 5.832729816436767578e+00 8.999435424804687500e+00
6.125000119209289551e-01 6.081201076507568359e+00 8.901807785034179688e+00
6.250000000000000000e-01 6.225913524627685547e+00 8.828684806823730469e+00
6.374999880790710449e-01 6.272007942199707031e+00 8.785226821899414062e+00
6.499999761581420898e-01 6.223341941833496094e+00 8.792153358459472656e+00
6.625000238418579102e-01 6.073826313018798828e+00 8.837505340576171875e+00
6.750000119209289551e-01 5.824330329895019531e+00 8.903726577758789062e+00
6.875000000000000000e-01 5.488280773162841797e+00 9.014132499694824219e+00
6.999999880790710449e-01 5.071121215820312500e+00 9.194506645202636719e+00
7.124999761581420898e-01 4.569238662719726562e+00 9.421040534973144531e+00
7.250000238418579102e-01 3.999586820602416992e+00 9.673975944519042969e+00
7.375000119209289551e-01 3.397719144821166992e+00 1.000603103637695312e+01
7.500000000000000000e-01 2.766430139541625977e+00 1.046227455139160156e+01
7.624999880790710449e-01 2.060255527496337891e+00 1.094550228118896484e+01
7.749999761581420898e-01 1.253582000732421875e+00 1.126886653900146484e+01
7.875000238418579102e-01 3.984819650650024414e-01 1.136418151855468750e+01
8.000000119209289551e-01 -4.231326878070831299e-01 1.134859561920166016e+01
8.125000000000000000e-01 -1.187055706977844238e+00 1.135661792755126953e+01
8.249999880790710449e-01 -1.926607012748718262e+00 1.139552021026611328e+01
8.374999761581420898e-01 -2.658204317092895508e+00 1.141079330444335938e+01
8.500000238418579102e-01 -3.353378534317016602e+00 1.140567111968994141e+01
8.625000119209289551e-01 -3.984428644180297852e+00 1.142047691345214844e+01
8.750000000000000000e-01 -4.552844524383544922e+00 1.145071029663085938e+01
8.874999880790710449e-01 -5.060427188873291016e+00 1.146371459960937500e+01
8.999999761581420898e-01 -5.488225936889648438e+00 1.146506309509277344e+01
9.125000238418579102e-01 -5.820472717285156250e+00 1.148301029205322266e+01
9.250000119209289551e-01 -6.061869144439697266e+00 1.151079177856445312e+01
9.375000000000000000e-01 -6.216031074523925781e+00 1.152244091033935547e+01
9.499999880790710449e-01 -6.270708560943603516e+00 1.152553939819335938e+01
9.624999761581420898e-01 -6.218518733978271484e+00 1.154441452026367188e+01
9.750000238418579102e-01 -6.070230007171630859e+00 1.156989192962646484e+01
9.875000119209289551e-01 -5.834026336669921875e+00 1.157772254943847656e+01
1.000000000000000000e+00 -5.503173828125000000e+00 1.157826805114746094e+01
1.012500047683715820e+00 -5.077548503875732422e+00 1.159574508666992188e+01
1.024999976158142090e+00 -4.575266361236572266e+00 1.161719512939453125e+01
1.037500023841857910e+00 -4.009067058563232422e+00 1.161658287048339844e+01
1.049999952316284180e+00 -3.374596595764160156e+00 1.160964012145996094e+01
1.062500000000000000e+00 -2.677293300628662109e+00 1.162485218048095703e+01
1.075000047683715820e+00 -1.944153666496276855e+00 1.164077186584472656e+01
1.087499976158142090e+00 -1.188970923423767090e+00 1.162282276153564453e+01
1.100000023841857910e+00 -3.961142599582672119e-01 1.160297584533691406e+01
1.112499952316284180e+00 4.308362901210784912e-01 1.163021183013916016e+01
1.125000000000000000e+00 1.232095122337341309e+00 1.163838291168212891e+01
1.137500047683715820e+00 1.946139097213745117e+00 1.146625709533691406e+01
1.149999976158142090e+00 2.586862802505493164e+00 1.104957675933837891e+01
1.162500023841857910e+00 3.221896409988403320e+00 1.051449012756347656e+01
1.174999952316284180e+00 3.877337217330932617e+00 1.003514957427978516e+01
1.187500000000000000e+00 4.505179405212402344e+00 9.668790817260742188e+00
1.200000047683715820e+00 5.046854496002197266e+00 9.380165100097656250e+00
1.212499976158142090e+00 5.486859321594238281e+00 9.153166770935058594e+00
1.225000023841857910e+00 5.832716941833496094e+00 8.999441146850585938e+00
1.237499952316284180e+00 6.081192493438720703e+00 8.901810646057128906e+00
1.250000000000000000e+00 6.225909709930419922e+00 8.828687667846679688e+00
1.262500047683715820e+00 6.272007942199707031e+00 8.785226821899414062e+00
1.274999976158142090e+00 6.223346233367919922e+00 8.792152404785156250e+00
1.287500023841857910e+00 6.073834896087646484e+00 8.837502479553222656e+00
1.299999952316284180e+00 5.824342727661132812e+00 8.903723716735839844e+00
1.312500000000000000e+00 5.488296985626220703e+00 9.014126777648925781e+00
1.325000047683715820e+00 5.071140289306640625e+00 9.194498062133789062e+00
1.337499976158142090e+00 4.569261550903320312e+00 9.421030044555664062e+00
1.350000023841857910e+00 3.999611616134643555e+00 9.673964500427246094e+00
1.362499952316284180e+00 3.397744894027709961e+00 1.000601482391357422e+01
1.375000000000000000e+00 2.766457796096801758e+00 1.046225357055664062e+01
1.387500047683715820e+00 2.060287475585937500e+00 1.094548416137695312e+01
1.399999976158142090e+00 1.253617763519287109e+00 1.126885795593261719e+01
1.412500023841857910e+00 3.985178172588348389e-01 1.136418151855468750e+01
1.424999952316284180e+00 -4.230993390083312988e-01 1.134859657287597656e+01
1.437500000000000000e+00 -1.187024235725402832e+00 1.135661697387695312e+01
1.450000047683715820e+00 -1.926575899124145508e+00 1.139551830291748047e+01
1.462499976158142090e+00 -2.658174037933349609e+00 1.141079330444335938e+01
1.475000023841857910e+00 -3.353350400924682617e+00 1.140567111968994141e+01
1.487499952316284180e+00 -3.984403371810913086e+00 1.142047595977783203e+01
1.500000000000000000e+00 -4.552821636199951172e+00 1.145070934295654297e+01
1.512500047683715820e+00 -5.060407161712646484e+00 1.146371459960937500e+01
1.524999976158142090e+00 -5.488209724426269531e+00 1.146506309509277344e+01
1.537500023841857910e+00 -5.820460796356201172e+00 1.148300838470458984e+01
1.549999952316284180e+00 -6.061861038208007812e+00 1.151079082489013672e+01
1.562500000000000000e+00 -6.216026782989501953e+00 1.152244091033935547e+01
1.575000047683715820e+00 -6.270708560943603516e+00 1.152553939819335938e+01
1.587499976158142090e+00 -6.218523025512695312e+00 1.154441261291503906e+01
1.600000023841857910e+00 -6.070238113403320312e+00 1.156989097595214844e+01
1.612499952316284180e+00 -5.834038257598876953e+00 1.157772254943847656e+01
1.625000000000000000e+00 -5.503190040588378906e+00 1.157826709747314453e+01
1.637500047683715820e+00 -5.077568054199218750e+00 1.159574317932128906e+01
1.649999976158142090e+00 -4.575288772583007812e+00 1.161719512939453125e+01
1.662500023841857910e+00 -4.009092330932617188e+00 1.161658287048339844e+01
1.674999952316284180e+00 -3.374624729156494141e+00 1.160964012145996094e+01
1.687500000000000000e+00 -2.677323818206787109e+00 1.162485122680664062e+01
1.700000047683715820e+00 -1.944185137748718262e+00 1.164077186584472656e+01
1.712499976158142090e+00 -1.189003467559814453e+00 1.162282371520996094e+01
1.725000023841857910e+00 -3.961486816406250000e-01 1.160297584533691406e+01
1.737499952316284180e+00 4.308013617992401123e-01 1.163020992279052734e+01
1.750000000000000000e+00 1.232062935829162598e+00 1.163838481903076172e+01
1.762500047683715820e+00 1.946110844612121582e+00 1.146627044677734375e+01
1.774999976158142090e+00 2.586836338043212891e+00 1.104959869384765625e+01
1.787500023841857910e+00 3.221868991851806641e+00 1.051451301574707031e+01
1.799999952316284180e+00 3.877309560775756836e+00 1.003516674041748047e+01
1.812500000000000000e+00 4.505154132843017578e+00 9.668804168701171875e+00
1.825000047683715820e+00 5.046833992004394531e+00 9.380175590515136719e+00
1.837499976158142090e+00 5.486842632293701172e+00 9.153174400329589844e+00
1.850000023841857910e+00 5.832704544067382812e+00 8.999445915222167969e+00
1.862499952316284180e+00 6.081184387207031250e+00 8.901814460754394531e+00
1.875000000000000000e+00 6.225905895233154297e+00 8.828690528869628906e+00
1.887500047683715820e+00 6.272007942199707031e+00 8.785227775573730469e+00
1.899999976158142090e+00 6.223350048065185547e+00 8.792150497436523438e+00
1.912500023841857910e+00 6.073843479156494141e+00 8.837500572204589844e+00
1.924999952316284180e+00 5.824355125427246094e+00 8.903719902038574219e+00
1.937500000000000000e+00 5.488312721252441406e+00 9.014120101928710938e+00
1.950000047683715820e+00 5.071159839630126953e+00 9.194488525390625000e+00
1.962499976158142090e+00 4.569284439086914062e+00 9.421020507812500000e+00
1.975000023841857910e+00 3.999636650085449219e+00 9.673953056335449219e+00
1.987499952316284180e+00 3.397770881652832031e+00 1.000599765777587891e+01
2.000000000000000000e+00 2.766485691070556641e+00 1.046223258972167969e+01
