0.000000000000000000e+00 6.225439071655273438e+00 8.828942298889160156e+00
1.250000018626451492e-02 6.271757125854492188e+00 8.785283088684082031e+00
2.500000037252902985e-02 6.222849369049072266e+00 8.792250633239746094e+00
3.750000149011611938e-02 6.072584629058837891e+00 8.837770462036132812e+00
5.000000074505805969e-02 5.821894168853759766e+00 8.904281616210937500e+00
6.250000000000000000e-02 5.484325408935546875e+00 9.015465736389160156e+00
7.500000298023223877e-02 5.065234661102294922e+00 9.196966171264648438e+00
8.749999850988388062e-02 4.561045169830322266e+00 9.424388885498046875e+00
1.000000014901161194e-01 3.989230632781982422e+00 9.678577423095703125e+00
1.124999970197677612e-01 3.385532617568969727e+00 1.001349163055419922e+01
1.250000000000000000e-01 2.751780271530151367e+00 1.047280216217041016e+01
1.375000029802322388e-01 2.041701793670654297e+00 1.095543003082275391e+01
1.500000059604644775e-01 1.230911493301391602e+00 1.127370071411132812e+01
1.624999940395355225e-01 3.736127912998199463e-01 1.136404418945312500e+01
1.749999970197677612e-01 -4.482740461826324463e-01 1.134772205352783203e+01
1.875000000000000000e-01 -1.212638497352600098e+00 1.135740089416503906e+01
2.000000029802322388e-01 -1.953686118125915527e+00 1.139637947082519531e+01
2.125000059604644775e-01 -2.686325550079345703e+00 1.141039085388183594e+01
2.249999940395355225e-01 -3.380914211273193359e+00 1.140541934967041016e+01
2.374999970197677612e-01 -4.010608196258544922e+00 1.142146110534667969e+01
2.500000000000000000e-01 -4.577725410461425781e+00 1.145160007476806641e+01
2.624999880790710449e-01 -5.083237648010253906e+00 1.146358394622802734e+01
2.750000059604644775e-01 -5.507461547851562500e+00 1.146526050567626953e+01
2.874999940395355225e-01 -5.835468769073486328e+00 1.148436260223388672e+01
3.000000119209289551e-01 -6.072671413421630859e+00 1.151188278198242188e+01
3.125000000000000000e-01 -6.221877098083496094e+00 1.152249908447265625e+01
3.249999880790710449e-01 -6.270273208618164062e+00 1.152607727050781250e+01
3.375000059604644775e-01 -6.211503505706787109e+00 1.154613399505615234e+01
3.499999940395355225e-01 -6.057056903839111328e+00 1.157108879089355469e+01
3.625000119209289551e-01 -5.814181804656982422e+00 1.157770156860351562e+01
3.750000000000000000e-01 -5.475665092468261719e+00 1.157893371582031250e+01
3.874999880790710449e-01 -5.042734146118164062e+00 1.159771537780761719e+01
4.000000059604644775e-01 -4.534258365631103516e+00 1.161817550659179688e+01
4.124999940395355225e-01 -3.961658000946044922e+00 1.161594390869140625e+01
4.250000119209289551e-01 -3.320098638534545898e+00 1.161015605926513672e+01
4.375000000000000000e-01 -2.617030858993530273e+00 1.162703895568847656e+01
4.499999880790710449e-01 -1.880205988883972168e+00 1.164089202880859375e+01
4.625000059604644775e-01 -1.120725989341735840e+00 1.162041187286376953e+01
4.749999940395355225e-01 -3.219477534294128418e-01 1.160368728637695312e+01
4.875000119209289551e-01 5.078470706939697266e-01 1.163431453704833984e+01
5.000000000000000000e-01 1.304682374000549316e+00 1.163236522674560547e+01
5.124999880790710449e-01 2.011289358139038086e+00 1.143577957153320312e+01
5.249999761581420898e-01 2.649798393249511719e+00 1.099834823608398438e+01
5.375000238418579102e-01 3.288475990295410156e+00 1.046100807189941406e+01
5.500000119209289551e-01 3.945620536804199219e+00 9.992134094238281250e+00
5.625000000000000000e-01 4.567987442016601562e+00 9.635174751281738281e+00
5.749999880790710449e-01 5.099894046783447266e+00 9.352270126342773438e+00
5.874999761581420898e-01 5.530190467834472656e+00 9.132358551025390625e+00
6.000000238418579102e-01 5.866244792938232422e+00 8.986244201660156250e+00
6.125000119209289551e-01 6.103368282318115234e+00 8.892416954040527344e+00
6.250000000000000000e-01 6.236237049102783203e+00 8.821476936340332031e+00
6.374999880790710449e-01 6.270949363708496094e+00 8.783278465270996094e+00
6.499999761581420898e-01 6.210059165954589844e+00 8.796326637268066406e+00
6.625000238418579102e-01 6.047124862670898438e+00 8.844723701477050781e+00
6.750000119209289551e-01 5.785026073455810547e+00 8.914642333984375000e+00
6.875000000000000000e-01 5.437566280364990234e+00 9.033876419067382812e+00
6.999999880790710449e-01 5.008147239685058594e+00 9.223166465759277344e+00
7.124999761581420898e-01 4.494089603424072266e+00 9.453641891479492188e+00
7.250000238418579102e-01 3.916581869125366211e+00 9.713528633117675781e+00
7.375000119209289551e-01 3.310318470001220703e+00 1.006332874298095703e+01
7.500000000000000000e-01 2.670175313949584961e+00 1.053425884246826172e+01
7.624999880790710449e-01 1.947691082954406738e+00 1.100637245178222656e+01
7.749999761581420898e-01 1.126841425895690918e+00 1.129589748382568359e+01
7.875000238418579102e-01 2.700372636318206787e-01 1.136429405212402344e+01
8.000000119209289551e-01 -5.443484783172607422e-01 1.134611988067626953e+01
8.125000000000000000e-01 -1.303678989410400391e+00 1.136177444458007812e+01
8.249999880790710449e-01 -2.043956041336059570e+00 1.140009593963623047e+01
8.374999761581420898e-01 -2.774049282073974609e+00 1.140991115570068359e+01
8.500000238418579102e-01 -3.461529970169067383e+00 1.140578365325927734e+01
8.625000119209289551e-01 -4.083065509796142578e+00 1.142512512207031250e+01
8.750000000000000000e-01 -4.643045902252197266e+00 1.145439243316650391e+01
8.874999880790710449e-01 -5.139929294586181641e+00 1.146368598937988281e+01
8.999999761581420898e-01 -5.552752494812011719e+00 1.146638393402099609e+01
9.125000238418579102e-01 -5.869118690490722656e+00 1.148789501190185547e+01
9.250000119209289551e-01 -6.095775127410888672e+00 1.151431465148925781e+01
9.375000000000000000e-01 -6.233505725860595703e+00 1.152271175384521484e+01
9.499999880790710449e-01 -6.268733024597167969e+00 1.152746391296386719e+01
9.624999761581420898e-01 -6.197460174560546875e+00 1.154953765869140625e+01
9.750000238418579102e-01 -6.032176017761230469e+00 1.157303428649902344e+01
9.875000119209289551e-01 -5.778113365173339844e+00 1.157750225067138672e+01
1.000000000000000000e+00 -5.427551746368408203e+00 1.158017444610595703e+01
1.012500047683715820e+00 -4.984224319458007812e+00 1.160083103179931641e+01
1.024999976158142090e+00 -4.467734813690185547e+00 1.161920833587646484e+01
1.037500023841857910e+00 -3.887056112289428711e+00 1.161462688446044922e+01
1.049999952316284180e+00 -3.237020015716552734e+00 1.161096477508544922e+01
1.062500000000000000e+00 -2.528239727020263672e+00 1.162989234924316406e+01
1.075000047683715820e+00 -1.788795948028564453e+00 1.164021205902099609e+01
1.087499976158142090e+00 -1.025562286376953125e+00 1.161674118041992188e+01
1.100000023841857910e+00 -2.213717848062515259e-01 1.160500717163085938e+01
1.112499952316284180e+00 6.086114048957824707e-01 1.163899040222167969e+01
1.125000000000000000e+00 1.396296977996826172e+00 1.162158489227294922e+01
1.137500047683715820e+00 2.091651201248168945e+00 1.139387893676757812e+01
1.149999976158142090e+00 2.726676702499389648e+00 1.093401241302490234e+01
1.162500023841857910e+00 3.368364334106445312e+00 1.039777374267578125e+01
1.174999952316284180e+00 4.024974346160888672e+00 9.943035125732421875e+00
1.187500000000000000e+00 4.638494491577148438e+00 9.597356796264648438e+00
1.200000047683715820e+00 5.157760620117187500e+00 9.321726799011230469e+00
1.212499976158142090e+00 5.576267719268798828e+00 9.110576629638671875e+00
1.225000023841857910e+00 5.900732517242431641e+00 8.972764968872070312e+00
1.237499952316284180e+00 6.125161170959472656e+00 8.882741928100585938e+00
1.250000000000000000e+00 6.245576381683349609e+00 8.814486503601074219e+00
1.262500047683715820e+00 6.268730640411376953e+00 8.782100677490234375e+00
1.274999976158142090e+00 6.195728778839111328e+00 8.800929069519042969e+00
1.287500023841857910e+00 6.020164966583251953e+00 8.851924896240234375e+00
1.299999952316284180e+00 5.746901988983154297e+00 8.925748825073242188e+00
1.312500000000000000e+00 5.389597892761230469e+00 9.053421974182128906e+00
1.325000047683715820e+00 4.949758052825927734e+00 9.249959945678710938e+00
1.337499976158142090e+00 4.426159381866455078e+00 9.483209609985351562e+00
1.350000023841857910e+00 3.843562841415405273e+00 9.749852180480957031e+00
1.362499952316284180e+00 3.234669446945190430e+00 1.011520576477050781e+01
1.375000000000000000e+00 2.587294816970825195e+00 1.059584045410156250e+01
1.387500047683715820e+00 1.852091193199157715e+00 1.105436992645263672e+01
1.399999976158142090e+00 1.022210478782653809e+00 1.131453227996826172e+01
1.412500023841857910e+00 1.671978980302810669e-01 1.136328506469726562e+01
1.424999952316284180e+00 -6.395286321640014648e-01 1.134523200988769531e+01
1.437500000000000000e+00 -1.394482851028442383e+00 1.136653709411621094e+01
1.450000047683715820e+00 -2.134138822555541992e+00 1.140327167510986328e+01
1.462499976158142090e+00 -2.861117124557495117e+00 1.140919017791748047e+01
1.475000023841857910e+00 -3.541115045547485352e+00 1.140658760070800781e+01
1.487499952316284180e+00 -4.154616355895996094e+00 1.142896175384521484e+01
1.500000000000000000e+00 -4.707458019256591797e+00 1.145681095123291016e+01
1.512500047683715820e+00 -5.195350646972656250e+00 1.146366977691650391e+01
1.524999976158142090e+00 -5.596570968627929688e+00 1.146785640716552734e+01
1.537500023841857910e+00 -5.901440620422363281e+00 1.149151515960693359e+01
1.549999952316284180e+00 -6.117576122283935547e+00 1.151641273498535156e+01
1.562500000000000000e+00 -6.243587970733642578e+00 1.152285957336425781e+01
1.575000047683715820e+00 -6.265574932098388672e+00 1.152917385101318359e+01
1.587499976158142090e+00 -6.182025432586669922e+00 1.155297088623046875e+01
1.600000023841857910e+00 -6.005992889404296875e+00 1.157463073730468750e+01
1.612499952316284180e+00 -5.740584850311279297e+00 1.157727146148681641e+01
1.625000000000000000e+00 -5.378025531768798828e+00 1.158175373077392578e+01
1.637500047683715820e+00 -4.924640178680419922e+00 1.160391521453857422e+01
1.649999976158142090e+00 -4.400278568267822266e+00 1.161982059478759766e+01
1.662500023841857910e+00 -3.811392545700073242e+00 1.161332511901855469e+01
1.674999952316284180e+00 -3.153032302856445312e+00 1.161220264434814453e+01
1.687500000000000000e+00 -2.439024686813354492e+00 1.163261318206787109e+01
1.700000047683715820e+00 -1.697074294090270996e+00 1.163890743255615234e+01
1.712499976158142090e+00 -9.297401309013366699e-01 1.161324977874755859e+01
1.725000023841857910e+00 -1.203249022364616394e-01 1.160721302032470703e+01
1.737499952316284180e+00 7.087211012840270996e-01 1.164300346374511719e+01
1.750000000000000000e+00 1.486407756805419922e+00 1.160746097564697266e+01
1.762500047683715820e+00 2.171058654785156250e+00 1.134824657440185547e+01
1.774999976158142090e+00 2.803745746612548828e+00 1.086854553222656250e+01
1.787500023841857910e+00 3.448573589324951172e+00 1.033595943450927734e+01
1.799999952316284180e+00 4.103667259216308594e+00 9.895650863647460938e+00
1.812500000000000000e+00 4.707524299621582031e+00 9.560514450073242188e+00
1.825000047683715820e+00 5.214108943939208984e+00 9.292123794555664062e+00
1.837499976158142090e+00 5.620966434478759766e+00 9.089954376220703125e+00
1.850000023841857910e+00 5.933721542358398438e+00 8.960000038146972656e+00
1.862499952316284180e+00 6.145381450653076172e+00 8.873322486877441406e+00
1.875000000000000000e+00 6.253473758697509766e+00 8.808032035827636719e+00
1.887500047683715820e+00 6.265090942382812500e+00 8.781750679016113281e+00
1.899999976158142090e+00 6.179847717285156250e+00 8.805996894836425781e+00
1.912500023841857910e+00 5.991730213165283203e+00 8.859395980834960938e+00
1.924999952316284180e+00 5.707544803619384766e+00 8.937685012817382812e+00
1.937500000000000000e+00 5.340405941009521484e+00 9.074079513549804688e+00
1.950000047683715820e+00 4.890075206756591797e+00 9.277260780334472656e+00
1.962499976158142090e+00 4.357328891754150391e+00 9.513154983520507812e+00
1.975000023841857910e+00 3.770218849182128906e+00 9.787709236145019531e+00
1.987499952316284180e+00 3.158508300781250000e+00 1.016904258728027344e+01
2.000000000000000000e+00 2.503041267395019531e+00 1.065715980529785156e+01
