0.000000000000000000e+00 6.224950313568115234e+00 8.829290390014648438e+00
1.250000018626451492e-02 6.271496772766113281e+00 8.785429000854492188e+00
2.500000037252902985e-02 6.222351074218750000e+00 8.792436599731445312e+00
3.750000149011611938e-02 6.071339130401611328e+00 8.838124275207519531e+00
5.000000074505805969e-02 5.819457530975341797e+00 8.904925346374511719e+00
6.250000000000000000e-02 5.480370044708251953e+00 9.016891479492187500e+00
7.500000298023223877e-02 5.059348583221435547e+00 9.199516296386718750e+00
8.749999850988388062e-02 4.552854061126708984e+00 9.427824974060058594e+00
1.000000014901161194e-01 3.978885889053344727e+00 9.683281898498535156e+00
1.124999970197677612e-01 3.373360157012939453e+00 1.002107715606689453e+01
1.250000000000000000e-01 2.737122774124145508e+00 1.048341464996337891e+01
1.375000029802322388e-01 2.023118734359741211e+00 1.096533203125000000e+01
1.500000059604644775e-01 1.208240151405334473e+00 1.127845573425292969e+01
1.624999940395355225e-01 3.488096594810485840e-01 1.136392211914062500e+01
1.749999970197677612e-01 -4.733216464519500732e-01 1.134699249267578125e+01
1.875000000000000000e-01 -1.238161087036132812e+00 1.135832595825195312e+01
2.000000029802322388e-01 -1.980720400810241699e+00 1.139730262756347656e+01
2.125000059604644775e-01 -2.714349031448364258e+00 1.141006565093994141e+01
2.249999940395355225e-01 -3.408296823501586914e+00 1.140532302856445312e+01
2.374999970197677612e-01 -4.036632537841796875e+00 1.142258644104003906e+01
2.500000000000000000e-01 -4.602445125579833984e+00 1.145255184173583984e+01
2.624999880790710449e-01 -5.105822563171386719e+00 1.146353816986083984e+01
2.750000059604644775e-01 -5.526412010192871094e+00 1.146562671661376953e+01
2.874999940395355225e-01 -5.850181102752685547e+00 1.148585510253906250e+01
3.000000119209289551e-01 -6.083181381225585938e+00 1.151302146911621094e+01
3.125000000000000000e-01 -6.227359294891357422e+00 1.152264213562011719e+01
3.249999880790710449e-01 -6.269422054290771484e+00 1.152680397033691406e+01
3.375000059604644775e-01 -6.204100131988525391e+00 1.154798984527587891e+01
3.499999940395355225e-01 -6.043504714965820312e+00 1.157230091094970703e+01
3.625000119209289551e-01 -5.793889999389648438e+00 1.157776641845703125e+01
3.750000000000000000e-01 -5.447683811187744141e+00 1.157982254028320312e+01
3.874999880790710449e-01 -5.007533550262451172e+00 1.159980869293212891e+01
4.000000059604644775e-01 -4.492911815643310547e+00 1.161910724639892578e+01
4.124999940395355225e-01 -3.913843154907226562e+00 1.161539077758789062e+01
4.250000119209289551e-01 -3.265214920043945312e+00 1.161096477508544922e+01
4.375000000000000000e-01 -2.556578636169433594e+00 1.162931156158447266e+01
4.499999880790710449e-01 -1.816149115562438965e+00 1.164080715179443359e+01
4.625000059604644775e-01 -1.052194595336914062e+00 1.161812782287597656e+01
4.749999940395355225e-01 -2.475161254405975342e-01 1.160499095916748047e+01
4.875000119209289551e-01 5.845365524291992188e-01 1.163830089569091797e+01
5.000000000000000000e-01 1.376342654228210449e+00 1.162456893920898438e+01
5.124999880790710449e-01 2.075696945190429688e+00 1.140294933319091797e+01
5.249999761581420898e-01 2.712722063064575195e+00 1.094625186920166016e+01
5.375000238418579102e-01 3.355255842208862305e+00 1.040852642059326172e+01
5.500000119209289551e-01 4.013466358184814453e+00 9.950535774230957031e+00
5.625000000000000000e-01 4.629669666290283203e+00 9.602438926696777344e+00
5.749999880790710449e-01 5.151675701141357422e+00 9.325179100036621094e+00
5.874999761581420898e-01 5.572340011596679688e+00 9.112614631652832031e+00
6.000000238418579102e-01 5.898450374603271484e+00 8.973834037780761719e+00
6.125000119209289551e-01 6.124071121215820312e+00 8.883356094360351562e+00
6.250000000000000000e-01 6.245148181915283203e+00 8.814801216125488281e+00
6.374999880790710449e-01 6.268469810485839844e+00 8.782236099243164062e+00
6.499999761581420898e-01 6.195164680480957031e+00 8.801130294799804688e+00
6.625000238418579102e-01 6.018789768218994141e+00 8.852293014526367188e+00
6.750000119209289551e-01 5.744299888610839844e+00 8.926475524902343750e+00
6.875000000000000000e-01 5.385436058044433594e+00 9.055025100708007812e+00
6.999999880790710449e-01 4.943598270416259766e+00 9.252633094787597656e+00
7.124999761581420898e-01 4.417715549468994141e+00 9.486725807189941406e+00
7.250000238418579102e-01 3.833093643188476562e+00 9.754931449890136719e+00
7.375000119209289551e-01 3.222348213195800781e+00 1.012341690063476562e+01
7.500000000000000000e-01 2.572182416915893555e+00 1.060647296905517578e+01
7.624999880790710449e-01 1.832871675491333008e+00 1.106310462951660156e+01
7.749999761581420898e-01 9.992636442184448242e-01 1.131776523590087891e+01
7.875000238418579102e-01 1.426937580108642578e-01 1.136260128021240234e+01
8.000000119209289551e-01 -6.641632318496704102e-01 1.134488105773925781e+01
8.125000000000000000e-01 -1.419900298118591309e+00 1.136766815185546875e+01
8.249999880790710449e-01 -2.161129951477050781e+00 1.140387535095214844e+01
8.374999761581420898e-01 -2.888733625411987305e+00 1.140873050689697266e+01
8.500000238418579102e-01 -3.567818641662597656e+00 1.140679550170898438e+01
8.625000119209289551e-01 -4.180006027221679688e+00 1.143020343780517578e+01
8.750000000000000000e-01 -4.731493949890136719e+00 1.145748615264892578e+01
8.874999880790710449e-01 -5.216926097869873047e+00 1.146355342864990234e+01
8.999999761581420898e-01 -5.614299297332763672e+00 1.146852493286132812e+01
9.125000238418579102e-01 -5.914994716644287109e+00 1.149307727813720703e+01
9.250000119209289551e-01 -6.126885890960693359e+00 1.151725292205810547e+01
9.375000000000000000e-01 -6.247581481933593750e+00 1.152296829223632812e+01
9.499999880790710449e-01 -6.263110637664794922e+00 1.153023147583007812e+01
9.624999761581420898e-01 -6.173177719116210938e+00 1.155484485626220703e+01
9.750000238418579102e-01 -5.991020679473876953e+00 1.157547569274902344e+01
9.875000119209289551e-01 -5.718644142150878906e+00 1.157733345031738281e+01
1.000000000000000000e+00 -5.348405361175537109e+00 1.158303928375244141e+01
1.012500047683715820e+00 -4.888147354125976562e+00 1.160594749450683594e+01
1.024999976158142090e+00 -4.357751846313476562e+00 1.162024307250976562e+01
1.037500023841857910e+00 -3.762197017669677734e+00 1.161283588409423828e+01
1.049999952316284180e+00 -3.096951246261596680e+00 1.161357307434082031e+01
1.062500000000000000e+00 -2.377993106842041016e+00 1.163465690612792969e+01
1.075000047683715820e+00 -1.632539510726928711e+00 1.163796710968017578e+01
1.087499976158142090e+00 -8.602192997932434082e-01 1.161131191253662109e+01
1.100000023841857910e+00 -4.521809890866279602e-02 1.160980129241943359e+01
1.112499952316284180e+00 7.843656539916992188e-01 1.164577865600585938e+01
1.125000000000000000e+00 1.555744171142578125e+00 1.159430217742919922e+01
1.137500047683715820e+00 2.234033584594726562e+00 1.130958747863769531e+01
1.149999976158142090e+00 2.867023944854736328e+00 1.081487941741943359e+01
1.162500023841857910e+00 3.515821695327758789e+00 1.028597736358642578e+01
1.174999952316284180e+00 4.170290470123291016e+00 9.856902122497558594e+00
1.187500000000000000e+00 4.766610145568847656e+00 9.529400825500488281e+00
1.200000047683715820e+00 5.263216495513916016e+00 9.266717910766601562e+00
1.212499976158142090e+00 5.660604476928710938e+00 9.072306632995605469e+00
1.225000023841857910e+00 5.963105678558349609e+00 8.948847770690917969e+00
1.237499952316284180e+00 6.163077354431152344e+00 8.864731788635253906e+00
1.250000000000000000e+00 6.259573459625244141e+00 8.802448272705078125e+00
1.262500047683715820e+00 6.259752273559570312e+00 8.782341957092285156e+00
1.274999976158142090e+00 6.161775588989257812e+00 8.811685562133789062e+00
1.287500023841857910e+00 5.960345268249511719e+00 8.867558479309082031e+00
1.299999952316284180e+00 5.664210796356201172e+00 8.951356887817382812e+00
1.312500000000000000e+00 5.285600185394287109e+00 9.097586631774902344e+00
1.325000047683715820e+00 4.822686672210693359e+00 9.307752609252929688e+00
1.337499976158142090e+00 4.279016017913818359e+00 9.547195434570312500e+00
1.350000023841857910e+00 3.686012268066406250e+00 9.832790374755859375e+00
1.362499952316284180e+00 3.069224357604980469e+00 1.023347949981689453e+01
1.375000000000000000e+00 2.401694774627685547e+00 1.072819328308105469e+01
1.387500047683715820e+00 1.636571049690246582e+00 1.114790630340576172e+01
1.399999976158142090e+00 7.889179587364196777e-01 1.134372138977050781e+01
1.412500023841857910e+00 -6.004497036337852478e-02 1.135786724090576172e+01
1.424999952316284180e+00 -8.517565727233886719e-01 1.134594917297363281e+01
1.437500000000000000e+00 -1.601008176803588867e+00 1.137785911560058594e+01
1.450000047683715820e+00 -2.340937852859497070e+00 1.140812969207763672e+01
1.462499976158142090e+00 -3.060114383697509766e+00 1.140696525573730469e+01
1.475000023841857910e+00 -3.723210334777832031e+00 1.141012668609619141e+01
1.487499952316284180e+00 -4.319853782653808594e+00 1.143806171417236328e+01
1.500000000000000000e+00 -4.856723785400390625e+00 1.146086311340332031e+01
1.512500047683715820e+00 -5.322704792022705078e+00 1.146350669860839844e+01
1.524999976158142090e+00 -5.696332931518554688e+00 1.147285366058349609e+01
1.537500023841857910e+00 -5.974598884582519531e+00 1.150026130676269531e+01
1.549999952316284180e+00 -6.165245532989501953e+00 1.152013683319091797e+01
1.562500000000000000e+00 -6.261462688446044922e+00 1.152341461181640625e+01
1.575000047683715820e+00 -6.250442028045654297e+00 1.153493499755859375e+01
1.587499976158142090e+00 -6.136847496032714844e+00 1.156142044067382812e+01
1.600000023841857910e+00 -5.933238983154296875e+00 1.157728767395019531e+01
1.612499952316284180e+00 -5.637480258941650391e+00 1.157718753814697266e+01
1.625000000000000000e+00 -5.243695259094238281e+00 1.158753776550292969e+01
1.637500047683715820e+00 -4.764688968658447266e+00 1.161149692535400391e+01
1.649999976158142090e+00 -4.218785762786865234e+00 1.161980438232421875e+01
1.662500023841857910e+00 -3.606276035308837891e+00 1.161086845397949219e+01
1.674999952316284180e+00 -2.925411939620971680e+00 1.161772727966308594e+01
1.687500000000000000e+00 -2.198003292083740234e+00 1.163880062103271484e+01
1.700000047683715820e+00 -1.447448611259460449e+00 1.163289737701416016e+01
1.712499976158142090e+00 -6.654544472694396973e-01 1.160619449615478516e+01
1.725000023841857910e+00 1.582274883985519409e-01 1.161765766143798828e+01
1.737499952316284180e+00 9.805276989936828613e-01 1.164821720123291016e+01
1.750000000000000000e+00 1.729130148887634277e+00 1.154920864105224609e+01
1.762500047683715820e+00 2.389602661132812500e+00 1.120288276672363281e+01
1.774999976158142090e+00 3.022683143615722656e+00 1.068176078796386719e+01
1.787500023841857910e+00 3.677020072937011719e+00 1.017013359069824219e+01
1.799999952316284180e+00 4.323501110076904297e+00 9.769462585449218750e+00
1.812500000000000000e+00 4.897378444671630859e+00 9.459922790527343750e+00
1.825000047683715820e+00 5.368864059448242188e+00 9.212334632873535156e+00
1.837499976158142090e+00 5.743312358856201172e+00 9.036455154418945312e+00
1.850000023841857910e+00 6.021613121032714844e+00 8.926111221313476562e+00
1.862499952316284180e+00 6.195874214172363281e+00 8.847159385681152344e+00
1.875000000000000000e+00 6.268335342407226562e+00 8.792695999145507812e+00
1.887500047683715820e+00 6.245225906372070312e+00 8.785596847534179688e+00
1.899999976158142090e+00 6.122141838073730469e+00 8.823663711547851562e+00
1.912500023841857910e+00 5.896244525909423828e+00 8.884258270263671875e+00
1.924999952316284180e+00 5.579316616058349609e+00 8.980157852172851562e+00
1.937500000000000000e+00 5.180732727050781250e+00 9.144207000732421875e+00
1.950000047683715820e+00 4.696793556213378906e+00 9.364302635192871094e+00
1.962499976158142090e+00 4.137394428253173828e+00 9.610037803649902344e+00
1.975000023841857910e+00 3.537826538085937500e+00 9.917973518371582031e+00
1.987499952316284180e+00 2.913220405578613281e+00 1.035001468658447266e+01
2.000000000000000000e+00 2.225052118301391602e+00 1.084536552429199219e+01
