0.000000000000000000e+00 6.224471569061279297e+00 8.829549789428710938e+00
1.250000018626451492e-02 6.271246910095214844e+00 8.785485267639160156e+00
2.500000037252902985e-02 6.221862792968750000e+00 8.792531967163085938e+00
3.750000149011611938e-02 6.070101737976074219e+00 8.838386535644531250e+00
5.000000074505805969e-02 5.817024707794189453e+00 8.905479431152343750e+00
6.250000000000000000e-02 5.476415634155273438e+00 9.018229484558105469e+00
7.500000298023223877e-02 5.053456783294677734e+00 9.201978683471679688e+00
8.749999850988388062e-02 4.544654369354248047e+00 9.431168556213378906e+00
1.000000014901161194e-01 3.968538284301757812e+00 9.687910079956054688e+00
1.124999970197677612e-01 3.361184597015380859e+00 1.002861022949218750e+01
1.250000000000000000e-01 2.722435712814331055e+00 1.049393653869628906e+01
1.375000029802322388e-01 2.004478454589843750e+00 1.097502899169921875e+01
1.500000059604644775e-01 1.185535073280334473e+00 1.128293991088867188e+01
1.624999940395355225e-01 3.240369260311126709e-01 1.136361694335937500e+01
1.749999970197677612e-01 -4.983133375644683838e-01 1.134620380401611328e+01
1.875000000000000000e-01 -1.263663053512573242e+00 1.135918521881103516e+01
2.000000029802322388e-01 -2.007748842239379883e+00 1.139807891845703125e+01
2.125000059604644775e-01 -2.742313861846923828e+00 1.140960693359375000e+01
2.249999940395355225e-01 -3.435566902160644531e+00 1.140516948699951172e+01
2.374999970197677612e-01 -4.062542915344238281e+00 1.142363357543945312e+01
2.500000000000000000e-01 -4.627040863037109375e+00 1.145334720611572266e+01
2.624999880790710449e-01 -5.128216743469238281e+00 1.146336269378662109e+01
2.750000059604644775e-01 -5.545112609863281250e+00 1.146594429016113281e+01
2.874999940395355225e-01 -5.864643096923828125e+00 1.148726177215576172e+01
3.000000119209289551e-01 -6.093426227569580078e+00 1.151398372650146484e+01
3.125000000000000000e-01 -6.232498645782470703e+00 1.152265834808349609e+01
3.249999880790710449e-01 -6.268175601959228516e+00 1.152750396728515625e+01
3.375000059604644775e-01 -6.196326732635498047e+00 1.154975414276123047e+01
3.499999940395355225e-01 -6.029583454132080078e+00 1.157330989837646484e+01
3.625000119209289551e-01 -5.773153781890869141e+00 1.157771110534667969e+01
3.750000000000000000e-01 -5.419234275817871094e+00 1.158072185516357422e+01
3.874999880790710449e-01 -4.971950054168701172e+00 1.160179710388183594e+01
4.000000059604644775e-01 -4.451215744018554688e+00 1.161977767944335938e+01
4.124999940395355225e-01 -3.865604162216186523e+00 1.161473464965820312e+01
4.250000119209289551e-01 -3.209937572479248047e+00 1.161186122894287109e+01
4.375000000000000000e-01 -2.495929479598999023e+00 1.163143444061279297e+01
4.499999880790710449e-01 -1.751947999000549316e+00 1.164031791687011719e+01
4.625000059604644775e-01 -9.833310246467590332e-01 1.161582756042480469e+01
4.749999940395355225e-01 -1.728148162364959717e-01 1.160668754577636719e+01
4.875000119209289551e-01 6.608753800392150879e-01 1.164184284210205078e+01
5.000000000000000000e-01 1.447095513343811035e+00 1.161467266082763672e+01
5.124999880790710449e-01 2.139463424682617188e+00 1.136764049530029297e+01
5.249999761581420898e-01 2.775730609893798828e+00 1.089329242706298828e+01
5.375000238418579102e-01 3.422241687774658203e+00 1.035695171356201172e+01
5.500000119209289551e-01 4.080833435058593750e+00 9.910102844238281250e+00
5.625000000000000000e-01 4.690232753753662109e+00 9.570336341857910156e+00
5.749999880790710449e-01 5.202253818511962891e+00 9.298727035522460938e+00
5.874999761581420898e-01 5.613344669342041016e+00 9.093747138977050781e+00
6.000000238418579102e-01 5.929347038269042969e+00 8.961959838867187500e+00
6.125000119209289551e-01 6.143333435058593750e+00 8.874428749084472656e+00
6.250000000000000000e-01 6.252682685852050781e+00 8.808536529541015625e+00
6.374999880790710449e-01 6.264578819274902344e+00 8.781923294067382812e+00
6.499999761581420898e-01 6.178666591644287109e+00 8.806319236755371094e+00
6.625000238418579102e-01 5.988867759704589844e+00 8.860054969787597656e+00
6.750000119209289551e-01 5.702197074890136719e+00 8.939141273498535156e+00
6.875000000000000000e-01 5.331889629364013672e+00 9.077364921569824219e+00
6.999999880790710449e-01 4.877499580383300781e+00 9.282603263854980469e+00
7.124999761581420898e-01 4.340232849121093750e+00 9.520188331604003906e+00
7.250000238418579102e-01 3.749200582504272461e+00 9.798225402832031250e+00
7.375000119209289551e-01 3.133698940277099609e+00 1.018596744537353516e+01
7.500000000000000000e-01 2.472300291061401367e+00 1.067809104919433594e+01
7.624999880790710449e-01 1.715898394584655762e+00 1.111506271362304688e+01
7.749999761581420898e-01 8.711688518524169922e-01 1.133458805084228516e+01
7.875000238418579102e-01 1.662259921431541443e-02 1.135952568054199219e+01
8.000000119209289551e-01 -7.827036380767822266e-01 1.134481430053710938e+01
8.125000000000000000e-01 -1.535856842994689941e+00 1.137380504608154297e+01
8.249999880790710449e-01 -2.278036355972290039e+00 1.140657520294189453e+01
8.374999761581420898e-01 -3.002103328704833984e+00 1.140726947784423828e+01
8.500000238418579102e-01 -3.672251701354980469e+00 1.140854358673095703e+01
8.625000119209289551e-01 -4.275312900543212891e+00 1.143528842926025391e+01
8.750000000000000000e-01 -4.818120956420898438e+00 1.145973873138427734e+01
8.874999880790710449e-01 -5.291316986083984375e+00 1.146329784393310547e+01
8.999999761581420898e-01 -5.672901630401611328e+00 1.147128772735595703e+01
9.125000238418579102e-01 -5.958174705505371094e+00 1.149813461303710938e+01
9.250000119209289551e-01 -6.155153274536132812e+00 1.151937389373779297e+01
9.375000000000000000e-01 -6.258194446563720703e+00 1.152319908142089844e+01
9.499999880790710449e-01 -6.253924369812011719e+00 1.153361988067626953e+01
9.624999761581420898e-01 -6.145782470703125000e+00 1.155988788604736328e+01
9.750000238418579102e-01 -5.946734905242919922e+00 1.157701396942138672e+01
9.875000119209289551e-01 -5.655588626861572266e+00 1.157725143432617188e+01
1.000000000000000000e+00 -5.265885353088378906e+00 1.158660984039306641e+01
1.012500047683715820e+00 -4.789478778839111328e+00 1.161058425903320312e+01
1.024999976158142090e+00 -4.245284080505371094e+00 1.162015247344970703e+01
1.037500023841857910e+00 -3.634478807449340820e+00 1.161135578155517578e+01
1.049999952316284180e+00 -2.954642534255981445e+00 1.161715126037597656e+01
1.062500000000000000e+00 -2.226769685745239258e+00 1.163846778869628906e+01
1.075000047683715820e+00 -1.475223779678344727e+00 1.163401985168457031e+01
1.087499976158142090e+00 -6.928204298019409180e-01 1.160706615447998047e+01
1.100000023841857910e+00 1.318059861660003662e-01 1.161680984497070312e+01
1.112499952316284180e+00 9.572892785072326660e-01 1.164854431152343750e+01
1.125000000000000000e+00 1.710420489311218262e+00 1.155517482757568359e+01
1.137500047683715820e+00 2.374128341674804688e+00 1.121445369720458984e+01
1.149999976158142090e+00 3.008418321609497070e+00 1.069429397583007812e+01
1.162500023841857910e+00 3.663752555847167969e+00 1.017979431152343750e+01
1.174999952316284180e+00 4.312472343444824219e+00 9.775983810424804688e+00
1.187500000000000000e+00 4.889308452606201172e+00 9.464420318603515625e+00
1.200000047683715820e+00 5.363400936126708984e+00 9.215244293212890625e+00
1.212499976158142090e+00 5.739852428436279297e+00 9.038025856018066406e+00
1.225000023841857910e+00 6.019710063934326172e+00 8.926935195922851562e+00
1.237499952316284180e+00 6.195037364959716797e+00 8.847616195678710938e+00
1.250000000000000000e+00 6.268026828765869141e+00 8.792845726013183594e+00
1.262500047683715820e+00 6.244975090026855469e+00 8.785626411437988281e+00
1.274999976158142090e+00 6.121461391448974609e+00 8.823788642883300781e+00
1.287500023841857910e+00 5.894645214080810547e+00 8.884574890136718750e+00
1.299999952316284180e+00 5.576429367065429688e+00 8.981006622314453125e+00
1.312500000000000000e+00 5.176177978515625000e+00 9.146028518676757812e+00
1.325000047683715820e+00 4.690143108367919922e+00 9.367020606994628906e+00
1.337499976158142090e+00 4.128599643707275391e+00 9.613727569580078125e+00
1.350000023841857910e+00 3.527214288711547852e+00 9.923941612243652344e+00
1.362499952316284180e+00 2.900476217269897461e+00 1.035909938812255859e+01
1.375000000000000000e+00 2.208867788314819336e+00 1.085499763488769531e+01
1.387500047683715820e+00 1.414693593978881836e+00 1.122395610809326172e+01
1.399999976158142090e+00 5.556676983833312988e-01 1.135880756378173828e+01
1.412500023841857910e+00 -2.825422883033752441e-01 1.135111236572265625e+01
1.424999952316284180e+00 -1.060665249824523926e+00 1.135072708129882812e+01
1.437500000000000000e+00 -1.807141184806823730e+00 1.138876056671142578e+01
1.450000047683715820e+00 -2.546246290206909180e+00 1.140989494323730469e+01
1.462499976158142090e+00 -3.254394054412841797e+00 1.140515518188476562e+01
1.475000023841857910e+00 -3.899754285812377930e+00 1.141600990295410156e+01
1.487499952316284180e+00 -4.480291366577148438e+00 1.144649124145507812e+01
1.500000000000000000e+00 -5.000099182128906250e+00 1.146276092529296875e+01
1.512500047683715820e+00 -5.441985130310058594e+00 1.146398258209228516e+01
1.524999976158142090e+00 -5.787703514099121094e+00 1.147966480255126953e+01
1.537500023841857910e+00 -6.040141582489013672e+00 1.150808334350585938e+01
1.549999952316284180e+00 -6.204479694366455078e+00 1.152196311950683594e+01
1.562500000000000000e+00 -6.269378185272216797e+00 1.152481842041015625e+01
1.575000047683715820e+00 -6.225718021392822266e+00 1.154230880737304688e+01
1.587499976158142090e+00 -6.083330154418945312e+00 1.156857299804687500e+01
1.600000023841857910e+00 -5.851700782775878906e+00 1.157801151275634766e+01
1.612499952316284180e+00 -5.524657726287841797e+00 1.157827663421630859e+01
1.625000000000000000e+00 -5.100894927978515625e+00 1.159491539001464844e+01
1.637500047683715820e+00 -4.598222732543945312e+00 1.161712741851806641e+01
1.649999976158142090e+00 -4.030544281005859375e+00 1.161757183074951172e+01
1.662500023841857910e+00 -3.393849611282348633e+00 1.161032867431640625e+01
1.674999952316284180e+00 -2.692884683609008789e+00 1.162510013580322266e+01
1.687500000000000000e+00 -1.954869508743286133e+00 1.164151954650878906e+01
1.700000047683715820e+00 -1.194490671157836914e+00 1.162392997741699219e+01
1.712499976158142090e+00 -3.960506021976470947e-01 1.160400772094726562e+01
1.725000023841857910e+00 4.369664788246154785e-01 1.163150215148925781e+01
1.737499952316284180e+00 1.243419289588928223e+00 1.163836956024169922e+01
1.750000000000000000e+00 1.960915565490722656e+00 1.146051025390625000e+01
1.762500047683715820e+00 2.605000495910644531e+00 1.103604602813720703e+01
1.774999976158142090e+00 3.244843006134033203e+00 1.049709033966064453e+01
1.787500023841857910e+00 3.904788255691528320e+00 1.001881694793701172e+01
1.799999952316284180e+00 4.534081459045410156e+00 9.654129028320312500e+00
1.812500000000000000e+00 5.074293613433837891e+00 9.366247177124023438e+00
1.825000047683715820e+00 5.511655807495117188e+00 9.141584396362304688e+00
1.837499976158142090e+00 5.853623390197753906e+00 8.991515159606933594e+00
1.850000023841857910e+00 6.096002578735351562e+00 8.895776748657226562e+00
1.862499952316284180e+00 6.233057022094726562e+00 8.823670387268066406e+00
1.875000000000000000e+00 6.270738601684570312e+00 8.783843994140625000e+00
1.887500047683715820e+00 6.211980819702148438e+00 8.795672416687011719e+00
1.899999976158142090e+00 6.050297737121582031e+00 8.843792915344238281e+00
1.912500023841857910e+00 5.788284778594970703e+00 8.913548469543457031e+00
1.924999952316284180e+00 5.439935684204101562e+00 9.032611846923828125e+00
1.937500000000000000e+00 5.008887290954589844e+00 9.222435951232910156e+00
1.950000047683715820e+00 4.492381095886230469e+00 9.453987121582031250e+00
1.962499976158142090e+00 3.911878108978271484e+00 9.715296745300292969e+00
1.975000023841857910e+00 3.302522897720336914e+00 1.006774902343750000e+01
1.987499952316284180e+00 2.658634662628173828e+00 1.054185581207275391e+01
2.000000000000000000e+00 1.930883288383483887e+00 1.101408767700195312e+01
