0.000000000000000000e+00 6.223982810974121094e+00 8.829908370971679688e+00
1.250000018626451492e-02 6.270987987518310547e+00 8.785640716552734375e+00
2.500000037252902985e-02 6.221364498138427734e+00 8.792727470397949219e+00
3.750000149011611938e-02 6.068852424621582031e+00 8.838749885559082031e+00
5.000000074505805969e-02 5.814579010009765625e+00 8.906134605407714844e+00
6.250000000000000000e-02 5.472446918487548828e+00 9.019676208496093750e+00
7.500000298023223877e-02 5.047546863555908203e+00 9.204549789428710938e+00
8.749999850988388062e-02 4.536434650421142578e+00 9.434617996215820312e+00
1.000000014901161194e-01 3.958178281784057617e+00 9.692662239074707031e+00
1.124999970197677612e-01 3.348997831344604492e+00 1.003629302978515625e+01
1.250000000000000000e-01 2.707713127136230469e+00 1.050456714630126953e+01
1.375000029802322388e-01 1.985778331756591797e+00 1.098471832275390625e+01
1.500000059604644775e-01 1.162797689437866211e+00 1.128735733032226562e+01
1.624999940395355225e-01 2.992985844612121582e-01 1.136333656311035156e+01
1.749999970197677612e-01 -5.232447385787963867e-01 1.134556102752685547e+01
1.875000000000000000e-01 -1.289138078689575195e+00 1.136017799377441406e+01
2.000000029802322388e-01 -2.034761190414428711e+00 1.139890956878662109e+01
2.125000059604644775e-01 -2.770206212997436523e+00 1.140922355651855469e+01
2.249999940395355225e-01 -3.462710380554199219e+00 1.140516567230224609e+01
2.374999970197677612e-01 -4.088324546813964844e+00 1.142480659484863281e+01
2.500000000000000000e-01 -4.651494503021240234e+00 1.145419311523437500e+01
2.624999880790710449e-01 -5.150398731231689453e+00 1.146327114105224609e+01
2.750000059604644775e-01 -5.563544273376464844e+00 1.146642780303955078e+01
2.874999940395355225e-01 -5.878836154937744141e+00 1.148879146575927734e+01
3.000000119209289551e-01 -6.103384017944335938e+00 1.151498317718505859e+01
3.125000000000000000e-01 -6.237272739410400391e+00 1.152276706695556641e+01
3.249999880790710449e-01 -6.266517162322998047e+00 1.152838897705078125e+01
3.375000059604644775e-01 -6.188169002532958984e+00 1.155163002014160156e+01
3.499999940395355225e-01 -6.015273571014404297e+00 1.157432270050048828e+01
3.625000119209289551e-01 -5.751953601837158203e+00 1.157775592803955078e+01
3.750000000000000000e-01 -5.390307903289794922e+00 1.158183765411376953e+01
3.874999880790710449e-01 -4.935978889465332031e+00 1.160386848449707031e+01
4.000000059604644775e-01 -4.409156799316406250e+00 1.162039089202880859e+01
4.124999940395355225e-01 -3.816929578781127930e+00 1.161420059204101562e+01
4.250000119209289551e-01 -3.154273748397827148e+00 1.161304187774658203e+01
4.375000000000000000e-01 -2.435094356536865234e+00 1.163357543945312500e+01
4.499999880790710449e-01 -1.687590956687927246e+00 1.163962936401367188e+01
4.625000059604644775e-01 -9.141234755516052246e-01 1.161376094818115234e+01
4.749999940395355225e-01 -9.788312762975692749e-02 1.160895633697509766e+01
4.875000119209289551e-01 7.367906570434570312e-01 1.164498901367187500e+01
5.000000000000000000e-01 1.516922116279602051e+00 1.160276031494140625e+01
5.124999880790710449e-01 2.202647447586059570e+00 1.133014011383056641e+01
5.249999761581420898e-01 2.838864564895629883e+00 1.083987712860107422e+01
5.375000238418579102e-01 3.489377737045288086e+00 1.030657100677490234e+01
5.500000119209289551e-01 4.147623538970947266e+00 9.870971679687500000e+00
5.625000000000000000e-01 4.749630451202392578e+00 9.539019584655761719e+00
5.749999880790710449e-01 5.251626491546630859e+00 9.273135185241699219e+00
5.874999761581420898e-01 5.653182983398437500e+00 9.075935363769531250e+00
6.000000238418579102e-01 5.958896636962890625e+00 8.950743675231933594e+00
6.125000119209289551e-01 6.161142349243164062e+00 8.865819931030273438e+00
6.250000000000000000e-01 6.258835315704345703e+00 8.802927970886230469e+00
6.374999880790710449e-01 6.259243488311767578e+00 8.782515525817871094e+00
6.499999761581420898e-01 6.160537719726562500e+00 8.812023162841796875e+00
6.625000238418579102e-01 5.957373142242431641e+00 8.868241310119628906e+00
6.750000119209289551e-01 5.658724308013916016e+00 8.952924728393554688e+00
6.875000000000000000e-01 5.276891708374023438e+00 9.101042747497558594e+00
6.999999880790710449e-01 4.809862613677978516e+00 9.313171386718750000e+00
7.124999761581420898e-01 4.261741161346435547e+00 9.554353713989257812e+00
7.250000238418579102e-01 3.664939641952514648e+00 9.843824386596679688e+00
7.375000119209289551e-01 3.044224023818969727e+00 1.025096702575683594e+01
7.500000000000000000e-01 2.370388746261596680e+00 1.074866390228271484e+01
7.624999880790710449e-01 1.596912026405334473e+00 1.116211032867431641e+01
7.749999761581420898e-01 7.428779006004333496e-01 1.134698104858398438e+01
7.875000238418579102e-01 -1.080479100346565247e-01 1.135585689544677734e+01
8.000000119209289551e-01 -9.001113772392272949e-01 1.134616947174072266e+01
8.125000000000000000e-01 -1.651640176773071289e+00 1.138009834289550781e+01
8.249999880790710449e-01 -2.394535541534423828e+00 1.140839195251464844e+01
8.374999761581420898e-01 -3.113997936248779297e+00 1.140596485137939453e+01
8.500000238418579102e-01 -3.774832248687744141e+00 1.141122722625732422e+01
8.625000119209289551e-01 -4.369003772735595703e+00 1.144038105010986328e+01
8.750000000000000000e-01 -4.902806282043457031e+00 1.146137809753417969e+01
8.874999880790710449e-01 -5.362981796264648438e+00 1.146332550048828125e+01
8.999999761581420898e-01 -5.728578567504882812e+00 1.147485351562500000e+01
9.125000238418579102e-01 -5.998679637908935547e+00 1.150308418273925781e+01
9.250000119209289551e-01 -6.180472373962402344e+00 1.152093696594238281e+01
9.375000000000000000e-01 -6.265261173248291016e+00 1.152381706237792969e+01
9.499999880790710449e-01 -6.241239547729492188e+00 1.153777503967285156e+01
9.624999761581420898e-01 -6.115327358245849609e+00 1.156466102600097656e+01
9.750000238418579102e-01 -5.899233341217041016e+00 1.157794380187988281e+01
9.875000119209289551e-01 -5.588912010192871094e+00 1.157769680023193359e+01
1.000000000000000000e+00 -5.180135726928710938e+00 1.159097099304199219e+01
1.012500047683715820e+00 -4.688318729400634766e+00 1.161467742919921875e+01
1.024999976158142090e+00 -4.130252361297607422e+00 1.161929893493652344e+01
1.037500023841857910e+00 -3.503919601440429688e+00 1.161070728302001953e+01
1.049999952316284180e+00 -2.810363531112670898e+00 1.162166213989257812e+01
1.062500000000000000e+00 -2.074708223342895508e+00 1.164110851287841797e+01
1.075000047683715820e+00 -1.316633105278015137e+00 1.162894344329833984e+01
1.087499976158142090e+00 -5.233525037765502930e-01 1.160484123229980469e+01
1.100000023841857910e+00 3.090250790119171143e-01 1.162550163269042969e+01
1.112499952316284180e+00 1.126655936241149902e+00 1.164556789398193359e+01
1.125000000000000000e+00 1.860529661178588867e+00 1.150370311737060547e+01
1.137500047683715820e+00 2.512796640396118164e+00 1.111036872863769531e+01
1.149999976158142090e+00 3.151128768920898438e+00 1.057458305358886719e+01
1.162500023841857910e+00 3.811451673507690430e+00 1.007985496520996094e+01
1.174999952316284180e+00 4.450769901275634766e+00 9.699814796447753906e+00
1.187500000000000000e+00 5.006484031677246094e+00 9.402483940124511719e+00
1.200000047683715820e+00 5.458446025848388672e+00 9.167773246765136719e+00
1.212499976158142090e+00 5.813897609710693359e+00 9.007608413696289062e+00
1.225000023841857910e+00 6.070418357849121094e+00 8.906700134277343750e+00
1.237499952316284180e+00 6.221141815185546875e+00 8.831781387329101562e+00
1.250000000000000000e+00 6.270972728729248047e+00 8.786249160766601562e+00
1.262500047683715820e+00 6.224237442016601562e+00 8.791826248168945312e+00
1.274999976158142090e+00 6.074800014495849609e+00 8.837107658386230469e+00
1.287500023841857910e+00 5.823321342468261719e+00 8.903717994689941406e+00
1.299999952316284180e+00 5.483593940734863281e+00 9.015352249145507812e+00
1.312500000000000000e+00 5.061188697814941406e+00 9.198292732238769531e+00
1.325000047683715820e+00 4.552490711212158203e+00 9.427595138549804688e+00
1.337499976158142090e+00 3.975650072097778320e+00 9.684318542480468750e+00
1.350000023841857910e+00 3.367087364196777344e+00 1.002437877655029297e+01
1.362499952316284180e+00 2.727324008941650391e+00 1.048978614807128906e+01
1.375000000000000000e+00 2.008394479751586914e+00 1.097243595123291016e+01
1.387500047683715820e+00 1.187862277030944824e+00 1.128203773498535156e+01
1.399999976158142090e+00 3.242298066616058350e-01 1.136330413818359375e+01
1.412500023841857910e+00 -5.001423954963684082e-01 1.134592056274414062e+01
1.424999952316284180e+00 -1.267235517501831055e+00 1.135910129547119141e+01
1.437500000000000000e+00 -2.013037681579589844e+00 1.139804649353027344e+01
1.450000047683715820e+00 -2.749139070510864258e+00 1.140935802459716797e+01
1.462499976158142090e+00 -3.443400859832763672e+00 1.140503597259521484e+01
1.475000023841857910e+00 -4.070983409881591797e+00 1.142390155792236328e+01
1.487499952316284180e+00 -4.635883331298828125e+00 1.145356369018554688e+01
1.500000000000000000e+00 -5.136926174163818359e+00 1.146326160430908203e+01
1.512500047683715820e+00 -5.552866935729980469e+00 1.146610164642333984e+01
1.524999976158142090e+00 -5.870960235595703125e+00 1.148792266845703125e+01
1.537500023841857910e+00 -6.098060607910156250e+00 1.151445388793945312e+01
1.549999952316284180e+00 -6.234776973724365234e+00 1.152272605895996094e+01
1.562500000000000000e+00 -6.267230033874511719e+00 1.152798461914062500e+01
1.575000047683715820e+00 -6.191864967346191406e+00 1.155080127716064453e+01
1.587499976158142090e+00 -6.021577358245849609e+00 1.157393455505371094e+01
1.600000023841857910e+00 -5.761008739471435547e+00 1.157780742645263672e+01
1.612499952316284180e+00 -5.402270793914794922e+00 1.158144569396972656e+01
1.625000000000000000e+00 -4.950369358062744141e+00 1.160312843322753906e+01
1.637500047683715820e+00 -4.425451278686523438e+00 1.162026405334472656e+01
1.649999976158142090e+00 -3.835221290588378906e+00 1.161450576782226562e+01
1.662500023841857910e+00 -3.174568414688110352e+00 1.161270713806152344e+01
1.674999952316284180e+00 -2.456612586975097656e+00 1.163294029235839844e+01
1.687500000000000000e+00 -1.709711313247680664e+00 1.164001083374023438e+01
1.700000047683715820e+00 -9.372806549072265625e-01 1.161455917358398438e+01
1.712499976158142090e+00 -1.222693100571632385e-01 1.160830211639404297e+01
1.725000023841857910e+00 7.128081321716308594e-01 1.164417362213134766e+01
1.737499952316284180e+00 1.495489120483398438e+00 1.160677242279052734e+01
1.750000000000000000e+00 2.183694362640380859e+00 1.134178447723388672e+01
1.762500047683715820e+00 2.820270776748657227e+00 1.085578250885009766e+01
1.774999976158142090e+00 3.470026254653930664e+00 1.032110786437988281e+01
1.787500023841857910e+00 4.128862380981445312e+00 9.882011413574218750e+00
1.799999952316284180e+00 4.733377456665039062e+00 9.547677993774414062e+00
1.812500000000000000e+00 5.238440513610839844e+00 9.280018806457519531e+00
1.825000047683715820e+00 5.642795085906982422e+00 9.080593109130859375e+00
1.837499976158142090e+00 5.951391696929931641e+00 8.953639030456542969e+00
1.850000023841857910e+00 6.156748771667480469e+00 8.868016242980957031e+00
1.862499952316284180e+00 6.257387161254882812e+00 8.804295539855957031e+00
1.875000000000000000e+00 6.260597229003906250e+00 8.782333374023437500e+00
1.887500047683715820e+00 6.164902210235595703e+00 8.810667991638183594e+00
1.899999976158142090e+00 5.964739799499511719e+00 8.866332054138183594e+00
1.912500023841857910e+00 5.668654918670654297e+00 8.949707984924316406e+00
1.924999952316284180e+00 5.289219379425048828e+00 9.095658302307128906e+00
1.937500000000000000e+00 4.824743270874023438e+00 9.306435585021972656e+00
1.950000047683715820e+00 4.278645038604736328e+00 9.546937942504882812e+00
1.962499976158142090e+00 3.682719469070434570e+00 9.833969116210937500e+00
1.975000023841857910e+00 3.062839984893798828e+00 1.023723125457763672e+01
1.987499952316284180e+00 2.391350984573364258e+00 1.073429584503173828e+01
2.000000000000000000e+00 1.620960950851440430e+00 1.115299129486083984e+01
