0.000000000000000000e+00 6.223493576049804688e+00 8.830166816711425781e+00
1.250000018626451492e-02 6.270730018615722656e+00 8.785694122314453125e+00
2.500000037252902985e-02 6.220866680145263672e+00 8.792821884155273438e+00
3.750000149011611938e-02 6.067602157592773438e+00 8.839011192321777344e+00
5.000000074505805969e-02 5.812129974365234375e+00 8.906690597534179688e+00
6.250000000000000000e-02 5.468471050262451172e+00 9.021027565002441406e+00
7.500000298023223877e-02 5.041625022888183594e+00 9.207024574279785156e+00
8.749999850988388062e-02 4.528201103210449219e+00 9.437969207763671875e+00
1.000000014901161194e-01 3.947811365127563477e+00 9.697334289550781250e+00
1.124999970197677612e-01 3.336804151535034180e+00 1.004392147064208984e+01
1.250000000000000000e-01 2.692957401275634766e+00 1.051510334014892578e+01
1.375000029802322388e-01 1.967020034790039062e+00 1.099419689178466797e+01
1.500000059604644775e-01 1.140030264854431152e+00 1.129150867462158203e+01
1.624999940395355225e-01 2.745954692363739014e-01 1.136288452148437500e+01
1.749999970197677612e-01 -5.481182336807250977e-01 1.134486579895019531e+01
1.875000000000000000e-01 -1.314590811729431152e+00 1.136110305786132812e+01
2.000000029802322388e-01 -2.061760902404785156e+00 1.139959526062011719e+01
2.125000059604644775e-01 -2.798028707504272461e+00 1.140871810913085938e+01
2.249999940395355225e-01 -3.489733457565307617e+00 1.140511512756347656e+01
2.374999970197677612e-01 -4.113986015319824219e+00 1.142590141296386719e+01
2.500000000000000000e-01 -4.675813198089599609e+00 1.145488929748535156e+01
2.624999880790710449e-01 -5.172374725341796875e+00 1.146306896209716797e+01
2.750000059604644775e-01 -5.581716060638427734e+00 1.146687507629394531e+01
2.874999940395355225e-01 -5.892771720886230469e+00 1.149023532867431641e+01
3.000000119209289551e-01 -6.113063335418701172e+00 1.151581382751464844e+01
3.125000000000000000e-01 -6.241687774658203125e+00 1.152277183532714844e+01
3.249999880790710449e-01 -6.264457702636718750e+00 1.152925777435302734e+01
3.375000059604644775e-01 -6.179639816284179688e+00 1.155340385437011719e+01
3.499999940395355225e-01 -6.000582695007324219e+00 1.157513713836669922e+01
3.625000119209289551e-01 -5.730295181274414062e+00 1.157771110534667969e+01
3.750000000000000000e-01 -5.360918998718261719e+00 1.158296966552734375e+01
3.874999880790710449e-01 -4.899634838104248047e+00 1.160581016540527344e+01
4.000000059604644775e-01 -4.366739749908447266e+00 1.162075328826904297e+01
4.124999940395355225e-01 -3.767822980880737305e+00 1.161361312866210938e+01
4.250000119209289551e-01 -3.098242282867431641e+00 1.161430740356445312e+01
4.375000000000000000e-01 -2.374090433120727539e+00 1.163550758361816406e+01
4.499999880790710449e-01 -1.623068332672119141e+00 1.163855934143066406e+01
4.625000059604644775e-01 -8.445628881454467773e-01 1.161178588867187500e+01
4.749999940395355225e-01 -2.276179008185863495e-02 1.161157321929931641e+01
4.875000119209289551e-01 8.122183680534362793e-01 1.164739418029785156e+01
5.000000000000000000e-01 1.585823297500610352e+00 1.158853721618652344e+01
5.124999880790710449e-01 2.265326261520385742e+00 1.129036712646484375e+01
5.249999761581420898e-01 2.902174234390258789e+00 1.078601646423339844e+01
5.375000238418579102e-01 3.556619167327880859e+00 1.025726222991943359e+01
5.500000119209289551e-01 4.213765144348144531e+00 9.832880020141601562e+00
5.625000000000000000e-01 4.807850837707519531e+00 9.508259773254394531e+00
5.749999880790710449e-01 5.299819946289062500e+00 9.248239517211914062e+00
5.874999761581420898e-01 5.691857814788818359e+00 9.058960914611816406e+00
6.000000238418579102e-01 5.987092494964599609e+00 8.939918518066406250e+00
6.125000119209289551e-01 6.177518367767333984e+00 8.857336044311523438e+00
6.250000000000000000e-01 6.263628482818603516e+00 8.797831535339355469e+00
6.374999880790710449e-01 6.252457141876220703e+00 8.783788681030273438e+00
6.499999761581420898e-01 6.140783786773681641e+00 8.817984580993652344e+00
6.625000238418579102e-01 5.924349784851074219e+00 8.876705169677734375e+00
6.750000119209289551e-01 5.613905429840087891e+00 8.967707633972167969e+00
6.875000000000000000e-01 5.220430374145507812e+00 9.125786781311035156e+00
6.999999880790710449e-01 4.740730285644531250e+00 9.344048500061035156e+00
7.124999761581420898e-01 4.182360649108886719e+00 9.589178085327148438e+00
7.250000238418579102e-01 3.580338239669799805e+00 9.891711235046386719e+00
7.375000119209289551e-01 2.953771114349365234e+00 1.031791877746582031e+01
7.500000000000000000e-01 2.266343832015991211e+00 1.081733608245849609e+01
7.624999880790710449e-01 1.476099014282226562e+00 1.120381355285644531e+01
7.749999761581420898e-01 6.147031188011169434e-01 1.135523509979248047e+01
7.875000238418579102e-01 -2.312427759170532227e-01 1.135192489624023438e+01
8.000000119209289551e-01 -1.016552329063415527e+00 1.134870529174804688e+01
8.125000000000000000e-01 -1.767318725585937500e+00 1.138607215881347656e+01
8.249999880790710449e-01 -2.510479688644409180e+00 1.140918445587158203e+01
8.374999761581420898e-01 -3.224299430847167969e+00 1.140484237670898438e+01
8.500000238418579102e-01 -3.875604391098022461e+00 1.141458606719970703e+01
8.625000119209289551e-01 -4.461099624633789062e+00 1.144508838653564453e+01
8.750000000000000000e-01 -4.985439777374267578e+00 1.146227455139160156e+01
8.874999880790710449e-01 -5.431848526000976562e+00 1.146361637115478516e+01
8.999999761581420898e-01 -5.781393051147460938e+00 1.147893524169921875e+01
9.125000238418579102e-01 -6.036539077758789062e+00 1.150754547119140625e+01
9.250000119209289551e-01 -6.202755451202392578e+00 1.152183818817138672e+01
9.375000000000000000e-01 -6.268754482269287109e+00 1.152479553222656250e+01
9.499999880790710449e-01 -6.225166320800781250e+00 1.154236984252929688e+01
9.624999761581420898e-01 -6.081866741180419922e+00 1.156877899169921875e+01
9.750000238418579102e-01 -5.848448276519775391e+00 1.157821083068847656e+01
9.875000119209289551e-01 -5.518639087677001953e+00 1.157866287231445312e+01
1.000000000000000000e+00 -5.091337680816650391e+00 1.159573364257812500e+01
1.012500047683715820e+00 -4.584749698638916016e+00 1.161781215667724609e+01
1.024999976158142090e+00 -4.012583732604980469e+00 1.161773300170898438e+01
1.037500023841857910e+00 -3.370605945587158203e+00 1.161093902587890625e+01
1.049999952316284180e+00 -2.664406776428222656e+00 1.162656307220458984e+01
1.062500000000000000e+00 -1.921874880790710449e+00 1.164207553863525391e+01
1.075000047683715820e+00 -1.156532526016235352e+00 1.162307929992675781e+01
1.087499976158142090e+00 -3.519340753555297852e-01 1.160491085052490234e+01
1.100000023841857910e+00 4.856727123260498047e-01 1.163459300994873047e+01
1.112499952316284180e+00 1.291892290115356445e+00 1.163478851318359375e+01
1.125000000000000000e+00 2.006506443023681641e+00 1.143953418731689453e+01
1.137500047683715820e+00 2.650884866714477539e+00 1.099915599822998047e+01
1.149999976158142090e+00 3.295202255249023438e+00 1.045739936828613281e+01
1.162500023841857910e+00 3.958129167556762695e+00 9.986010551452636719e+00
1.174999952316284180e+00 4.584587574005126953e+00 9.627558708190917969e+00
1.187500000000000000e+00 5.118173599243164062e+00 9.343446731567382812e+00
1.200000047683715820e+00 5.548470497131347656e+00 9.124300003051757812e+00
1.212499976158142090e+00 5.882612705230712891e+00 8.980397224426269531e+00
1.225000023841857910e+00 6.115186691284179688e+00 8.887555122375488281e+00
1.237499952316284180e+00 6.241541862487792969e+00 8.817370414733886719e+00
1.250000000000000000e+00 6.268417358398437500e+00 8.782703399658203125e+00
1.262500047683715820e+00 6.197411060333251953e+00 8.800304412841796875e+00
1.274999976158142090e+00 6.021916866302490234e+00 8.851307868957519531e+00
1.287500023841857910e+00 5.746644496917724609e+00 8.925464630126953125e+00
1.299999952316284180e+00 5.385676383972167969e+00 9.054386138916015625e+00
1.312500000000000000e+00 4.940578460693359375e+00 9.253389358520507812e+00
1.325000047683715820e+00 4.410278797149658203e+00 9.489308357238769531e+00
1.337499976158142090e+00 3.820827960968017578e+00 9.760289192199707031e+00
1.350000023841857910e+00 3.205229759216308594e+00 1.013405418395996094e+01
1.362499952316284180e+00 2.548657178878784180e+00 1.062206840515136719e+01
1.375000000000000000e+00 1.800331354141235352e+00 1.107677173614501953e+01
1.387500047683715820e+00 9.578008651733398438e-01 1.132255935668945312e+01
1.399999976158142090e+00 9.605126827955245972e-02 1.136065959930419922e+01
1.412500023841857910e+00 -7.131717801094055176e-01 1.134388637542724609e+01
1.424999952316284180e+00 -1.472395300865173340e+00 1.136960792541503906e+01
1.437500000000000000e+00 -2.218483209609985352e+00 1.140457820892333984e+01
1.450000047683715820e+00 -2.948668003082275391e+00 1.140733242034912109e+01
1.462499976158142090e+00 -3.626873493194580078e+00 1.140710830688476562e+01
1.475000023841857910e+00 -4.237195968627929688e+00 1.143271064758300781e+01
1.487499952316284180e+00 -4.786392688751220703e+00 1.145852756500244141e+01
1.500000000000000000e+00 -5.266565799713134766e+00 1.146301364898681641e+01
1.512500047683715820e+00 -5.655272960662841797e+00 1.147011280059814453e+01
1.524999976158142090e+00 -5.946424961090087891e+00 1.149657058715820312e+01
1.537500023841857910e+00 -6.148184299468994141e+00 1.151878738403320312e+01
1.549999952316284180e+00 -6.255687713623046875e+00 1.152310085296630859e+01
1.562500000000000000e+00 -6.255169391632080078e+00 1.153302288055419922e+01
1.575000047683715820e+00 -6.149363040924072266e+00 1.155925559997558594e+01
1.587499976158142090e+00 -5.951513290405273438e+00 1.157703495025634766e+01
1.600000023841857910e+00 -5.660876750946044922e+00 1.157751464843750000e+01
1.612499952316284180e+00 -5.270756721496582031e+00 1.158668994903564453e+01
1.625000000000000000e+00 -4.792827606201171875e+00 1.161076927185058594e+01
1.637500047683715820e+00 -4.246332168579101562e+00 1.162057018280029297e+01
1.649999976158142090e+00 -3.632614374160766602e+00 1.161184597015380859e+01
1.662500023841857910e+00 -2.949255228042602539e+00 1.161783504486083984e+01
1.674999952316284180e+00 -2.217596292495727539e+00 1.163917732238769531e+01
1.687500000000000000e+00 -1.462113976478576660e+00 1.163419818878173828e+01
1.700000047683715820e+00 -6.751363277435302734e-01 1.160738754272460938e+01
1.712499976158142090e+00 1.542273908853530884e-01 1.161850357055664062e+01
1.725000023841857910e+00 9.825868010520935059e-01 1.164907741546630859e+01
1.737499952316284180e+00 1.736081600189208984e+00 1.154793357849121094e+01
1.750000000000000000e+00 2.400302171707153320e+00 1.119622611999511719e+01
1.762500047683715820e+00 3.037668704986572266e+00 1.067031383514404297e+01
1.774999976158142090e+00 3.696765661239624023e+00 1.015772151947021484e+01
1.787500023841857910e+00 4.346204757690429688e+00 9.757863998413085938e+00
1.799999952316284180e+00 4.920252323150634766e+00 9.448484420776367188e+00
1.812500000000000000e+00 5.390331745147705078e+00 9.201929092407226562e+00
1.825000047683715820e+00 5.762286663055419922e+00 9.028906822204589844e+00
1.837499976158142090e+00 6.036119461059570312e+00 8.920671463012695312e+00
1.850000023841857910e+00 6.204043865203857422e+00 8.842395782470703125e+00
1.862499952316284180e+00 6.269268989562988281e+00 8.790334701538085938e+00
1.875000000000000000e+00 6.237589359283447266e+00 8.787714958190917969e+00
1.887500047683715820e+00 6.103788852691650391e+00 8.828860282897949219e+00
1.899999976158142090e+00 5.866235256195068359e+00 8.891976356506347656e+00
1.912500023841857910e+00 5.537893772125244141e+00 8.994675636291503906e+00
1.924999952316284180e+00 5.126757621765136719e+00 9.168074607849121094e+00
1.937500000000000000e+00 4.628825664520263672e+00 9.393805503845214844e+00
1.950000047683715820e+00 4.057890892028808594e+00 9.645516395568847656e+00
1.962499976158142090e+00 3.450844526290893555e+00 9.970178604125976562e+00
1.975000023841857910e+00 2.816046237945556641e+00 1.042207050323486328e+01
1.987499952316284180e+00 2.108827590942382812e+00 1.091480731964111328e+01
2.000000000000000000e+00 1.297959327697753906e+00 1.125552463531494141e+01
