0.000000000000000000e+00 6.280280590057373047e+00 8.791300773620605469e+00
1.250000018626451492e-02 6.301149845123291016e+00 8.772091865539550781e+00
2.500000037252902985e-02 6.280154705047607422e+00 8.775673866271972656e+00
3.750000149011611938e-02 6.215306758880615234e+00 8.799014091491699219e+00
5.000000074505805969e-02 6.105258464813232422e+00 8.833889007568359375e+00
6.250000000000000000e-02 5.951648235321044922e+00 8.876546859741210938e+00
7.500000298023223877e-02 5.758451461791992188e+00 8.933629035949707031e+00
8.749999850988388062e-02 5.528771400451660156e+00 9.017272949218750000e+00
1.000000014901161194e-01 5.262515068054199219e+00 9.133337020874023438e+00
1.124999970197677612e-01 4.957949161529541016e+00 9.274802207946777344e+00
1.250000000000000000e-01 4.616250514984130859e+00 9.428751945495605469e+00
1.375000029802322388e-01 4.244561672210693359e+00 9.592216491699218750e+00
1.500000059604644775e-01 3.853524923324584961e+00 9.781600952148437500e+00
1.624999940395355225e-01 3.450038671493530273e+00 1.002341842651367188e+01
1.749999970197677612e-01 3.030998468399047852e+00 1.032970333099365234e+01
1.875000000000000000e-01 2.584197759628295898e+00 1.067680644989013672e+01
2.000000029802322388e-01 2.097304105758666992e+00 1.100700855255126953e+01
2.125000059604644775e-01 1.568931579589843750e+00 1.125614547729492188e+01
2.249999940395355225e-01 1.013250350952148438e+00 1.138963413238525391e+01
2.374999970197677612e-01 4.539622962474822998e-01 1.142127227783203125e+01
2.500000000000000000e-01 -8.841648697853088379e-02 1.140124225616455078e+01
2.624999880790710449e-01 -6.067568063735961914e-01 1.138267326354980469e+01
2.750000059604644775e-01 -1.107757568359375000e+00 1.139146137237548828e+01
2.874999940395355225e-01 -1.603009104728698730e+00 1.141975688934326172e+01
3.000000119209289551e-01 -2.098093032836914062e+00 1.144390106201171875e+01
3.125000000000000000e-01 -2.587951898574829102e+00 1.144914531707763672e+01
3.249999880790710449e-01 -3.061046838760375977e+00 1.144091129302978516e+01
3.375000059604644775e-01 -3.507657766342163086e+00 1.143621253967285156e+01
3.499999940395355225e-01 -3.925024032592773438e+00 1.144618606567382812e+01
3.625000119209289551e-01 -4.315651416778564453e+00 1.146654605865478516e+01
3.750000000000000000e-01 -4.681381702423095703e+00 1.148348617553710938e+01
3.874999880790710449e-01 -5.019115924835205078e+00 1.148781394958496094e+01
4.000000059604644775e-01 -5.321882247924804688e+00 1.148331928253173828e+01
4.124999940395355225e-01 -5.583682537078857422e+00 1.148207187652587891e+01
4.250000119209289551e-01 -5.803222179412841797e+00 1.149213027954101562e+01
4.375000000000000000e-01 -5.983092308044433594e+00 1.150993061065673828e+01
4.499999880790710449e-01 -6.125510215759277344e+00 1.152435588836669922e+01
4.625000059604644775e-01 -6.228930473327636719e+00 1.152798748016357422e+01
4.749999940395355225e-01 -6.288767814636230469e+00 1.152428722381591797e+01
4.875000119209289551e-01 -6.301375865936279297e+00 1.152384948730468750e+01
5.000000000000000000e-01 -6.267275333404541016e+00 1.153367233276367188e+01
5.124999880790710449e-01 -6.190483570098876953e+00 1.155015850067138672e+01
5.249999761581420898e-01 -6.074661254882812500e+00 1.156272506713867188e+01
5.375000238418579102e-01 -5.919924259185791016e+00 1.156441974639892578e+01
5.500000119209289551e-01 -5.723505496978759766e+00 1.155897045135498047e+01
5.625000000000000000e-01 -5.483628273010253906e+00 1.155717182159423828e+01
5.749999880790710449e-01 -5.202752590179443359e+00 1.156599903106689453e+01
5.874999761581420898e-01 -4.886867046356201172e+00 1.158123397827148438e+01
6.000000238418579102e-01 -4.541391849517822266e+00 1.159122180938720703e+01
6.125000119209289551e-01 -4.167693614959716797e+00 1.158849143981933594e+01
6.250000000000000000e-01 -3.763825178146362305e+00 1.157782745361328125e+01
6.374999880790710449e-01 -3.329025268554687500e+00 1.157223224639892578e+01
6.499999761581420898e-01 -2.867615461349487305e+00 1.157989215850830078e+01
6.625000238418579102e-01 -2.388104200363159180e+00 1.159473609924316406e+01
6.750000119209289551e-01 -1.897735595703125000e+00 1.160089397430419922e+01
6.875000000000000000e-01 -1.397437214851379395e+00 1.158840179443359375e+01
6.999999880790710449e-01 -8.825082778930664062e-01 1.156557846069335938e+01
7.124999761581420898e-01 -3.495994210243225098e-01 1.155432319641113281e+01
7.250000238418579102e-01 1.954763829708099365e-01 1.156887054443359375e+01
7.375000119209289551e-01 7.362880110740661621e-01 1.159438323974609375e+01
7.500000000000000000e-01 1.253276705741882324e+00 1.158485794067382812e+01
7.624999880790710449e-01 1.735367774963378906e+00 1.148599624633789062e+01
7.749999761581420898e-01 2.186889171600341797e+00 1.126874923706054688e+01
7.875000238418579102e-01 2.624054431915283203e+00 1.094956302642822266e+01
8.000000119209289551e-01 3.063152074813842773e+00 1.058255290985107422e+01
8.125000000000000000e-01 3.508908271789550781e+00 1.022960090637207031e+01
8.249999880790710449e-01 3.951171875000000000e+00 9.930016517639160156e+00
8.374999761581420898e-01 4.371492862701416016e+00 9.689661979675292969e+00
8.500000238418579102e-01 4.753843784332275391e+00 9.492895126342773438e+00
8.625000119209289551e-01 5.091459751129150391e+00 9.323558807373046875e+00
8.750000000000000000e-01 5.385907173156738281e+00 9.177368164062500000e+00
8.874999880790710449e-01 5.640998363494873047e+00 9.058794975280761719e+00
8.999999761581420898e-01 5.857545375823974609e+00 8.970011711120605469e+00
9.125000238418579102e-01 6.032872200012207031e+00 8.904802322387695312e+00
9.250000119209289551e-01 6.164047718048095703e+00 8.853068351745605469e+00
9.375000000000000000e-01 6.250713825225830078e+00 8.810073852539062500e+00
9.499999880790710449e-01 6.294659137725830078e+00 8.780135154724121094e+00
9.624999761581420898e-01 6.297082901000976562e+00 8.770842552185058594e+00
9.750000238418579102e-01 6.256882667541503906e+00 8.784074783325195312e+00
9.875000119209289551e-01 6.171965599060058594e+00 8.813526153564453125e+00
1.000000000000000000e+00 6.042162418365478516e+00 8.851730346679687500e+00
1.012500047683715820e+00 5.870437622070312500e+00 8.899413108825683594e+00
1.024999976158142090e+00 5.660817623138427734e+00 8.966896057128906250e+00
1.037500023841857910e+00 5.415078163146972656e+00 9.064975738525390625e+00
1.049999952316284180e+00 5.131953239440917969e+00 9.193863868713378906e+00
1.062500000000000000e+00 4.810405731201171875e+00 9.342257499694824219e+00
1.075000047683715820e+00 4.454161167144775391e+00 9.499688148498535156e+00
1.087499976158142090e+00 4.072591304779052734e+00 9.671596527099609375e+00
1.100000023841857910e+00 3.675679445266723633e+00 9.881225585937500000e+00
1.112499952316284180e+00 3.266331195831298828e+00 1.015202426910400391e+01
1.125000000000000000e+00 2.836742401123046875e+00 1.048176288604736328e+01
1.137500047683715820e+00 2.373217582702636719e+00 1.082972335815429688e+01
1.149999976158142090e+00 1.867126107215881348e+00 1.113081741333007812e+01
1.162500023841857910e+00 1.324049353599548340e+00 1.133005523681640625e+01
1.174999952316284180e+00 7.637150287628173828e-01 1.141380023956298828e+01
1.187500000000000000e+00 2.100584506988525391e-01 1.141523933410644531e+01
1.200000047683715820e+00 -3.215776085853576660e-01 1.139042663574218750e+01
1.212499976158142090e+00 -8.308201432228088379e-01 1.138300132751464844e+01
1.225000023841857910e+00 -1.327979922294616699e+00 1.140297031402587891e+01
1.237499952316284180e+00 -1.823099493980407715e+00 1.143230915069580078e+01
1.250000000000000000e+00 -2.317049741744995117e+00 1.144869613647460938e+01
1.262500047683715820e+00 -2.800963878631591797e+00 1.144620990753173828e+01
1.274999976158142090e+00 -3.263120412826538086e+00 1.143740844726562500e+01
1.287500023841857910e+00 -3.696650505065917969e+00 1.143872642517089844e+01
1.299999952316284180e+00 -4.101717472076416016e+00 1.145470523834228516e+01
1.312500000000000000e+00 -4.481303215026855469e+00 1.147530174255371094e+01
1.325000047683715820e+00 -4.835292339324951172e+00 1.148705101013183594e+01
1.337499976158142090e+00 -5.158414840698242188e+00 1.148624992370605469e+01
1.350000023841857910e+00 -5.443479537963867188e+00 1.148165607452392578e+01
1.362499952316284180e+00 -5.686354637145996094e+00 1.148507690429687500e+01
1.375000000000000000e+00 -5.887856483459472656e+00 1.149968910217285156e+01
1.387500047683715820e+00 -6.050994396209716797e+00 1.151741123199462891e+01
1.399999976158142090e+00 -6.176522254943847656e+00 1.152736091613769531e+01
1.412500023841857910e+00 -6.261190414428710938e+00 1.152667236328125000e+01
1.424999952316284180e+00 -6.300281047821044922e+00 1.152306842803955078e+01
1.437500000000000000e+00 -6.291795253753662109e+00 1.152690315246582031e+01
1.450000047683715820e+00 -6.238145351409912109e+00 1.154075241088867188e+01
1.462499976158142090e+00 -6.143729686737060547e+00 1.155684661865234375e+01
1.475000023841857910e+00 -6.010836601257324219e+00 1.156486034393310547e+01
1.487499952316284180e+00 -5.837964534759521484e+00 1.156229209899902344e+01
1.500000000000000000e+00 -5.622240066528320312e+00 1.155708980560302734e+01
1.512500047683715820e+00 -5.363562107086181641e+00 1.155975818634033203e+01
1.524999976158142090e+00 -5.066311836242675781e+00 1.157261562347412109e+01
1.537500023841857910e+00 -4.736806392669677734e+00 1.158699893951416016e+01
1.549999952316284180e+00 -4.378890991210937500e+00 1.159159755706787109e+01
1.562500000000000000e+00 -3.992079257965087891e+00 1.158402061462402344e+01
1.575000047683715820e+00 -3.574306249618530273e+00 1.157395935058593750e+01
1.587499976158142090e+00 -3.126811981201171875e+00 1.157400417327880859e+01
1.600000023841857910e+00 -2.656230449676513672e+00 1.158646869659423828e+01
1.612499952316284180e+00 -2.171304941177368164e+00 1.159947109222412109e+01
1.625000000000000000e+00 -1.676844120025634766e+00 1.159762096405029297e+01
1.637500047683715820e+00 -1.170752167701721191e+00 1.157836151123046875e+01
1.649999976158142090e+00 -6.478407979011535645e-01 1.155783176422119141e+01
1.662500023841857910e+00 -1.081036403775215149e-01 1.155766010284423828e+01
1.674999952316284180e+00 4.375507533550262451e-01 1.158102035522460938e+01
1.687500000000000000e+00 9.699444770812988281e-01 1.159789562225341797e+01
1.700000047683715820e+00 1.471930265426635742e+00 1.155461215972900391e+01
1.712499976158142090e+00 1.938990354537963867e+00 1.140420150756835938e+01
1.725000023841857910e+00 2.381806612014770508e+00 1.113687419891357422e+01
1.737499952316284180e+00 2.818304061889648438e+00 1.078847599029541016e+01
1.750000000000000000e+00 3.260709285736083984e+00 1.042086791992187500e+01
1.762500047683715820e+00 3.706899166107177734e+00 1.008880615234375000e+01
1.774999976158142090e+00 4.141784191131591797e+00 9.816568374633789062e+00
1.787500023841857910e+00 4.546732902526855469e+00 9.598004341125488281e+00
1.799999952316284180e+00 4.909438133239746094e+00 9.414822578430175781e+00
1.812500000000000000e+00 5.227383613586425781e+00 9.255555152893066406e+00
1.825000047683715820e+00 5.503974914550781250e+00 9.120965957641601562e+00
1.837499976158142090e+00 5.742091655731201172e+00 9.015842437744140625e+00
1.850000023841857910e+00 5.940758228302001953e+00 8.938741683959960938e+00
1.862499952316284180e+00 6.096708297729492188e+00 8.880643844604492188e+00
1.875000000000000000e+00 6.207971572875976562e+00 8.832811355590820312e+00
1.887500047683715820e+00 6.275399208068847656e+00 8.794671058654785156e+00
1.899999976158142090e+00 6.300874233245849609e+00 8.773135185241699219e+00
1.912500023841857910e+00 6.284615039825439453e+00 8.774168968200683594e+00
1.924999952316284180e+00 6.224751472473144531e+00 8.795698165893554688e+00
1.937500000000000000e+00 6.119712829589843750e+00 8.829642295837402344e+00
1.950000047683715820e+00 5.970771312713623047e+00 8.871294975280761719e+00
1.962499976158142090e+00 5.781778335571289062e+00 8.926177978515625000e+00
1.975000023841857910e+00 5.556099414825439453e+00 9.006364822387695312e+00
1.987499952316284180e+00 5.294002056121826172e+00 9.118940353393554688e+00
2.000000000000000000e+00 4.993733882904052734e+00 9.258237838745117188e+00
