0.000000000000000000e+00 6.223004817962646484e+00 8.830524444580078125e+00
1.250000018626451492e-02 6.270472049713134766e+00 8.785848617553710938e+00
2.500000037252902985e-02 6.220368862152099609e+00 8.793016433715820312e+00
3.750000149011611938e-02 6.066349029541015625e+00 8.839372634887695312e+00
5.000000074505805969e-02 5.809675693511962891e+00 8.907349586486816406e+00
6.250000000000000000e-02 5.464488029479980469e+00 9.022486686706542969e+00
7.500000298023223877e-02 5.035690784454345703e+00 9.209607124328613281e+00
8.749999850988388062e-02 4.519953727722167969e+00 9.441425323486328125e+00
1.000000014901161194e-01 3.937436819076538086e+00 9.702129364013671875e+00
1.124999970197677612e-01 3.324602365493774414e+00 1.005169486999511719e+01
1.250000000000000000e-01 2.678167343139648438e+00 1.052574062347412109e+01
1.375000029802322388e-01 1.948202967643737793e+00 1.100366306304931641e+01
1.500000059604644775e-01 1.117233157157897949e+00 1.129559421539306641e+01
1.624999940395355225e-01 2.499278038740158081e-01 1.136246299743652344e+01
1.749999970197677612e-01 -5.729357600212097168e-01 1.134431743621826172e+01
1.875000000000000000e-01 -1.340023636817932129e+00 1.136215496063232422e+01
2.000000029802322388e-01 -2.088747501373291016e+00 1.140033340454101562e+01
2.125000059604644775e-01 -2.825780153274536133e+00 1.140829277038574219e+01
2.249999940395355225e-01 -3.516636371612548828e+00 1.140521430969238281e+01
2.374999970197677612e-01 -4.139528751373291016e+00 1.142711448669433594e+01
2.500000000000000000e-01 -4.699995517730712891e+00 1.145563220977783203e+01
2.624999880790710449e-01 -5.194142818450927734e+00 1.146295833587646484e+01
2.750000059604644775e-01 -5.599628925323486328e+00 1.146748733520507812e+01
2.874999940395355225e-01 -5.906452178955078125e+00 1.149178791046142578e+01
3.000000119209289551e-01 -6.122461795806884766e+00 1.151667976379394531e+01
3.125000000000000000e-01 -6.245742321014404297e+00 1.152288341522216797e+01
3.249999880790710449e-01 -6.262000083923339844e+00 1.153031253814697266e+01
3.375000059604644775e-01 -6.170743465423583984e+00 1.155527210235595703e+01
3.499999940395355225e-01 -5.985507965087890625e+00 1.157595920562744141e+01
3.625000119209289551e-01 -5.708177089691162109e+00 1.157779026031494141e+01
3.750000000000000000e-01 -5.331073284149169922e+00 1.158431529998779297e+01
3.874999880790710449e-01 -4.862924575805664062e+00 1.160780620574951172e+01
4.000000059604644775e-01 -4.323960304260253906e+00 1.162106800079345703e+01
4.124999940395355225e-01 -3.718282938003540039e+00 1.161318969726562500e+01
4.250000119209289551e-01 -3.041858673095703125e+00 1.161584186553955078e+01
4.375000000000000000e-01 -2.312929153442382812e+00 1.163739490509033203e+01
4.499999880790710449e-01 -1.558366417884826660e+00 1.163732147216796875e+01
4.625000059604644775e-01 -7.746419310569763184e-01 1.161015319824218750e+01
4.749999940395355225e-01 5.250442028045654297e-02 1.161469554901123047e+01
4.875000119209289551e-01 8.870965242385864258e-01 1.164910602569580078e+01
5.000000000000000000e-01 1.653806328773498535e+00 1.157212543487548828e+01
5.124999880790710449e-01 2.327574968338012695e+00 1.124865531921386719e+01
5.249999761581420898e-01 2.965696096420288086e+00 1.073211574554443359e+01
5.375000238418579102e-01 3.623908996582031250e+00 1.020928287506103516e+01
5.500000119209289551e-01 4.279183864593505859e+00 9.795963287353515625e+00
5.625000000000000000e-01 4.864880561828613281e+00 9.478236198425292969e+00
5.749999880790710449e-01 5.346851825714111328e+00 9.224269866943359375e+00
5.874999761581420898e-01 5.729360103607177734e+00 9.042994499206542969e+00
6.000000238418579102e-01 6.013919353485107422e+00 8.929623603820800781e+00
6.125000119209289551e-01 6.192474842071533203e+00 8.849193572998046875e+00
6.250000000000000000e-01 6.267070293426513672e+00 8.793497085571289062e+00
6.374999880790710449e-01 6.244202613830566406e+00 8.785908699035644531e+00
6.499999761581420898e-01 6.119405746459960938e+00 8.824357986450195312e+00
6.625000238418579102e-01 5.889834403991699219e+00 8.885718345642089844e+00
6.750000119209289551e-01 5.567750930786132812e+00 8.983761787414550781e+00
6.875000000000000000e-01 5.162486076354980469e+00 9.151711463928222656e+00
6.999999880790710449e-01 4.670153141021728516e+00 9.375374794006347656e+00
7.124999761581420898e-01 4.102203369140625000e+00 9.625047683715820312e+00
7.250000238418579102e-01 3.495392322540283203e+00 9.942228317260742188e+00
7.375000119209289551e-01 2.862170696258544922e+00 1.038665008544921875e+01
7.500000000000000000e-01 2.160091161727905273e+00 1.088366317749023438e+01
7.624999880790710449e-01 1.353680849075317383e+00 1.124025154113769531e+01
7.749999761581420898e-01 4.869382679462432861e-01 1.136009979248046875e+01
7.875000238418579102e-01 -3.529359698295593262e-01 1.134838676452636719e+01
8.000000119209289551e-01 -1.132198214530944824e+00 1.135249805450439453e+01
8.125000000000000000e-01 -1.882920742034912109e+00 1.139167785644531250e+01
8.249999880790710449e-01 -2.625703811645507812e+00 1.140926265716552734e+01
8.374999761581420898e-01 -3.332911252975463867e+00 1.140429306030273438e+01
8.500000238418579102e-01 -3.974617481231689453e+00 1.141870975494384766e+01
8.625000119209289551e-01 -4.551592826843261719e+00 1.144944000244140625e+01
8.750000000000000000e-01 -5.065896511077880859e+00 1.146274471282958984e+01
8.874999880790710449e-01 -5.497863292694091797e+00 1.146452236175537109e+01
8.999999761581420898e-01 -5.831407546997070312e+00 1.148360347747802734e+01
9.125000238418579102e-01 -6.071749210357666016e+00 1.151157665252685547e+01
9.250000119209289551e-01 -6.221900463104248047e+00 1.152242469787597656e+01
9.375000000000000000e-01 -6.268665790557861328e+00 1.152647590637207031e+01
9.499999880790710449e-01 -6.205811023712158203e+00 1.154744148254394531e+01
9.624999761581420898e-01 -6.045418262481689453e+00 1.157230567932128906e+01
9.750000238418579102e-01 -5.794299602508544922e+00 1.157821655273437500e+01
9.875000119209289551e-01 -5.444822311401367188e+00 1.158048534393310547e+01
1.000000000000000000e+00 -4.999665737152099609e+00 1.160085296630859375e+01
1.012500047683715820e+00 -4.478805065155029297e+00 1.162004661560058594e+01
1.024999976158142090e+00 -3.892201423645019531e+00 1.161596012115478516e+01
1.037500023841857910e+00 -3.234674453735351562e+00 1.161239051818847656e+01
1.049999952316284180e+00 -2.517051458358764648e+00 1.163162422180175781e+01
1.062500000000000000e+00 -1.768248319625854492e+00 1.164140701293945312e+01
1.075000047683715820e+00 -9.946956038475036621e-01 1.161727714538574219e+01
1.087499976158142090e+00 -1.788296848535537720e-01 1.160769748687744141e+01
1.100000023841857910e+00 6.609306335449218750e-01 1.164287757873535156e+01
1.112499952316284180e+00 1.452610611915588379e+00 1.161472606658935547e+01
1.125000000000000000e+00 2.148967027664184570e+00 1.136326122283935547e+01
1.137500047683715820e+00 2.789140939712524414e+00 1.088322448730468750e+01
1.149999976158142090e+00 3.440444469451904297e+00 1.034442138671875000e+01
1.162500023841857910e+00 4.102944374084472656e+00 9.898192405700683594e+00
1.174999952316284180e+00 4.713476657867431641e+00 9.558882713317871094e+00
1.187500000000000000e+00 5.224485397338867188e+00 9.287701606750488281e+00
1.200000047683715820e+00 5.633525371551513672e+00 9.085090637207031250e+00
1.212499976158142090e+00 5.945843219757080078e+00 8.956050872802734375e+00
1.225000023841857910e+00 6.154022216796875000e+00 8.869480133056640625e+00
1.237499952316284180e+00 6.256374835968017578e+00 8.805015563964843750e+00
1.250000000000000000e+00 6.260298252105712891e+00 8.782480239868164062e+00
1.262500047683715820e+00 6.164389133453369141e+00 8.810778617858886719e+00
1.274999976158142090e+00 5.962999820709228516e+00 8.866692543029785156e+00
1.287500023841857910e+00 5.664829254150390625e+00 8.950726509094238281e+00
1.299999952316284180e+00 5.282571315765380859e+00 9.098204612731933594e+00
1.312500000000000000e+00 4.814401149749755859e+00 9.310732841491699219e+00
1.325000047683715820e+00 4.264178276062011719e+00 9.552861213684082031e+00
1.337499976158142090e+00 3.664598226547241211e+00 9.843366622924804688e+00
1.350000023841857910e+00 3.040926694869995117e+00 1.025245285034179688e+01
1.362499952316284180e+00 2.363489389419555664e+00 1.075233745574951172e+01
1.375000000000000000e+00 1.585236907005310059e+00 1.116550350189208984e+01
1.387500047683715820e+00 7.263880968093872070e-01 1.134750843048095703e+01
1.399999976158142090e+00 -1.278623640537261963e-01 1.135464191436767578e+01
1.412500023841857910e+00 -9.223226904869079590e-01 1.134601688385009766e+01
1.424999952316284180e+00 -1.676861286163330078e+00 1.138089370727539062e+01
1.437500000000000000e+00 -2.422923088073730469e+00 1.140819549560546875e+01
1.450000047683715820e+00 -3.143969297409057617e+00 1.140522575378417969e+01
1.462499976158142090e+00 -3.804799556732177734e+00 1.141178035736083984e+01
1.475000023841857910e+00 -4.398618698120117188e+00 1.144159030914306641e+01
1.487499952316284180e+00 -4.931373596191406250e+00 1.146147537231445312e+01
1.500000000000000000e+00 -5.388460159301757812e+00 1.146318149566650391e+01
1.512500047683715820e+00 -5.749318122863769531e+00 1.147623538970947266e+01
1.524999976158142090e+00 -6.014333724975585938e+00 1.150487232208251953e+01
1.537500023841857910e+00 -6.190162658691406250e+00 1.152134132385253906e+01
1.549999952316284180e+00 -6.266869068145751953e+00 1.152422714233398438e+01
1.562500000000000000e+00 -6.233528137207031250e+00 1.153998947143554688e+01
1.575000047683715820e+00 -6.098571777343750000e+00 1.156689929962158203e+01
1.587499976158142090e+00 -5.872881412506103516e+00 1.157830905914306641e+01
1.600000023841857910e+00 -5.551172733306884766e+00 1.157836818695068359e+01
1.612499952316284180e+00 -5.130747795104980469e+00 1.159384155273437500e+01
1.625000000000000000e+00 -4.628794670104980469e+00 1.161687946319580078e+01
1.637500047683715820e+00 -4.060615539550781250e+00 1.161876678466796875e+01
1.649999976158142090e+00 -3.422775030136108398e+00 1.161111831665039062e+01
1.662500023841857910e+00 -2.718980073928833008e+00 1.162510395050048828e+01
1.674999952316284180e+00 -1.976463913917541504e+00 1.164232254028320312e+01
1.687500000000000000e+00 -1.211289525032043457e+00 1.162556838989257812e+01
1.700000047683715820e+00 -4.079355597496032715e-01 1.160511684417724609e+01
1.712499976158142090e+00 4.309598803520202637e-01 1.163228130340576172e+01
1.725000023841857910e+00 1.243556022644042969e+00 1.163929462432861328e+01
1.737499952316284180e+00 1.965895533561706543e+00 1.145928955078125000e+01
1.750000000000000000e+00 2.613927602767944336e+00 1.103007221221923828e+01
1.762500047683715820e+00 3.258272171020507812e+00 1.048759365081787109e+01
1.774999976158142090e+00 3.922614812850952148e+00 1.000883483886718750e+01
1.787500023841857910e+00 4.554192066192626953e+00 9.644323348999023438e+00
1.799999952316284180e+00 5.094365596771240234e+00 9.356311798095703125e+00
1.812500000000000000e+00 5.530472278594970703e+00 9.133083343505859375e+00
1.825000047683715820e+00 5.869812965393066406e+00 8.985613822937011719e+00
1.837499976158142090e+00 6.107463836669921875e+00 8.891113281250000000e+00
1.850000023841857910e+00 6.238293170928955078e+00 8.819813728332519531e+00
1.862499952316284180e+00 6.268864154815673828e+00 8.783187866210937500e+00
1.875000000000000000e+00 6.201253414154052734e+00 8.799104690551757812e+00
1.887500047683715820e+00 6.028789043426513672e+00 8.849500656127929688e+00
1.899999976158142090e+00 5.755659580230712891e+00 8.922770500183105469e+00
1.912500023841857910e+00 5.396116256713867188e+00 9.049962997436523438e+00
1.924999952316284180e+00 4.952192306518554688e+00 9.247924804687500000e+00
1.937500000000000000e+00 4.422434329986572266e+00 9.483875274658203125e+00
1.950000047683715820e+00 3.832386493682861328e+00 9.754162788391113281e+00
1.962499976158142090e+00 3.215759992599487305e+00 1.012626552581787109e+01
1.975000023841857910e+00 2.558759689331054688e+00 1.061423110961914062e+01
1.987499952316284180e+00 1.810203194618225098e+00 1.107177352905273438e+01
2.000000000000000000e+00 9.664151668548583984e-01 1.132094955444335938e+01
