0.000000000000000000e+00 6.222515583038330078e+00 8.830883979797363281e+00
1.250000018626451492e-02 6.270214557647705078e+00 8.786004066467285156e+00
2.500000037252902985e-02 6.219870567321777344e+00 8.793211936950683594e+00
3.750000149011611938e-02 6.065094470977783203e+00 8.839735031127929688e+00
5.000000074505805969e-02 5.807217597961425781e+00 8.908008575439453125e+00
6.250000000000000000e-02 5.460497856140136719e+00 9.023950576782226562e+00
7.500000298023223877e-02 5.029744625091552734e+00 9.212194442749023438e+00
8.749999850988388062e-02 4.511692523956298828e+00 9.444883346557617188e+00
1.000000014901161194e-01 3.927055120468139648e+00 9.706945419311523438e+00
1.124999970197677612e-01 3.312392473220825195e+00 1.005951404571533203e+01
1.250000000000000000e-01 2.663342237472534180e+00 1.053637886047363281e+01
1.375000029802322388e-01 1.929327130317687988e+00 1.101301288604736328e+01
1.500000059604644775e-01 1.094408154487609863e+00 1.129951477050781250e+01
1.624999940395355225e-01 2.252970337867736816e-01 1.136197853088378906e+01
1.749999970197677612e-01 -5.976979732513427734e-01 1.134381961822509766e+01
1.875000000000000000e-01 -1.365437626838684082e+00 1.136323356628417969e+01
2.000000029802322388e-01 -2.115720033645629883e+00 1.140102386474609375e+01
2.125000059604644775e-01 -2.853457927703857422e+00 1.140785312652587891e+01
2.249999940395355225e-01 -3.543418884277343750e+00 1.140536880493164062e+01
2.374999970197677612e-01 -4.164953708648681641e+00 1.142834377288818359e+01
2.500000000000000000e-01 -4.724040031433105469e+00 1.145632553100585938e+01
2.624999880790710449e-01 -5.215699672698974609e+00 1.146284675598144531e+01
2.750000059604644775e-01 -5.617283344268798828e+00 1.146816730499267578e+01
2.874999940395355225e-01 -5.919878959655761719e+00 1.149334526062011719e+01
3.000000119209289551e-01 -6.131577491760253906e+00 1.151747989654541016e+01
3.125000000000000000e-01 -6.249432563781738281e+00 1.152300643920898438e+01
3.249999880790710449e-01 -6.259146690368652344e+00 1.153145027160644531e+01
3.375000059604644775e-01 -6.161482334136962891e+00 1.155712127685546875e+01
3.499999940395355225e-01 -5.970047473907470703e+00 1.157668781280517578e+01
3.625000119209289551e-01 -5.685596466064453125e+00 1.157790374755859375e+01
3.750000000000000000e-01 -5.300777912139892578e+00 1.158576965332031250e+01
3.874999880790710449e-01 -4.825854778289794922e+00 1.160974121093750000e+01
4.000000059604644775e-01 -4.280815601348876953e+00 1.162124252319335938e+01
4.124999940395355225e-01 -3.668310165405273438e+00 1.161285114288330078e+01
4.250000119209289551e-01 -2.985139846801757812e+00 1.161753368377685547e+01
4.375000000000000000e-01 -2.251621484756469727e+00 1.163911247253417969e+01
4.499999880790710449e-01 -1.493470549583435059e+00 1.163584232330322266e+01
4.625000059604644775e-01 -7.043574452400207520e-01 1.160880947113037109e+01
4.749999940395355225e-01 1.278655529022216797e-01 1.161817073822021484e+01
4.875000119209289551e-01 9.613656401634216309e-01 1.164986705780029297e+01
5.000000000000000000e-01 1.720886230468750000e+00 1.155336093902587891e+01
5.124999880790710449e-01 2.389469385147094727e+00 1.120505142211914062e+01
5.249999761581420898e-01 3.029456615447998047e+00 1.067826652526855469e+01
5.375000238418579102e-01 3.691182374954223633e+00 1.016256809234619141e+01
5.500000119209289551e-01 4.343808650970458984e+00 9.760053634643554688e+00
5.625000000000000000e-01 4.920712947845458984e+00 9.448840141296386719e+00
5.749999880790710449e-01 5.392736434936523438e+00 9.201159477233886719e+00
5.874999761581420898e-01 5.765677928924560547e+00 9.027899742126464844e+00
6.000000238418579102e-01 6.039366245269775391e+00 8.919702529907226562e+00
6.125000119209289551e-01 6.206026077270507812e+00 8.841323852539062500e+00
6.250000000000000000e-01 6.269166469573974609e+00 8.789870262145996094e+00
6.374999880790710449e-01 6.234461307525634766e+00 8.788731575012207031e+00
6.499999761581420898e-01 6.096411228179931641e+00 8.831007003784179688e+00
6.625000238418579102e-01 5.853863239288330078e+00 8.895258903503417969e+00
6.750000119209289551e-01 5.520264148712158203e+00 9.001037597656250000e+00
6.875000000000000000e-01 5.103042125701904297e+00 9.178615570068359375e+00
6.999999880790710449e-01 4.598193645477294922e+00 9.407012939453125000e+00
7.124999761581420898e-01 4.021377563476562500e+00 9.662073135375976562e+00
7.250000238418579102e-01 3.410071134567260742e+00 9.995365142822265625e+00
7.375000119209289551e-01 2.769248962402343750e+00 1.045661735534667969e+01
7.500000000000000000e-01 2.051596164703369141e+00 1.094693946838378906e+01
7.624999880790710449e-01 1.229912161827087402e+00 1.127132225036621094e+01
7.749999761581420898e-01 3.598527610301971436e-01 1.136206626892089844e+01
7.875000238418579102e-01 -4.731461405754089355e-01 1.134552192687988281e+01
8.000000119209289551e-01 -1.247217059135437012e+00 1.135726642608642578e+01
8.125000000000000000e-01 -1.998435020446777344e+00 1.139661026000976562e+01
8.249999880790710449e-01 -2.740034580230712891e+00 1.140868759155273438e+01
8.374999761581420898e-01 -3.439764976501464844e+00 1.140437889099121094e+01
8.500000238418579102e-01 -4.071927070617675781e+00 1.142334842681884766e+01
8.625000119209289551e-01 -4.640450000762939453e+00 1.145320796966552734e+01
8.750000000000000000e-01 -5.144047260284423828e+00 1.146284294128417969e+01
8.874999880790710449e-01 -5.560995578765869141e+00 1.146605777740478516e+01
8.999999761581420898e-01 -5.878687381744384766e+00 1.148859786987304688e+01
9.125000238418579102e-01 -6.104283332824707031e+00 1.151497745513916016e+01
9.250000119209289551e-01 -6.237807750701904297e+00 1.152277183532714844e+01
9.375000000000000000e-01 -6.265014648437500000e+00 1.152884292602539062e+01
9.499999880790710449e-01 -6.183278083801269531e+00 1.155268478393554688e+01
9.624999761581420898e-01 -6.005970954895019531e+00 1.157506179809570312e+01
9.750000238418579102e-01 -5.736716747283935547e+00 1.157808876037597656e+01
9.875000119209289551e-01 -5.367550849914550781e+00 1.158312702178955078e+01
1.000000000000000000e+00 -4.905286312103271484e+00 1.160594844818115234e+01
1.012500047683715820e+00 -4.370478630065917969e+00 1.162123012542724609e+01
1.024999976158142090e+00 -3.769050598144531250e+00 1.161422538757324219e+01
1.037500023841857910e+00 -3.096316337585449219e+00 1.161498451232910156e+01
1.049999952316284180e+00 -2.368547916412353516e+00 1.163628387451171875e+01
1.062500000000000000e+00 -1.613729715347290039e+00 1.163901615142822266e+01
1.075000047683715820e+00 -8.309414982795715332e-01 1.161214828491210938e+01
1.087499976158142090e+00 -4.454529844224452972e-03 1.161301803588867188e+01
1.100000023841857910e+00 8.339782953262329102e-01 1.164860153198242188e+01
1.112499952316284180e+00 1.608636140823364258e+00 1.158389759063720703e+01
1.125000000000000000e+00 2.288663148880004883e+00 1.127570629119873047e+01
1.137500047683715820e+00 2.928160429000854492e+00 1.076472663879394531e+01
1.149999976158142090e+00 3.586442947387695312e+00 1.023661136627197266e+01
1.162500023841857910e+00 4.245071887969970703e+00 9.815811157226562500e+00
1.174999952316284180e+00 4.837143898010253906e+00 9.493312835693359375e+00
1.187500000000000000e+00 5.325567245483398438e+00 9.235419273376464844e+00
1.200000047683715820e+00 5.713597297668457031e+00 9.049950599670410156e+00
1.212499976158142090e+00 6.003442287445068359e+00 8.933903694152832031e+00
1.225000023841857910e+00 6.186989307403564453e+00 8.852350234985351562e+00
1.237499952316284180e+00 6.265751838684082031e+00 8.795062065124511719e+00
1.250000000000000000e+00 6.246504783630371094e+00 8.785363197326660156e+00
1.262500047683715820e+00 6.125121116638183594e+00 8.822702407836914062e+00
1.274999976158142090e+00 5.898292064666748047e+00 8.883492469787597656e+00
1.287500023841857910e+00 5.578016281127929688e+00 8.980031967163085938e+00
1.299999952316284180e+00 5.174140453338623047e+00 9.146306991577148438e+00
1.312500000000000000e+00 4.682861804962158203e+00 9.369586944580078125e+00
1.325000047683715820e+00 4.114929199218750000e+00 9.619093894958496094e+00
1.337499976158142090e+00 3.507164239883422852e+00 9.934724807739257812e+00
1.350000023841857910e+00 2.873228073120117188e+00 1.037782478332519531e+01
1.362499952316284180e+00 2.171104431152343750e+00 1.087648296356201172e+01
1.375000000000000000e+00 1.364154696464538574e+00 1.123691844940185547e+01
1.387500047683715820e+00 4.954812824726104736e-01 1.135951995849609375e+01
1.399999976158142090e+00 -3.470058739185333252e-01 1.134827423095703125e+01
1.412500023841857910e+00 -1.128504037857055664e+00 1.135209560394287109e+01
1.424999952316284180e+00 -1.881031751632690430e+00 1.139133644104003906e+01
1.437500000000000000e+00 -2.625557661056518555e+00 1.140904808044433594e+01
1.450000047683715820e+00 -3.334371805191040039e+00 1.140410995483398438e+01
1.462499976158142090e+00 -3.977357864379882812e+00 1.141866874694824219e+01
1.475000023841857910e+00 -4.555325031280517578e+00 1.144946479797363281e+01
1.487499952316284180e+00 -5.070241451263427734e+00 1.146265029907226562e+01
1.500000000000000000e+00 -5.502216815948486328e+00 1.146454048156738281e+01
1.512500047683715820e+00 -5.835258007049560547e+00 1.148396301269531250e+01
1.524999976158142090e+00 -6.074771404266357422e+00 1.151190757751464844e+01
1.537500023841857910e+00 -6.223541259765625000e+00 1.152248859405517578e+01
1.549999952316284180e+00 -6.268164634704589844e+00 1.152678203582763672e+01
1.562500000000000000e+00 -6.202757835388183594e+00 1.154820728302001953e+01
1.575000047683715820e+00 -6.039671897888183594e+00 1.157284927368164062e+01
1.587499976158142090e+00 -5.785343647003173828e+00 1.157833766937255859e+01
1.600000023841857910e+00 -5.431999683380126953e+00 1.158103847503662109e+01
1.612499952316284180e+00 -4.982978820800781250e+00 1.160194396972656250e+01
1.625000000000000000e+00 -4.458539485931396484e+00 1.162054252624511719e+01
1.637500047683715820e+00 -3.867983341217041016e+00 1.161583423614501953e+01
1.649999976158142090e+00 -3.206104993820190430e+00 1.161308860778808594e+01
1.662500023841857910e+00 -2.484888076782226562e+00 1.163293266296386719e+01
1.674999952316284180e+00 -1.733351826667785645e+00 1.164126491546630859e+01
1.687500000000000000e+00 -9.563352465629577637e-01 1.161627388000488281e+01
1.700000047683715820e+00 -1.363614052534103394e-01 1.160908412933349609e+01
1.712499976158142090e+00 7.049195170402526855e-01 1.164491367340087891e+01
1.725000023841857910e+00 1.493850588798522949e+00 1.160800838470458984e+01
1.737499952316284180e+00 2.186851024627685547e+00 1.134103679656982422e+01
1.750000000000000000e+00 2.827520847320556641e+00 1.085094070434570312e+01
1.762500047683715820e+00 3.481824159622192383e+00 1.031361961364746094e+01
1.774999976158142090e+00 4.144615173339843750e+00 9.874009132385253906e+00
1.787500023841857910e+00 4.750932693481445312e+00 9.539242744445800781e+00
1.799999952316284180e+00 5.255950450897216797e+00 9.271494865417480469e+00
1.812500000000000000e+00 5.659137725830078125e+00 9.073801040649414062e+00
1.825000047683715820e+00 5.964879035949707031e+00 8.948881149291992188e+00
1.837499976158142090e+00 6.165365695953369141e+00 8.863878250122070312e+00
1.850000023841857910e+00 6.259965419769287109e+00 8.801493644714355469e+00
1.862499952316284180e+00 6.256041049957275391e+00 8.783219337463378906e+00
1.875000000000000000e+00 6.151198387145996094e+00 8.814871788024902344e+00
1.887500047683715820e+00 5.940432548522949219e+00 8.872535705566406250e+00
1.899999976158142090e+00 5.633760452270507812e+00 8.960869789123535156e+00
1.912500023841857910e+00 5.243059158325195312e+00 9.115460395812988281e+00
1.924999952316284180e+00 4.765572547912597656e+00 9.332613945007324219e+00
1.937500000000000000e+00 4.207553386688232422e+00 9.577651977539062500e+00
1.950000047683715820e+00 3.603760480880737305e+00 9.877535820007324219e+00
1.962499976158142090e+00 2.975529193878173828e+00 1.030071544647216797e+01
1.975000023841857910e+00 2.287841558456420898e+00 1.080240821838378906e+01
1.987499952316284180e+00 1.496770024299621582e+00 1.119617366790771484e+01
2.000000000000000000e+00 6.318894624710083008e-01 1.135359573364257812e+01
