0.000000000000000000e+00 6.222025871276855469e+00 8.831142425537109375e+00
1.250000018626451492e-02 6.269957542419433594e+00 8.786056518554687500e+00
2.500000037252902985e-02 6.219372749328613281e+00 8.793306350708007812e+00
3.750000149011611938e-02 6.063837528228759766e+00 8.839996337890625000e+00
5.000000074505805969e-02 5.804755210876464844e+00 8.908569335937500000e+00
6.250000000000000000e-02 5.456501007080078125e+00 9.025321006774902344e+00
7.500000298023223877e-02 5.023786544799804688e+00 9.214688301086425781e+00
8.749999850988388062e-02 4.503417491912841797e+00 9.448244094848632812e+00
1.000000014901161194e-01 3.916666746139526367e+00 9.711682319641113281e+00
1.124999970197677612e-01 3.300174951553344727e+00 1.006727886199951172e+01
1.250000000000000000e-01 2.648482322692871094e+00 1.054691600799560547e+01
1.375000029802322388e-01 1.910393834114074707e+00 1.102214717864990234e+01
1.500000059604644775e-01 1.071557641029357910e+00 1.130317497253417969e+01
1.624999940395355225e-01 2.007054686546325684e-01 1.136133670806884766e+01
1.749999970197677612e-01 -6.224045753479003906e-01 1.134327507019042969e+01
1.875000000000000000e-01 -1.390833020210266113e+00 1.136423587799072266e+01
2.000000029802322388e-01 -2.142676591873168945e+00 1.140156650543212891e+01
2.125000059604644775e-01 -2.881059408187866211e+00 1.140730190277099609e+01
2.249999940395355225e-01 -3.570080280303955078e+00 1.140547847747802734e+01
2.374999970197677612e-01 -4.190260887145996094e+00 1.142948341369628906e+01
2.500000000000000000e-01 -4.747944355010986328e+00 1.145686531066894531e+01
2.624999880790710449e-01 -5.237042903900146484e+00 1.146263599395751953e+01
2.750000059604644775e-01 -5.634679317474365234e+00 1.146881103515625000e+01
2.874999940395355225e-01 -5.933052539825439453e+00 1.149479961395263672e+01
3.000000119209289551e-01 -6.140408515930175781e+00 1.151811218261718750e+01
3.125000000000000000e-01 -6.252756595611572266e+00 1.152304744720458984e+01
3.249999880790710449e-01 -6.255900382995605469e+00 1.153256893157958984e+01
3.375000059604644775e-01 -6.151860237121582031e+00 1.155884552001953125e+01
3.499999940395355225e-01 -5.954198360443115234e+00 1.157722568511962891e+01
3.625000119209289551e-01 -5.662554264068603516e+00 1.157796192169189453e+01
3.750000000000000000e-01 -5.270041942596435547e+00 1.158722686767578125e+01
3.874999880790710449e-01 -4.788432598114013672e+00 1.161149978637695312e+01
4.000000059604644775e-01 -4.237302303314208984e+00 1.162118530273437500e+01
4.124999940395355225e-01 -3.617907285690307617e+00 1.161251640319824219e+01
4.250000119209289551e-01 -2.928103446960449219e+00 1.161926841735839844e+01
4.375000000000000000e-01 -2.190176963806152344e+00 1.164053249359130859e+01
4.499999880790710449e-01 -1.428366422653198242e+00 1.163405036926269531e+01
4.625000059604644775e-01 -6.337113380432128906e-01 1.160770225524902344e+01
4.749999940395355225e-01 2.032666355371475220e-01 1.162183570861816406e+01
4.875000119209289551e-01 1.034968972206115723e+00 1.164942741394042969e+01
5.000000000000000000e-01 1.787085175514221191e+00 1.153210926055908203e+01
5.124999880790710449e-01 2.451083898544311523e+00 1.115962123870849609e+01
5.249999761581420898e-01 3.093472003936767578e+00 1.062455654144287109e+01
5.375000238418579102e-01 3.758369445800781250e+00 1.011704063415527344e+01
5.500000119209289551e-01 4.407574176788330078e+00 9.724983215332031250e+00
5.625000000000000000e-01 4.975345611572265625e+00 9.419969558715820312e+00
5.749999880790710449e-01 5.437488079071044922e+00 9.178833007812500000e+00
5.874999761581420898e-01 5.800796508789062500e+00 9.013530731201171875e+00
6.000000238418579102e-01 6.063424110412597656e+00 8.910001754760742188e+00
6.125000119209289551e-01 6.218188762664794922e+00 8.833659172058105469e+00
6.250000000000000000e-01 6.269919395446777344e+00 8.786884307861328125e+00
6.374999880790710449e-01 6.223215103149414062e+00 8.792103767395019531e+00
6.499999761581420898e-01 6.071812152862548828e+00 8.837805747985839844e+00
6.625000238418579102e-01 5.816473484039306641e+00 8.905316352844238281e+00
6.750000119209289551e-01 5.471442699432373047e+00 9.019469261169433594e+00
6.875000000000000000e-01 5.042089462280273438e+00 9.206289291381835938e+00
6.999999880790710449e-01 4.524928092956542969e+00 9.438861846923828125e+00
7.124999761581420898e-01 3.939983844757080078e+00 9.700377464294433594e+00
7.250000238418579102e-01 3.324317932128906250e+00 1.005105304718017578e+01
7.375000119209289551e-01 2.674832820892333984e+00 1.052721595764160156e+01
7.500000000000000000e-01 1.940865755081176758e+00 1.100650405883789062e+01
7.624999880790710449e-01 1.105073094367980957e+00 1.129703712463378906e+01
7.749999761581420898e-01 2.336844056844711304e-01 1.136164569854736328e+01
7.875000238418579102e-01 -5.919328927993774414e-01 1.134351921081542969e+01
8.000000119209289551e-01 -1.361765027046203613e+00 1.136268043518066406e+01
8.125000000000000000e-01 -2.113812446594238281e+00 1.140061950683593750e+01
8.249999880790710449e-01 -2.853299617767333984e+00 1.140755367279052734e+01
8.374999761581420898e-01 -3.544821023941040039e+00 1.140511226654052734e+01
8.500000238418579102e-01 -4.167587280273437500e+00 1.142822360992431641e+01
8.625000119209289551e-01 -4.727614402770996094e+00 1.145620346069335938e+01
8.750000000000000000e-01 -5.219767570495605469e+00 1.146264362335205078e+01
8.874999880790710449e-01 -5.621240615844726562e+00 1.146818637847900391e+01
8.999999761581420898e-01 -5.923294067382812500e+00 1.149363136291503906e+01
9.125000238418579102e-01 -6.134091377258300781e+00 1.151759719848632812e+01
9.250000119209289551e-01 -6.250386238098144531e+00 1.152297592163085938e+01
9.375000000000000000e-01 -6.257848262786865234e+00 1.153182506561279297e+01
9.499999880790710449e-01 -6.157664299011230469e+00 1.155778121948242188e+01
9.624999761581420898e-01 -5.963487625122070312e+00 1.157693386077880859e+01
9.750000238418579102e-01 -5.675646305084228516e+00 1.157796859741210938e+01
9.875000119209289551e-01 -5.286946773529052734e+00 1.158647155761718750e+01
1.000000000000000000e+00 -4.808346748352050781e+00 1.161063671112060547e+01
1.012500047683715820e+00 -4.259733676910400391e+00 1.162131118774414062e+01
1.024999976158142090e+00 -3.643109321594238281e+00 1.161277198791503906e+01
1.037500023841857910e+00 -2.955767393112182617e+00 1.161851787567138672e+01
1.049999952316284180e+00 -2.219096899032592773e+00 1.163999176025390625e+01
1.062500000000000000e+00 -1.458155155181884766e+00 1.163500595092773438e+01
1.075000047683715820e+00 -6.651690006256103516e-01 1.160828399658203125e+01
1.087499976158142090e+00 1.706349253654479980e-01 1.162035083770751953e+01
1.100000023841857910e+00 1.004045605659484863e+00 1.164986324310302734e+01
1.112499952316284180e+00 1.760020136833190918e+00 1.154123115539550781e+01
1.125000000000000000e+00 2.426422834396362305e+00 1.117816543579101562e+01
1.137500047683715820e+00 3.068342447280883789e+00 1.064573001861572266e+01
1.149999976158142090e+00 3.732605695724487305e+00 1.013450622558593750e+01
1.162500023841857910e+00 4.383750915527343750e+00 9.738156318664550781e+00
1.174999952316284180e+00 4.955444335937500000e+00 9.430557250976562500e+00
1.187500000000000000e+00 5.421570301055908203e+00 9.186778068542480469e+00
1.200000047683715820e+00 5.788609504699707031e+00 9.018517494201660156e+00
1.212499976158142090e+00 6.055294990539550781e+00 8.913329124450683594e+00
1.225000023841857910e+00 6.214198589324951172e+00 8.836215019226074219e+00
1.237499952316284180e+00 6.269737243652343750e+00 8.787795066833496094e+00
1.250000000000000000e+00 6.226901531219482422e+00 8.790962219238281250e+00
1.262500047683715820e+00 6.079630851745605469e+00 8.835640907287597656e+00
1.274999976158142090e+00 5.828060626983642578e+00 8.902131080627441406e+00
1.287500023841857910e+00 5.486261367797851562e+00 9.013735771179199219e+00
1.299999952316284180e+00 5.060257911682128906e+00 9.197957038879394531e+00
1.312500000000000000e+00 4.546334266662597656e+00 9.429508209228515625e+00
1.325000047683715820e+00 3.963261604309082031e+00 9.689206123352050781e+00
1.337499976158142090e+00 3.348418712615966797e+00 1.003503704071044922e+01
1.350000023841857910e+00 2.701053142547607422e+00 1.050753211975097656e+01
1.362499952316284180e+00 1.971173763275146484e+00 1.099055862426757812e+01
1.375000000000000000e+00 1.138533592224121094e+00 1.129053688049316406e+01
1.387500047683715820e+00 2.667424976825714111e-01 1.136183738708496094e+01
1.399999976158142090e+00 -5.613713264465332031e-01 1.134384059906005859e+01
1.412500023841857910e+00 -1.332676410675048828e+00 1.136115741729736328e+01
1.424999952316284180e+00 -2.084935903549194336e+00 1.139961433410644531e+01
1.437500000000000000e+00 -2.825465679168701172e+00 1.140778923034667969e+01
1.450000047683715820e+00 -3.519455194473266602e+00 1.140479373931884766e+01
1.462499976158142090e+00 -4.144823551177978516e+00 1.142697238922119141e+01
1.475000023841857910e+00 -4.707187652587890625e+00 1.145550155639648438e+01
1.487499952316284180e+00 -5.202355384826660156e+00 1.146265029907226562e+01
1.500000000000000000e+00 -5.607651233673095703e+00 1.146759796142578125e+01
1.512500047683715820e+00 -5.913402080535888672e+00 1.149245834350585938e+01
1.524999976158142090e+00 -6.127636432647705078e+00 1.151704788208007812e+01
1.537500023841857910e+00 -6.247852325439453125e+00 1.152291011810302734e+01
1.549999952316284180e+00 -6.259634494781494141e+00 1.153111362457275391e+01
1.562500000000000000e+00 -6.163331031799316406e+00 1.155670547485351562e+01
1.575000047683715820e+00 -5.972639083862304688e+00 1.157660770416259766e+01
1.587499976158142090e+00 -5.688585758209228516e+00 1.157798957824707031e+01
1.600000023841857910e+00 -5.303717136383056641e+00 1.158574485778808594e+01
1.612499952316284180e+00 -4.828160285949707031e+00 1.160974884033203125e+01
1.625000000000000000e+00 -4.282064914703369141e+00 1.162139987945556641e+01
1.637500047683715820e+00 -3.668202638626098633e+00 1.161305332183837891e+01
1.649999976158142090e+00 -2.983357191085815430e+00 1.161779880523681641e+01
1.662500023841857910e+00 -2.247986555099487305e+00 1.163940429687500000e+01
1.674999952316284180e+00 -1.487897634506225586e+00 1.163591861724853516e+01
1.687500000000000000e+00 -6.965544223785400391e-01 1.160893440246582031e+01
1.700000047683715820e+00 1.380049437284469604e-01 1.161891365051269531e+01
1.712499976158142090e+00 9.729980230331420898e-01 1.165008926391601562e+01
1.725000023841857910e+00 1.732810258865356445e+00 1.154994583129882812e+01
1.737499952316284180e+00 2.401728391647338867e+00 1.119644355773925781e+01
1.750000000000000000e+00 3.043258666992187500e+00 1.066695022583007812e+01
1.762500047683715820e+00 3.706826686859130859e+00 1.015215969085693359e+01
1.774999976158142090e+00 4.359802722930908203e+00 9.751459121704101562e+00
1.787500023841857910e+00 4.935381889343261719e+00 9.441232681274414062e+00
1.799999952316284180e+00 5.405508041381835938e+00 9.194840431213378906e+00
1.812500000000000000e+00 5.776275157928466797e+00 9.023602485656738281e+00
1.825000047683715820e+00 6.047004222869873047e+00 8.916692733764648438e+00
1.837499976158142090e+00 6.210054874420166016e+00 8.838810920715332031e+00
1.850000023841857910e+00 6.269411563873291016e+00 8.788788795471191406e+00
1.862499952316284180e+00 6.230432033538818359e+00 8.789884567260742188e+00
1.875000000000000000e+00 6.087291717529296875e+00 8.833500862121582031e+00
1.887500047683715820e+00 5.839515209197998047e+00 8.899012565612792969e+00
1.899999976158142090e+00 5.500957012176513672e+00 9.008118629455566406e+00
1.912500023841857910e+00 5.078292846679687500e+00 9.189694404602050781e+00
1.924999952316284180e+00 4.567634582519531250e+00 9.420183181762695312e+00
1.937500000000000000e+00 3.986497640609741211e+00 9.678162574768066406e+00
1.950000047683715820e+00 3.372479438781738281e+00 1.001923370361328125e+01
1.962499976158142090e+00 2.727147102355957031e+00 1.048787689208984375e+01
1.975000023841857910e+00 2.001316308975219727e+00 1.097431850433349609e+01
1.987499952316284180e+00 1.171933054924011230e+00 1.128366947174072266e+01
2.000000000000000000e+00 2.998764216899871826e-01 1.136190032958984375e+01
