0.000000000000000000e+00 6.221536636352539062e+00 8.831511497497558594e+00
1.250000018626451492e-02 6.269701480865478516e+00 8.786220550537109375e+00
2.500000037252902985e-02 6.218874454498291016e+00 8.793510437011718750e+00
3.750000149011611938e-02 6.062578678131103516e+00 8.840365409851074219e+00
5.000000074505805969e-02 5.802288532257080078e+00 8.909238815307617188e+00
6.250000000000000000e-02 5.452497005462646484e+00 9.026803970336914062e+00
7.500000298023223877e-02 5.017816543579101562e+00 9.217292785644531250e+00
8.749999850988388062e-02 4.495128631591796875e+00 9.451714515686035156e+00
1.000000014901161194e-01 3.906271457672119141e+00 9.716547966003417969e+00
1.124999970197677612e-01 3.287948846817016602e+00 1.007519149780273438e+01
1.250000000000000000e-01 2.633586168289184570e+00 1.055755138397216797e+01
1.375000029802322388e-01 1.891402125358581543e+00 1.103126335144042969e+01
1.500000059604644775e-01 1.048682451248168945e+00 1.130677318572998047e+01
1.624999940395355225e-01 1.761533468961715698e-01 1.136073684692382812e+01
1.749999970197677612e-01 -6.470575928688049316e-01 1.134287834167480469e+01
1.875000000000000000e-01 -1.416212081909179688e+00 1.136535453796386719e+01
2.000000029802322388e-01 -2.169616937637329102e+00 1.140215492248535156e+01
2.125000059604644775e-01 -2.908583164215087891e+00 1.140683460235595703e+01
2.249999940395355225e-01 -3.596621274948120117e+00 1.140573501586914062e+01
2.374999970197677612e-01 -4.215451240539550781e+00 1.143072319030761719e+01
2.500000000000000000e-01 -4.771706581115722656e+00 1.145744514465332031e+01
2.624999880790710449e-01 -5.258170127868652344e+00 1.146252346038818359e+01
2.750000059604644775e-01 -5.651818275451660156e+00 1.146961212158203125e+01
2.874999940395355225e-01 -5.945974826812744141e+00 1.149633884429931641e+01
3.000000119209289551e-01 -6.148951530456542969e+00 1.151877212524414062e+01
3.125000000000000000e-01 -6.255712509155273438e+00 1.152320480346679688e+01
3.249999880790710449e-01 -6.252264022827148438e+00 1.153385829925537109e+01
3.375000059604644775e-01 -6.141879081726074219e+00 1.156062507629394531e+01
3.499999940395355225e-01 -5.937958240509033203e+00 1.157777023315429688e+01
3.625000119209289551e-01 -5.639048576354980469e+00 1.157816696166992188e+01
3.750000000000000000e-01 -5.238872051239013672e+00 1.158887290954589844e+01
3.874999880790710449e-01 -4.750662326812744141e+00 1.161326408386230469e+01
4.000000059604644775e-01 -4.193415641784667969e+00 1.162110328674316406e+01
4.124999940395355225e-01 -3.567076444625854492e+00 1.161239719390869141e+01
4.250000119209289551e-01 -2.870767116546630859e+00 1.162122344970703125e+01
4.375000000000000000e-01 -2.128601551055908203e+00 1.164182949066162109e+01
4.499999880790710449e-01 -1.363036870956420898e+00 1.163217830657958984e+01
4.625000059604644775e-01 -5.627070069313049316e-01 1.160706996917724609e+01
4.749999940395355225e-01 2.786519825458526611e-01 1.162581539154052734e+01
4.875000119209289551e-01 1.107857227325439453e+00 1.164783573150634766e+01
5.000000000000000000e-01 1.852435350418090820e+00 1.150855064392089844e+01
5.124999880790710449e-01 2.512493371963500977e+00 1.111274528503417969e+01
5.249999761581420898e-01 3.157750129699707031e+00 1.057136154174804688e+01
5.375000238418579102e-01 3.825397491455078125e+00 1.007291030883789062e+01
5.500000119209289551e-01 4.470423221588134766e+00 9.690897941589355469e+00
5.625000000000000000e-01 5.028782367706298828e+00 9.391841888427734375e+00
5.749999880790710449e-01 5.481116771697998047e+00 9.157523155212402344e+00
5.874999761581420898e-01 5.834699630737304688e+00 9.000045776367187500e+00
6.000000238418579102e-01 6.086087226867675781e+00 8.900691032409667969e+00
6.125000119209289551e-01 6.228980064392089844e+00 8.826455116271972656e+00
6.250000000000000000e-01 6.269326686859130859e+00 8.784777641296386719e+00
6.374999880790710449e-01 6.210446834564208984e+00 8.796176910400390625e+00
6.499999761581420898e-01 6.045626640319824219e+00 8.844956398010253906e+00
6.625000238418579102e-01 5.777698040008544922e+00 8.916191101074218750e+00
6.750000119209289551e-01 5.421277523040771484e+00 9.039278030395507812e+00
6.875000000000000000e-01 4.979622364044189453e+00 9.234823226928710938e+00
6.999999880790710449e-01 4.450442314147949219e+00 9.471158027648925781e+00
7.124999761581420898e-01 3.858108758926391602e+00 9.740395545959472656e+00
7.250000238418579102e-01 3.238048076629638672e+00 1.010945701599121094e+01
7.375000119209289551e-01 2.578754425048828125e+00 1.059809207916259766e+01
7.500000000000000000e-01 1.827948927879333496e+00 1.106206703186035156e+01
7.624999880790710449e-01 9.794598817825317383e-01 1.131781101226806641e+01
7.749999761581420898e-01 1.086304411292076111e-01 1.135964202880859375e+01
7.875000238418579102e-01 -7.093939781188964844e-01 1.134276676177978516e+01
8.000000119209289551e-01 -1.475981473922729492e+00 1.136867141723632812e+01
8.125000000000000000e-01 -2.228971719741821289e+00 1.140380287170410156e+01
8.249999880790710449e-01 -2.965336561203002930e+00 1.140626907348632812e+01
8.374999761581420898e-01 -3.648066997528076172e+00 1.140674591064453125e+01
8.500000238418579102e-01 -4.261646270751953125e+00 1.143333244323730469e+01
8.625000119209289551e-01 -4.813007831573486328e+00 1.145858573913574219e+01
8.750000000000000000e-01 -5.292944908142089844e+00 1.146253108978271484e+01
8.874999880790710449e-01 -5.678617477416992188e+00 1.147111415863037109e+01
8.999999761581420898e-01 -5.965277671813964844e+00 1.149870300292968750e+01
9.125000238418579102e-01 -6.161103248596191406e+00 1.151963329315185547e+01
9.250000119209289551e-01 -6.259562969207763672e+00 1.152342414855957031e+01
9.375000000000000000e-01 -6.247236728668212891e+00 1.153558540344238281e+01
9.499999880790710449e-01 -6.129046916961669922e+00 1.156271076202392578e+01
9.624999761581420898e-01 -5.917911529541015625e+00 1.157816886901855469e+01
9.750000238418579102e-01 -5.611060142517089844e+00 1.157827949523925781e+01
9.875000119209289551e-01 -5.203156948089599609e+00 1.159061717987060547e+01
1.000000000000000000e+00 -4.708963394165039062e+00 1.161484527587890625e+01
1.012500047683715820e+00 -4.146504878997802734e+00 1.162062358856201172e+01
1.024999976158142090e+00 -3.514399051666259766e+00 1.161210155487060547e+01
1.037500023841857910e+00 -2.813292503356933594e+00 1.162296009063720703e+01
1.049999952316284180e+00 -2.068832635879516602e+00 1.164254951477050781e+01
1.062500000000000000e+00 -1.301313877105712891e+00 1.162995243072509766e+01
1.075000047683715820e+00 -4.973821640014648438e-01 1.160647487640380859e+01
1.087499976158142090e+00 3.457673788070678711e-01 1.162911605834960938e+01
1.100000023841857910e+00 1.170468688011169434e+00 1.164502334594726562e+01
1.112499952316284180e+00 1.907038092613220215e+00 1.148642921447753906e+01
1.125000000000000000e+00 2.563088417053222656e+00 1.107261180877685547e+01
1.137500047683715820e+00 3.209866523742675781e+00 1.052838802337646484e+01
1.149999976158142090e+00 3.878212213516235352e+00 1.003854846954345703e+01
1.162500023841857910e+00 4.518333435058593750e+00 9.664808273315429688e+00
1.174999952316284180e+00 5.068357944488525391e+00 9.370814323425292969e+00
1.187500000000000000e+00 5.512616634368896484e+00 9.142213821411132812e+00
1.200000047683715820e+00 5.858441829681396484e+00 8.990598678588867188e+00
1.212499976158142090e+00 6.101334571838378906e+00 8.894124031066894531e+00
1.225000023841857910e+00 6.235784053802490234e+00 8.821593284606933594e+00
1.237499952316284180e+00 6.268339633941650391e+00 8.783695220947265625e+00
1.250000000000000000e+00 6.201350212097167969e+00 8.799078941345214844e+00
1.262500047683715820e+00 6.028020381927490234e+00 8.849653244018554688e+00
1.274999976158142090e+00 5.752562999725341797e+00 8.923473358154296875e+00
1.287500023841857910e+00 5.389530658721923828e+00 9.052245140075683594e+00
1.299999952316284180e+00 4.940862655639648438e+00 9.252594947814941406e+00
1.312500000000000000e+00 4.405350685119628906e+00 9.490750312805175781e+00
1.325000047683715820e+00 3.809802770614624023e+00 9.764892578125000000e+00
1.337499976158142090e+00 3.187931060791015625e+00 1.014457702636718750e+01
1.350000023841857910e+00 2.523321628570556641e+00 1.063850784301757812e+01
1.362499952316284180e+00 1.763831377029418945e+00 1.109145355224609375e+01
1.375000000000000000e+00 9.100981950759887695e-01 1.132740879058837891e+01
1.387500047683715820e+00 4.148864001035690308e-02 1.135822010040283203e+01
1.399999976158142090e+00 -7.713865041732788086e-01 1.134301280975341797e+01
1.412500023841857910e+00 -1.535695314407348633e+00 1.137204551696777344e+01
1.424999952316284180e+00 -2.288244247436523438e+00 1.140519332885742188e+01
1.437500000000000000e+00 -3.021737575531005859e+00 1.140569686889648438e+01
1.450000047683715820e+00 -3.699064731597900391e+00 1.140796184539794922e+01
1.462499976158142090e+00 -4.307465076446533203e+00 1.143592548370361328e+01
1.475000023841857910e+00 -4.853871822357177734e+00 1.145955848693847656e+01
1.487499952316284180e+00 -5.327116489410400391e+00 1.146257591247558594e+01
1.500000000000000000e+00 -5.704787731170654297e+00 1.147276401519775391e+01
1.512500047683715820e+00 -5.984024047851562500e+00 1.150101470947265625e+01
1.524999976158142090e+00 -6.172651767730712891e+00 1.152035999298095703e+01
1.537500023841857910e+00 -6.262707233428955078e+00 1.152371120452880859e+01
1.549999952316284180e+00 -6.241541385650634766e+00 1.153743076324462891e+01
1.562500000000000000e+00 -6.115645408630371094e+00 1.156470584869384766e+01
1.575000047683715820e+00 -5.897268295288085938e+00 1.157844734191894531e+01
1.587499976158142090e+00 -5.582425117492675781e+00 1.157848930358886719e+01
1.600000023841857910e+00 -5.166899681091308594e+00 1.159245777130126953e+01
1.612499952316284180e+00 -4.666851997375488281e+00 1.161628627777099609e+01
1.625000000000000000e+00 -4.099157810211181641e+00 1.162003135681152344e+01
1.637500047683715820e+00 -3.461271286010742188e+00 1.161195850372314453e+01
1.649999976158142090e+00 -2.755549430847167969e+00 1.162477684020996094e+01
1.662500023841857910e+00 -2.008944034576416016e+00 1.164302539825439453e+01
1.674999952316284180e+00 -1.239358901977539062e+00 1.162762737274169922e+01
1.687500000000000000e+00 -4.317711889743804932e-01 1.160623836517333984e+01
1.700000047683715820e+00 4.127779006958007812e-01 1.163245391845703125e+01
1.712499976158142090e+00 1.232479214668273926e+00 1.164106655120849609e+01
1.725000023841857910e+00 1.961095571517944336e+00 1.146258068084716797e+01
1.737499952316284180e+00 2.613652706146240234e+00 1.103162860870361328e+01
1.750000000000000000e+00 3.262169837951660156e+00 1.048583793640136719e+01
1.762500047683715820e+00 3.930855035781860352e+00 1.000497150421142578e+01
1.774999976158142090e+00 4.565648078918457031e+00 9.639193534851074219e+00
1.787500023841857910e+00 5.107259273529052734e+00 9.350176811218261719e+00
1.799999952316284180e+00 5.543511390686035156e+00 9.127413749694824219e+00
1.812500000000000000e+00 5.881540775299072266e+00 8.981503486633300781e+00
1.825000047683715820e+00 6.115893840789794922e+00 8.887676239013671875e+00
1.837499976158142090e+00 6.241954326629638672e+00 8.816942214965820312e+00
1.850000023841857910e+00 6.266736984252929688e+00 8.782975196838378906e+00
1.862499952316284180e+00 6.191579818725585938e+00 8.802196502685546875e+00
1.875000000000000000e+00 6.009767532348632812e+00 8.854463577270507812e+00
1.887500047683715820e+00 5.726889610290527344e+00 8.931108474731445312e+00
1.899999976158142090e+00 5.357252597808837891e+00 9.065698623657226562e+00
1.912500023841857910e+00 4.901539802551269531e+00 9.270584106445312500e+00
1.924999952316284180e+00 4.359875679016113281e+00 9.510514259338378906e+00
1.937500000000000000e+00 3.761364459991455078e+00 9.790081977844238281e+00
1.950000047683715820e+00 3.137572526931762695e+00 1.018052101135253906e+01
1.962499976158142090e+00 2.467262268066406250e+00 1.067868518829345703e+01
1.975000023841857910e+00 1.699072480201721191e+00 1.111936187744140625e+01
1.987499952316284180e+00 8.406497836112976074e-01 1.133563041687011719e+01
2.000000000000000000e+00 -2.525302022695541382e-02 1.135656261444091797e+01
