0.000000000000000000e+00 6.221047401428222656e+00 8.831769943237304688e+00
1.250000018626451492e-02 6.269446372985839844e+00 8.786273002624511719e+00
2.500000037252902985e-02 6.218376636505126953e+00 8.793603897094726562e+00
3.750000149011611938e-02 6.061317920684814453e+00 8.840625762939453125e+00
5.000000074505805969e-02 5.799817562103271484e+00 8.909802436828613281e+00
6.250000000000000000e-02 5.448485851287841797e+00 9.028186798095703125e+00
7.500000298023223877e-02 5.011834621429443359e+00 9.219798088073730469e+00
8.749999850988388062e-02 4.486826896667480469e+00 9.455083847045898438e+00
1.000000014901161194e-01 3.895869731903076172e+00 9.721331596374511719e+00
1.124999970197677612e-01 3.275714635848999023e+00 1.008304691314697266e+01
1.250000000000000000e-01 2.618654489517211914e+00 1.056808090209960938e+01
1.375000029802322388e-01 1.872353672981262207e+00 1.104015827178955078e+01
1.500000059604644775e-01 1.025785326957702637e+00 1.131011390686035156e+01
1.624999940395355225e-01 1.516429185867309570e-01 1.135998821258544922e+01
1.749999970197677612e-01 -6.716568470001220703e-01 1.134243774414062500e+01
1.875000000000000000e-01 -1.441574931144714355e+00 1.136639308929443359e+01
2.000000029802322388e-01 -2.196538448333740234e+00 1.140259742736816406e+01
2.125000059604644775e-01 -2.936026096343994141e+00 1.140626716613769531e+01
2.249999940395355225e-01 -3.623041152954101562e+00 1.140595245361328125e+01
2.374999970197677612e-01 -4.240525245666503906e+00 1.143187427520751953e+01
2.500000000000000000e-01 -4.795324802398681641e+00 1.145788097381591797e+01
2.624999880790710449e-01 -5.279078960418701172e+00 1.146233177185058594e+01
2.750000059604644775e-01 -5.668700695037841797e+00 1.147038650512695312e+01
2.874999940395355225e-01 -5.958646297454833984e+00 1.149777412414550781e+01
3.000000119209289551e-01 -6.157204151153564453e+00 1.151927947998046875e+01
3.125000000000000000e-01 -6.258297920227050781e+00 1.152330398559570312e+01
3.249999880790710449e-01 -6.248241424560546875e+00 1.153513145446777344e+01
3.375000059604644775e-01 -6.131542682647705078e+00 1.156227111816406250e+01
3.499999940395355225e-01 -5.921324253082275391e+00 1.157814311981201172e+01
3.625000119209289551e-01 -5.615079879760742188e+00 1.157834529876708984e+01
3.750000000000000000e-01 -5.207277774810791016e+00 1.159051418304443359e+01
3.874999880790710449e-01 -4.712549686431884766e+00 1.161483478546142578e+01
4.000000059604644775e-01 -4.149152278900146484e+00 1.162082004547119141e+01
4.124999940395355225e-01 -3.515823125839233398e+00 1.161231899261474609e+01
4.250000119209289551e-01 -2.813149452209472656e+00 1.162318325042724609e+01
4.375000000000000000e-01 -2.066900491714477539e+00 1.164278602600097656e+01
4.499999880790710449e-01 -1.297465920448303223e+00 1.163006591796875000e+01
4.625000059604644775e-01 -4.913544356822967529e-01 1.160674381256103516e+01
4.749999940395355225e-01 3.539610803127288818e-01 1.162981796264648438e+01
4.875000119209289551e-01 1.179984807968139648e+00 1.164473819732666016e+01
5.000000000000000000e-01 1.916974782943725586e+00 1.148247432708740234e+01
5.124999880790710449e-01 2.573768615722656250e+00 1.106439495086669922e+01
5.249999761581420898e-01 3.222287178039550781e+00 1.051862335205078125e+01
5.375000238418579102e-01 3.892188549041748047e+00 1.002995109558105469e+01
5.500000119209289551e-01 4.532302379608154297e+00 9.657519340515136719e+00
5.625000000000000000e-01 5.081030845642089844e+00 9.364253997802734375e+00
5.749999880790710449e-01 5.523630142211914062e+00 9.137025833129882812e+00
5.874999761581420898e-01 5.867370128631591797e+00 8.987168312072753906e+00
6.000000238418579102e-01 6.107353687286376953e+00 8.891516685485839844e+00
6.125000119209289551e-01 6.238417148590087891e+00 8.819540023803710938e+00
6.250000000000000000e-01 6.267383098602294922e+00 8.783344268798828125e+00
6.374999880790710449e-01 6.196142196655273438e+00 8.800671577453613281e+00
6.499999761581420898e-01 6.017877101898193359e+00 8.852244377136230469e+00
6.625000238418579102e-01 5.737567901611328125e+00 8.927764892578125000e+00
6.750000119209289551e-01 5.369755268096923828e+00 9.060240745544433594e+00
6.875000000000000000e-01 4.915647506713867188e+00 9.263894081115722656e+00
6.999999880790710449e-01 4.374834060668945312e+00 9.503758430480957031e+00
7.124999761581420898e-01 3.775824546813964844e+00 9.782146453857421875e+00
7.250000238418579102e-01 3.151154994964599609e+00 1.017026138305664062e+01
7.375000119209289551e-01 2.480862140655517578e+00 1.066844940185546875e+01
7.500000000000000000e-01 1.712940096855163574e+00 1.111301231384277344e+01
7.624999880790710449e-01 8.533790707588195801e-01 1.133376216888427734e+01
7.749999761581420898e-01 -1.515267975628376007e-02 1.135644435882568359e+01
7.875000238418579102e-01 -8.256542086601257324e-01 1.134317398071289062e+01
8.000000119209289551e-01 -1.589977860450744629e+00 1.137477111816406250e+01
8.125000000000000000e-01 -2.343799829483032227e+00 1.140593719482421875e+01
8.249999880790710449e-01 -3.075997114181518555e+00 1.140487003326416016e+01
8.374999761581420898e-01 -3.749513864517211914e+00 1.140910148620605469e+01
8.500000238418579102e-01 -4.354137897491455078e+00 1.143829059600830078e+01
8.625000119209289551e-01 -4.896531581878662109e+00 1.146018409729003906e+01
8.750000000000000000e-01 -5.363481521606445312e+00 1.146250724792480469e+01
8.874999880790710449e-01 -5.733163356781005859e+00 1.147462272644042969e+01
8.999999761581420898e-01 -6.004673957824707031e+00 1.150344848632812500e+01
9.125000238418579102e-01 -6.185233592987060547e+00 1.152096271514892578e+01
9.250000119209289551e-01 -6.265284538269042969e+00 1.152412319183349609e+01
9.375000000000000000e-01 -6.233268737792968750e+00 1.153985309600830078e+01
9.499999880790710449e-01 -6.097484588623046875e+00 1.156709671020507812e+01
9.624999761581420898e-01 -5.869171619415283203e+00 1.157870101928710938e+01
9.750000238418579102e-01 -5.542962074279785156e+00 1.157903957366943359e+01
9.875000119209289551e-01 -5.116345405578613281e+00 1.159521389007568359e+01
1.000000000000000000e+00 -4.607217788696289062e+00 1.161816883087158203e+01
1.012500047683715820e+00 -4.030718803405761719e+00 1.161920547485351562e+01
1.024999976158142090e+00 -3.382993221282958984e+00 1.161226558685302734e+01
1.037500023841857910e+00 -2.669170379638671875e+00 1.162778759002685547e+01
1.049999952316284180e+00 -1.917813897132873535e+00 1.164347362518310547e+01
1.062500000000000000e+00 -1.142978310585021973e+00 1.162418651580810547e+01
1.075000047683715820e+00 -3.277162313461303711e-01 1.160693931579589844e+01
1.087499976158142090e+00 5.201858878135681152e-01 1.163799285888671875e+01
1.100000023841857910e+00 1.332731723785400391e+00 1.163211631774902344e+01
1.112499952316284180e+00 2.050164699554443359e+00 1.141930103302001953e+01
1.125000000000000000e+00 2.699450254440307617e+00 1.096086215972900391e+01
1.137500047683715820e+00 3.352679967880249023e+00 1.041412639617919922e+01
1.149999976158142090e+00 4.022464275360107422e+00 9.948416709899902344e+00
1.162500023841857910e+00 4.648307323455810547e+00 9.594983100891113281e+00
1.174999952316284180e+00 5.175956726074218750e+00 9.314004898071289062e+00
1.187500000000000000e+00 5.598777294158935547e+00 9.101621627807617188e+00
1.200000047683715820e+00 5.922947883605957031e+00 8.965466499328613281e+00
1.212499976158142090e+00 6.141551494598388672e+00 8.875802993774414062e+00
1.225000023841857910e+00 6.251883983612060547e+00 8.808665275573730469e+00
1.237499952316284180e+00 6.261508464813232422e+00 8.782646179199218750e+00
1.250000000000000000e+00 6.169739723205566406e+00 8.809023857116699219e+00
1.262500047683715820e+00 5.970466613769531250e+00 8.864589691162109375e+00
1.274999976158142090e+00 5.672014236450195312e+00 8.947992324829101562e+00
1.287500023841857910e+00 5.287724494934082031e+00 9.095258712768554688e+00
1.299999952316284180e+00 4.816003799438476562e+00 9.309242248535156250e+00
1.312500000000000000e+00 4.260568141937255859e+00 9.553599357604980469e+00
1.325000047683715820e+00 3.654995918273925781e+00 9.847419738769531250e+00
1.337499976158142090e+00 3.024980545043945312e+00 1.026235675811767578e+01
1.350000023841857910e+00 2.339097261428833008e+00 1.076680278778076172e+01
1.362499952316284180e+00 1.549702525138854980e+00 1.117650699615478516e+01
1.375000000000000000e+00 6.806928515434265137e-01 1.134928607940673828e+01
1.387500047683715820e+00 -1.794065535068511963e-01 1.135186958312988281e+01
1.399999976158142090e+00 -9.777955412864685059e-01 1.134612655639648438e+01
1.412500023841857910e+00 -1.738174676895141602e+00 1.138303565979003906e+01
1.424999952316284180e+00 -2.490324735641479492e+00 1.140774154663085938e+01
1.437500000000000000e+00 -3.213589191436767578e+00 1.140377044677734375e+01
1.450000047683715820e+00 -3.873270273208618164e+00 1.141343402862548828e+01
1.462499976158142090e+00 -4.465448379516601562e+00 1.144433021545410156e+01
1.475000023841857910e+00 -4.994873046875000000e+00 1.146155357360839844e+01
1.487499952316284180e+00 -5.444051265716552734e+00 1.146316337585449219e+01
1.500000000000000000e+00 -5.793817520141601562e+00 1.147965335845947266e+01
1.512500047683715820e+00 -6.047279357910156250e+00 1.150857639312744141e+01
1.524999976158142090e+00 -6.209407329559326172e+00 1.152196121215820312e+01
1.537500023841857910e+00 -6.267874717712402344e+00 1.152554988861083984e+01
1.549999952316284180e+00 -6.214293479919433594e+00 1.154513359069824219e+01
1.562500000000000000e+00 -6.059942722320556641e+00 1.157118129730224609e+01
1.575000047683715820e+00 -5.813243865966796875e+00 1.157872390747070312e+01
1.587499976158142090e+00 -5.466893196105957031e+00 1.158050060272216797e+01
1.600000023841857910e+00 -5.022251129150390625e+00 1.160026454925537109e+01
1.612499952316284180e+00 -4.499380588531494141e+00 1.162047386169433594e+01
1.625000000000000000e+00 -3.909510850906372070e+00 1.161720275878906250e+01
1.637500047683715820e+00 -3.247515678405761719e+00 1.161330413818359375e+01
1.649999976158142090e+00 -2.523802518844604492e+00 1.163247108459472656e+01
1.662500023841857910e+00 -1.767963409423828125e+00 1.164250755310058594e+01
1.674999952316284180e+00 -9.868509173393249512e-01 1.161830520629882812e+01
1.687500000000000000e+00 -1.625774651765823364e-01 1.160950183868408203e+01
1.700000047683715820e+00 6.850332021713256836e-01 1.164510726928710938e+01
1.712499976158142090e+00 1.481485843658447266e+00 1.161104679107666016e+01
1.725000023841857910e+00 2.180559635162353516e+00 1.134593772888183594e+01
1.737499952316284180e+00 2.825518369674682617e+00 1.085391998291015625e+01
1.750000000000000000e+00 3.483984708786010742e+00 1.031329536437988281e+01
1.762500047683715820e+00 4.151005268096923828e+00 9.871434211730957031e+00
1.774999976158142090e+00 4.760345458984375000e+00 9.535041809082031250e+00
1.787500023841857910e+00 5.266819953918457031e+00 9.266349792480468750e+00
1.799999952316284180e+00 5.670196056365966797e+00 9.069323539733886719e+00
1.812500000000000000e+00 5.974442005157470703e+00 8.945530891418457031e+00
1.825000047683715820e+00 6.171535968780517578e+00 8.860769271850585938e+00
1.837499976158142090e+00 6.261516094207763672e+00 8.799409866333007812e+00
1.850000023841857910e+00 6.251761913299560547e+00 8.784123420715332031e+00
1.862499952316284180e+00 6.139138698577880859e+00 8.818407058715820312e+00
1.875000000000000000e+00 5.919217109680175781e+00 8.877833366394042969e+00
1.887500047683715820e+00 5.603229999542236328e+00 8.970815658569335938e+00
1.899999976158142090e+00 5.202320098876953125e+00 9.133029937744140625e+00
1.912500023841857910e+00 4.713011264801025391e+00 9.355536460876464844e+00
1.924999952316284180e+00 4.144387722015380859e+00 9.605087280273437500e+00
1.937500000000000000e+00 3.533453464508056641e+00 9.917722702026367188e+00
1.950000047683715820e+00 2.896736145019531250e+00 1.035850429534912109e+01
1.962499976158142090e+00 2.193078279495239258e+00 1.086137008666992188e+01
1.975000023841857910e+00 1.383150696754455566e+00 1.123008823394775391e+01
1.987499952316284180e+00 5.084934830665588379e-01 1.135792160034179688e+01
2.000000000000000000e+00 -3.409887850284576416e-01 1.134743881225585938e+01
