0.000000000000000000e+00 6.220547676086425781e+00 8.832129478454589844e+00
1.250000018626451492e-02 6.269181251525878906e+00 8.786426544189453125e+00
2.500000037252902985e-02 6.217868804931640625e+00 8.793798446655273438e+00
3.750000149011611938e-02 6.060046195983886719e+00 8.840987205505371094e+00
5.000000074505805969e-02 5.797333717346191406e+00 8.910467147827148438e+00
6.250000000000000000e-02 5.444459915161132812e+00 9.029674530029296875e+00
7.500000298023223877e-02 5.005833625793457031e+00 9.222406387329101562e+00
8.749999850988388062e-02 4.478505134582519531e+00 9.458554267883300781e+00
1.000000014901161194e-01 3.885456562042236328e+00 9.726239204406738281e+00
1.124999970197677612e-01 3.263467550277709961e+00 1.009104728698730469e+01
1.250000000000000000e-01 2.603682756423950195e+00 1.057870292663574219e+01
1.375000029802322388e-01 1.853245973587036133e+00 1.104903030395507812e+01
1.500000059604644775e-01 1.002866625785827637e+00 1.131339836120605469e+01
1.624999940395355225e-01 1.271754652261734009e-01 1.135929393768310547e+01
1.749999970197677612e-01 -6.962018609046936035e-01 1.134215164184570312e+01
1.875000000000000000e-01 -1.466919898986816406e+00 1.136754703521728516e+01
2.000000029802322388e-01 -2.223436355590820312e+00 1.140309047698974609e+01
2.125000059604644775e-01 -2.963381290435791016e+00 1.140579605102539062e+01
2.249999940395355225e-01 -3.649334192276000977e+00 1.140632534027099609e+01
2.374999970197677612e-01 -4.265476226806640625e+00 1.143312549591064453e+01
2.500000000000000000e-01 -4.818789482116699219e+00 1.145836544036865234e+01
2.624999880790710449e-01 -5.299758434295654297e+00 1.146225547790527344e+01
2.750000059604644775e-01 -5.685317993164062500e+00 1.147132492065429688e+01
2.874999940395355225e-01 -5.971058368682861328e+00 1.149929332733154297e+01
3.000000119209289551e-01 -6.165153503417968750e+00 1.151982879638671875e+01
3.125000000000000000e-01 -6.260501861572265625e+00 1.152354240417480469e+01
3.249999880790710449e-01 -6.243825912475585938e+00 1.153657913208007812e+01
3.375000059604644775e-01 -6.120842456817626953e+00 1.156396865844726562e+01
3.499999940395355225e-01 -5.904283523559570312e+00 1.157854175567626953e+01
3.625000119209289551e-01 -5.590641021728515625e+00 1.157869720458984375e+01
3.750000000000000000e-01 -5.175258636474609375e+00 1.159233283996582031e+01
3.874999880790710449e-01 -4.674090385437011719e+00 1.161639118194580078e+01
4.000000059604644775e-01 -4.104501724243164062e+00 1.162054252624511719e+01
4.124999940395355225e-01 -3.464146852493286133e+00 1.161248683929443359e+01
4.250000119209289551e-01 -2.755264520645141602e+00 1.162531948089599609e+01
4.375000000000000000e-01 -2.005073070526123047e+00 1.164358329772949219e+01
4.499999880790710449e-01 -1.231635689735412598e+00 1.162795352935791016e+01
4.625000059604644775e-01 -4.196666777133941650e-01 1.160695075988769531e+01
4.749999940395355225e-01 4.291312992572784424e-01 1.163394641876220703e+01
4.875000119209289551e-01 1.251310825347900391e+00 1.164019584655761719e+01
5.000000000000000000e-01 1.980745196342468262e+00 1.145410633087158203e+01
5.124999880790710449e-01 2.634973049163818359e+00 1.101496696472167969e+01
5.249999761581420898e-01 3.287066221237182617e+00 1.046669006347656250e+01
5.375000238418579102e-01 3.958658933639526367e+00 9.988345146179199219e+00
5.500000119209289551e-01 4.593159675598144531e+00 9.625000953674316406e+00
5.625000000000000000e-01 5.132093429565429688e+00 9.337433815002441406e+00
5.749999880790710449e-01 5.565024375915527344e+00 9.117559432983398438e+00
5.874999761581420898e-01 5.898779869079589844e+00 8.975048065185546875e+00
6.000000238418579102e-01 6.127214431762695312e+00 8.882666587829589844e+00
6.125000119209289551e-01 6.246506214141845703e+00 8.813178062438964844e+00
6.250000000000000000e-01 6.264069080352783203e+00 8.782801628112792969e+00
6.374999880790710449e-01 6.180277824401855469e+00 8.805737495422363281e+00
6.499999761581420898e-01 5.988580703735351562e+00 8.859903335571289062e+00
6.625000238418579102e-01 5.696100711822509766e+00 8.940338134765625000e+00
6.750000119209289551e-01 5.316852092742919922e+00 9.082533836364746094e+00
6.875000000000000000e-01 4.850172519683837891e+00 9.293601036071777344e+00
6.999999880790710449e-01 4.298199176788330078e+00 9.536967277526855469e+00
7.124999761581420898e-01 3.693178176879882812e+00 9.826045036315917969e+00
7.250000238418579102e-01 3.063505649566650391e+00 1.023348331451416016e+01
7.375000119209289551e-01 2.381019592285156250e+00 1.073787307739257812e+01
7.500000000000000000e-01 1.595972061157226562e+00 1.115922069549560547e+01
7.624999880790710449e-01 7.271355986595153809e-01 1.134549331665039062e+01
7.749999761581420898e-01 -1.375544518232345581e-01 1.135279941558837891e+01
7.875000238418579102e-01 -9.408584833145141602e-01 1.134495258331298828e+01
8.000000119209289551e-01 -1.703833580017089844e+00 1.138090610504150391e+01
8.125000000000000000e-01 -2.458157062530517578e+00 1.140724658966064453e+01
8.249999880790710449e-01 -3.185148000717163086e+00 1.140376758575439453e+01
8.374999761581420898e-01 -3.849185943603515625e+00 1.141232681274414062e+01
8.500000238418579102e-01 -4.445071697235107422e+00 1.144310283660888672e+01
8.625000119209289551e-01 -4.978066444396972656e+00 1.146125507354736328e+01
8.750000000000000000e-01 -5.431292057037353516e+00 1.146293830871582031e+01
8.874999880790710449e-01 -5.784921169281005859e+00 1.147881889343261719e+01
8.999999761581420898e-01 -6.041487693786621094e+00 1.150789546966552734e+01
9.125000238418579102e-01 -6.206377983093261719e+00 1.152188491821289062e+01
9.250000119209289551e-01 -6.267514705657958984e+00 1.152542018890380859e+01
9.375000000000000000e-01 -6.216033458709716797e+00 1.154468536376953125e+01
9.499999880790710449e-01 -6.062997341156005859e+00 1.157097530364990234e+01
9.624999761581420898e-01 -5.817183017730712891e+00 1.157889366149902344e+01
9.750000238418579102e-01 -5.471380710601806641e+00 1.158058834075927734e+01
9.875000119209289551e-01 -5.026672840118408203e+00 1.160023212432861328e+01
1.000000000000000000e+00 -4.503145217895507812e+00 1.162064552307128906e+01
1.012500047683715820e+00 -3.912295579910278320e+00 1.161753559112548828e+01
1.024999976158142090e+00 -3.249013900756835938e+00 1.161360263824462891e+01
1.037500023841857910e+00 -2.523667573928833008e+00 1.163278865814208984e+01
1.049999952316284180e+00 -1.766017794609069824e+00 1.164281082153320312e+01
1.062500000000000000e+00 -9.829314947128295898e-01 1.161854171752929688e+01
1.075000047683715820e+00 -1.564473062753677368e-01 1.161005210876464844e+01
1.087499976158142090e+00 6.930921077728271484e-01 1.164577674865722656e+01
1.100000023841857910e+00 1.490502357482910156e+00 1.160979080200195312e+01
1.112499952316284180e+00 2.190035820007324219e+00 1.134059238433837891e+01
1.125000000000000000e+00 2.836182117462158203e+00 1.084528160095214844e+01
1.137500047683715820e+00 3.496503829956054688e+00 1.030441761016845703e+01
1.149999976158142090e+00 4.164542198181152344e+00 9.863952636718750000e+00
1.162500023841857910e+00 4.773303031921386719e+00 9.528452873229980469e+00
1.174999952316284180e+00 5.278359413146972656e+00 9.260574340820312500e+00
1.187500000000000000e+00 5.680053234100341797e+00 9.065177917480468750e+00
1.200000047683715820e+00 5.981970787048339844e+00 8.942783355712890625e+00
1.212499976158142090e+00 6.175982952117919922e+00 8.858493804931640625e+00
1.225000023841857910e+00 6.262604236602783203e+00 8.798080444335937500e+00
1.237499952316284180e+00 6.249135971069335938e+00 8.784785270690917969e+00
1.250000000000000000e+00 6.132000446319580078e+00 8.820561408996582031e+00
1.262500047683715820e+00 5.907190322875976562e+00 8.880949974060058594e+00
1.274999976158142090e+00 5.586553096771240234e+00 8.976522445678710938e+00
1.287500023841857910e+00 5.180700778961181641e+00 9.142608642578125000e+00
1.299999952316284180e+00 4.685870647430419922e+00 9.367480278015136719e+00
1.312500000000000000e+00 4.112703323364257812e+00 9.619178771972656250e+00
1.325000047683715820e+00 3.499020814895629883e+00 9.938209533691406250e+00
1.337499976158142090e+00 2.858620166778564453e+00 1.038689422607421875e+01
1.350000023841857910e+00 2.147715806961059570e+00 1.088872146606445312e+01
1.362499952316284180e+00 1.329869031906127930e+00 1.124454212188720703e+01
1.375000000000000000e+00 4.521055221557617188e-01 1.135916996002197266e+01
1.387500047683715820e+00 -3.955589830875396729e-01 1.134587383270263672e+01
1.399999976158142090e+00 -1.181511521339416504e+00 1.135305213928222656e+01
1.412500023841857910e+00 -1.940400004386901855e+00 1.139290809631347656e+01
1.424999952316284180e+00 -2.690342664718627930e+00 1.140787029266357422e+01
1.437500000000000000e+00 -3.400443315505981445e+00 1.140327262878417969e+01
1.450000047683715820e+00 -4.042287826538085938e+00 1.142095470428466797e+01
1.462499976158142090e+00 -4.618759632110595703e+00 1.145150852203369141e+01
1.475000023841857910e+00 -5.129576206207275391e+00 1.146218299865722656e+01
1.487499952316284180e+00 -5.552862644195556641e+00 1.146534729003906250e+01
1.500000000000000000e+00 -5.875018119812011719e+00 1.148788261413574219e+01
1.512500047683715820e+00 -6.103147029876708984e+00 1.151467514038085938e+01
1.524999976158142090e+00 -6.237432479858398438e+00 1.152269458770751953e+01
1.537500023841857910e+00 -6.263318061828613281e+00 1.152920150756835938e+01
1.549999952316284180e+00 -6.178346157073974609e+00 1.155365371704101562e+01
1.562500000000000000e+00 -5.996259689331054688e+00 1.157579231262207031e+01
1.575000047683715820e+00 -5.720231533050537109e+00 1.157850551605224609e+01
1.587499976158142090e+00 -5.342258930206298828e+00 1.158466625213623047e+01
1.600000023841857910e+00 -4.870474338531494141e+00 1.160829162597656250e+01
1.612499952316284180e+00 -4.325802803039550781e+00 1.162210941314697266e+01
1.625000000000000000e+00 -3.712859869003295898e+00 1.161441516876220703e+01
1.637500047683715820e+00 -3.027603626251220703e+00 1.161756515502929688e+01
1.649999976158142090e+00 -2.289133310317993164e+00 1.163932991027832031e+01
1.662500023841857910e+00 -1.524753451347351074e+00 1.163790607452392578e+01
1.674999952316284180e+00 -7.296488881111145020e-01 1.161077785491943359e+01
1.687500000000000000e+00 1.095648482441902161e-01 1.161882400512695312e+01
1.700000047683715820e+00 9.517164826393127441e-01 1.165109539031982422e+01
1.712499976158142090e+00 1.719298958778381348e+00 1.155508518218994141e+01
1.725000023841857910e+00 2.393902063369750977e+00 1.120343399047851562e+01
1.737499952316284180e+00 3.039466857910156250e+00 1.067154407501220703e+01
1.750000000000000000e+00 3.707225322723388672e+00 1.015326404571533203e+01
1.762500047683715820e+00 4.364378452301025391e+00 9.750081062316894531e+00
1.774999976158142090e+00 4.942902565002441406e+00 9.438017845153808594e+00
1.787500023841857910e+00 5.414546966552734375e+00 9.190866470336914062e+00
1.799999952316284180e+00 5.785466194152832031e+00 9.020322799682617188e+00
1.812500000000000000e+00 6.054515361785888672e+00 8.914028167724609375e+00
1.825000047683715820e+00 6.214182376861572266e+00 8.836265563964843750e+00
1.837499976158142090e+00 6.269045352935791016e+00 8.787823677062988281e+00
1.850000023841857910e+00 6.224085807800292969e+00 8.791860580444335938e+00
1.862499952316284180e+00 6.073032855987548828e+00 8.837429046630859375e+00
1.875000000000000000e+00 5.816447257995605469e+00 8.905155181884765625e+00
1.887500047683715820e+00 5.468846797943115234e+00 9.020083427429199219e+00
1.899999976158142090e+00 5.035732746124267578e+00 9.208684921264648438e+00
1.912500023841857910e+00 4.513621807098388672e+00 9.443258285522460938e+00
1.924999952316284180e+00 3.923439502716064453e+00 9.707644462585449219e+00
1.937500000000000000e+00 3.302807092666625977e+00 1.006428718566894531e+01
1.950000047683715820e+00 2.646811962127685547e+00 1.054668235778808594e+01
1.962499976158142090e+00 1.903196096420288086e+00 1.102438354492187500e+01
1.975000023841857910e+00 1.057514548301696777e+00 1.130439949035644531e+01
1.987499952316284180e+00 1.805706471204757690e-01 1.136010074615478516e+01
2.000000000000000000e+00 -6.469291448593139648e-01 1.134226894378662109e+01
