0.000000000000000000e+00 6.220047950744628906e+00 8.832497596740722656e+00
1.250000018626451492e-02 6.268916606903076172e+00 8.786587715148925781e+00
2.500000037252902985e-02 6.217360973358154297e+00 8.794001579284667969e+00
3.750000149011611938e-02 6.058772087097167969e+00 8.841356277465820312e+00
5.000000074505805969e-02 5.794846057891845703e+00 8.911141395568847656e+00
6.250000000000000000e-02 5.440427303314208984e+00 9.031177520751953125e+00
7.500000298023223877e-02 4.999821186065673828e+00 9.225028991699218750e+00
8.749999850988388062e-02 4.470170497894287109e+00 9.462035179138183594e+00
1.000000014901161194e-01 3.875037431716918945e+00 9.731175422668457031e+00
1.124999970197677612e-01 3.251212358474731445e+00 1.009909439086914062e+01
1.250000000000000000e-01 2.588674068450927734e+00 1.058931827545166016e+01
1.375000029802322388e-01 1.834082007408142090e+00 1.105778026580810547e+01
1.500000059604644775e-01 9.799290299415588379e-01 1.131652832031250000e+01
1.624999940395355225e-01 1.027518883347511292e-01 1.135855674743652344e+01
1.749999970197677612e-01 -7.206950187683105469e-01 1.134191894531250000e+01
1.875000000000000000e-01 -1.492250800132751465e+00 1.136870956420898438e+01
2.000000029802322388e-01 -2.250312805175781250e+00 1.140353012084960938e+01
2.125000059604644775e-01 -2.990651607513427734e+00 1.140532207489013672e+01
2.249999940395355225e-01 -3.675506591796875000e+00 1.140674591064453125e+01
2.374999970197677612e-01 -4.290311813354492188e+00 1.143436622619628906e+01
2.500000000000000000e-01 -4.842104911804199219e+00 1.145879077911376953e+01
2.624999880790710449e-01 -5.320215225219726562e+00 1.146218872070312500e+01
2.750000059604644775e-01 -5.701681613922119141e+00 1.147231388092041016e+01
2.874999940395355225e-01 -5.983222007751464844e+00 1.150077724456787109e+01
3.000000119209289551e-01 -6.172807693481445312e+00 1.152030849456787109e+01
3.125000000000000000e-01 -6.262332439422607422e+00 1.152381420135498047e+01
3.249999880790710449e-01 -6.239030838012695312e+00 1.153808212280273438e+01
3.375000059604644775e-01 -6.109789848327636719e+00 1.156559944152832031e+01
3.499999940395355225e-01 -5.886841773986816406e+00 1.157886409759521484e+01
3.625000119209289551e-01 -5.565741062164306641e+00 1.157912254333496094e+01
3.750000000000000000e-01 -5.142832279205322266e+00 1.159421157836914062e+01
3.874999880790710449e-01 -4.635295867919921875e+00 1.161782169342041016e+01
4.000000059604644775e-01 -4.059465408325195312e+00 1.162018394470214844e+01
4.124999940395355225e-01 -3.412060260772705078e+00 1.161281013488769531e+01
4.250000119209289551e-01 -2.697134494781494141e+00 1.162750530242919922e+01
4.375000000000000000e-01 -1.943122625350952148e+00 1.164410781860351562e+01
4.499999880790710449e-01 -1.165531754493713379e+00 1.162578678131103516e+01
4.625000059604644775e-01 -3.476623594760894775e-01 1.160761070251464844e+01
4.749999940395355225e-01 5.041003227233886719e-01 1.163799667358398438e+01
4.875000119209289551e-01 1.321805477142333984e+00 1.163398170471191406e+01
5.000000000000000000e-01 2.043802022933959961e+00 1.142339420318603516e+01
5.124999880790710449e-01 2.696174383163452148e+00 1.096456718444824219e+01
5.249999761581420898e-01 3.352070569992065430e+00 1.041559505462646484e+01
5.375000238418579102e-01 4.024735927581787109e+00 9.947966575622558594e+00
5.500000119209289551e-01 4.652963638305664062e+00 9.593204498291015625e+00
5.625000000000000000e-01 5.181991577148437500e+00 9.311318397521972656e+00
5.749999880790710449e-01 5.605309963226318359e+00 9.099029541015625000e+00
5.874999761581420898e-01 5.928921222686767578e+00 8.963529586791992188e+00
6.000000238418579102e-01 6.145685195922851562e+00 8.874035835266113281e+00
6.125000119209289551e-01 6.253272056579589844e+00 8.807330131530761719e+00
6.250000000000000000e-01 6.259383678436279297e+00 8.783047676086425781e+00
6.374999880790710449e-01 6.162855625152587891e+00 8.811221122741699219e+00
6.499999761581420898e-01 5.957777976989746094e+00 8.867877006530761719e+00
6.625000238418579102e-01 5.653326511383056641e+00 8.953906059265136719e+00
6.750000119209289551e-01 5.262556552886962891e+00 9.106014251708984375e+00
6.875000000000000000e-01 4.783231735229492188e+00 9.323758125305175781e+00
6.999999880790710449e-01 4.220653057098388672e+00 9.570826530456542969e+00
7.124999761581420898e-01 3.610206604003906250e+00 9.872181892395019531e+00
7.250000238418579102e-01 2.974958896636962891e+00 1.029876613616943359e+01
7.375000119209289551e-01 2.279123306274414062e+00 1.080564403533935547e+01
7.500000000000000000e-01 1.477222561836242676e+00 1.120037174224853516e+01
7.624999880790710449e-01 6.010277867317199707e-01 1.135337734222412109e+01
7.749999761581420898e-01 -2.585115134716033936e-01 1.134909439086914062e+01
7.875000238418579102e-01 -1.055167913436889648e+00 1.134793376922607422e+01
8.000000119209289551e-01 -1.817599058151245117e+00 1.138671970367431641e+01
8.125000000000000000e-01 -2.571894168853759766e+00 1.140770912170410156e+01
8.249999880790710449e-01 -3.292691707611083984e+00 1.140305233001708984e+01
8.374999761581420898e-01 -3.947133541107177734e+00 1.141622352600097656e+01
8.500000238418579102e-01 -4.534451007843017578e+00 1.144749736785888672e+01
8.625000119209289551e-01 -5.057499408721923828e+00 1.146179676055908203e+01
8.750000000000000000e-01 -5.496331214904785156e+00 1.146385574340820312e+01
8.874999880790710449e-01 -5.833960533142089844e+00 1.148346328735351562e+01
8.999999761581420898e-01 -6.075723171234130859e+00 1.151179790496826172e+01
9.125000238418579102e-01 -6.224447250366210938e+00 1.152243137359619141e+01
9.250000119209289551e-01 -6.266263008117675781e+00 1.152731800079345703e+01
9.375000000000000000e-01 -6.195643901824951172e+00 1.154979228973388672e+01
9.499999880790710449e-01 -6.025599956512451172e+00 1.157413005828857422e+01
9.624999761581420898e-01 -5.761882305145263672e+00 1.157884407043457031e+01
9.750000238418579102e-01 -5.396398067474365234e+00 1.158290767669677734e+01
9.875000119209289551e-01 -4.934311866760253906e+00 1.160530662536621094e+01
1.000000000000000000e+00 -4.396757125854492188e+00 1.162210178375244141e+01
1.012500047683715820e+00 -3.791183948516845703e+00 1.161583805084228516e+01
1.024999976158142090e+00 -3.112644910812377930e+00 1.161604785919189453e+01
1.037500023841857910e+00 -2.377031326293945312e+00 1.163742065429687500e+01
1.049999952316284180e+00 -1.613351345062255859e+00 1.164047813415527344e+01
1.062500000000000000e+00 -8.210048675537109375e-01 1.161360168457031250e+01
1.075000047683715820e+00 1.600541919469833374e-02 1.161559104919433594e+01
1.087499976158142090e+00 8.636978268623352051e-01 1.165074634552001953e+01
1.100000023841857910e+00 1.643663525581359863e+00 1.157671260833740234e+01
1.112499952316284180e+00 2.327409505844116211e+00 1.125124168395996094e+01
1.125000000000000000e+00 2.973808526992797852e+00 1.072793388366699219e+01
1.137500047683715820e+00 3.640875577926635742e+00 1.020002746582031250e+01
1.149999976158142090e+00 4.303675651550292969e+00 9.784531593322753906e+00
1.162500023841857910e+00 4.893114566802978516e+00 9.464858055114746094e+00
1.174999952316284180e+00 5.375720500946044922e+00 9.210707664489746094e+00
1.187500000000000000e+00 5.756403923034667969e+00 9.032601356506347656e+00
1.200000047683715820e+00 6.035397052764892578e+00 8.921923637390136719e+00
1.212499976158142090e+00 6.204734802246093750e+00 8.842199325561523438e+00
1.225000023841857910e+00 6.268032550811767578e+00 8.790142059326171875e+00
1.237499952316284180e+00 6.231103420257568359e+00 8.789774894714355469e+00
1.250000000000000000e+00 6.088150024414062500e+00 8.833249092102050781e+00
1.262500047683715820e+00 5.838460922241210938e+00 8.899130821228027344e+00
1.274999976158142090e+00 5.496249675750732422e+00 9.009436607360839844e+00
1.287500023841857910e+00 5.068341255187988281e+00 9.193598747253417969e+00
1.299999952316284180e+00 4.550827026367187500e+00 9.426868438720703125e+00
1.312500000000000000e+00 3.962474107742309570e+00 9.688657760620117188e+00
1.325000047683715820e+00 3.341765880584716797e+00 1.003789520263671875e+01
1.337499976158142090e+00 2.687793731689453125e+00 1.051556396484375000e+01
1.350000023841857910e+00 1.948904514312744141e+00 1.100047206878662109e+01
1.362499952316284180e+00 1.105792403221130371e+00 1.129527282714843750e+01
1.375000000000000000e+00 2.259075343608856201e-01 1.136027526855468750e+01
1.387500047683715820e+00 -6.070588827133178711e-01 1.134226322174072266e+01
1.399999976158142090e+00 -1.383462071418762207e+00 1.136269760131835938e+01
1.412500023841857910e+00 -2.142303228378295898e+00 1.140049266815185547e+01
1.424999952316284180e+00 -2.887395143508911133e+00 1.140633296966552734e+01
1.437500000000000000e+00 -3.581986427307128906e+00 1.140485286712646484e+01
1.450000047683715820e+00 -4.206401824951171875e+00 1.142961788177490234e+01
1.462499976158142090e+00 -4.767198562622070312e+00 1.145679092407226562e+01
1.475000023841857910e+00 -5.257371425628662109e+00 1.146212959289550781e+01
1.487499952316284180e+00 -5.653477191925048828e+00 1.146943759918212891e+01
1.500000000000000000e+00 -5.948694705963134766e+00 1.149651813507080078e+01
1.512500047683715820e+00 -6.151443481445312500e+00 1.151888561248779297e+01
1.524999976158142090e+00 -6.256313323974609375e+00 1.152330112457275391e+01
1.537500023841857910e+00 -6.249226570129394531e+00 1.153474521636962891e+01
1.549999952316284180e+00 -6.134136199951171875e+00 1.156194972991943359e+01
1.562500000000000000e+00 -5.924463748931884766e+00 1.157834053039550781e+01
1.575000047683715820e+00 -5.618010044097900391e+00 1.157869529724121094e+01
1.587499976158142090e+00 -5.209034919738769531e+00 1.159082221984863281e+01
1.600000023841857910e+00 -4.712176799774169922e+00 1.161527729034423828e+01
1.612499952316284180e+00 -4.145964145660400391e+00 1.162131023406982422e+01
1.625000000000000000e+00 -3.509148120880126953e+00 1.161290740966796875e+01
1.637500047683715820e+00 -2.802493572235107422e+00 1.162414360046386719e+01
1.649999976158142090e+00 -2.052269697189331055e+00 1.164355468750000000e+01
1.662500023841857910e+00 -1.278635501861572266e+00 1.163008022308349609e+01
1.674999952316284180e+00 -4.675023853778839111e-01 1.160744190216064453e+01
1.687500000000000000e+00 3.823924660682678223e-01 1.163201999664306641e+01
1.700000047683715820e+00 1.210117220878601074e+00 1.164356422424316406e+01
1.712499976158142090e+00 1.946487545967102051e+00 1.147027873992919922e+01
1.725000023841857910e+00 2.604186296463012695e+00 1.104068183898925781e+01
1.737499952316284180e+00 3.256537914276123047e+00 1.049177360534667969e+01
1.750000000000000000e+00 3.929524660110473633e+00 1.000714683532714844e+01
1.762500047683715820e+00 4.568518638610839844e+00 9.638681411743164062e+00
1.774999976158142090e+00 5.113077163696289062e+00 9.347772598266601562e+00
1.787500023841857910e+00 5.550895214080810547e+00 9.124444961547851562e+00
1.799999952316284180e+00 5.888974666595458984e+00 8.979075431823730469e+00
1.812500000000000000e+00 6.121511936187744141e+00 8.885417938232421875e+00
1.825000047683715820e+00 6.244273185729980469e+00 8.814970970153808594e+00
1.837499976158142090e+00 6.264611721038818359e+00 8.783037185668945312e+00
1.850000023841857910e+00 6.183274269104003906e+00 8.804823875427246094e+00
1.862499952316284180e+00 5.993574142456054688e+00 8.858621597290039062e+00
1.875000000000000000e+00 5.702287197113037109e+00 8.938373565673828125e+00
1.887500047683715820e+00 5.323665618896484375e+00 9.079493522644042969e+00
1.899999976158142090e+00 4.857312202453613281e+00 9.290216445922851562e+00
1.912500023841857910e+00 4.305029392242431641e+00 9.533829689025878906e+00
1.924999952316284180e+00 3.698939800262451172e+00 9.822635650634765625e+00
1.937500000000000000e+00 3.068064451217651367e+00 1.022971534729003906e+01
1.950000047683715820e+00 2.384577274322509766e+00 1.073497867584228516e+01
1.962499976158142090e+00 1.598190426826477051e+00 1.115797805786132812e+01
1.975000023841857910e+00 7.273639440536499023e-01 1.134512805938720703e+01
1.987499952316284180e+00 -1.394168436527252197e-01 1.135247230529785156e+01
2.000000000000000000e+00 -9.444909691810607910e-01 1.134477996826171875e+01
