0.000000000000000000e+00 6.219557762145996094e+00 8.832756996154785156e+00
1.250000018626451492e-02 6.268662929534912109e+00 8.786641120910644531e+00
2.500000037252902985e-02 6.216862678527832031e+00 8.794095039367675781e+00
3.750000149011611938e-02 6.057505607604980469e+00 8.841615676879882812e+00
5.000000074505805969e-02 5.792362689971923828e+00 8.911708831787109375e+00
6.250000000000000000e-02 5.436395168304443359e+00 9.032577514648437500e+00
7.500000298023223877e-02 4.993803024291992188e+00 9.227549552917480469e+00
8.749999850988388062e-02 4.461828231811523438e+00 9.465414047241210938e+00
1.000000014901161194e-01 3.864617109298706055e+00 9.736029624938964844e+00
1.124999970197677612e-01 3.238951444625854492e+00 1.010708236694335938e+01
1.250000000000000000e-01 2.573629856109619141e+00 1.059981822967529297e+01
1.375000029802322388e-01 1.814862370491027832e+00 1.106630229949951172e+01
1.500000059604644775e-01 9.569736719131469727e-01 1.131940364837646484e+01
1.624999940395355225e-01 7.837142795324325562e-02 1.135768222808837891e+01
1.749999970197677612e-01 -7.451404929161071777e-01 1.134164333343505859e+01
1.875000000000000000e-01 -1.517572641372680664e+00 1.136978340148925781e+01
2.000000029802322388e-01 -2.277171850204467773e+00 1.140382480621337891e+01
2.125000059604644775e-01 -3.017841815948486328e+00 1.140475654602050781e+01
2.249999940395355225e-01 -3.701566457748413086e+00 1.140712738037109375e+01
2.374999970197677612e-01 -4.315040588378906250e+00 1.143550682067871094e+01
2.500000000000000000e-01 -4.865279674530029297e+00 1.145907497406005859e+01
2.624999880790710449e-01 -5.340456485748291016e+00 1.146205425262451172e+01
2.750000059604644775e-01 -5.717801570892333984e+00 1.147327041625976562e+01
2.874999940395355225e-01 -5.995146274566650391e+00 1.150214290618896484e+01
3.000000119209289551e-01 -6.180172443389892578e+00 1.152064418792724609e+01
3.125000000000000000e-01 -6.263799190521240234e+00 1.152404499053955078e+01
3.249999880790710449e-01 -6.233870029449462891e+00 1.153955745697021484e+01
3.375000059604644775e-01 -6.098395824432373047e+00 1.156707668304443359e+01
3.499999940395355225e-01 -5.869005680084228516e+00 1.157903575897216797e+01
3.625000119209289551e-01 -5.540390014648437500e+00 1.157954597473144531e+01
3.750000000000000000e-01 -5.110013961791992188e+00 1.159605503082275391e+01
3.874999880790710449e-01 -4.596173763275146484e+00 1.161903095245361328e+01
4.000000059604644775e-01 -4.014044761657714844e+00 1.161967277526855469e+01
4.124999940395355225e-01 -3.359574794769287109e+00 1.161320686340332031e+01
4.250000119209289551e-01 -2.638778686523437500e+00 1.162962150573730469e+01
4.375000000000000000e-01 -1.881047487258911133e+00 1.164425563812255859e+01
4.499999880790710449e-01 -1.099138021469116211e+00 1.162351226806640625e+01
4.625000059604644775e-01 -2.753618955612182617e-01 1.160862827301025391e+01
4.749999940395355225e-01 5.788078308105468750e-01 1.164174556732177734e+01
4.875000119209289551e-01 1.391448616981506348e+00 1.162586116790771484e+01
5.000000000000000000e-01 2.106207847595214844e+00 1.139028263092041016e+01
5.124999880790710449e-01 2.757436990737915039e+00 1.091327667236328125e+01
5.249999761581420898e-01 3.417277812957763672e+00 1.036532783508300781e+01
5.375000238418579102e-01 4.090350627899169922e+00 9.908653259277343750e+00
5.500000119209289551e-01 4.711694240570068359e+00 9.561972618103027344e+00
5.625000000000000000e-01 5.230749130249023438e+00 9.285819053649902344e+00
5.749999880790710449e-01 5.644493579864501953e+00 9.081313133239746094e+00
5.874999761581420898e-01 5.957787513732910156e+00 8.952432632446289062e+00
6.000000238418579102e-01 6.162783145904541016e+00 8.865505218505859375e+00
6.125000119209289551e-01 6.258737564086914062e+00 8.801932334899902344e+00
6.250000000000000000e-01 6.253321647644042969e+00 8.783948898315429688e+00
6.374999880790710449e-01 6.143880367279052734e+00 8.816953659057617188e+00
6.499999761581420898e-01 5.925510883331298828e+00 8.876099586486816406e+00
6.625000238418579102e-01 5.609268665313720703e+00 8.968430519104003906e+00
6.750000119209289551e-01 5.206856250762939453e+00 9.130497932434082031e+00
6.875000000000000000e-01 4.714869499206542969e+00 9.354178428649902344e+00
6.999999880790710449e-01 4.142307758331298828e+00 9.605386734008789062e+00
7.124999761581420898e-01 3.526919603347778320e+00 9.920599937438964844e+00
7.250000238418579102e-01 2.885358810424804688e+00 1.036566925048828125e+01
7.375000119209289551e-01 2.175098180770874023e+00 1.087104701995849609e+01
7.500000000000000000e-01 1.356902122497558594e+00 1.123624610900878906e+01
7.624999880790710449e-01 4.753349125385284424e-01 1.135783958435058594e+01
7.749999761581420898e-01 -3.780080974102020264e-01 1.134565353393554688e+01
7.875000238418579102e-01 -1.168749332427978516e+00 1.135188770294189453e+01
8.000000119209289551e-01 -1.931291222572326660e+00 1.139189815521240234e+01
8.125000000000000000e-01 -2.684854745864868164e+00 1.140736484527587891e+01
8.249999880790710449e-01 -3.398558616638183594e+00 1.140280151367187500e+01
8.374999761581420898e-01 -4.043416976928710938e+00 1.142057132720947266e+01
8.500000238418579102e-01 -4.622258663177490234e+00 1.145125770568847656e+01
8.625000119209289551e-01 -5.134717941284179688e+00 1.146186923980712891e+01
8.750000000000000000e-01 -5.558579921722412109e+00 1.146528911590576172e+01
8.874999880790710449e-01 -5.880353927612304688e+00 1.148832130432128906e+01
8.999999761581420898e-01 -6.107360363006591797e+00 1.151499080657958984e+01
9.125000238418579102e-01 -6.239358425140380859e+00 1.152270030975341797e+01
9.250000119209289551e-01 -6.261566638946533203e+00 1.152980518341064453e+01
9.375000000000000000e-01 -6.172206878662109375e+00 1.155489635467529297e+01
9.499999880790710449e-01 -5.985278129577636719e+00 1.157643604278564453e+01
9.624999761581420898e-01 -5.703217029571533203e+00 1.157870006561279297e+01
9.750000238418579102e-01 -5.318125724792480469e+00 1.158592891693115234e+01
9.875000119209289551e-01 -4.839416980743408203e+00 1.161008071899414062e+01
1.000000000000000000e+00 -4.288029670715332031e+00 1.162247276306152344e+01
1.012500047683715820e+00 -3.667359113693237305e+00 1.161435222625732422e+01
1.024999976158142090e+00 -2.974109888076782227e+00 1.161942291259765625e+01
1.037500023841857910e+00 -2.229459524154663086e+00 1.164115333557128906e+01
1.049999952316284180e+00 -1.459656000137329102e+00 1.163657283782958984e+01
1.062500000000000000e+00 -6.571030616760253906e-01 1.160992240905761719e+01
1.075000047683715820e+00 1.890944838523864746e-01 1.162300205230712891e+01
1.087499976158142090e+00 1.031275987625122070e+00 1.165104293823242188e+01
1.100000023841857910e+00 1.792317271232604980e+00 1.153193187713623047e+01
1.112499952316284180e+00 2.463104009628295898e+00 1.115259075164794922e+01
1.125000000000000000e+00 3.112658739089965820e+00 1.061072921752929688e+01
1.137500047683715820e+00 3.785180330276489258e+00 1.010129928588867188e+01
1.149999976158142090e+00 4.439179420471191406e+00 9.709434509277343750e+00
1.162500023841857910e+00 5.007668972015380859e+00 9.403988838195800781e+00
1.174999952316284180e+00 5.468182086944580078e+00 9.164536476135253906e+00
1.187500000000000000e+00 5.827737808227539062e+00 9.003434181213378906e+00
1.200000047683715820e+00 6.083153724670410156e+00 8.902323722839355469e+00
1.212499976158142090e+00 6.227942943572998047e+00 8.827058792114257812e+00
1.225000023841857910e+00 6.268201828002929688e+00 8.785033226013183594e+00
1.237499952316284180e+00 6.207283020019531250e+00 8.797122955322265625e+00
1.250000000000000000e+00 6.038282394409179688e+00 8.846783638000488281e+00
1.262500047683715820e+00 5.764541625976562500e+00 8.919637680053710938e+00
1.274999976158142090e+00 5.401090145111083984e+00 9.046845436096191406e+00
1.287500023841857910e+00 4.950583934783935547e+00 9.247372627258300781e+00
1.299999952316284180e+00 4.411391258239746094e+00 9.487321853637695312e+00
1.312500000000000000e+00 3.810499191284179688e+00 9.763374328613281250e+00
1.325000047683715820e+00 3.182806491851806641e+00 1.014640998840332031e+01
1.337499976158142090e+00 2.511453390121459961e+00 1.064504241943359375e+01
1.350000023841857910e+00 1.742840528488159180e+00 1.109880638122558594e+01
1.362499952316284180e+00 8.791794776916503906e-01 1.132958698272705078e+01
1.375000000000000000e+00 3.314920002594590187e-03 1.135596466064453125e+01
1.387500047683715820e+00 -8.143988847732543945e-01 1.134217643737792969e+01
1.399999976158142090e+00 -1.584440112113952637e+00 1.137358474731445312e+01
1.412500023841857910e+00 -2.343481063842773438e+00 1.140514564514160156e+01
1.424999952316284180e+00 -3.080628633499145508e+00 1.140414905548095703e+01
1.437500000000000000e+00 -3.758155107498168945e+00 1.140874099731445312e+01
1.450000047683715820e+00 -4.365856647491455078e+00 1.143836212158203125e+01
1.462499976158142090e+00 -4.910375118255615234e+00 1.145993900299072266e+01
1.475000023841857910e+00 -5.377729415893554688e+00 1.146222305297851562e+01
1.487499952316284180e+00 -5.746010303497314453e+00 1.147537326812744141e+01
1.500000000000000000e+00 -6.015075683593750000e+00 1.150459480285644531e+01
1.512500047683715820e+00 -6.191833019256591797e+00 1.152122879028320312e+01
1.524999976158142090e+00 -6.265757083892822266e+00 1.152457618713378906e+01
1.537500023841857910e+00 -6.225956439971923828e+00 1.154186725616455078e+01
1.549999952316284180e+00 -6.081974506378173828e+00 1.156904602050781250e+01
1.562500000000000000e+00 -5.844285011291503906e+00 1.157911491394042969e+01
1.575000047683715820e+00 -5.506539821624755859e+00 1.158011913299560547e+01
1.587499976158142090e+00 -5.067887306213378906e+00 1.159831714630126953e+01
1.600000023841857910e+00 -4.547753334045410156e+00 1.162016582489013672e+01
1.612499952316284180e+00 -3.959578752517700195e+00 1.161879348754882812e+01
1.625000000000000000e+00 -3.298617362976074219e+00 1.161362648010253906e+01
1.637500047683715820e+00 -2.573275804519653320e+00 1.163174057006835938e+01
1.649999976158142090e+00 -1.813498497009277344e+00 1.164385032653808594e+01
1.662500023841857910e+00 -1.028746485710144043e+00 1.162086772918701172e+01
1.674999952316284180e+00 -2.008759379386901855e-01 1.160983180999755859e+01
1.687500000000000000e+00 6.530882120132446289e-01 1.164489364624023438e+01
1.700000047683715820e+00 1.458310723304748535e+00 1.161590194702148438e+01
1.712499976158142090e+00 2.164799690246582031e+00 1.135655784606933594e+01
1.725000023841857910e+00 2.814278841018676758e+00 1.086488151550292969e+01
1.737499952316284180e+00 3.476513385772705078e+00 1.032029342651367188e+01
1.750000000000000000e+00 4.148054122924804688e+00 9.874431610107421875e+00
1.762500047683715820e+00 4.761679172515869141e+00 9.535233497619628906e+00
1.774999976158142090e+00 5.271136283874511719e+00 9.264707565307617188e+00
1.787500023841857910e+00 5.676083087921142578e+00 9.067244529724121094e+00
1.799999952316284180e+00 5.980247974395751953e+00 8.943714141845703125e+00
1.812500000000000000e+00 6.175463676452636719e+00 8.858852386474609375e+00
1.825000047683715820e+00 6.262255191802978516e+00 8.798134803771972656e+00
1.837499976158142090e+00 6.248010635375976562e+00 8.785095214843750000e+00
1.850000023841857910e+00 6.129030704498291016e+00 8.821393966674804688e+00
1.862499952316284180e+00 5.901405334472656250e+00 8.882348060607910156e+00
1.875000000000000000e+00 5.577349662780761719e+00 8.979502677917480469e+00
1.887500047683715820e+00 5.167326927185058594e+00 9.148276329040527344e+00
1.899999976158142090e+00 4.667419433593750000e+00 9.375290870666503906e+00
1.912500023841857910e+00 4.089385509490966797e+00 9.629294395446777344e+00
1.924999952316284180e+00 3.471872091293334961e+00 9.954135894775390625e+00
1.937500000000000000e+00 2.826656103134155273e+00 1.041011142730712891e+01
1.950000047683715820e+00 2.107617616653442383e+00 1.091165161132812500e+01
1.962499976158142090e+00 1.280717968940734863e+00 1.125641345977783203e+01
1.975000023841857910e+00 3.981387019157409668e-01 1.135943794250488281e+01
1.987499952316284180e+00 -4.497370421886444092e-01 1.134411144256591797e+01
2.000000000000000000e+00 -1.236189246177673340e+00 1.135489273071289062e+01
