0.000000000000000000e+00 6.219058036804199219e+00 8.833115577697753906e+00
1.250000018626451492e-02 6.268399238586425781e+00 8.786791801452636719e+00
2.500000037252902985e-02 6.216354846954345703e+00 8.794287681579589844e+00
3.750000149011611938e-02 6.056227207183837891e+00 8.841975212097167969e+00
5.000000074505805969e-02 5.789865970611572266e+00 8.912378311157226562e+00
6.250000000000000000e-02 5.432347774505615234e+00 9.034085273742675781e+00
7.500000298023223877e-02 4.987765789031982422e+00 9.230175971984863281e+00
8.749999850988388062e-02 4.453466892242431641e+00 9.468896865844726562e+00
1.000000014901161194e-01 3.854185342788696289e+00 9.741009712219238281e+00
1.124999970197677612e-01 3.226676940917968750e+00 1.011521530151367188e+01
1.250000000000000000e-01 2.558544158935546875e+00 1.061040687561035156e+01
1.375000029802322388e-01 1.795585036277770996e+00 1.107479763031005859e+01
1.500000059604644775e-01 9.340018630027770996e-01 1.132223033905029297e+01
1.624999940395355225e-01 5.403700098395347595e-02 1.135687255859375000e+01
1.749999970197677612e-01 -7.695347666740417480e-01 1.134152221679687500e+01
1.875000000000000000e-01 -1.542879462242126465e+00 1.137096309661865234e+01
2.000000029802322388e-01 -2.304002046585083008e+00 1.140416812896728516e+01
2.125000059604644775e-01 -3.044938087463378906e+00 1.140429782867431641e+01
2.249999940395355225e-01 -3.727500200271606445e+00 1.140766239166259766e+01
2.374999970197677612e-01 -4.339647769927978516e+00 1.143673706054687500e+01
2.500000000000000000e-01 -4.888292789459228516e+00 1.145941257476806641e+01
2.624999880790710449e-01 -5.360462665557861328e+00 1.146205043792724609e+01
2.750000059604644775e-01 -5.733660697937011719e+00 1.147438526153564453e+01
2.874999940395355225e-01 -6.006813526153564453e+00 1.150357627868652344e+01
3.000000119209289551e-01 -6.187225341796875000e+00 1.152103042602539062e+01
3.125000000000000000e-01 -6.264881134033203125e+00 1.152443122863769531e+01
3.249999880790710449e-01 -6.228327274322509766e+00 1.154118919372558594e+01
3.375000059604644775e-01 -6.086642742156982422e+00 1.156858348846435547e+01
3.499999940395355225e-01 -5.850752830505371094e+00 1.157925605773925781e+01
3.625000119209289551e-01 -5.514573574066162109e+00 1.158016395568847656e+01
3.750000000000000000e-01 -5.076796531677246094e+00 1.159804153442382812e+01
3.874999880790710449e-01 -4.556711673736572266e+00 1.162020397186279297e+01
4.000000059604644775e-01 -3.968224287033081055e+00 1.161921882629394531e+01
4.124999940395355225e-01 -3.306691884994506836e+00 1.161387443542480469e+01
4.250000119209289551e-01 -2.580208063125610352e+00 1.163183307647705078e+01
4.375000000000000000e-01 -1.818839907646179199e+00 1.164421844482421875e+01
4.499999880790710449e-01 -1.032439351081848145e+00 1.162137889862060547e+01
4.625000059604644775e-01 -2.027943283319473267e-01 1.161020469665527344e+01
4.749999940395355225e-01 6.531858444213867188e-01 1.164527034759521484e+01
4.875000119209289551e-01 1.460216283798217773e+00 1.161592769622802734e+01
5.000000000000000000e-01 2.168015480041503906e+00 1.135505962371826172e+01
5.124999880790710449e-01 2.818801641464233398e+00 1.086150169372558594e+01
5.249999761581420898e-01 3.482636213302612305e+00 1.031618595123291016e+01
5.375000238418579102e-01 4.155411720275878906e+00 9.870560646057128906e+00
5.500000119209289551e-01 4.769309043884277344e+00 9.531483650207519531e+00
5.625000000000000000e-01 5.278364181518554688e+00 9.261174201965332031e+00
5.749999880790710449e-01 5.682552337646484375e+00 9.064599037170410156e+00
5.874999761581420898e-01 5.985343456268310547e+00 8.941903114318847656e+00
6.000000238418579102e-01 6.178499221801757812e+00 8.857291221618652344e+00
6.125000119209289551e-01 6.262892723083496094e+00 8.797241210937500000e+00
6.250000000000000000e-01 6.245846748352050781e+00 8.785682678222656250e+00
6.374999880790710449e-01 6.123332500457763672e+00 8.823092460632324219e+00
6.499999761581420898e-01 5.891795635223388672e+00 8.884842872619628906e+00
6.625000238418579102e-01 5.563919544219970703e+00 8.984184265136718750e+00
6.750000119209289551e-01 5.149718284606933594e+00 9.156106948852539062e+00
6.875000000000000000e-01 4.645124912261962891e+00 9.385018348693847656e+00
6.999999880790710449e-01 4.063259124755859375e+00 9.641044616699218750e+00
7.124999761581420898e-01 3.443290710449218750e+00 9.971613883972167969e+00
7.250000238418579102e-01 2.794532775878906250e+00 1.043399620056152344e+01
7.375000119209289551e-01 2.068899393081665039e+00 1.093370246887207031e+01
7.500000000000000000e-01 1.235250353813171387e+00 1.126704216003417969e+01
7.624999880790710449e-01 3.503139019012451172e-01 1.135964584350585938e+01
7.749999761581420898e-01 -4.960656166076660156e-01 1.134301853179931641e+01
7.875000238418579102e-01 -1.281756162643432617e+00 1.135682201385498047e+01
8.000000119209289551e-01 -2.044878005981445312e+00 1.139646148681640625e+01
8.125000000000000000e-01 -2.796862602233886719e+00 1.140657901763916016e+01
8.249999880790710449e-01 -3.502686738967895508e+00 1.140333461761474609e+01
8.374999761581420898e-01 -4.138074398040771484e+00 1.142539978027343750e+01
8.500000238418579102e-01 -4.708428859710693359e+00 1.145448493957519531e+01
8.625000119209289551e-01 -5.209583282470703125e+00 1.146183300018310547e+01
8.750000000000000000e-01 -5.618013381958007812e+00 1.146749210357666016e+01
8.874999880790710449e-01 -5.924140453338623047e+00 1.149340629577636719e+01
8.999999761581420898e-01 -6.136330127716064453e+00 1.151762580871582031e+01
9.125000238418579102e-01 -6.251007080078125000e+00 1.152306938171386719e+01
9.250000119209289551e-01 -6.253457546234130859e+00 1.153308296203613281e+01
9.375000000000000000e-01 -6.145790576934814453e+00 1.155997753143310547e+01
9.499999880790710449e-01 -5.941970348358154297e+00 1.157809925079345703e+01
9.624999761581420898e-01 -5.641130924224853516e+00 1.157887840270996094e+01
9.750000238418579102e-01 -5.236680030822753906e+00 1.158977985382080078e+01
9.875000119209289551e-01 -4.742096900939941406e+00 1.161448097229003906e+01
1.000000000000000000e+00 -4.176895618438720703e+00 1.162206172943115234e+01
1.012500047683715820e+00 -3.540822982788085938e+00 1.161357498168945312e+01
1.024999976158142090e+00 -2.833653926849365234e+00 1.162372016906738281e+01
1.037500023841857910e+00 -2.081082582473754883e+00 1.164380073547363281e+01
1.049999952316284180e+00 -1.304727554321289062e+00 1.163165378570556641e+01
1.062500000000000000e+00 -4.912360906600952148e-01 1.160826492309570312e+01
1.075000047683715820e+00 3.621570169925689697e-01 1.163169860839843750e+01
1.087499976158142090e+00 1.195196747779846191e+00 1.164510250091552734e+01
1.100000023841857910e+00 1.936763882637023926e+00 1.147528076171875000e+01
1.112499952316284180e+00 2.597918033599853516e+00 1.104662990570068359e+01
1.125000000000000000e+00 3.252826452255249023e+00 1.049566555023193359e+01
1.137500047683715820e+00 3.928674221038818359e+00 1.000853729248046875e+01
1.149999976158142090e+00 4.570460796356201172e+00 9.638283729553222656e+00
1.162500023841857910e+00 5.116972446441650391e+00 9.346120834350585938e+00
1.174999952316284180e+00 5.555818080902099609e+00 9.122434616088867188e+00
1.187500000000000000e+00 5.893901824951171875e+00 8.977429389953613281e+00
1.200000047683715820e+00 6.125191211700439453e+00 8.883873939514160156e+00
1.212499976158142090e+00 6.245723247528076172e+00 8.813643455505371094e+00
1.225000023841857910e+00 6.263060092926025391e+00 8.783111572265625000e+00
1.237499952316284180e+00 6.177538394927978516e+00 8.806586265563964844e+00
1.250000000000000000e+00 5.982536315917968750e+00 8.861393928527832031e+00
1.262500047683715820e+00 5.685633659362792969e+00 8.943350791931152344e+00
1.274999976158142090e+00 5.300966739654541016e+00 9.088908195495605469e+00
1.287500023841857910e+00 4.827451229095458984e+00 9.303385734558105469e+00
1.299999952316284180e+00 4.268185615539550781e+00 9.549506187438964844e+00
1.312500000000000000e+00 3.657203674316406250e+00 9.844969749450683594e+00
1.325000047683715820e+00 3.021425008773803711e+00 1.026317977905273438e+01
1.337499976158142090e+00 2.328688383102416992e+00 1.077187919616699219e+01
1.350000023841857910e+00 1.530170798301696777e+00 1.118163490295410156e+01
1.362499952316284180e+00 6.518301367759704590e-01 1.134971141815185547e+01
1.375000000000000000e+00 -2.148936688899993896e-01 1.134967803955078125e+01
1.387500047683715820e+00 -1.018345236778259277e+00 1.134614753723144531e+01
1.399999976158142090e+00 -1.784972429275512695e+00 1.138442134857177734e+01
1.412500023841857910e+00 -2.543248891830444336e+00 1.140707683563232422e+01
1.424999952316284180e+00 -3.269322633743286133e+00 1.140265750885009766e+01
1.437500000000000000e+00 -3.929063320159912109e+00 1.141498279571533203e+01
1.450000047683715820e+00 -4.520742893218994141e+00 1.144642639160156250e+01
1.462499976158142090e+00 -5.047732353210449219e+00 1.146140956878662109e+01
1.475000023841857910e+00 -5.490240573883056641e+00 1.146349716186523438e+01
1.487499952316284180e+00 -5.830682754516601562e+00 1.148297214508056641e+01
1.500000000000000000e+00 -6.074219226837158203e+00 1.151153850555419922e+01
1.512500047683715820e+00 -6.223860740661621094e+00 1.152237796783447266e+01
1.524999976158142090e+00 -6.265623569488525391e+00 1.152740955352783203e+01
1.537500023841857910e+00 -6.193928718566894531e+00 1.155014133453369141e+01
1.549999952316284180e+00 -6.021967411041259766e+00 1.157447719573974609e+01
1.562500000000000000e+00 -5.755380630493164062e+00 1.157905769348144531e+01
1.575000047683715820e+00 -5.385992050170898438e+00 1.158355617523193359e+01
1.587499976158142090e+00 -4.919504642486572266e+00 1.160638332366943359e+01
1.600000023841857910e+00 -4.377327442169189453e+00 1.162260627746582031e+01
1.612499952316284180e+00 -3.766357421875000000e+00 1.161595821380615234e+01
1.625000000000000000e+00 -3.081837415695190430e+00 1.161720848083496094e+01
1.637500047683715820e+00 -2.340979099273681641e+00 1.163889980316162109e+01
1.649999976158142090e+00 -1.572620749473571777e+00 1.164008426666259766e+01
1.662500023841857910e+00 -7.743287682533264160e-01 1.161298370361328125e+01
1.674999952316284180e+00 6.892079114913940430e-02 1.161829566955566406e+01
1.687500000000000000e+00 9.186499118804931641e-01 1.165195560455322266e+01
1.700000047683715820e+00 1.695467352867126465e+00 1.156311798095703125e+01
1.712499976158142090e+00 2.376827478408813477e+00 1.121707153320312500e+01
1.725000023841857910e+00 3.026326179504394531e+00 1.068407344818115234e+01
1.737499952316284180e+00 3.697979450225830078e+00 1.016101455688476562e+01
1.750000000000000000e+00 4.359966278076171875e+00 9.753703117370605469e+00
1.762500047683715820e+00 4.942883968353271484e+00 9.438808441162109375e+00
1.774999976158142090e+00 5.417540073394775391e+00 9.189924240112304688e+00
1.787500023841857910e+00 5.789987564086914062e+00 9.018967628479003906e+00
1.799999952316284180e+00 6.058833122253417969e+00 8.912630081176757812e+00
1.812500000000000000e+00 6.216631889343261719e+00 8.834707260131835938e+00
1.825000047683715820e+00 6.268392086029052734e+00 8.787306785583496094e+00
1.837499976158142090e+00 6.218820571899414062e+00 8.793516159057617188e+00
1.850000023841857910e+00 6.061324119567871094e+00 8.840591430664062500e+00
1.862499952316284180e+00 5.797327518463134766e+00 8.910284042358398438e+00
1.875000000000000000e+00 5.441853046417236328e+00 9.030295372009277344e+00
1.887500047683715820e+00 4.999420166015625000e+00 9.224826812744140625e+00
1.899999976158142090e+00 4.467116355895996094e+00 9.462964057922363281e+00
1.912500023841857910e+00 3.868879556655883789e+00 9.733677864074707031e+00
1.924999952316284180e+00 3.241909742355346680e+00 1.010464668273925781e+01
1.937500000000000000e+00 2.575365066528320312e+00 1.059808826446533203e+01
1.950000047683715820e+00 1.815085291862487793e+00 1.106577587127685547e+01
1.962499976158142090e+00 9.551450610160827637e-01 1.131929779052734375e+01
1.975000023841857910e+00 7.449141144752502441e-02 1.135731220245361328e+01
1.987499952316284180e+00 -7.506699562072753906e-01 1.134141254425048828e+01
2.000000000000000000e+00 -1.524694561958312988e+00 1.136992931365966797e+01
