0.000000000000000000e+00 6.218557834625244141e+00 8.833383560180664062e+00
1.250000018626451492e-02 6.268136978149414062e+00 8.786851882934570312e+00
2.500000037252902985e-02 6.215847015380859375e+00 8.794390678405761719e+00
3.750000149011611938e-02 6.054947376251220703e+00 8.842243194580078125e+00
5.000000074505805969e-02 5.787365436553955078e+00 8.912957191467285156e+00
6.250000000000000000e-02 5.428294181823730469e+00 9.035506248474121094e+00
7.500000298023223877e-02 4.981717109680175781e+00 9.232713699340820312e+00
8.749999850988388062e-02 4.445092678070068359e+00 9.472288131713867188e+00
1.000000014901161194e-01 3.843748331069946289e+00 9.745919227600097656e+00
1.124999970197677612e-01 3.214393377304077148e+00 1.012329387664794922e+01
1.250000000000000000e-01 2.543420076370239258e+00 1.062088203430175781e+01
1.375000029802322388e-01 1.776252388954162598e+00 1.108306407928466797e+01
1.500000059604644775e-01 9.110164046287536621e-01 1.132480716705322266e+01
1.624999940395355225e-01 2.974963001906871796e-02 1.135593128204345703e+01
1.749999970197677612e-01 -7.938803434371948242e-01 1.134135437011718750e+01
1.875000000000000000e-01 -1.568174481391906738e+00 1.137204074859619141e+01
2.000000029802322388e-01 -2.330806493759155273e+00 1.140435791015625000e+01
2.125000059604644775e-01 -3.071944236755371094e+00 1.140374279022216797e+01
2.249999940395355225e-01 -3.753314733505249023e+00 1.140814208984375000e+01
2.374999970197677612e-01 -4.364140510559082031e+00 1.143784523010253906e+01
2.500000000000000000e-01 -4.911150455474853516e+00 1.145959472656250000e+01
2.624999880790710449e-01 -5.380240917205810547e+00 1.146196842193603516e+01
2.750000059604644775e-01 -5.749269485473632812e+00 1.147544479370117188e+01
2.874999940395355225e-01 -6.018232822418212891e+00 1.150486469268798828e+01
3.000000119209289551e-01 -6.193973541259765625e+00 1.152126216888427734e+01
3.125000000000000000e-01 -6.265587329864501953e+00 1.152476787567138672e+01
3.249999880790710449e-01 -6.222416877746582031e+00 1.154276180267333984e+01
3.375000059604644775e-01 -6.074540138244628906e+00 1.156990718841552734e+01
3.499999940395355225e-01 -5.832089424133300781e+00 1.157932472229003906e+01
3.625000119209289551e-01 -5.488304138183593750e+00 1.158077335357666016e+01
3.750000000000000000e-01 -5.043197631835937500e+00 1.159995174407958984e+01
3.874999880790710449e-01 -4.516919136047363281e+00 1.162112998962402344e+01
4.000000059604644775e-01 -3.922007083892822266e+00 1.161863517761230469e+01
4.124999940395355225e-01 -3.253426313400268555e+00 1.161461257934570312e+01
4.250000119209289551e-01 -2.521442413330078125e+00 1.163390827178955078e+01
4.375000000000000000e-01 -1.756496310234069824e+00 1.164379692077636719e+01
4.499999880790710449e-01 -9.654247164726257324e-01 1.161923599243164062e+01
4.625000059604644775e-01 -1.299914866685867310e-01 1.161213016510009766e+01
4.749999940395355225e-01 7.271726131439208984e-01 1.164824390411376953e+01
4.875000119209289551e-01 1.528101444244384766e+00 1.160388469696044922e+01
5.000000000000000000e-01 2.229293823242187500e+00 1.131762695312500000e+01
5.124999880790710449e-01 2.880316972732543945e+00 1.080924224853515625e+01
5.249999761581420898e-01 3.548105001449584961e+00 1.026804637908935547e+01
5.375000238418579102e-01 4.219852447509765625e+00 9.833441734313964844e+00
5.500000119209289551e-01 4.825799465179443359e+00 9.501523017883300781e+00
5.625000000000000000e-01 5.324860095977783203e+00 9.237224578857421875e+00
5.749999880790710449e-01 5.719486236572265625e+00 9.048672676086425781e+00
5.874999761581420898e-01 6.011585712432861328e+00 8.931693077087402344e+00
6.000000238418579102e-01 6.192856311798095703e+00 8.849225997924804688e+00
6.125000119209289551e-01 6.265755176544189453e+00 8.793115615844726562e+00
6.250000000000000000e-01 6.236952781677246094e+00 8.788022041320800781e+00
6.374999880790710449e-01 6.101227283477783203e+00 8.829413414001464844e+00
6.499999761581420898e-01 5.856676578521728516e+00 8.893991470336914062e+00
6.625000238418579102e-01 5.517291545867919922e+00 9.001027107238769531e+00
6.750000119209289551e-01 5.091135501861572266e+00 9.182551383972167969e+00
6.875000000000000000e-01 4.574069023132324219e+00 9.416057586669921875e+00
6.999999880790710449e-01 3.983613967895507812e+00 9.677807807922363281e+00
7.124999761581420898e-01 3.359281301498413086e+00 1.002507877349853516e+01
7.250000238418579102e-01 2.702318191528320312e+00 1.050308609008789062e+01
7.375000119209289551e-01 1.960527539253234863e+00 1.099287033081054688e+01
7.500000000000000000e-01 1.112534284591674805e+00 1.129265499114990234e+01
7.624999880790710449e-01 2.261908352375030518e-01 1.135917186737060547e+01
7.749999761581420898e-01 -6.127477288246154785e-01 1.134124469757080078e+01
7.875000238418579102e-01 -1.394336700439453125e+00 1.136230373382568359e+01
8.000000119209289551e-01 -2.158305168151855469e+00 1.140008258819580078e+01
8.125000000000000000e-01 -2.907761573791503906e+00 1.140534114837646484e+01
8.249999880790710449e-01 -3.605059385299682617e+00 1.140452289581298828e+01
8.374999761581420898e-01 -4.231161117553710938e+00 1.143032073974609375e+01
8.500000238418579102e-01 -4.792899608612060547e+00 1.145692539215087891e+01
8.625000119209289551e-01 -5.281994819641113281e+00 1.146165561676025391e+01
8.750000000000000000e-01 -5.674657344818115234e+00 1.147027206420898438e+01
8.874999880790710449e-01 -5.965377330780029297e+00 1.149832630157470703e+01
8.999999761581420898e-01 -6.162572860717773438e+00 1.151950359344482422e+01
9.125000238418579102e-01 -6.259335994720458984e+00 1.152351760864257812e+01
9.250000119209289551e-01 -6.242018699645996094e+00 1.153689765930175781e+01
9.375000000000000000e-01 -6.116473197937011719e+00 1.156462860107421875e+01
9.499999880790710449e-01 -5.895624637603759766e+00 1.157899093627929688e+01
9.624999761581420898e-01 -5.575620651245117188e+00 1.157938098907470703e+01
9.750000238418579102e-01 -5.152220726013183594e+00 1.159412384033203125e+01
9.875000119209289551e-01 -4.642450809478759766e+00 1.161807441711425781e+01
1.000000000000000000e+00 -4.063292026519775391e+00 1.162085914611816406e+01
1.012500047683715820e+00 -3.411640405654907227e+00 1.161354923248291016e+01
1.024999976158142090e+00 -2.691548109054565430e+00 1.162843036651611328e+01
1.037500023841857910e+00 -1.931966662406921387e+00 1.164487361907958984e+01
1.049999952316284180e+00 -1.148348093032836914e+00 1.162602519989013672e+01
1.062500000000000000e+00 -3.235385715961456299e-01 1.160882186889648438e+01
1.075000047683715820e+00 5.344574451446533203e-01 1.164037895202636719e+01
1.087499976158142090e+00 1.354985952377319336e+00 1.163106155395507812e+01
1.100000023841857910e+00 2.077499389648437500e+00 1.140668964385986328e+01
1.112499952316284180e+00 2.732600212097167969e+00 1.093516445159912109e+01
1.125000000000000000e+00 3.394203186035156250e+00 1.038401985168457031e+01
1.137500047683715820e+00 4.070582389831542969e+00 9.921348571777343750e+00
1.149999976158142090e+00 4.697089672088623047e+00 9.570394515991210938e+00
1.162500023841857910e+00 5.221128463745117188e+00 9.291251182556152344e+00
1.174999952316284180e+00 5.638675689697265625e+00 9.084250450134277344e+00
1.187500000000000000e+00 5.954762935638427734e+00 8.953871726989746094e+00
1.200000047683715820e+00 6.161545753479003906e+00 8.866235733032226562e+00
1.212499976158142090e+00 6.258209705352783203e+00 8.802187919616699219e+00
1.225000023841857910e+00 6.252534389495849609e+00 8.784169197082519531e+00
1.237499952316284180e+00 6.141805171966552734e+00 8.817528724670410156e+00
1.250000000000000000e+00 5.921136856079101562e+00 8.877125740051269531e+00
1.262500047683715820e+00 5.601903438568115234e+00 8.970705986022949219e+00
1.274999976158142090e+00 5.195758819580078125e+00 9.135104179382324219e+00
1.287500023841857910e+00 4.699123382568359375e+00 9.360816955566406250e+00
1.299999952316284180e+00 4.121919631958007812e+00 9.614094734191894531e+00
1.312500000000000000e+00 3.502782344818115234e+00 9.934437751770019531e+00
1.325000047683715820e+00 2.856704711914062500e+00 1.038635826110839844e+01
1.337499976158142090e+00 2.138870954513549805e+00 1.089208793640136719e+01
1.350000023841857910e+00 1.311986804008483887e+00 1.124751663208007812e+01
1.362499952316284180e+00 4.254732429981231689e-01 1.135824489593505859e+01
1.375000000000000000e+00 -4.284158051013946533e-01 1.134391498565673828e+01
1.387500047683715820e+00 -1.219805240631103516e+00 1.135351276397705078e+01
1.399999976158142090e+00 -1.985267758369445801e+00 1.139368724822998047e+01
1.412500023841857910e+00 -2.740771293640136719e+00 1.140661430358886719e+01
1.424999952316284180e+00 -3.452993869781494141e+00 1.140261650085449219e+01
1.437500000000000000e+00 -4.094962120056152344e+00 1.142280673980712891e+01
1.450000047683715820e+00 -4.670995235443115234e+00 1.145284652709960938e+01
1.462499976158142090e+00 -5.178672790527343750e+00 1.146161079406738281e+01
1.475000023841857910e+00 -5.594715595245361328e+00 1.146634578704833984e+01
1.487499952316284180e+00 -5.907797336578369141e+00 1.149133586883544922e+01
1.500000000000000000e+00 -6.126039028167724609e+00 1.151664543151855469e+01
1.512500047683715820e+00 -6.247094631195068359e+00 1.152287769317626953e+01
1.524999976158142090e+00 -6.256005764007568359e+00 1.153196525573730469e+01
1.537500023841857910e+00 -6.153597354888916016e+00 1.155850315093994141e+01
1.549999952316284180e+00 -5.954057216644287109e+00 1.157776546478271484e+01
1.562500000000000000e+00 -5.657486915588378906e+00 1.157892131805419922e+01
1.575000047683715820e+00 -5.256793975830078125e+00 1.158892345428466797e+01
1.587499976158142090e+00 -4.764528751373291016e+00 1.161368942260742188e+01
1.600000023841857910e+00 -4.200807094573974609e+00 1.162242698669433594e+01
1.612499952316284180e+00 -3.566179752349853516e+00 1.161393260955810547e+01
1.625000000000000000e+00 -2.859685659408569336e+00 1.162314987182617188e+01
1.637500047683715820e+00 -2.106392860412597656e+00 1.164371395111083984e+01
1.649999976158142090e+00 -1.329035997390747070e+00 1.163278484344482422e+01
1.662500023841857910e+00 -5.150370001792907715e-01 1.160872840881347656e+01
1.674999952316284180e+00 3.397801220417022705e-01 1.163088703155517578e+01
1.687500000000000000e+00 1.176354289054870605e+00 1.164645671844482422e+01
1.700000047683715820e+00 1.922010302543640137e+00 1.148201751708984375e+01
1.712499976158142090e+00 2.585562229156494141e+00 1.105702972412109375e+01
1.725000023841857910e+00 3.241424798965454102e+00 1.050531196594238281e+01
1.737499952316284180e+00 3.918652057647705078e+00 1.001527214050292969e+01
1.750000000000000000e+00 4.562846660614013672e+00 9.642687797546386719e+00
1.762500047683715820e+00 5.111892700195312500e+00 9.348980903625488281e+00
1.774999976158142090e+00 5.552723884582519531e+00 9.124014854431152344e+00
1.787500023841857910e+00 5.892260551452636719e+00 8.978168487548828125e+00
1.799999952316284180e+00 6.124508380889892578e+00 8.884219169616699219e+00
1.812500000000000000e+00 6.245458126068115234e+00 8.813739776611328125e+00
1.825000047683715820e+00 6.262721538543701172e+00 8.783154487609863281e+00
1.837499976158142090e+00 6.176621913909912109e+00 8.806807518005371094e+00
1.850000023841857910e+00 5.980515480041503906e+00 8.861827850341796875e+00
1.862499952316284180e+00 5.682137012481689453e+00 8.944300651550292969e+00
1.875000000000000000e+00 5.295658111572265625e+00 9.090985298156738281e+00
1.887500047683715820e+00 4.819855213165283203e+00 9.306589126586914062e+00
1.899999976158142090e+00 4.258167266845703125e+00 9.553633689880371094e+00
1.912500023841857910e+00 3.645216941833496094e+00 9.851286888122558594e+00
1.924999952316284180e+00 3.007375955581665039e+00 1.027308559417724609e+01
1.937500000000000000e+00 2.311151742935180664e+00 1.078302001953125000e+01
1.950000047683715820e+00 1.508146882057189941e+00 1.118868637084960938e+01
1.962499976158142090e+00 6.267668604850769043e-01 1.135077095031738281e+01
1.975000023841857910e+00 -2.405268996953964233e-01 1.134858703613281250e+01
1.987499952316284180e+00 -1.044069766998291016e+00 1.134659194946289062e+01
2.000000000000000000e+00 -1.811980843544006348e+00 1.138547420501708984e+01
