0.000000000000000000e+00 6.279966354370117188e+00 8.791579246520996094e+00
1.250000018626451492e-02 6.300980091094970703e+00 8.772228240966796875e+00
2.500000037252902985e-02 6.279823303222656250e+00 8.775830268859863281e+00
3.750000149011611938e-02 6.214487075805664062e+00 8.799312591552734375e+00
5.000000074505805969e-02 6.103617668151855469e+00 8.834372520446777344e+00
6.250000000000000000e-02 5.948895454406738281e+00 8.877297401428222656e+00
7.500000298023223877e-02 5.754350662231445312e+00 8.934919357299804688e+00
8.749999850988388062e-02 5.523083209991455078e+00 9.019487380981445312e+00
1.000000014901161194e-01 5.254942893981933594e+00 9.136686325073242188e+00
1.124999970197677612e-01 4.948189735412597656e+00 9.279154777526855469e+00
1.250000000000000000e-01 4.604154109954833984e+00 9.433908462524414062e+00
1.375000029802322388e-01 4.230234622955322266e+00 9.598487854003906250e+00
1.500000059604644775e-01 3.837202548980712891e+00 9.790083885192871094e+00
1.624999940395355225e-01 3.431742191314697266e+00 1.003540706634521484e+01
1.749999970197677612e-01 3.010251998901367188e+00 1.034540557861328125e+01
1.875000000000000000e-01 2.560130357742309570e+00 1.069436073303222656e+01
2.000000029802322388e-01 2.069187402725219727e+00 1.102283573150634766e+01
2.125000059604644775e-01 1.536798954010009766e+00 1.126675128936767578e+01
2.249999940395355225e-01 9.780853986740112305e-01 1.139371299743652344e+01
2.374999970197677612e-01 4.172191321849822998e-01 1.142051506042480469e+01
2.500000000000000000e-01 -1.256586164236068726e-01 1.139912414550781250e+01
2.624999880790710449e-01 -6.443647146224975586e-01 1.138209533691406250e+01
2.750000059604644775e-01 -1.146385431289672852e+00 1.139302349090576172e+01
2.874999940395355225e-01 -1.643338322639465332e+00 1.142195510864257812e+01
3.000000119209289551e-01 -2.140093803405761719e+00 1.144489955902099609e+01
3.125000000000000000e-01 -2.630757331848144531e+00 1.144851684570312500e+01
3.249999880790710449e-01 -3.103495359420776367e+00 1.143987274169921875e+01
3.375000059604644775e-01 -3.548986911773681641e+00 1.143631458282470703e+01
3.499999940395355225e-01 -3.965102910995483398e+00 1.144779396057128906e+01
3.625000119209289551e-01 -4.354590415954589844e+00 1.146854782104492188e+01
3.750000000000000000e-01 -4.718930244445800781e+00 1.148445701599121094e+01
3.874999880790710449e-01 -5.054438591003417969e+00 1.148744010925292969e+01
4.000000059604644775e-01 -5.353914737701416016e+00 1.148268985748291016e+01
4.124999940395355225e-01 -5.611704826354980469e+00 1.148257064819335938e+01
4.250000119209289551e-01 -5.827085971832275391e+00 1.149404239654541016e+01
4.375000000000000000e-01 -6.002884387969970703e+00 1.151214122772216797e+01
4.499999880790710449e-01 -6.140996456146240234e+00 1.152546691894531250e+01
4.625000059604644775e-01 -6.239336490631103516e+00 1.152773475646972656e+01
4.749999940395355225e-01 -6.293137550354003906e+00 1.152383995056152344e+01
4.875000119209289551e-01 -6.299152374267578125e+00 1.152465152740478516e+01
5.000000000000000000e-01 -6.258532047271728516e+00 1.153595638275146484e+01
5.124999880790710449e-01 -6.175557136535644531e+00 1.155264186859130859e+01
5.249999761581420898e-01 -6.053540229797363281e+00 1.156385421752929688e+01
5.375000238418579102e-01 -5.892017841339111328e+00 1.156396198272705078e+01
5.500000119209289551e-01 -5.688054561614990234e+00 1.155834197998046875e+01
5.625000000000000000e-01 -5.440382957458496094e+00 1.155806350708007812e+01
5.749999880790710449e-01 -5.152226448059082031e+00 1.156859970092773438e+01
5.874999761581420898e-01 -4.829874038696289062e+00 1.158387756347656250e+01
6.000000238418579102e-01 -4.478281021118164062e+00 1.159195709228515625e+01
6.125000119209289551e-01 -4.098066329956054688e+00 1.158712959289550781e+01
6.250000000000000000e-01 -3.687089204788208008e+00 1.157635498046875000e+01
6.374999880790710449e-01 -3.245306491851806641e+00 1.157294559478759766e+01
6.499999761581420898e-01 -2.778097867965698242e+00 1.158290576934814453e+01
6.625000238418579102e-01 -2.294321775436401367e+00 1.159744071960449219e+01
6.750000119209289551e-01 -1.800368309020996094e+00 1.160029888153076172e+01
6.875000000000000000e-01 -1.295788288116455078e+00 1.158443355560302734e+01
6.999999880790710449e-01 -7.753976583480834961e-01 1.156199455261230469e+01
7.124999761581420898e-01 -2.371406555175781250e-01 1.155558204650878906e+01
7.250000238418579102e-01 3.107240200042724609e-01 1.157490348815917969e+01
7.375000119209289551e-01 8.500269055366516113e-01 1.159766483306884766e+01
7.500000000000000000e-01 1.361823797225952148e+00 1.157296752929687500e+01
7.624999880790710449e-01 1.837977528572082520e+00 1.144869709014892578e+01
7.749999761581420898e-01 2.286185741424560547e+00 1.120474243164062500e+01
7.875000238418579102e-01 2.724072694778442383e+00 1.086794471740722656e+01
8.000000119209289551e-01 3.166331529617309570e+00 1.049781417846679688e+01
8.125000000000000000e-01 3.614213705062866211e+00 1.015384292602539062e+01
8.249999880790710449e-01 4.054620265960693359e+00 9.867867469787597656e+00
8.374999761581420898e-01 4.468504905700683594e+00 9.638910293579101562e+00
8.500000238418579102e-01 4.841538906097412109e+00 9.449208259582519531e+00
8.625000119209289551e-01 5.169292926788330078e+00 9.284853935241699219e+00
8.750000000000000000e-01 5.454548358917236328e+00 9.144557952880859375e+00
8.874999880790710449e-01 5.700738906860351562e+00 9.033299446105957031e+00
8.999999761581420898e-01 5.907632350921630859e+00 8.951245307922363281e+00
9.125000238418579102e-01 6.072087764739990234e+00 8.890270233154296875e+00
9.250000119209289551e-01 6.191662788391113281e+00 8.840752601623535156e+00
9.375000000000000000e-01 6.266764640808105469e+00 8.800405502319335938e+00
9.499999880790710449e-01 6.299333572387695312e+00 8.775383949279785156e+00
9.624999761581420898e-01 6.290000438690185547e+00 8.772549629211425781e+00
9.750000238418579102e-01 6.237117290496826172e+00 8.791296005249023438e+00
9.875000119209289551e-01 6.138832092285156250e+00 8.823902130126953125e+00
1.000000000000000000e+00 5.995897293090820312e+00 8.864421844482421875e+00
1.012500047683715820e+00 5.811959266662597656e+00 8.916776657104492188e+00
1.024999976158142090e+00 5.590725898742675781e+00 8.992821693420410156e+00
1.037500023841857910e+00 5.332973003387451172e+00 9.101180076599121094e+00
1.049999952316284180e+00 5.036995887756347656e+00 9.237987518310546875e+00
1.062500000000000000e+00 4.702804565429687500e+00 9.390327453613281250e+00
1.075000047683715820e+00 4.336109638214111328e+00 9.551298141479492188e+00
1.087499976158142090e+00 3.947372198104858398e+00 9.732755661010742188e+00
1.100000023841857910e+00 3.545219182968139648e+00 9.960927009582519531e+00
1.112499952316284180e+00 3.129162549972534180e+00 1.025383949279785156e+01
1.125000000000000000e+00 2.688429355621337891e+00 1.059687900543212891e+01
1.137500047683715820e+00 2.209505319595336914e+00 1.093794918060302734e+01
1.149999976158142090e+00 1.687712907791137695e+00 1.121043014526367188e+01
1.162500023841857910e+00 1.134033083915710449e+00 1.137018871307373047e+01
1.174999952316284180e+00 5.713286399841308594e-01 1.142046356201171875e+01
1.187500000000000000e+00 2.216514013707637787e-02 1.140649032592773438e+01
1.200000047683715820e+00 -5.029455423355102539e-01 1.138432598114013672e+01
1.212499976158142090e+00 -1.008372426033020020e+00 1.138728904724121094e+01
1.225000023841857910e+00 -1.505799889564514160e+00 1.141354179382324219e+01
1.237499952316284180e+00 -2.002765417098999023e+00 1.144029045104980469e+01
1.250000000000000000e+00 -2.496201753616333008e+00 1.144937801361083984e+01
1.262500047683715820e+00 -2.975083351135253906e+00 1.144249820709228516e+01
1.274999976158142090e+00 -3.428650856018066406e+00 1.143593788146972656e+01
1.287500023841857910e+00 -3.852727651596069336e+00 1.144317531585693359e+01
1.299999952316284180e+00 -4.249272346496582031e+00 1.146267986297607422e+01
1.312500000000000000e+00 -4.620704174041748047e+00 1.148123645782470703e+01
1.325000047683715820e+00 -4.964847087860107422e+00 1.148783874511718750e+01
1.337499976158142090e+00 -5.275024890899658203e+00 1.148407268524169922e+01
1.350000023841857910e+00 -5.544653892517089844e+00 1.148153018951416016e+01
1.362499952316284180e+00 -5.771570682525634766e+00 1.148978519439697266e+01
1.375000000000000000e+00 -5.958011627197265625e+00 1.150712108612060547e+01
1.387500047683715820e+00 -6.106579303741455078e+00 1.152281284332275391e+01
1.399999976158142090e+00 -6.216359138488769531e+00 1.152812576293945312e+01
1.412500023841857910e+00 -6.282959938049316406e+00 1.152490901947021484e+01
1.424999952316284180e+00 -6.302289009094238281e+00 1.152343082427978516e+01
1.437500000000000000e+00 -6.274217605590820312e+00 1.153188228607177734e+01
1.450000047683715820e+00 -6.202515602111816406e+00 1.154811286926269531e+01
1.462499976158142090e+00 -6.091177940368652344e+00 1.156181621551513672e+01
1.475000023841857910e+00 -5.940845489501953125e+00 1.156492328643798828e+01
1.487499952316284180e+00 -5.748908519744873047e+00 1.155982685089111328e+01
1.500000000000000000e+00 -5.513217926025390625e+00 1.155708694458007812e+01
1.512500047683715820e+00 -5.235699653625488281e+00 1.156475162506103516e+01
1.524999976158142090e+00 -4.922174930572509766e+00 1.157987213134765625e+01
1.537500023841857910e+00 -4.578415870666503906e+00 1.159099292755126953e+01
1.549999952316284180e+00 -4.206297874450683594e+00 1.158957576751708984e+01
1.562500000000000000e+00 -3.804024219512939453e+00 1.157915019989013672e+01
1.575000047683715820e+00 -3.370475769042968750e+00 1.157254695892333984e+01
1.587499976158142090e+00 -2.909474611282348633e+00 1.157905960083007812e+01
1.600000023841857910e+00 -2.429421663284301758e+00 1.159391689300537109e+01
1.612499952316284180e+00 -1.938013792037963867e+00 1.160141086578369141e+01
1.625000000000000000e+00 -1.436805725097656250e+00 1.159034442901611328e+01
1.637500047683715820e+00 -9.212995767593383789e-01 1.156754779815673828e+01
1.649999976158142090e+00 -3.876756131649017334e-01 1.155470561981201172e+01
1.662500023841857910e+00 1.590329408645629883e-01 1.156760025024414062e+01
1.674999952316284180e+00 7.027966976165771484e-01 1.159362792968750000e+01
1.687500000000000000e+00 1.223660111427307129e+00 1.158789062500000000e+01
1.700000047683715820e+00 1.709567308425903320e+00 1.149506568908691406e+01
1.712499976158142090e+00 2.163960933685302734e+00 1.128353500366210938e+01
1.725000023841857910e+00 2.602859258651733398e+00 1.096734523773193359e+01
1.737499952316284180e+00 3.043098688125610352e+00 1.059984397888183594e+01
1.750000000000000000e+00 3.490218877792358398e+00 1.024395179748535156e+01
1.762500047683715820e+00 3.934558868408203125e+00 9.940785408020019531e+00
1.774999976158142090e+00 4.357583522796630859e+00 9.697525024414062500e+00
1.787500023841857910e+00 4.742801189422607422e+00 9.498814582824707031e+00
1.799999952316284180e+00 5.083005905151367188e+00 9.328099250793457031e+00
1.812500000000000000e+00 5.379591464996337891e+00 9.180691719055175781e+00
1.825000047683715820e+00 5.636435031890869141e+00 9.061013221740722656e+00
1.837499976158142090e+00 5.854455947875976562e+00 8.971390724182128906e+00
1.850000023841857910e+00 6.030999183654785156e+00 8.905669212341308594e+00
1.862499952316284180e+00 6.163082599639892578e+00 8.853631019592285156e+00
1.875000000000000000e+00 6.250313282012939453e+00 8.810401916503906250e+00
1.887500047683715820e+00 6.294492721557617188e+00 8.780292510986328125e+00
1.899999976158142090e+00 6.296843051910400391e+00 8.770972251892089844e+00
1.912500023841857910e+00 6.256250858306884766e+00 8.784330368041992188e+00
1.924999952316284180e+00 6.170605182647705078e+00 8.813971519470214844e+00
1.937500000000000000e+00 6.039756298065185547e+00 8.852396965026855469e+00
1.950000047683715820e+00 5.866730213165283203e+00 8.900469779968261719e+00
1.962499976158142090e+00 5.655588626861572266e+00 8.968716621398925781e+00
1.975000023841857910e+00 5.408063888549804688e+00 9.067918777465820312e+00
1.987499952316284180e+00 5.122836112976074219e+00 9.197973251342773438e+00
2.000000000000000000e+00 4.798931121826171875e+00 9.347282409667968750e+00
