0.000000000000000000e+00 6.218057632446289062e+00 8.833743095397949219e+00
1.250000018626451492e-02 6.267874717712402344e+00 8.787003517150878906e+00
2.500000037252902985e-02 6.215339183807373047e+00 8.794583320617675781e+00
3.750000149011611938e-02 6.053666114807128906e+00 8.842601776123046875e+00
5.000000074505805969e-02 5.784861087799072266e+00 8.913628578186035156e+00
6.250000000000000000e-02 5.424233436584472656e+00 9.037025451660156250e+00
7.500000298023223877e-02 4.975656509399414062e+00 9.235349655151367188e+00
8.749999850988388062e-02 4.436706542968750000e+00 9.475776672363281250e+00
1.000000014901161194e-01 3.833306312561035156e+00 9.750948905944824219e+00
1.124999970197677612e-01 3.202100753784179688e+00 1.013151264190673828e+01
1.250000000000000000e-01 2.528257131576538086e+00 1.063143634796142578e+01
1.375000029802322388e-01 1.756865024566650391e+00 1.109130001068115234e+01
1.500000059604644775e-01 8.880187273025512695e-01 1.132733917236328125e+01
1.624999940395355225e-01 5.509819835424423218e-03 1.135506629943847656e+01
1.749999970197677612e-01 -8.181784152984619141e-01 1.134134483337402344e+01
1.875000000000000000e-01 -1.593458771705627441e+00 1.137322425842285156e+01
2.000000029802322388e-01 -2.357582807540893555e+00 1.140460491180419922e+01
2.125000059604644775e-01 -3.098858356475830078e+00 1.140330791473388672e+01
2.249999940395355225e-01 -3.779010295867919922e+00 1.140878105163574219e+01
2.374999970197677612e-01 -4.388518333435058594e+00 1.143904590606689453e+01
2.500000000000000000e-01 -4.933850288391113281e+00 1.145984268188476562e+01
2.624999880790710449e-01 -5.399789333343505859e+00 1.146203136444091797e+01
2.750000059604644775e-01 -5.764629364013671875e+00 1.147666549682617188e+01
2.874999940395355225e-01 -6.029404163360595703e+00 1.150622177124023438e+01
3.000000119209289551e-01 -6.200413703918457031e+00 1.152156162261962891e+01
3.125000000000000000e-01 -6.265919208526611328e+00 1.152527713775634766e+01
3.249999880790710449e-01 -6.216142177581787109e+00 1.154448604583740234e+01
3.375000059604644775e-01 -6.062088489532470703e+00 1.157126045227050781e+01
3.499999940395355225e-01 -5.813013076782226562e+00 1.157946872711181641e+01
3.625000119209289551e-01 -5.461584568023681641e+00 1.158159351348876953e+01
3.750000000000000000e-01 -5.009224891662597656e+00 1.160198497772216797e+01
3.874999880790710449e-01 -4.476794719696044922e+00 1.162201976776123047e+01
4.000000059604644775e-01 -3.875390291213989258e+00 1.161815452575683594e+01
4.124999940395355225e-01 -3.199790477752685547e+00 1.161563014984130859e+01
4.250000119209289551e-01 -2.462496995925903320e+00 1.163602733612060547e+01
4.375000000000000000e-01 -1.694008469581604004e+00 1.164320087432861328e+01
4.499999880790710449e-01 -8.980837464332580566e-01 1.161733245849609375e+01
4.625000059604644775e-01 -5.698955059051513672e-02 1.161458110809326172e+01
4.749999940395355225e-01 8.007069230079650879e-01 1.165072345733642578e+01
4.875000119209289551e-01 1.595102667808532715e+00 1.158983898162841797e+01
5.000000000000000000e-01 2.290111303329467773e+00 1.127828502655029297e+01
5.124999880790710449e-01 2.942020177841186523e+00 1.075687408447265625e+01
5.249999761581420898e-01 3.613631963729858398e+00 1.022114849090576172e+01
5.375000238418579102e-01 4.283603191375732422e+00 9.797416687011718750e+00
5.500000119209289551e-01 4.881154537200927734e+00 9.472260475158691406e+00
5.625000000000000000e-01 5.370251655578613281e+00 9.214182853698730469e+00
5.749999880790710449e-01 5.755284309387207031e+00 9.033681869506835938e+00
5.874999761581420898e-01 6.036503314971923828e+00 8.921930313110351562e+00
6.000000238418579102e-01 6.205869197845458984e+00 8.841515541076660156e+00
6.125000119209289551e-01 6.267328739166259766e+00 8.789772987365722656e+00
6.250000000000000000e-01 6.226621627807617188e+00 8.791099548339843750e+00
6.374999880790710449e-01 6.077575206756591797e+00 8.836070060729980469e+00
6.499999761581420898e-01 5.820189476013183594e+00 8.903810501098632812e+00
6.625000238418579102e-01 5.469381809234619141e+00 9.019173622131347656e+00
6.750000119209289551e-01 5.031098842620849609e+00 9.209909439086914062e+00
6.875000000000000000e-01 4.501775741577148438e+00 9.447488784790039062e+00
6.999999880790710449e-01 3.903463125228881836e+00 9.716081619262695312e+00
7.124999761581420898e-01 3.274823427200317383e+00 1.008118152618408203e+01
7.250000238418579102e-01 2.608552694320678711e+00 1.057262039184570312e+01
7.375000119209289551e-01 1.850020527839660645e+00 1.104826736450195312e+01
7.500000000000000000e-01 9.890360236167907715e-01 1.131348419189453125e+01
7.624999880790710449e-01 1.031543612480163574e-01 1.135719871520996094e+01
7.749999761581420898e-01 -7.281509637832641602e-01 1.134070777893066406e+01
7.875000238418579102e-01 -1.506617903709411621e+00 1.136828613281250000e+01
8.000000119209289551e-01 -2.271483659744262695e+00 1.140290164947509766e+01
8.125000000000000000e-01 -3.017401695251464844e+00 1.140407752990722656e+01
8.249999880790710449e-01 -3.705677270889282227e+00 1.140661144256591797e+01
8.374999761581420898e-01 -4.322714805603027344e+00 1.143535900115966797e+01
8.500000238418579102e-01 -4.875580787658691406e+00 1.145880031585693359e+01
8.625000119209289551e-01 -5.351855754852294922e+00 1.146173667907714844e+01
8.750000000000000000e-01 -5.728546142578125000e+00 1.147381401062011719e+01
8.874999880790710449e-01 -6.004098415374755859e+00 1.150312328338623047e+01
8.999999761581420898e-01 -6.186006069183349609e+00 1.152090454101562500e+01
9.125000238418579102e-01 -6.264299392700195312e+00 1.152443408966064453e+01
9.250000119209289551e-01 -6.227337837219238281e+00 1.154136848449707031e+01
9.375000000000000000e-01 -6.084301471710205078e+00 1.156889438629150391e+01
9.499999880790710449e-01 -5.846169471740722656e+00 1.157946395874023438e+01
9.624999761581420898e-01 -5.506705284118652344e+00 1.158059215545654297e+01
9.750000238418579102e-01 -5.064909458160400391e+00 1.159898471832275391e+01
9.875000119209289551e-01 -4.540533065795898438e+00 1.162090396881103516e+01
1.000000000000000000e+00 -3.947146654129028320e+00 1.161933517456054688e+01
1.012500047683715820e+00 -3.279921531677246094e+00 1.161464595794677734e+01
1.024999976158142090e+00 -2.548055410385131836e+00 1.163338375091552734e+01
1.037500023841857910e+00 -1.782100081443786621e+00 1.164442062377929688e+01
1.049999952316284180e+00 -9.903086423873901367e-01 1.162049674987792969e+01
1.062500000000000000e+00 -1.542795002460479736e-01 1.161194992065429688e+01
1.075000047683715820e+00 7.052240371704101562e-01 1.164786148071289062e+01
1.087499976158142090e+00 1.510349988937377930e+00 1.160765266418457031e+01
1.100000023841857910e+00 2.215166807174682617e+00 1.132696533203125000e+01
1.112499952316284180e+00 2.867777109146118164e+00 1.082047080993652344e+01
1.125000000000000000e+00 3.536469936370849609e+00 1.027707672119140625e+01
1.137500047683715820e+00 4.210124969482421875e+00 9.839497566223144531e+00
1.149999976158142090e+00 4.818770885467529297e+00 9.505596160888671875e+00
1.162500023841857910e+00 5.320270061492919922e+00 9.239817619323730469e+00
1.174999952316284180e+00 5.716735363006591797e+00 9.050056457519531250e+00
1.187500000000000000e+00 6.010188102722167969e+00 8.932411193847656250e+00
1.200000047683715820e+00 6.192294120788574219e+00 8.849614143371582031e+00
1.212499976158142090e+00 6.265491962432861328e+00 8.793278694152832031e+00
1.225000023841857910e+00 6.236505508422851562e+00 8.788196563720703125e+00
1.237499952316284180e+00 6.100071907043457031e+00 8.829759597778320312e+00
1.250000000000000000e+00 5.854333400726318359e+00 8.894595146179199219e+00
1.262500047683715820e+00 5.513427257537841797e+00 9.002374649047851562e+00
1.274999976158142090e+00 5.085338115692138672e+00 9.185058593750000000e+00
1.287500023841857910e+00 4.565930843353271484e+00 9.419475555419921875e+00
1.299999952316284180e+00 3.973290443420410156e+00 9.682482719421386719e+00
1.312500000000000000e+00 3.347132444381713867e+00 1.003270149230957031e+01
1.325000047683715820e+00 2.687609434127807617e+00 1.051368141174316406e+01
1.337499976158142090e+00 1.941744327545166016e+00 1.100229549407958984e+01
1.350000023841857910e+00 1.089732646942138672e+00 1.129656505584716797e+01
1.362499952316284180e+00 2.016094326972961426e-01 1.135864925384521484e+01
1.375000000000000000e+00 -6.373997330665588379e-01 1.134082794189453125e+01
1.387500047683715820e+00 -1.419668793678283691e+00 1.136342620849609375e+01
1.399999976158142090e+00 -2.185184955596923828e+00 1.140065670013427734e+01
1.412500023841857910e+00 -2.935165643692016602e+00 1.140488529205322266e+01
1.424999952316284180e+00 -3.631401777267456055e+00 1.140486240386962891e+01
1.437500000000000000e+00 -4.256119728088378906e+00 1.143157672882080078e+01
1.450000047683715820e+00 -4.816344261169433594e+00 1.145742702484130859e+01
1.462499976158142090e+00 -5.302613258361816406e+00 1.146159458160400391e+01
1.475000023841857910e+00 -5.691153526306152344e+00 1.147124004364013672e+01
1.487499952316284180e+00 -5.977619171142578125e+00 1.149983692169189453e+01
1.500000000000000000e+00 -6.170272350311279297e+00 1.152001762390136719e+01
1.512500047683715820e+00 -6.261170387268066406e+00 1.152380943298339844e+01
1.524999976158142090e+00 -6.237171173095703125e+00 1.153842449188232422e+01
1.537500023841857910e+00 -6.105321407318115234e+00 1.156625652313232422e+01
1.549999952316284180e+00 -5.878019332885742188e+00 1.157930755615234375e+01
1.562500000000000000e+00 -5.550481796264648438e+00 1.157987308502197266e+01
1.575000047683715820e+00 -5.119544029235839844e+00 1.159605121612548828e+01
1.587499976158142090e+00 -4.603415489196777344e+00 1.161941528320312500e+01
1.600000023841857910e+00 -4.017936229705810547e+00 1.162046337127685547e+01
1.612499952316284180e+00 -3.359189510345458984e+00 1.161404895782470703e+01
1.625000000000000000e+00 -2.633207798004150391e+00 1.163064289093017578e+01
1.637500047683715820e+00 -1.869903564453125000e+00 1.164507484436035156e+01
1.649999976158142090e+00 -1.081916451454162598e+00 1.162387084960937500e+01
1.662500023841857910e+00 -2.511866092681884766e-01 1.161009311676025391e+01
1.674999952316284180e+00 6.090056896209716797e-01 1.164409446716308594e+01
1.687500000000000000e+00 1.424185276031494141e+00 1.162215042114257812e+01
1.700000047683715820e+00 2.139527082443237305e+00 1.137252521514892578e+01
1.712499976158142090e+00 2.793847560882568359e+00 1.088366794586181641e+01
1.725000023841857910e+00 3.459445476531982422e+00 1.033455467224121094e+01
1.737499952316284180e+00 4.135768413543701172e+00 9.882932662963867188e+00
1.750000000000000000e+00 4.754955291748046875e+00 9.539731979370117188e+00
1.762500047683715820e+00 5.268950462341308594e+00 9.266448974609375000e+00
1.774999976158142090e+00 5.676881790161132812e+00 9.067409515380859375e+00
1.787500023841857910e+00 5.982426643371582031e+00 8.943296432495117188e+00
1.799999952316284180e+00 6.177315235137939453e+00 8.858002662658691406e+00
1.812500000000000000e+00 6.262364864349365234e+00 8.797488212585449219e+00
1.825000047683715820e+00 6.245007514953613281e+00 8.785923004150390625e+00
1.837499976158142090e+00 6.121141910552978516e+00 8.823681831359863281e+00
1.850000023841857910e+00 5.887266635894775391e+00 8.885909080505371094e+00
1.862499952316284180e+00 5.556376457214355469e+00 8.986621856689453125e+00
1.875000000000000000e+00 5.138376235961914062e+00 9.160880088806152344e+00
1.887500047683715820e+00 4.629110813140869141e+00 9.391705513000488281e+00
1.899999976158142090e+00 4.042737960815429688e+00 9.650004386901855469e+00
1.912500023841857910e+00 3.419089794158935547e+00 9.986120223999023438e+00
1.924999952316284180e+00 2.765519142150878906e+00 1.045495414733886719e+01
1.937500000000000000e+00 2.031986474990844727e+00 1.095361614227294922e+01
1.950000047683715820e+00 1.189946532249450684e+00 1.127641963958740234e+01
1.962499976158142090e+00 3.008004128932952881e-01 1.135913181304931641e+01
1.975000023841857910e+00 -5.458602309226989746e-01 1.134166717529296875e+01
1.987499952316284180e+00 -1.332563638687133789e+00 1.135876941680908203e+01
2.000000000000000000e+00 -2.098740100860595703e+00 1.139787292480468750e+01
