0.000000000000000000e+00 6.217557430267333984e+00 8.834110260009765625e+00
1.250000018626451492e-02 6.267612934112548828e+00 8.787161827087402344e+00
2.500000037252902985e-02 6.214831352233886719e+00 8.794784545898437500e+00
3.750000149011611938e-02 6.052381992340087891e+00 8.842968940734863281e+00
5.000000074505805969e-02 5.782351970672607422e+00 8.914310455322265625e+00
6.250000000000000000e-02 5.420166015625000000e+00 9.038558959960937500e+00
7.500000298023223877e-02 4.969583988189697266e+00 9.237998008728027344e+00
8.749999850988388062e-02 4.428307056427001953e+00 9.479276657104492188e+00
1.000000014901161194e-01 3.822858333587646484e+00 9.756010055541992188e+00
1.124999970197677612e-01 3.189797401428222656e+00 1.013977813720703125e+01
1.250000000000000000e-01 2.513053655624389648e+00 1.064197635650634766e+01
1.375000029802322388e-01 1.737422585487365723e+00 1.109940624237060547e+01
1.500000059604644775e-01 8.650100827217102051e-01 1.132972812652587891e+01
1.624999940395355225e-01 -1.868188939988613129e-02 1.135417747497558594e+01
1.749999970197677612e-01 -8.424306511878967285e-01 1.134138870239257812e+01
1.875000000000000000e-01 -1.618733286857604980e+00 1.137440109252929688e+01
2.000000029802322388e-01 -2.384330272674560547e+00 1.140479850769042969e+01
2.125000059604644775e-01 -3.125679492950439453e+00 1.140288162231445312e+01
2.249999940395355225e-01 -3.804588794708251953e+00 1.140946197509765625e+01
2.374999970197677612e-01 -4.412783145904541016e+00 1.144021606445312500e+01
2.500000000000000000e-01 -4.956390857696533203e+00 1.146003818511962891e+01
2.624999880790710449e-01 -5.419106960296630859e+00 1.146212291717529297e+01
2.750000059604644775e-01 -5.779742240905761719e+00 1.147792148590087891e+01
2.874999940395355225e-01 -6.040327548980712891e+00 1.150752258300781250e+01
3.000000119209289551e-01 -6.206542968750000000e+00 1.152181434631347656e+01
3.125000000000000000e-01 -6.265875339508056641e+00 1.152584457397460938e+01
3.249999880790710449e-01 -6.209506988525390625e+00 1.154623794555664062e+01
3.375000059604644775e-01 -6.049288272857666016e+00 1.157252407073974609e+01
3.499999940395355225e-01 -5.793519973754882812e+00 1.157958030700683594e+01
3.625000119209289551e-01 -5.434419631958007812e+00 1.158251285552978516e+01
3.750000000000000000e-01 -4.974886417388916016e+00 1.160401535034179688e+01
3.874999880790710449e-01 -4.436337471008300781e+00 1.162275981903076172e+01
4.000000059604644775e-01 -3.828370809555053711e+00 1.161768436431884766e+01
4.124999940395355225e-01 -3.145796060562133789e+00 1.161681652069091797e+01
4.250000119209289551e-01 -2.403383731842041016e+00 1.163805389404296875e+01
4.375000000000000000e-01 -1.631364941596984863e+00 1.164233875274658203e+01
4.499999880790710449e-01 -8.304067254066467285e-01 1.161561965942382812e+01
4.625000059604644775e-01 1.617239043116569519e-02 1.161743068695068359e+01
4.749999940395355225e-01 8.737304806709289551e-01 1.165247917175292969e+01
4.875000119209289551e-01 1.661226987838745117e+00 1.157363128662109375e+01
5.000000000000000000e-01 2.350538015365600586e+00 1.123707580566406250e+01
5.124999880790710449e-01 3.003940343856811523e+00 1.070449352264404297e+01
5.249999761581420898e-01 3.679158926010131836e+00 1.017544460296630859e+01
5.375000238418579102e-01 4.346600055694580078e+00 9.762341499328613281e+00
5.500000119209289551e-01 4.935368537902832031e+00 9.443604469299316406e+00
5.625000000000000000e-01 5.414551734924316406e+00 9.191988945007324219e+00
5.749999880790710449e-01 5.789934158325195312e+00 9.019498825073242188e+00
5.874999761581420898e-01 6.060087680816650391e+00 8.912482261657714844e+00
6.000000238418579102e-01 6.217553138732910156e+00 8.834113121032714844e+00
6.125000119209289551e-01 6.267613410949707031e+00 8.787162780761718750e+00
6.250000000000000000e-01 6.214835643768310547e+00 8.794783592224121094e+00
6.374999880790710449e-01 6.052391052246093750e+00 8.842967033386230469e+00
6.499999761581420898e-01 5.782364845275878906e+00 8.914306640625000000e+00
6.625000238418579102e-01 5.420182228088378906e+00 9.038552284240722656e+00
6.750000119209289551e-01 4.969604015350341797e+00 9.237988471984863281e+00
6.875000000000000000e-01 4.428330421447753906e+00 9.479267120361328125e+00
6.999999880790710449e-01 3.822883367538452148e+00 9.755997657775878906e+00
7.124999761581420898e-01 3.189823627471923828e+00 1.013976001739501953e+01
7.250000238418579102e-01 2.513082742691040039e+00 1.064195537567138672e+01
7.375000119209289551e-01 1.737456440925598145e+00 1.109939193725585938e+01
7.500000000000000000e-01 8.650463819503784180e-01 1.132972431182861328e+01
7.624999880790710449e-01 -1.864708028733730316e-02 1.135417842864990234e+01
7.749999761581420898e-01 -8.423985242843627930e-01 1.134138870239257812e+01
7.875000238418579102e-01 -1.618702173233032227e+00 1.137439918518066406e+01
8.000000119209289551e-01 -2.384299516677856445e+00 1.140479755401611328e+01
8.125000000000000000e-01 -3.125650405883789062e+00 1.140288162231445312e+01
8.249999880790710449e-01 -3.804562568664550781e+00 1.140946102142333984e+01
8.374999761581420898e-01 -4.412759780883789062e+00 1.144021511077880859e+01
8.500000238418579102e-01 -4.956370353698730469e+00 1.146003818511962891e+01
8.625000119209289551e-01 -5.419090270996093750e+00 1.146212291717529297e+01
8.750000000000000000e-01 -5.779729843139648438e+00 1.147792053222656250e+01
8.874999880790710449e-01 -6.040318965911865234e+00 1.150752162933349609e+01
8.999999761581420898e-01 -6.206538200378417969e+00 1.152181339263916016e+01
9.125000238418579102e-01 -6.265875339508056641e+00 1.152584362030029297e+01
9.250000119209289551e-01 -6.209511280059814453e+00 1.154623699188232422e+01
9.375000000000000000e-01 -6.049296379089355469e+00 1.157252311706542969e+01
9.499999880790710449e-01 -5.793532371520996094e+00 1.157958030700683594e+01
9.624999761581420898e-01 -5.434436321258544922e+00 1.158251190185546875e+01
9.750000238418579102e-01 -4.974906921386718750e+00 1.160401439666748047e+01
9.875000119209289551e-01 -4.436360836029052734e+00 1.162275981903076172e+01
1.000000000000000000e+00 -3.828396797180175781e+00 1.161768436431884766e+01
1.012500047683715820e+00 -3.145825147628784180e+00 1.161681556701660156e+01
1.024999976158142090e+00 -2.403414726257324219e+00 1.163805294036865234e+01
1.037500023841857910e+00 -1.631396770477294922e+00 1.164233970642089844e+01
1.049999952316284180e+00 -8.304401040077209473e-01 1.161562061309814453e+01
1.062500000000000000e+00 1.613735035061836243e-02 1.161742973327636719e+01
1.075000047683715820e+00 8.736966252326965332e-01 1.165247917175292969e+01
1.087499976158142090e+00 1.661197304725646973e+00 1.157363891601562500e+01
1.100000023841857910e+00 2.350511312484741211e+00 1.123709487915039062e+01
1.112499952316284180e+00 3.003913640975952148e+00 1.070451641082763672e+01
1.125000000000000000e+00 3.679131269454956055e+00 1.017546367645263672e+01
1.137500047683715820e+00 4.346574306488037109e+00 9.762356758117675781e+00
1.149999976158142090e+00 4.935347080230712891e+00 9.443616867065429688e+00
1.162500023841857910e+00 5.414534091949462891e+00 9.191997528076171875e+00
1.174999952316284180e+00 5.789921283721923828e+00 9.019504547119140625e+00
1.187500000000000000e+00 6.060079097747802734e+00 8.912486076354980469e+00
1.200000047683715820e+00 6.217549324035644531e+00 8.834115982055664062e+00
1.212499976158142090e+00 6.267613410949707031e+00 8.787163734436035156e+00
1.225000023841857910e+00 6.214839935302734375e+00 8.794781684875488281e+00
1.237499952316284180e+00 6.052399635314941406e+00 8.842964172363281250e+00
1.250000000000000000e+00 5.782377719879150391e+00 8.914302825927734375e+00
1.262500047683715820e+00 5.420198917388916016e+00 9.038545608520507812e+00
1.274999976158142090e+00 4.969624042510986328e+00 9.237979888916015625e+00
1.287500023841857910e+00 4.428354263305664062e+00 9.479256629943847656e+00
1.299999952316284180e+00 3.822908639907836914e+00 9.755984306335449219e+00
1.312500000000000000e+00 3.189849853515625000e+00 1.013974094390869141e+01
1.325000047683715820e+00 2.513111829757690430e+00 1.064193439483642578e+01
1.337499976158142090e+00 1.737490177154541016e+00 1.109937667846679688e+01
1.350000023841857910e+00 8.650826811790466309e-01 1.132972049713134766e+01
1.362499952316284180e+00 -1.861226931214332581e-02 1.135417938232421875e+01
1.375000000000000000e+00 -8.423663973808288574e-01 1.134138774871826172e+01
1.387500047683715820e+00 -1.618671059608459473e+00 1.137439727783203125e+01
1.399999976158142090e+00 -2.384268522262573242e+00 1.140479755401611328e+01
1.412500023841857910e+00 -3.125621557235717773e+00 1.140288257598876953e+01
1.424999952316284180e+00 -3.804536581039428711e+00 1.140946006774902344e+01
1.437500000000000000e+00 -4.412736415863037109e+00 1.144021320343017578e+01
1.450000047683715820e+00 -4.956349849700927734e+00 1.146003818511962891e+01
1.462499976158142090e+00 -5.419073581695556641e+00 1.146212196350097656e+01
1.475000023841857910e+00 -5.779717445373535156e+00 1.147791957855224609e+01
1.487499952316284180e+00 -6.040310382843017578e+00 1.150752067565917969e+01
1.500000000000000000e+00 -6.206533432006835938e+00 1.152181339263916016e+01
1.512500047683715820e+00 -6.265875339508056641e+00 1.152584362030029297e+01
1.524999976158142090e+00 -6.209516048431396484e+00 1.154623603820800781e+01
1.537500023841857910e+00 -6.049304962158203125e+00 1.157252216339111328e+01
1.549999952316284180e+00 -5.793544769287109375e+00 1.157958030700683594e+01
1.562500000000000000e+00 -5.434453010559082031e+00 1.158251190185546875e+01
1.575000047683715820e+00 -4.974926948547363281e+00 1.160401344299316406e+01
1.587499976158142090e+00 -4.436384201049804688e+00 1.162275981903076172e+01
1.600000023841857910e+00 -3.828423023223876953e+00 1.161768436431884766e+01
1.612499952316284180e+00 -3.145854234695434570e+00 1.161681556701660156e+01
1.625000000000000000e+00 -2.403445482254028320e+00 1.163805198669433594e+01
1.637500047683715820e+00 -1.631428480148315430e+00 1.164234066009521484e+01
1.649999976158142090e+00 -8.304734826087951660e-01 1.161562156677246094e+01
1.662500023841857910e+00 1.610231958329677582e-02 1.161742782592773438e+01
1.674999952316284180e+00 8.736627697944641113e-01 1.165247821807861328e+01
1.687500000000000000e+00 1.661167502403259277e+00 1.157364749908447266e+01
1.700000047683715820e+00 2.350484609603881836e+00 1.123711299896240234e+01
1.712499976158142090e+00 3.003886699676513672e+00 1.070453929901123047e+01
1.725000023841857910e+00 3.679103612899780273e+00 1.017548274993896484e+01
1.737499952316284180e+00 4.346548080444335938e+00 9.762371063232421875e+00
1.750000000000000000e+00 4.935325145721435547e+00 9.443628311157226562e+00
1.762500047683715820e+00 5.414516925811767578e+00 9.192006111145019531e+00
1.774999976158142090e+00 5.789907932281494141e+00 9.019510269165039062e+00
1.787500023841857910e+00 6.060070514678955078e+00 8.912489891052246094e+00
1.799999952316284180e+00 6.217545032501220703e+00 8.834118843078613281e+00
1.812500000000000000e+00 6.267613410949707031e+00 8.787164688110351562e+00
1.825000047683715820e+00 6.214844226837158203e+00 8.794780731201171875e+00
1.837499976158142090e+00 6.052408695220947266e+00 8.842962265014648438e+00
1.850000023841857910e+00 5.782391071319580078e+00 8.914299011230468750e+00
1.862499952316284180e+00 5.420215129852294922e+00 9.038538932800292969e+00
1.875000000000000000e+00 4.969644546508789062e+00 9.237970352172851562e+00
1.887500047683715820e+00 4.428377628326416016e+00 9.479246139526367188e+00
1.899999976158142090e+00 3.822933912277221680e+00 9.755971908569335938e+00
1.912500023841857910e+00 3.189876079559326172e+00 1.013972282409667969e+01
1.924999952316284180e+00 2.513140916824340820e+00 1.064191341400146484e+01
1.937500000000000000e+00 1.737523913383483887e+00 1.109936237335205078e+01
1.950000047683715820e+00 8.651189804077148438e-01 1.132971572875976562e+01
1.962499976158142090e+00 -1.857745088636875153e-02 1.135418033599853516e+01
1.975000023841857910e+00 -8.423342704772949219e-01 1.134138774871826172e+01
1.987499952316284180e+00 -1.618639945983886719e+00 1.137439537048339844e+01
2.000000000000000000e+00 -2.384237766265869141e+00 1.140479660034179688e+01
