0.000000000000000000e+00 6.217047214508056641e+00 8.834380149841308594e+00
1.250000018626451492e-02 6.267342090606689453e+00 8.787222862243652344e+00
2.500000037252902985e-02 6.214313983917236328e+00 8.794886589050292969e+00
3.750000149011611938e-02 6.051086902618408203e+00 8.843236923217773438e+00
5.000000074505805969e-02 5.779830455780029297e+00 8.914893150329589844e+00
6.250000000000000000e-02 5.416082859039306641e+00 9.039997100830078125e+00
7.500000298023223877e-02 4.963491916656494141e+00 9.240550041198730469e+00
8.749999850988388062e-02 4.419888496398925781e+00 9.482679367065429688e+00
1.000000014901161194e-01 3.812399387359619141e+00 9.760995864868164062e+00
1.124999970197677612e-01 3.177479505538940430e+00 1.014798450469970703e+01
1.250000000000000000e-01 2.497806787490844727e+00 1.065239143371582031e+01
1.375000029802322388e-01 1.717924118041992188e+00 1.110727691650390625e+01
1.500000059604644775e-01 8.419915437698364258e-01 1.133187484741210938e+01
1.624999940395355225e-01 -4.282427951693534851e-02 1.135316848754882812e+01
1.749999970197677612e-01 -8.666363358497619629e-01 1.134138679504394531e+01
1.875000000000000000e-01 -1.643995523452758789e+00 1.137547016143798828e+01
2.000000029802322388e-01 -2.411041975021362305e+00 1.140484333038330078e+01
2.125000059604644775e-01 -3.152399778366088867e+00 1.140237426757812500e+01
2.249999940395355225e-01 -3.830042839050292969e+00 1.141009235382080078e+01
2.374999970197677612e-01 -4.436925888061523438e+00 1.144126415252685547e+01
2.500000000000000000e-01 -4.978759765625000000e+00 1.146009540557861328e+01
2.624999880790710449e-01 -5.438183784484863281e+00 1.146215724945068359e+01
2.750000059604644775e-01 -5.794600486755371094e+00 1.147912406921386719e+01
2.874999940395355225e-01 -6.050992965698242188e+00 1.150867748260498047e+01
3.000000119209289551e-01 -6.212347984313964844e+00 1.152193546295166016e+01
3.125000000000000000e-01 -6.265446662902832031e+00 1.152638244628906250e+01
3.249999880790710449e-01 -6.202505588531494141e+00 1.154791927337646484e+01
3.375000059604644775e-01 -6.036128520965576172e+00 1.157360267639160156e+01
3.499999940395355225e-01 -5.773599147796630859e+00 1.157957935333251953e+01
3.625000119209289551e-01 -5.406804561614990234e+00 1.158343887329101562e+01
3.750000000000000000e-01 -4.940181732177734375e+00 1.160593605041503906e+01
3.874999880790710449e-01 -4.395539760589599609e+00 1.162325859069824219e+01
4.000000059604644775e-01 -3.780941963195800781e+00 1.161714839935302734e+01
4.124999940395355225e-01 -3.091453313827514648e+00 1.161806774139404297e+01
4.250000119209289551e-01 -2.344113588333129883e+00 1.163986301422119141e+01
4.375000000000000000e-01 -1.568553686141967773e+00 1.164112758636474609e+01
4.499999880790710449e-01 -7.623889446258544922e-01 1.161403942108154297e+01
4.625000059604644775e-01 8.944863080978393555e-02 1.162053108215332031e+01
4.749999940395355225e-01 9.461846351623535156e-01 1.165326404571533203e+01
4.875000119209289551e-01 1.726484775543212891e+00 1.155510139465332031e+01
5.000000000000000000e-01 2.410639286041259766e+00 1.119403362274169922e+01
5.124999880790710449e-01 3.066091537475585938e+00 1.065216541290283203e+01
5.249999761581420898e-01 3.744615316390991211e+00 1.013084602355957031e+01
5.375000238418579102e-01 4.408774375915527344e+00 9.728049278259277344e+00
5.500000119209289551e-01 4.988433361053466797e+00 9.415454864501953125e+00
5.625000000000000000e-01 5.457761764526367188e+00 9.170562744140625000e+00
5.749999880790710449e-01 5.823411464691162109e+00 9.005974769592285156e+00
5.874999761581420898e-01 6.082324981689453125e+00 8.903205871582031250e+00
6.000000238418579102e-01 6.227915287017822266e+00 8.826956748962402344e+00
6.125000119209289551e-01 6.266596317291259766e+00 8.785200119018554688e+00
6.250000000000000000e-01 6.201570987701416016e+00 8.798907279968261719e+00
6.374999880790710449e-01 6.025684833526611328e+00 8.849996566772460938e+00
6.499999761581420898e-01 5.743225574493408203e+00 8.925460815429687500e+00
6.625000238418579102e-01 5.369671821594238281e+00 9.059046745300292969e+00
6.750000119209289551e-01 4.906649589538574219e+00 9.266573905944824219e+00
6.875000000000000000e-01 4.353820323944091797e+00 9.511351585388183594e+00
6.999999880790710449e-01 3.741932392120361328e+00 9.797655105590820312e+00
7.124999761581420898e-01 3.104165077209472656e+00 1.020056629180908203e+01
7.250000238418579102e-01 2.415771007537841797e+00 1.071040630340576172e+01
7.375000119209289551e-01 1.622952699661254883e+00 1.114581108093261719e+01
7.500000000000000000e-01 7.408576011657714844e-01 1.134164524078369141e+01
7.624999880790710449e-01 -1.391068398952484131e-01 1.135052776336669922e+01
7.749999761581420898e-01 -9.556301236152648926e-01 1.134319019317626953e+01
7.875000238418579102e-01 -1.730658292770385742e+00 1.138028907775878906e+01
8.000000119209289551e-01 -2.496612310409545898e+00 1.140571975708007812e+01
8.125000000000000000e-01 -3.232389211654663086e+00 1.140186214447021484e+01
8.249999880790710449e-01 -3.901745080947875977e+00 1.141291427612304688e+01
8.374999761581420898e-01 -4.501291751861572266e+00 1.144463062286376953e+01
8.500000238418579102e-01 -5.035145282745361328e+00 1.146064281463623047e+01
8.625000119209289551e-01 -5.483632564544677734e+00 1.146286773681640625e+01
8.750000000000000000e-01 -5.828255653381347656e+00 1.148238658905029297e+01
8.874999880790710449e-01 -6.074023246765136719e+00 1.151130867004394531e+01
8.999999761581420898e-01 -6.224065780639648438e+00 1.152228641510009766e+01
9.125000238418579102e-01 -6.264057636260986328e+00 1.152776050567626953e+01
9.250000119209289551e-01 -6.188627719879150391e+00 1.155123805999755859e+01
9.375000000000000000e-01 -6.011445522308349609e+00 1.157534122467041016e+01
9.499999880790710449e-01 -5.737638950347900391e+00 1.157945823669433594e+01
9.624999761581420898e-01 -5.358890056610107422e+00 1.158510112762451172e+01
9.750000238418579102e-01 -4.882355690002441406e+00 1.160886287689208984e+01
9.875000119209289551e-01 -4.329912185668945312e+00 1.162353515625000000e+01
1.000000000000000000e+00 -3.707000494003295898e+00 1.161612892150878906e+01
1.012500047683715820e+00 -3.009551286697387695e+00 1.161991024017333984e+01
1.024999976158142090e+00 -2.257822751998901367e+00 1.164191913604736328e+01
1.037500023841857910e+00 -1.479710221290588379e+00 1.163869571685791016e+01
1.049999952316284180e+00 -6.686469316482543945e-01 1.161192893981933594e+01
1.062500000000000000e+00 1.871794015169143677e-01 1.162471771240234375e+01
1.075000047683715820e+00 1.039169311523437500e+00 1.165243625640869141e+01
1.087499976158142090e+00 1.807639598846435547e+00 1.152815818786621094e+01
1.100000023841857910e+00 2.484317064285278320e+00 1.113843154907226562e+01
1.112499952316284180e+00 3.141274213790893555e+00 1.058910179138183594e+01
1.125000000000000000e+00 3.821546792984008789e+00 1.007941246032714844e+01
1.137500047683715820e+00 4.479283332824707031e+00 9.689238548278808594e+00
1.149999976158142090e+00 5.046768665313720703e+00 9.384327888488769531e+00
1.162500023841857910e+00 5.504023551940917969e+00 9.147899627685546875e+00
1.174999952316284180e+00 5.858109474182128906e+00 8.992100715637207031e+00
1.187500000000000000e+00 6.104373455047607422e+00 8.893619537353515625e+00
1.200000047683715820e+00 6.237432479858398438e+00 8.819952011108398438e+00
1.212499976158142090e+00 6.264552116394042969e+00 8.783943176269531250e+00
1.225000023841857910e+00 6.187404632568359375e+00 8.803397178649902344e+00
1.237499952316284180e+00 5.998913288116455078e+00 8.856993675231933594e+00
1.250000000000000000e+00 5.705487728118896484e+00 8.936789512634277344e+00
1.262500047683715820e+00 5.322133541107177734e+00 9.079116821289062500e+00
1.274999976158142090e+00 4.848623275756835938e+00 9.293016433715820312e+00
1.287500023841857910e+00 4.286992549896240234e+00 9.540438652038574219e+00
1.299999952316284180e+00 3.671214342117309570e+00 9.835893630981445312e+00
1.312500000000000000e+00 3.030252933502197266e+00 1.025473690032958984e+01
1.325000047683715820e+00 2.332321643829345703e+00 1.076746273040771484e+01
1.337499976158142090e+00 1.526746869087219238e+00 1.118101978302001953e+01
1.350000023841857910e+00 6.397926807403564453e-01 1.134889698028564453e+01
1.362499952316284180e+00 -2.344733029603958130e-01 1.134784221649169922e+01
1.375000000000000000e+00 -1.044089436531066895e+00 1.134570980072021484e+01
1.387500047683715820e+00 -1.817282319068908691e+00 1.138489055633544922e+01
1.399999976158142090e+00 -2.581816434860229492e+00 1.140613555908203125e+01
1.412500023841857910e+00 -3.311486244201660156e+00 1.140160179138183594e+01
1.424999952316284180e+00 -3.972553253173828125e+00 1.141605949401855469e+01
1.437500000000000000e+00 -4.564861297607421875e+00 1.144773960113525391e+01
1.450000047683715820e+00 -5.090445518493652344e+00 1.146097373962402344e+01
1.462499976158142090e+00 -5.527728557586669922e+00 1.146385765075683594e+01
1.475000023841857910e+00 -5.860661029815673828e+00 1.148579788208007812e+01
1.487499952316284180e+00 -6.095866203308105469e+00 1.151365184783935547e+01
1.500000000000000000e+00 -6.234374523162841797e+00 1.152255058288574219e+01
1.512500047683715820e+00 -6.261176109313964844e+00 1.152942943572998047e+01
1.524999976158142090e+00 -6.173473358154296875e+00 1.155457019805908203e+01
1.537500023841857910e+00 -5.985558032989501953e+00 1.157676219940185547e+01
1.549999952316284180e+00 -5.700325012207031250e+00 1.157936286926269531e+01
1.562500000000000000e+00 -5.309712886810302734e+00 1.158705997467041016e+01
1.575000047683715820e+00 -4.823592185974121094e+00 1.161165428161621094e+01
1.587499976158142090e+00 -4.263406753540039062e+00 1.162346076965332031e+01
1.600000023841857910e+00 -3.632077693939208984e+00 1.161528778076171875e+01
1.612499952316284180e+00 -2.926946163177490234e+00 1.162206172943115234e+01
1.625000000000000000e+00 -2.171247482299804688e+00 1.164359378814697266e+01
1.637500047683715820e+00 -1.390462875366210938e+00 1.163586711883544922e+01
1.649999976158142090e+00 -5.742558836936950684e-01 1.161042690277099609e+01
1.662500023841857910e+00 2.849090993404388428e-01 1.162929153442382812e+01
1.674999952316284180e+00 1.131002306938171387e+00 1.164962100982666016e+01
1.687500000000000000e+00 1.887523412704467773e+00 1.149756145477294922e+01
1.700000047683715820e+00 2.557785034179687500e+00 1.108069133758544922e+01
1.712499976158142090e+00 3.216869354248046875e+00 1.052670860290527344e+01
1.725000023841857910e+00 3.898214101791381836e+00 1.002963733673095703e+01
1.737499952316284180e+00 4.548579692840576172e+00 9.651464462280273438e+00
1.750000000000000000e+00 5.103675842285156250e+00 9.354025840759277344e+00
1.762500047683715820e+00 5.548999309539794922e+00 9.126317024230957031e+00
1.774999976158142090e+00 5.891439437866210938e+00 8.978969573974609375e+00
1.787500023841857910e+00 6.124964714050292969e+00 8.884278297424316406e+00
1.799999952316284180e+00 6.245615005493164062e+00 8.813419342041015625e+00
1.812500000000000000e+00 6.261200428009033203e+00 8.783452987670898438e+00
1.825000047683715820e+00 6.171805858612060547e+00 8.808301925659179688e+00
1.837499976158142090e+00 5.970797061920166016e+00 8.864254951477050781e+00
1.850000023841857910e+00 5.666633605957031250e+00 8.948949813842773438e+00
1.862499952316284180e+00 5.273452281951904297e+00 9.100171089172363281e+00
1.875000000000000000e+00 4.789432525634765625e+00 9.319812774658203125e+00
1.887500047683715820e+00 4.219477653503417969e+00 9.570034980773925781e+00
1.899999976158142090e+00 3.600258827209472656e+00 9.875824928283691406e+00
1.912500023841857910e+00 2.955649614334106445e+00 1.031032276153564453e+01
1.924999952316284180e+00 2.247406244277954102e+00 1.082320785522460938e+01
1.937500000000000000e+00 1.429418206214904785e+00 1.121282005310058594e+01
1.950000047683715820e+00 5.389468073844909668e-01 1.135389614105224609e+01
1.962499976158142090e+00 -3.289130926132202148e-01 1.134532070159912109e+01
1.975000023841857910e+00 -1.132093548774719238e+00 1.134888172149658203e+01
1.987499952316284180e+00 -1.903872609138488770e+00 1.138917827606201172e+01
2.000000000000000000e+00 -2.666583538055419922e+00 1.140615081787109375e+01
