0.000000000000000000e+00 6.216546535491943359e+00 8.834738731384277344e+00
1.250000018626451492e-02 6.267081737518310547e+00 8.787372589111328125e+00
2.500000037252902985e-02 6.213806152343750000e+00 8.795079231262207031e+00
3.750000149011611938e-02 6.049799442291259766e+00 8.843594551086425781e+00
5.000000074505805969e-02 5.777313232421875000e+00 8.915570259094238281e+00
6.250000000000000000e-02 5.412001132965087891e+00 9.041536331176757812e+00
7.500000298023223877e-02 4.957395553588867188e+00 9.243202209472656250e+00
8.749999850988388062e-02 4.411464214324951172e+00 9.486180305480957031e+00
1.000000014901161194e-01 3.801941156387329102e+00 9.766103744506835938e+00
1.124999970197677612e-01 3.165155649185180664e+00 1.015633010864257812e+01
1.250000000000000000e-01 2.482522487640380859e+00 1.066288280487060547e+01
1.375000029802322388e-01 1.698373913764953613e+00 1.111511421203613281e+01
1.500000059604644775e-01 8.189663290977478027e-01 1.133398437500000000e+01
1.624999940395355225e-01 -6.691756099462509155e-02 1.135224723815917969e+01
1.749999970197677612e-01 -8.908002972602844238e-01 1.134154319763183594e+01
1.875000000000000000e-01 -1.669252157211303711e+00 1.137663745880126953e+01
2.000000029802322388e-01 -2.437725543975830078e+00 1.140494918823242188e+01
2.125000059604644775e-01 -3.179029464721679688e+00 1.140199470520019531e+01
2.249999940395355225e-01 -3.855387687683105469e+00 1.141087532043457031e+01
2.374999970197677612e-01 -4.460961818695068359e+00 1.144239234924316406e+01
2.500000000000000000e-01 -5.000972747802734375e+00 1.146022319793701172e+01
2.624999880790710449e-01 -5.457036972045898438e+00 1.146234512329101562e+01
2.750000059604644775e-01 -5.809224128723144531e+00 1.148047351837158203e+01
2.874999940395355225e-01 -6.061418533325195312e+00 1.150988960266113281e+01
3.000000119209289551e-01 -6.217845916748046875e+00 1.152214050292968750e+01
3.125000000000000000e-01 -6.264654636383056641e+00 1.152710247039794922e+01
3.249999880790710449e-01 -6.195161342620849609e+00 1.154973125457763672e+01
3.375000059604644775e-01 -6.022627830505371094e+00 1.157470417022705078e+01
3.499999940395355225e-01 -5.753264904022216797e+00 1.157968330383300781e+01
3.625000119209289551e-01 -5.378762245178222656e+00 1.158458137512207031e+01
3.750000000000000000e-01 -4.905133724212646484e+00 1.160793972015380859e+01
3.874999880790710449e-01 -4.354413032531738281e+00 1.162372493743896484e+01
4.000000059604644775e-01 -3.733113527297973633e+00 1.161677169799804688e+01
4.124999940395355225e-01 -3.036784648895263672e+00 1.161958026885986328e+01
4.250000119209289551e-01 -2.284702539443969727e+00 1.164163017272949219e+01
4.375000000000000000e-01 -1.505564808845520020e+00 1.163978862762451172e+01
4.499999880790710449e-01 -6.940283775329589844e-01 1.161283779144287109e+01
4.625000059604644775e-01 1.627934873104095459e-01 1.162402915954589844e+01
4.749999940395355225e-01 1.018021345138549805e+00 1.165313529968261719e+01
4.875000119209289551e-01 1.790904045104980469e+00 1.153441143035888672e+01
5.000000000000000000e-01 2.470494270324707031e+00 1.114950942993164062e+01
5.124999880790710449e-01 3.128496170043945312e+00 1.060024547576904297e+01
5.249999761581420898e-01 3.809947252273559570e+00 1.008755111694335938e+01
5.375000238418579102e-01 4.470087051391601562e+00 9.694669723510742188e+00
5.500000119209289551e-01 5.040368556976318359e+00 9.388007164001464844e+00
5.625000000000000000e-01 5.499908447265625000e+00 9.150105476379394531e+00
5.749999880790710449e-01 5.855719089508056641e+00 8.993239402770996094e+00
5.874999761581420898e-01 6.103232383728027344e+00 8.894253730773925781e+00
6.000000238418579102e-01 6.236990928649902344e+00 8.820278167724609375e+00
6.125000119209289551e-01 6.264291286468505859e+00 8.784083366394042969e+00
6.250000000000000000e-01 6.186832904815673828e+00 8.803604125976562500e+00
6.374999880790710449e-01 5.997500896453857422e+00 8.857365608215332031e+00
6.499999761581420898e-01 5.702815055847167969e+00 8.937554359436035156e+00
6.625000238418579102e-01 5.317851066589355469e+00 9.080824851989746094e+00
6.750000119209289551e-01 4.842265605926513672e+00 9.295760154724121094e+00
6.875000000000000000e-01 4.278357505798339844e+00 9.544044494628906250e+00
6.999999880790710449e-01 3.660663843154907227e+00 9.841447830200195312e+00
7.124999761581420898e-01 3.017724752426147461e+00 1.026358890533447266e+01
7.250000238418579102e-01 2.316510438919067383e+00 1.077758598327636719e+01
7.375000119209289551e-01 1.506669998168945312e+00 1.118749618530273438e+01
7.500000000000000000e-01 6.167568564414978027e-01 1.134989356994628906e+01
7.624999880790710449e-01 -2.581635117530822754e-01 1.134691905975341797e+01
7.749999761581420898e-01 -1.068002581596374512e+00 1.134624958038330078e+01
7.875000238418579102e-01 -1.842532396316528320e+00 1.138593006134033203e+01
8.000000119209289551e-01 -2.608282566070556641e+00 1.140596866607666016e+01
8.125000000000000000e-01 -3.337541103363037109e+00 1.140140056610107422e+01
8.249999880790710449e-01 -3.997285127639770508e+00 1.141706752777099609e+01
8.374999761581420898e-01 -4.588310241699218750e+00 1.144867610931396484e+01
8.500000238418579102e-01 -5.111806392669677734e+00 1.146094894409179688e+01
8.625000119209289551e-01 -5.545467853546142578e+00 1.146428966522216797e+01
8.750000000000000000e-01 -5.874202251434326172e+00 1.148727130889892578e+01
8.874999880790710449e-01 -6.105203628540039062e+00 1.151460742950439453e+01
8.999999761581420898e-01 -6.238519191741943359e+00 1.152269744873046875e+01
9.125000238418579102e-01 -6.258895874023437500e+00 1.153044891357421875e+01
9.250000119209289551e-01 -6.164799213409423828e+00 1.155638599395751953e+01
9.375000000000000000e-01 -5.970739364624023438e+00 1.157753276824951172e+01
9.499999880790710449e-01 -5.678455352783203125e+00 1.157952499389648438e+01
9.624999761581420898e-01 -5.280196666717529297e+00 1.158854579925537109e+01
9.750000238418579102e-01 -4.787402629852294922e+00 1.161347770690917969e+01
9.875000119209289551e-01 -4.221156597137451172e+00 1.162351036071777344e+01
1.000000000000000000e+00 -3.582965135574340820e+00 1.161517524719238281e+01
1.012500047683715820e+00 -2.871343135833740234e+00 1.162396526336669922e+01
1.024999976158142090e+00 -2.111428022384643555e+00 1.164480590820312500e+01
1.037500023841857910e+00 -1.326853394508361816e+00 1.163401985168457031e+01
1.049999952316284180e+00 -5.049301981925964355e-01 1.161016845703125000e+01
1.062500000000000000e+00 3.582132160663604736e-01 1.163325977325439453e+01
1.075000047683715820e+00 1.201047062873840332e+00 1.164623641967773438e+01
1.087499976158142090e+00 1.949998617172241211e+00 1.147109889984130859e+01
1.100000023841857910e+00 2.617371082305908203e+00 1.103293037414550781e+01
1.112499952316284180e+00 3.279931783676147461e+00 1.047607994079589844e+01
1.125000000000000000e+00 3.963008880615234375e+00 9.989125251770019531e+00
1.137500047683715820e+00 4.607749462127685547e+00 9.619795799255371094e+00
1.149999976158142090e+00 5.153101921081542969e+00 9.328036308288574219e+00
1.162500023841857910e+00 5.588822841644287109e+00 9.107818603515625000e+00
1.174999952316284180e+00 5.921182155609130859e+00 8.967548370361328125e+00
1.187500000000000000e+00 6.143091201782226562e+00 8.875770568847656250e+00
1.200000047683715820e+00 6.252091884613037109e+00 8.807702064514160156e+00
1.212499976158142090e+00 6.256266117095947266e+00 8.783849716186523438e+00
1.225000023841857910e+00 6.154129028320312500e+00 8.813788414001464844e+00
1.237499952316284180e+00 5.939826488494873047e+00 8.872206687927246094e+00
1.250000000000000000e+00 5.623850822448730469e+00 8.962877273559570312e+00
1.262500047683715820e+00 5.219124794006347656e+00 9.124023437500000000e+00
1.274999976158142090e+00 4.722492218017578125e+00 9.349720954895019531e+00
1.287500023841857910e+00 4.142538547515869141e+00 9.604010581970214844e+00
1.299999952316284180e+00 3.518429756164550781e+00 9.923603057861328125e+00
1.312500000000000000e+00 2.867461442947387695e+00 1.037634181976318359e+01
1.325000047683715820e+00 2.144616365432739258e+00 1.088679313659667969e+01
1.337499976158142090e+00 1.310581207275390625e+00 1.124624156951904297e+01
1.350000023841857910e+00 4.155420064926147461e-01 1.135705566406250000e+01
1.362499952316284180e+00 -4.457159340381622314e-01 1.134241294860839844e+01
1.375000000000000000e+00 -1.243462085723876953e+00 1.135346698760986328e+01
1.387500047683715820e+00 -2.015660762786865234e+00 1.139387989044189453e+01
1.399999976158142090e+00 -2.777004241943359375e+00 1.140548038482666016e+01
1.412500023841857910e+00 -3.492348194122314453e+00 1.140212345123291016e+01
1.424999952316284180e+00 -4.135719776153564453e+00 1.142423152923583984e+01
1.437500000000000000e+00 -4.712384223937988281e+00 1.145371246337890625e+01
1.450000047683715820e+00 -5.218057632446289062e+00 1.146112442016601562e+01
1.462499976158142090e+00 -5.628471374511718750e+00 1.146748256683349609e+01
1.475000023841857910e+00 -5.934288978576660156e+00 1.149433422088623047e+01
1.487499952316284180e+00 -6.144144058227539062e+00 1.151810455322265625e+01
1.500000000000000000e+00 -6.253408432006835938e+00 1.152324008941650391e+01
1.512500047683715820e+00 -6.247262954711914062e+00 1.153495502471923828e+01
1.524999976158142090e+00 -6.129464149475097656e+00 1.156274890899658203e+01
1.537500023841857910e+00 -5.913947105407714844e+00 1.157915687561035156e+01
1.549999952316284180e+00 -5.598183155059814453e+00 1.157981967926025391e+01
1.562500000000000000e+00 -5.176798343658447266e+00 1.159354877471923828e+01
1.575000047683715820e+00 -4.666075706481933594e+00 1.161810970306396484e+01
1.587499976158142090e+00 -4.084290027618408203e+00 1.162213420867919922e+01
1.600000023841857910e+00 -3.428953409194946289e+00 1.161466979980468750e+01
1.612499952316284180e+00 -2.703458070755004883e+00 1.162919902801513672e+01
1.625000000000000000e+00 -1.937114834785461426e+00 1.164604568481445312e+01
1.637500047683715820e+00 -1.146233558654785156e+00 1.162731075286865234e+01
1.649999976158142090e+00 -3.134066164493560791e-01 1.161044597625732422e+01
1.662500023841857910e+00 5.526914596557617188e-01 1.164263439178466797e+01
1.674999952316284180e+00 1.378899574279785156e+00 1.162934589385986328e+01
1.687500000000000000e+00 2.104644775390625000e+00 1.139340877532958984e+01
1.700000047683715820e+00 2.764272689819335938e+00 1.091017818450927734e+01
1.712499976158142090e+00 3.432822465896606445e+00 1.035618782043457031e+01
1.725000023841857910e+00 4.114114761352539062e+00 9.897031784057617188e+00
1.737499952316284180e+00 4.740122318267822266e+00 9.548587799072265625e+00
1.750000000000000000e+00 5.260240077972412109e+00 9.271601676940917969e+00
1.762500047683715820e+00 5.672606945037841797e+00 9.069817543029785156e+00
1.774999976158142090e+00 5.981032848358154297e+00 8.944272041320800781e+00
1.787500023841857910e+00 6.177179813385009766e+00 8.858223915100097656e+00
1.799999952316284180e+00 6.261957168579101562e+00 8.797430992126464844e+00
1.812500000000000000e+00 6.242900371551513672e+00 8.786548614501953125e+00
1.825000047683715820e+00 6.115663051605224609e+00 8.825247764587402344e+00
1.837499976158142090e+00 5.876999378204345703e+00 8.888466835021972656e+00
1.850000023841857910e+00 5.540505409240722656e+00 8.992009162902832031e+00
1.862499952316284180e+00 5.115705966949462891e+00 9.170682907104492188e+00
1.875000000000000000e+00 4.598329544067382812e+00 9.404730796813964844e+00
1.887500047683715820e+00 4.004578590393066406e+00 9.667040824890136719e+00
1.899999976158142090e+00 3.375168800354003906e+00 1.001318740844726562e+01
1.912500023841857910e+00 2.713559150695800781e+00 1.049272155761718750e+01
1.924999952316284180e+00 1.966652750968933105e+00 1.098783016204833984e+01
1.937500000000000000e+00 1.111184000968933105e+00 1.129132175445556641e+01
1.950000047683715820e+00 2.163738608360290527e-01 1.135778713226318359e+01
1.962499976158142090e+00 -6.297217011451721191e-01 1.133998966217041016e+01
1.975000023841857910e+00 -1.417775630950927734e+00 1.136243915557861328e+01
1.987499952316284180e+00 -2.188502550125122070e+00 1.139994430541992188e+01
2.000000000000000000e+00 -2.943331956863403320e+00 1.140410709381103516e+01
