0.000000000000000000e+00 6.216035842895507812e+00 8.835006713867187500e+00
1.250000018626451492e-02 6.266811847686767578e+00 8.787430763244628906e+00
2.500000037252902985e-02 6.213288307189941406e+00 8.795180320739746094e+00
3.750000149011611938e-02 6.048500061035156250e+00 8.843861579895019531e+00
5.000000074505805969e-02 5.774783134460449219e+00 8.916157722473144531e+00
6.250000000000000000e-02 5.407904624938964844e+00 9.042988777160644531e+00
7.500000298023223877e-02 4.951279640197753906e+00 9.245764732360839844e+00
8.749999850988388062e-02 4.403021335601806641e+00 9.489591598510742188e+00
1.000000014901161194e-01 3.791472434997558594e+00 9.771142959594726562e+00
1.124999970197677612e-01 3.152816295623779297e+00 1.016461944580078125e+01
1.250000000000000000e-01 2.467193603515625000e+00 1.067325019836425781e+01
1.375000029802322388e-01 1.678768873214721680e+00 1.112271595001220703e+01
1.500000059604644775e-01 7.959346771240234375e-01 1.133585834503173828e+01
1.624999940395355225e-01 -9.096006304025650024e-02 1.135121345520019531e+01
1.749999970197677612e-01 -9.149199128150939941e-01 1.134165287017822266e+01
1.875000000000000000e-01 -1.694497108459472656e+00 1.137769031524658203e+01
2.000000029802322388e-01 -2.464369773864746094e+00 1.140490531921386719e+01
2.125000059604644775e-01 -3.205555677413940430e+00 1.140153408050537109e+01
2.249999940395355225e-01 -3.880609750747680664e+00 1.141159725189208984e+01
2.374999970197677612e-01 -4.484875679016113281e+00 1.144338417053222656e+01
2.500000000000000000e-01 -5.023008823394775391e+00 1.146020889282226562e+01
2.624999880790710449e-01 -5.475646495819091797e+00 1.146247386932373047e+01
2.750000059604644775e-01 -5.823595523834228516e+00 1.148175239562988281e+01
2.874999940395355225e-01 -6.071585178375244141e+00 1.151094150543212891e+01
3.000000119209289551e-01 -6.223013877868652344e+00 1.152221775054931641e+01
3.125000000000000000e-01 -6.263479709625244141e+00 1.152778911590576172e+01
3.249999880790710449e-01 -6.187458038330078125e+00 1.155144882202148438e+01
3.375000059604644775e-01 -6.008765697479248047e+00 1.157561016082763672e+01
3.499999940395355225e-01 -5.732498168945312500e+00 1.157968425750732422e+01
3.625000119209289551e-01 -5.350281238555908203e+00 1.158571815490722656e+01
3.750000000000000000e-01 -4.869734287261962891e+00 1.160979557037353516e+01
3.874999880790710449e-01 -4.312941074371337891e+00 1.162394714355468750e+01
4.000000059604644775e-01 -3.684875726699829102e+00 1.161635684967041016e+01
4.124999940395355225e-01 -2.981797695159912109e+00 1.162113094329833984e+01
4.250000119209289551e-01 -2.225154399871826172e+00 1.164312267303466797e+01
4.375000000000000000e-01 -1.442381381988525391e+00 1.163814449310302734e+01
4.499999880790710449e-01 -6.253257989883422852e-01 1.161185264587402344e+01
4.625000059604644775e-01 2.361536771059036255e-01 1.162766456604003906e+01
4.749999940395355225e-01 1.089187502861022949e+00 1.165175914764404297e+01
4.875000119209289551e-01 1.854506731033325195e+00 1.151135253906250000e+01
5.000000000000000000e-01 2.530162096023559570e+00 1.110347843170166016e+01
5.124999880790710449e-01 3.191145181655883789e+00 1.054869842529296875e+01
5.249999761581420898e-01 3.875070810317993164e+00 1.004536914825439453e+01
5.375000238418579102e-01 4.530474185943603516e+00 9.661968231201171875e+00
5.500000119209289551e-01 5.091165065765380859e+00 9.361099243164062500e+00
5.625000000000000000e-01 5.540979862213134766e+00 9.130449295043945312e+00
5.749999880790710449e-01 5.886821269989013672e+00 8.981060028076171875e+00
5.874999761581420898e-01 6.122791290283203125e+00 8.885426521301269531e+00
6.000000238418579102e-01 6.244775772094726562e+00 8.813948631286621094e+00
6.125000119209289551e-01 6.260669231414794922e+00 8.783633232116699219e+00
6.250000000000000000e-01 6.170591831207275391e+00 8.808633804321289062e+00
6.374999880790710449e-01 5.967846870422363281e+00 8.864921569824218750e+00
6.499999761581420898e-01 5.661136150360107422e+00 8.950489044189453125e+00
6.625000238418579102e-01 5.264685630798339844e+00 9.103652000427246094e+00
6.750000119209289551e-01 4.776463508605957031e+00 9.325272560119628906e+00
6.875000000000000000e-01 4.202033042907714844e+00 9.577287673950195312e+00
6.999999880790710449e-01 3.579088926315307617e+00 9.887349128723144531e+00
7.124999761581420898e-01 2.930349111557006836e+00 1.032835292816162109e+01
7.250000238418579102e-01 2.215209484100341797e+00 1.084271240234375000e+01
7.375000119209289551e-01 1.388796806335449219e+00 1.122411060333251953e+01
7.500000000000000000e-01 4.930142462253570557e-01 1.135476016998291016e+01
7.624999880790710449e-01 -3.757958710193634033e-01 1.134354877471923828e+01
7.749999761581420898e-01 -1.179667711257934570e+00 1.135022544860839844e+01
7.875000238418579102e-01 -1.954322934150695801e+00 1.139091014862060547e+01
8.000000119209289551e-01 -2.719143152236938477e+00 1.140547275543212891e+01
8.125000000000000000e-01 -3.441031932830810547e+00 1.140142726898193359e+01
8.249999880790710449e-01 -4.091219902038574219e+00 1.142156410217285156e+01
8.374999761581420898e-01 -4.673760890960693359e+00 1.145203208923339844e+01
8.500000238418579102e-01 -5.186219215393066406e+00 1.146089267730712891e+01
8.625000119209289551e-01 -5.604567050933837891e+00 1.146624183654785156e+01
8.750000000000000000e-01 -5.917607307434082031e+00 1.149219322204589844e+01
8.874999880790710449e-01 -6.133793354034423828e+00 1.151716136932373047e+01
8.999999761581420898e-01 -6.249798297882080078e+00 1.152301025390625000e+01
9.125000238418579102e-01 -6.250422477722167969e+00 1.153369235992431641e+01
9.250000119209289551e-01 -6.138086318969726562e+00 1.156126499176025391e+01
9.375000000000000000e-01 -5.927111625671386719e+00 1.157891368865966797e+01
9.499999880790710449e-01 -5.615935802459716797e+00 1.157977676391601562e+01
9.624999761581420898e-01 -5.198474884033203125e+00 1.159254074096679688e+01
9.750000238418579102e-01 -4.690135955810546875e+00 1.161740493774414062e+01
9.875000119209289551e-01 -4.110019207000732422e+00 1.162262344360351562e+01
1.000000000000000000e+00 -3.456321001052856445e+00 1.161486816406250000e+01
1.012500047683715820e+00 -2.731447935104370117e+00 1.162850570678710938e+01
1.024999976158142090e+00 -1.964301824569702148e+00 1.164620971679687500e+01
1.037500023841857910e+00 -1.172612309455871582e+00 1.162857341766357422e+01
1.049999952316284180e+00 -3.394076526165008545e-01 1.161052894592285156e+01
1.062500000000000000e+00 5.285263657569885254e-01 1.164180088043212891e+01
1.075000047683715820e+00 1.358868360519409180e+00 1.163208580017089844e+01
1.087499976158142090e+00 2.088757276535034180e+00 1.140243911743164062e+01
1.100000023841857910e+00 2.750372171401977539e+00 1.092234802246093750e+01
1.112499952316284180e+00 3.419728279113769531e+00 1.036661148071289062e+01
1.125000000000000000e+00 4.102744579315185547e+00 9.904164314270019531e+00
1.137500047683715820e+00 4.731572628021240234e+00 9.553412437438964844e+00
1.149999976158142090e+00 5.254435062408447266e+00 9.274773597717285156e+00
1.162500023841857910e+00 5.668927669525146484e+00 9.071553230285644531e+00
1.174999952316284180e+00 5.978985786437988281e+00 8.945149421691894531e+00
1.187500000000000000e+00 6.176265239715576172e+00 8.858704566955566406e+00
1.200000047683715820e+00 6.261612415313720703e+00 8.797596931457519531e+00
1.212499976158142090e+00 6.242630481719970703e+00 8.786581993103027344e+00
1.225000023841857910e+00 6.114960193634033203e+00 8.825376510620117188e+00
1.237499952316284180e+00 5.875356197357177734e+00 8.888788223266601562e+00
1.250000000000000000e+00 5.537547111511230469e+00 8.992902755737304688e+00
1.262500047683715820e+00 5.111028194427490234e+00 9.172578811645507812e+00
1.274999976158142090e+00 4.591506958007812500e+00 9.407485008239746094e+00
1.287500023841857910e+00 3.995665073394775391e+00 9.670912742614746094e+00
1.299999952316284180e+00 3.364479064941406250e+00 1.001968765258789062e+01
1.312500000000000000e+00 2.700460195541381836e+00 1.050202560424804688e+01
1.325000047683715820e+00 1.949722886085510254e+00 1.099624538421630859e+01
1.337499976158142090e+00 1.090396761894226074e+00 1.129476261138916016e+01
1.350000023841857910e+00 1.937841773033142090e-01 1.135716915130615234e+01
1.362499952316284180e+00 -6.525101661682128906e-01 1.133951377868652344e+01
1.375000000000000000e+00 -1.441336989402770996e+00 1.136337947845458984e+01
1.387500047683715820e+00 -2.213616132736206055e+00 1.140031719207763672e+01
1.399999976158142090e+00 -2.968966960906982422e+00 1.140356063842773438e+01
1.412500023841857910e+00 -3.668011188507080078e+00 1.140475273132324219e+01
1.424999952316284180e+00 -4.294275283813476562e+00 1.143289089202880859e+01
1.437500000000000000e+00 -4.854977130889892578e+00 1.145762538909912109e+01
1.450000047683715820e+00 -5.338622093200683594e+00 1.146112060546875000e+01
1.462499976158142090e+00 -5.721342086791992188e+00 1.147289562225341797e+01
1.475000023841857910e+00 -6.000811100006103516e+00 1.150247287750244141e+01
1.487499952316284180e+00 -6.184813022613525391e+00 1.152070808410644531e+01
1.500000000000000000e+00 -6.263317108154296875e+00 1.152449607849121094e+01
1.512500047683715820e+00 -6.224444389343261719e+00 1.154197978973388672e+01
1.524999976158142090e+00 -6.077751159667968750e+00 1.156971836090087891e+01
1.537500023841857910e+00 -5.834181308746337891e+00 1.157988357543945312e+01
1.549999952316284180e+00 -5.487091064453125000e+00 1.158155441284179688e+01
1.562500000000000000e+00 -5.036338806152343750e+00 1.160112857818603516e+01
1.575000047683715820e+00 -4.502673625946044922e+00 1.162233734130859375e+01
1.587499976158142090e+00 -3.898734569549560547e+00 1.161947727203369141e+01
1.600000023841857910e+00 -3.219388723373413086e+00 1.161640834808349609e+01
1.612499952316284180e+00 -2.476422309875488281e+00 1.163665008544921875e+01
1.625000000000000000e+00 -1.701095104217529297e+00 1.164443397521972656e+01
1.637500047683715820e+00 -8.979310989379882812e-01 1.161866188049316406e+01
1.649999976158142090e+00 -4.883129894733428955e-02 1.161626148223876953e+01
1.662500023841857910e+00 8.165891170501708984e-01 1.165233325958251953e+01
1.674999952316284180e+00 1.616181492805480957e+00 1.158601570129394531e+01
1.687500000000000000e+00 2.314821720123291016e+00 1.126306724548339844e+01
1.700000047683715820e+00 2.972213268280029297e+00 1.073282432556152344e+01
1.712499976158142090e+00 3.650607824325561523e+00 1.019670104980468750e+01
1.725000023841857910e+00 4.324054241180419922e+00 9.776067733764648438e+00
1.737499952316284180e+00 4.920153617858886719e+00 9.452418327331542969e+00
1.750000000000000000e+00 5.405439853668212891e+00 9.197031974792480469e+00
1.762500047683715820e+00 5.785223007202148438e+00 9.021839141845703125e+00
1.774999976158142090e+00 6.058262348175048828e+00 8.913496971130371094e+00
1.787500023841857910e+00 6.216986179351806641e+00 8.834379196166992188e+00
1.799999952316284180e+00 6.266799449920654297e+00 8.787235260009765625e+00
1.812500000000000000e+00 6.212288379669189453e+00 8.795494079589843750e+00
1.825000047683715820e+00 6.046452522277832031e+00 8.844410896301269531e+00
1.837499976158142090e+00 5.771802902221679688e+00 8.917006492614746094e+00
1.850000023841857910e+00 5.404112815856933594e+00 9.044530868530273438e+00
1.862499952316284180e+00 4.946627616882324219e+00 9.247896194458007812e+00
1.875000000000000000e+00 4.397598266601562500e+00 9.491943359375000000e+00
1.887500047683715820e+00 3.785677909851074219e+00 9.774135589599609375e+00
1.899999976158142090e+00 3.146791458129882812e+00 1.016892623901367188e+01
1.912500023841857910e+00 2.460455894470214844e+00 1.067802906036376953e+01
1.924999952316284180e+00 1.670959830284118652e+00 1.112590026855468750e+01
1.937500000000000000e+00 7.876112461090087891e-01 1.133666324615478516e+01
1.950000047683715820e+00 -9.888158738613128662e-02 1.135099601745605469e+01
1.962499976158142090e+00 -9.222388863563537598e-01 1.134180641174316406e+01
1.975000023841857910e+00 -1.701626420021057129e+00 1.137808609008789062e+01
1.987499952316284180e+00 -2.471405506134033203e+00 1.140497207641601562e+01
2.000000000000000000e+00 -3.212122440338134766e+00 1.140149593353271484e+01
