0.000000000000000000e+00 6.215525150299072266e+00 8.835374832153320312e+00
1.250000018626451492e-02 6.266542911529541016e+00 8.787588119506835938e+00
2.500000037252902985e-02 6.212770938873291016e+00 8.795380592346191406e+00
3.750000149011611938e-02 6.047199249267578125e+00 8.844226837158203125e+00
5.000000074505805969e-02 5.772249221801757812e+00 8.916844367980957031e+00
6.250000000000000000e-02 5.403800964355468750e+00 9.044546127319335938e+00
7.500000298023223877e-02 4.945152282714843750e+00 9.248431205749511719e+00
8.749999850988388062e-02 4.394566535949707031e+00 9.493106842041015625e+00
1.000000014901161194e-01 3.780999422073364258e+00 9.776309967041015625e+00
1.124999970197677612e-01 3.140466690063476562e+00 1.017305088043212891e+01
1.250000000000000000e-01 2.451823711395263672e+00 1.068369007110595703e+01
1.375000029802322388e-01 1.659111976623535156e+00 1.113028240203857422e+01
1.500000059604644775e-01 7.728997468948364258e-01 1.133769893646240234e+01
1.624999940395355225e-01 -1.149507462978363037e-01 1.135027122497558594e+01
1.749999970197677612e-01 -9.389975666999816895e-01 1.134191322326660156e+01
1.875000000000000000e-01 -1.719733476638793945e+00 1.137882900238037109e+01
2.000000029802322388e-01 -2.490976810455322266e+00 1.140491676330566406e+01
2.125000059604644775e-01 -3.231982469558715820e+00 1.140119838714599609e+01
2.249999940395355225e-01 -3.905716657638549805e+00 1.141246128082275391e+01
2.374999970197677612e-01 -4.508673667907714844e+00 1.144444465637207031e+01
2.500000000000000000e-01 -5.044875144958496094e+00 1.146026420593261719e+01
2.624999880790710449e-01 -5.494021892547607422e+00 1.146275138854980469e+01
2.750000059604644775e-01 -5.837726593017578125e+00 1.148316097259521484e+01
2.874999940395355225e-01 -6.081500530242919922e+00 1.151203536987304688e+01
3.000000119209289551e-01 -6.227859497070312500e+00 1.152237796783447266e+01
3.125000000000000000e-01 -6.261933326721191406e+00 1.152864933013916016e+01
3.249999880790710449e-01 -6.179409503936767578e+00 1.155326938629150391e+01
3.375000059604644775e-01 -5.994551181793212891e+00 1.157652664184570312e+01
3.499999940395355225e-01 -5.711305618286132812e+00 1.157980251312255859e+01
3.625000119209289551e-01 -5.321377277374267578e+00 1.158705997467041016e+01
3.750000000000000000e-01 -4.833997726440429688e+00 1.161170291900634766e+01
3.874999880790710449e-01 -4.271128654479980469e+00 1.162414550781250000e+01
4.000000059604644775e-01 -3.636234998703002930e+00 1.161613559722900391e+01
4.124999940395355225e-01 -2.926512241363525391e+00 1.162291717529296875e+01
4.250000119209289551e-01 -2.165479421615600586e+00 1.164452838897705078e+01
4.375000000000000000e-01 -1.378990530967712402e+00 1.163642883300781250e+01
4.499999880790710449e-01 -5.562860965728759766e-01 1.161132144927978516e+01
4.625000059604644775e-01 3.094767034053802490e-01 1.163156032562255859e+01
4.749999940395355225e-01 1.159641981124877930e+00 1.164919757843017578e+01
4.875000119209289551e-01 1.917331337928771973e+00 1.148611927032470703e+01
5.000000000000000000e-01 2.589712619781494141e+00 1.105630397796630859e+01
5.124999880790710449e-01 3.254037618637084961e+00 1.049785137176513672e+01
5.249999761581420898e-01 3.939920663833618164e+00 1.000446987152099609e+01
5.375000238418579102e-01 4.589900493621826172e+00 9.630086898803710938e+00
5.500000119209289551e-01 5.140840530395507812e+00 9.334943771362304688e+00
5.625000000000000000e-01 5.580986022949218750e+00 9.111788749694824219e+00
5.749999880790710449e-01 5.916710853576660156e+00 8.969567298889160156e+00
5.874999761581420898e-01 6.141016483306884766e+00 8.876900672912597656e+00
6.000000238418579102e-01 6.251294136047363281e+00 8.808208465576171875e+00
6.125000119209289551e-01 6.255728244781494141e+00 8.784030914306640625e+00
6.250000000000000000e-01 6.152851104736328125e+00 8.814131736755371094e+00
6.374999880790710449e-01 5.936763763427734375e+00 8.872895240783691406e+00
6.499999761581420898e-01 5.618215084075927734e+00 8.964529991149902344e+00
6.625000238418579102e-01 5.210165023803710938e+00 9.127656936645507812e+00
6.750000119209289551e-01 4.709288597106933594e+00 9.355233192443847656e+00
6.875000000000000000e-01 4.124956130981445312e+00 9.611435890197753906e+00
6.999999880790710449e-01 3.497212886810302734e+00 9.935688018798828125e+00
7.124999761581420898e-01 2.841886997222900391e+00 1.039470863342285156e+01
7.250000238418579102e-01 2.111817121505737305e+00 1.090542030334472656e+01
7.375000119209289551e-01 1.269557356834411621e+00 1.125582027435302734e+01
7.500000000000000000e-01 3.698810338973999023e-01 1.135697650909423828e+01
7.624999880790710449e-01 -4.920243918895721436e-01 1.134094524383544922e+01
7.749999761581420898e-01 -1.290778398513793945e+00 1.135513591766357422e+01
7.875000238418579102e-01 -2.066005468368530273e+00 1.139527225494384766e+01
8.000000119209289551e-01 -2.829041481018066406e+00 1.140460395812988281e+01
8.125000000000000000e-01 -3.542829275131225586e+00 1.140224933624267578e+01
8.249999880790710449e-01 -4.183605670928955078e+00 1.142644405364990234e+01
8.374999761581420898e-01 -4.757593631744384766e+00 1.145484542846679688e+01
8.500000238418579102e-01 -5.258283615112304688e+00 1.146085071563720703e+01
8.625000119209289551e-01 -5.660951614379882812e+00 1.146895694732666016e+01
8.750000000000000000e-01 -5.958528518676757812e+00 1.149718284606933594e+01
8.874999880790710449e-01 -6.159738063812255859e+00 1.151918506622314453e+01
8.999999761581420898e-01 -6.257849693298339844e+00 1.152360820770263672e+01
9.125000238418579102e-01 -6.238719463348388672e+00 1.153765010833740234e+01
9.250000119209289551e-01 -6.108560562133789062e+00 1.156589508056640625e+01
9.375000000000000000e-01 -5.880510330200195312e+00 1.157978343963623047e+01
9.499999880790710449e-01 -5.550086975097656250e+00 1.158061027526855469e+01
9.624999761581420898e-01 -5.113884449005126953e+00 1.159714508056640625e+01
9.750000238418579102e-01 -4.590633869171142578e+00 1.162066745758056641e+01
9.875000119209289551e-01 -3.996436834335327148e+00 1.162131500244140625e+01
1.000000000000000000e+00 -3.327162027359008789e+00 1.161560535430908203e+01
1.012500047683715820e+00 -2.590125560760498047e+00 1.163339519500732422e+01
1.024999976158142090e+00 -1.816451549530029297e+00 1.164616107940673828e+01
1.037500023841857910e+00 -1.016783237457275391e+00 1.162313175201416016e+01
1.049999952316284180e+00 -1.723254173994064331e-01 1.161338615417480469e+01
1.062500000000000000e+00 6.973746418952941895e-01 1.164922523498535156e+01
1.075000047683715820e+00 1.512352824211120605e+00 1.160878562927246094e+01
1.087499976158142090e+00 2.224548339843750000e+00 1.132300376892089844e+01
1.100000023841857910e+00 2.883914947509765625e+00 1.080889034271240234e+01
1.112499952316284180e+00 3.560329914093017578e+00 1.026187515258789062e+01
1.125000000000000000e+00 4.240015029907226562e+00 9.824282646179199219e+00
1.137500047683715820e+00 4.850512027740478516e+00 9.489993095397949219e+00
1.149999976158142090e+00 5.350906372070312500e+00 9.224990844726562500e+00
1.162500023841857910e+00 5.744303226470947266e+00 9.039124488830566406e+00
1.174999952316284180e+00 6.031414508819580078e+00 8.924593925476074219e+00
1.187500000000000000e+00 6.204000473022460938e+00 8.842717170715332031e+00
1.200000047683715820e+00 6.266067504882812500e+00 8.790187835693359375e+00
1.212499976158142090e+00 6.223528385162353516e+00 8.792059898376464844e+00
1.225000023841857910e+00 6.069940090179443359e+00 8.838069915771484375e+00
1.237499952316284180e+00 5.805760860443115234e+00 8.907451629638671875e+00
1.250000000000000000e+00 5.446601867675781250e+00 9.027383804321289062e+00
1.262500047683715820e+00 4.997756481170654297e+00 9.224308967590332031e+00
1.274999976158142090e+00 4.456115722656250000e+00 9.466405868530273438e+00
1.287500023841857910e+00 3.846995115280151367e+00 9.742681503295898438e+00
1.299999952316284180e+00 3.209010362625122070e+00 1.012450122833251953e+01
1.312500000000000000e+00 2.528245449066162109e+00 1.062899875640869141e+01
1.325000047683715820e+00 1.747798323631286621e+00 1.109305095672607422e+01
1.337499976158142090e+00 8.678271174430847168e-01 1.132778739929199219e+01
1.350000023841857910e+00 -2.436763979494571686e-02 1.135269641876220703e+01
1.362499952316284180e+00 -8.553819060325622559e-01 1.134033012390136719e+01
1.375000000000000000e+00 -1.638412594795227051e+00 1.137428569793701172e+01
1.387500047683715820e+00 -2.410672426223754883e+00 1.140406703948974609e+01
1.399999976158142090e+00 -3.156940698623657227e+00 1.140166664123535156e+01
1.412500023841857910e+00 -3.838509559631347656e+00 1.140978050231933594e+01
1.424999952316284180e+00 -4.448393821716308594e+00 1.144130897521972656e+01
1.437500000000000000e+00 -4.992181301116943359e+00 1.145978355407714844e+01
1.450000047683715820e+00 -5.451723575592041016e+00 1.146200561523437500e+01
1.462499976158142090e+00 -5.806549072265625000e+00 1.148003959655761719e+01
1.475000023841857910e+00 -6.060342788696289062e+00 1.150965976715087891e+01
1.487499952316284180e+00 -6.217478275299072266e+00 1.152207660675048828e+01
1.500000000000000000e+00 -6.263978481292724609e+00 1.152720260620117188e+01
1.512500047683715820e+00 -6.193148136138916016e+00 1.155013370513916016e+01
1.524999976158142090e+00 -6.018457412719726562e+00 1.157507514953613281e+01
1.537500023841857910e+00 -5.745961189270019531e+00 1.157988929748535156e+01
1.549999952316284180e+00 -5.367266654968261719e+00 1.158527565002441406e+01
1.562500000000000000e+00 -4.889009475708007812e+00 1.160905361175537109e+01
1.575000047683715820e+00 -4.333463668823242188e+00 1.162417125701904297e+01
1.587499976158142090e+00 -3.706513166427612305e+00 1.161691856384277344e+01
1.600000023841857910e+00 -3.004049301147460938e+00 1.162088871002197266e+01
1.612499952316284180e+00 -2.246752023696899414e+00 1.164299106597900391e+01
1.625000000000000000e+00 -1.462808966636657715e+00 1.163911914825439453e+01
1.637500047683715820e+00 -6.449991464614868164e-01 1.161258316040039062e+01
1.649999976158142090e+00 2.177743166685104370e-01 1.162720775604248047e+01
1.662500023841857910e+00 1.073836684226989746e+00 1.165255928039550781e+01
1.674999952316284180e+00 1.842834711074829102e+00 1.151619815826416016e+01
1.687500000000000000e+00 2.520863771438598633e+00 1.111126899719238281e+01
1.700000047683715820e+00 3.182951688766479492e+00 1.055594348907470703e+01
1.712499976158142090e+00 3.868198156356811523e+00 1.005029201507568359e+01
1.725000023841857910e+00 4.525633811950683594e+00 9.664989471435546875e+00
1.737499952316284180e+00 5.088358402252197266e+00 9.362856864929199219e+00
1.750000000000000000e+00 5.539692878723144531e+00 9.131275177001953125e+00
1.762500047683715820e+00 5.886518478393554688e+00 8.981371879577636719e+00
1.774999976158142090e+00 6.122925281524658203e+00 8.885486602783203125e+00
1.787500023841857910e+00 6.244815826416015625e+00 8.813879966735839844e+00
1.799999952316284180e+00 6.260150909423828125e+00 8.783771514892578125e+00
1.812500000000000000e+00 6.168969154357910156e+00 8.809166908264160156e+00
1.825000047683715820e+00 5.964583396911621094e+00 8.865763664245605469e+00
1.837499976158142090e+00 5.655941486358642578e+00 8.952099800109863281e+00
1.850000023841857910e+00 5.257241249084472656e+00 9.106791496276855469e+00
1.862499952316284180e+00 4.766263484954833984e+00 9.329720497131347656e+00
1.875000000000000000e+00 4.189111232757568359e+00 9.582830429077148438e+00
1.887500047683715820e+00 3.564123392105102539e+00 9.895771026611328125e+00
1.899999976158142090e+00 2.913038969039916992e+00 1.034094810485839844e+01
1.912500023841857910e+00 2.193724155426025391e+00 1.085573673248291016e+01
1.924999952316284180e+00 1.362376093864440918e+00 1.123130130767822266e+01
1.937500000000000000e+00 4.639034271240234375e-01 1.135526657104492188e+01
1.950000047683715820e+00 -4.048890471458435059e-01 1.134262561798095703e+01
1.962499976158142090e+00 -1.208789825439453125e+00 1.135124301910400391e+01
1.975000023841857910e+00 -1.984847903251647949e+00 1.139199924468994141e+01
1.987499952316284180e+00 -2.750496625900268555e+00 1.140511608123779297e+01
2.000000000000000000e+00 -3.471267461776733398e+00 1.140146350860595703e+01
