0.000000000000000000e+00 6.215023994445800781e+00 8.835742950439453125e+00
1.250000018626451492e-02 6.266283988952636719e+00 8.787747383117675781e+00
2.500000037252902985e-02 6.212262630462646484e+00 8.795581817626953125e+00
3.750000149011611938e-02 6.045905590057373047e+00 8.844594001770019531e+00
5.000000074505805969e-02 5.769719600677490234e+00 8.917534828186035156e+00
6.250000000000000000e-02 5.399698257446289062e+00 9.046111106872558594e+00
7.500000298023223877e-02 4.939019680023193359e+00 9.251103401184082031e+00
8.749999850988388062e-02 4.386105060577392578e+00 9.496625900268554688e+00
1.000000014901161194e-01 3.770525932312011719e+00 9.781502723693847656e+00
1.124999970197677612e-01 3.128108739852905273e+00 1.018152046203613281e+01
1.250000000000000000e-01 2.436413526535034180e+00 1.069409751892089844e+01
1.375000029802322388e-01 1.639403820037841797e+00 1.113770771026611328e+01
1.500000059604644775e-01 7.498616576194763184e-01 1.133940696716308594e+01
1.624999940395355225e-01 -1.388921290636062622e-01 1.134932327270507812e+01
1.749999970197677612e-01 -9.630385637283325195e-01 1.134222698211669922e+01
1.875000000000000000e-01 -1.744966506958007812e+00 1.137995243072509766e+01
2.000000029802322388e-01 -2.517550706863403320e+00 1.140488719940185547e+01
2.125000059604644775e-01 -3.258315801620483398e+00 1.140089416503906250e+01
2.249999940395355225e-01 -3.930716991424560547e+00 1.141336727142333984e+01
2.374999970197677612e-01 -4.532365322113037109e+00 1.144547080993652344e+01
2.500000000000000000e-01 -5.066577434539794922e+00 1.146029090881347656e+01
2.624999880790710449e-01 -5.512171745300292969e+00 1.146308135986328125e+01
2.750000059604644775e-01 -5.851627826690673828e+00 1.148459720611572266e+01
2.874999940395355225e-01 -6.091174125671386719e+00 1.151307296752929688e+01
3.000000119209289551e-01 -6.232388973236083984e+00 1.152253055572509766e+01
3.125000000000000000e-01 -6.260027408599853516e+00 1.152958774566650391e+01
3.249999880790710449e-01 -6.171027660369873047e+00 1.155508995056152344e+01
3.375000059604644775e-01 -5.979990482330322266e+00 1.157736015319824219e+01
3.499999940395355225e-01 -5.689694404602050781e+00 1.157995033264160156e+01
3.625000119209289551e-01 -5.292062759399414062e+00 1.158850193023681641e+01
3.750000000000000000e-01 -4.797935009002685547e+00 1.161354541778564453e+01
3.874999880790710449e-01 -4.228976726531982422e+00 1.162422275543212891e+01
4.000000059604644775e-01 -3.587197303771972656e+00 1.161601448059082031e+01
4.124999940395355225e-01 -2.870947122573852539e+00 1.162481307983398438e+01
4.250000119209289551e-01 -2.105684518814086914e+00 1.164571762084960938e+01
4.375000000000000000e-01 -1.315377473831176758e+00 1.163457012176513672e+01
4.499999880790710449e-01 -4.869165122509002686e-01 1.161116981506347656e+01
4.625000059604644775e-01 3.827094137668609619e-01 1.163553047180175781e+01
4.749999940395355225e-01 1.229351043701171875e+00 1.164521789550781250e+01
4.875000119209289551e-01 1.979424834251403809e+00 1.145863056182861328e+01
5.000000000000000000e-01 2.649214982986450195e+00 1.100806522369384766e+01
5.124999880790710449e-01 3.317165851593017578e+00 1.044772624969482422e+01
5.249999761581420898e-01 4.004432201385498047e+00 9.964725494384765625e+00
5.375000238418579102e-01 4.648340225219726562e+00 9.598882675170898438e+00
5.500000119209289551e-01 5.189417839050292969e+00 9.309465408325195312e+00
5.625000000000000000e-01 5.619937419891357422e+00 9.094017028808593750e+00
5.749999880790710449e-01 5.945382595062255859e+00 8.958600997924804688e+00
5.874999761581420898e-01 6.157925605773925781e+00 8.868574142456054688e+00
6.000000238418579102e-01 6.256567001342773438e+00 8.803009986877441406e+00
6.125000119209289551e-01 6.249463081359863281e+00 8.785156250000000000e+00
6.250000000000000000e-01 6.133617877960205078e+00 8.819952964782714844e+00
6.374999880790710449e-01 5.904292583465576172e+00 8.881248474121093750e+00
6.499999761581420898e-01 5.574069499969482422e+00 8.979646682739257812e+00
6.625000238418579102e-01 5.154278278350830078e+00 9.152661323547363281e+00
6.750000119209289551e-01 4.640794754028320312e+00 9.385497093200683594e+00
6.875000000000000000e-01 4.047232627868652344e+00 9.646570205688476562e+00
6.999999880790710449e-01 3.415014743804931641e+00 9.986446380615234375e+00
7.124999761581420898e-01 2.752181053161621094e+00 1.046214771270751953e+01
7.250000238418579102e-01 2.006314516067504883e+00 1.096507453918457031e+01
7.375000119209289551e-01 1.149197220802307129e+00 1.128258609771728516e+01
7.500000000000000000e-01 2.475764602422714233e-01 1.135698890686035156e+01
7.624999880790710449e-01 -6.069101095199584961e-01 1.133925819396972656e+01
7.749999761581420898e-01 -1.401478767395019531e+00 1.136066246032714844e+01
7.875000238418579102e-01 -2.177525997161865234e+00 1.139881229400634766e+01
8.000000119209289551e-01 -2.937832832336425781e+00 1.140345764160156250e+01
8.125000000000000000e-01 -3.642928123474121094e+00 1.140382671356201172e+01
8.249999880790710449e-01 -4.274493217468261719e+00 1.143143272399902344e+01
8.374999761581420898e-01 -4.839739322662353516e+00 1.145699977874755859e+01
8.500000238418579102e-01 -5.327912807464599609e+00 1.146089553833007812e+01
8.625000119209289551e-01 -5.714659214019775391e+00 1.147231483459472656e+01
8.750000000000000000e-01 -5.997010707855224609e+00 1.150197315216064453e+01
8.874999880790710449e-01 -6.182968616485595703e+00 1.152063846588134766e+01
8.999999761581420898e-01 -6.262639045715332031e+00 1.152455997467041016e+01
9.125000238418579102e-01 -6.223880767822265625e+00 1.154212760925292969e+01
9.250000119209289551e-01 -6.076272487640380859e+00 1.157002258300781250e+01
9.375000000000000000e-01 -5.830875396728515625e+00 1.158018779754638672e+01
9.499999880790710449e-01 -5.480945587158203125e+00 1.158207035064697266e+01
9.624999761581420898e-01 -5.026587963104248047e+00 1.160205554962158203e+01
9.750000238418579102e-01 -4.488937377929687500e+00 1.162302970886230469e+01
9.875000119209289551e-01 -3.880348920822143555e+00 1.161975288391113281e+01
1.000000000000000000e+00 -3.195626974105834961e+00 1.161737251281738281e+01
1.012500047683715820e+00 -2.447617053985595703e+00 1.163813114166259766e+01
1.024999976158142090e+00 -1.667812466621398926e+00 1.164451599121093750e+01
1.037500023841857910e+00 -8.591949343681335449e-01 1.161821269989013672e+01
1.049999952316284180e+00 -4.057839978486299515e-03 1.161854267120361328e+01
1.062500000000000000e+00 8.640238642692565918e-01 1.165392017364501953e+01
1.075000047683715820e+00 1.661415696144104004e+00 1.157513904571533203e+01
1.087499976158142090e+00 2.358101606369018555e+00 1.123375988006591797e+01
1.100000023841857910e+00 3.018437147140502930e+00 1.069442272186279297e+01
1.112499952316284180e+00 3.701241254806518555e+00 1.016238880157470703e+01
1.125000000000000000e+00 4.374141216278076172e+00 9.748845100402832031e+00
1.137500047683715820e+00 4.964456558227539062e+00 9.429307937622070312e+00
1.149999976158142090e+00 5.442650794982910156e+00 9.178828239440917969e+00
1.162500023841857910e+00 5.814870834350585938e+00 9.010124206542968750e+00
1.174999952316284180e+00 6.078402519226074219e+00 8.905357360839843750e+00
1.187500000000000000e+00 6.226428985595703125e+00 8.827960968017578125e+00
1.200000047683715820e+00 6.265480518341064453e+00 8.785637855529785156e+00
1.212499976158142090e+00 6.198841094970703125e+00 8.799807548522949219e+00
1.225000023841857910e+00 6.019182682037353516e+00 8.851659774780273438e+00
1.237499952316284180e+00 5.731280326843261719e+00 8.928723335266113281e+00
1.250000000000000000e+00 5.350965023040771484e+00 9.066309928894042969e+00
1.262500047683715820e+00 4.879301071166992188e+00 9.278392791748046875e+00
1.274999976158142090e+00 4.316890716552734375e+00 9.526672363281250000e+00
1.287500023841857910e+00 3.696999788284301758e+00 9.820591926574707031e+00
1.299999952316284180e+00 3.051398038864135742e+00 1.023735046386718750e+01
1.312500000000000000e+00 2.349932432174682617e+00 1.075373840332031250e+01
1.325000047683715820e+00 1.539439082145690918e+00 1.117491531372070312e+01
1.337499976158142090e+00 6.445822119712829590e-01 1.134716510772705078e+01
1.350000023841857910e+00 -2.382228225469589233e-01 1.134654712677001953e+01
1.362499952316284180e+00 -1.055100798606872559e+00 1.134492301940917969e+01
1.375000000000000000e+00 -1.835130810737609863e+00 1.138470077514648438e+01
1.387500047683715820e+00 -2.606135129928588867e+00 1.140522098541259766e+01
1.399999976158142090e+00 -3.340334653854370117e+00 1.140073871612548828e+01
1.412500023841857910e+00 -4.004034519195556641e+00 1.141677474975585938e+01
1.424999952316284180e+00 -4.598102569580078125e+00 1.144856548309326172e+01
1.437500000000000000e+00 -5.123447418212890625e+00 1.146054744720458984e+01
1.450000047683715820e+00 -5.557116031646728516e+00 1.146434116363525391e+01
1.462499976158142090e+00 -5.884375095367431641e+00 1.148823738098144531e+01
1.475000023841857910e+00 -6.112842559814453125e+00 1.151526451110839844e+01
1.487499952316284180e+00 -6.241724014282226562e+00 1.152279758453369141e+01
1.500000000000000000e+00 -6.255461215972900391e+00 1.153165054321289062e+01
1.512500047683715820e+00 -6.153807163238525391e+00 1.155851650238037109e+01
1.524999976158142090e+00 -5.951528072357177734e+00 1.157847976684570312e+01
1.537500023841857910e+00 -5.649044513702392578e+00 1.157999229431152344e+01
1.549999952316284180e+00 -5.239141464233398438e+00 1.159093284606933594e+01
1.562500000000000000e+00 -4.735393524169921875e+00 1.161615180969238281e+01
1.575000047683715820e+00 -4.158313274383544922e+00 1.162368011474609375e+01
1.587499976158142090e+00 -3.507574558258056641e+00 1.161558246612548828e+01
1.600000023841857910e+00 -2.783840656280517578e+00 1.162746524810791016e+01
1.612499952316284180e+00 -2.015059947967529297e+00 1.164659976959228516e+01
1.625000000000000000e+00 -1.221556544303894043e+00 1.163113784790039062e+01
1.637500047683715820e+00 -3.873938620090484619e-01 1.161108016967773438e+01
1.649999976158142090e+00 4.840537011623382568e-01 1.164046287536621094e+01
1.662500023841857910e+00 1.322181582450866699e+00 1.163692569732666016e+01
1.674999952316284180e+00 2.060000181198120117e+00 1.141860008239746094e+01
1.687500000000000000e+00 2.725604772567749023e+00 1.094424724578857422e+01
1.700000047683715820e+00 3.396701812744140625e+00 1.038535594940185547e+01
1.712499976158142090e+00 4.083027839660644531e+00 9.916894912719726562e+00
1.725000023841857910e+00 4.717063426971435547e+00 9.561891555786132812e+00
1.737499952316284180e+00 5.244920253753662109e+00 9.280238151550292969e+00
1.750000000000000000e+00 5.663210391998291016e+00 9.074510574340820312e+00
1.762500047683715820e+00 5.976052284240722656e+00 8.946654319763183594e+00
1.774999976158142090e+00 6.175079822540283203e+00 8.859518051147460938e+00
1.787500023841857910e+00 6.261082172393798828e+00 8.797944068908691406e+00
1.799999952316284180e+00 6.241774082183837891e+00 8.786931991577148438e+00
1.812500000000000000e+00 6.112719058990478516e+00 8.826074600219726562e+00
1.825000047683715820e+00 5.870740413665771484e+00 8.889978408813476562e+00
1.837499976158142090e+00 5.529881954193115234e+00 8.995536804199218750e+00
1.850000023841857910e+00 5.099497318267822266e+00 9.177566528320312500e+00
1.862499952316284180e+00 4.575262069702148438e+00 9.414327621459960938e+00
1.875000000000000000e+00 3.975002288818359375e+00 9.680231094360351562e+00
1.887500047683715820e+00 3.340164661407470703e+00 1.003492259979248047e+01
1.899999976158142090e+00 2.670999288558959961e+00 1.052323150634765625e+01
1.912500023841857910e+00 1.912015676498413086e+00 1.101488494873046875e+01
1.924999952316284180e+00 1.044672846794128418e+00 1.130213832855224609e+01
1.937500000000000000e+00 1.447109431028366089e-01 1.135593605041503906e+01
1.950000047683715820e+00 -7.016279697418212891e-01 1.133889675140380859e+01
1.962499976158142090e+00 -1.491947412490844727e+00 1.136569404602050781e+01
1.975000023841857910e+00 -2.267289400100708008e+00 1.140121173858642578e+01
1.987499952316284180e+00 -3.023335933685302734e+00 1.140263843536376953e+01
2.000000000000000000e+00 -3.720015525817871094e+00 1.140573215484619141e+01
