0.000000000000000000e+00 6.214513301849365234e+00 8.836010932922363281e+00
1.250000018626451492e-02 6.266015529632568359e+00 8.787804603576660156e+00
2.500000037252902985e-02 6.211744785308837891e+00 8.795682907104492188e+00
3.750000149011611938e-02 6.044600486755371094e+00 8.844859123229980469e+00
5.000000074505805969e-02 5.767177104949951172e+00 8.918126106262207031e+00
6.250000000000000000e-02 5.395580291748046875e+00 9.047581672668457031e+00
7.500000298023223877e-02 4.932868003845214844e+00 9.253680229187011719e+00
8.749999850988388062e-02 4.377625465393066406e+00 9.500048637390136719e+00
1.000000014901161194e-01 3.760042667388916016e+00 9.786623954772949219e+00
1.124999970197677612e-01 3.115735054016113281e+00 1.018993091583251953e+01
1.250000000000000000e-01 2.420957565307617188e+00 1.070437622070312500e+01
1.375000029802322388e-01 1.619642734527587891e+00 1.114489746093750000e+01
1.500000059604644775e-01 7.268224954605102539e-01 1.134089088439941406e+01
1.624999940395355225e-01 -1.627805680036544800e-01 1.134827709197998047e+01
1.749999970197677612e-01 -9.870386719703674316e-01 1.134249496459960938e+01
1.875000000000000000e-01 -1.770188689231872559e+00 1.138095855712890625e+01
2.000000029802322388e-01 -2.544079303741455078e+00 1.140471839904785156e+01
2.125000059604644775e-01 -3.284541606903076172e+00 1.140052127838134766e+01
2.249999940395355225e-01 -3.955596923828125000e+00 1.141421127319335938e+01
2.374999970197677612e-01 -4.555932521820068359e+00 1.144636154174804688e+01
2.500000000000000000e-01 -5.088095664978027344e+00 1.146019268035888672e+01
2.624999880790710449e-01 -5.530076980590820312e+00 1.146336555480957031e+01
2.750000059604644775e-01 -5.865282535552978516e+00 1.148595619201660156e+01
2.874999940395355225e-01 -6.100584030151367188e+00 1.151395130157470703e+01
3.000000119209289551e-01 -6.236580371856689453e+00 1.152258014678955078e+01
3.125000000000000000e-01 -6.257743835449218750e+00 1.153050231933593750e+01
3.249999880790710449e-01 -6.162297725677490234e+00 1.155679988861083984e+01
3.375000059604644775e-01 -5.965063571929931641e+00 1.157800674438476562e+01
3.499999940395355225e-01 -5.667645454406738281e+00 1.158003139495849609e+01
3.625000119209289551e-01 -5.262329578399658203e+00 1.158993434906005859e+01
3.750000000000000000e-01 -4.761538982391357422e+00 1.161520957946777344e+01
3.874999880790710449e-01 -4.186470031738281250e+00 1.162408924102783203e+01
4.000000059604644775e-01 -3.537756443023681641e+00 1.161591148376464844e+01
4.124999940395355225e-01 -2.815111875534057617e+00 1.162670421600341797e+01
4.250000119209289551e-01 -2.045768737792968750e+00 1.164657783508300781e+01
4.375000000000000000e-01 -1.251525044441223145e+00 1.163250923156738281e+01
4.499999880790710449e-01 -4.172301590442657471e-01 1.161132240295410156e+01
4.625000059604644775e-01 4.557908177375793457e-01 1.163938426971435547e+01
4.749999940395355225e-01 1.298276066780090332e+00 1.163959693908691406e+01
4.875000119209289551e-01 2.040826082229614258e+00 1.142882251739501953e+01
5.000000000000000000e-01 2.708716392517089844e+00 1.095884037017822266e+01
5.124999880790710449e-01 3.380494117736816406e+00 1.039832782745361328e+01
5.249999761581420898e-01 4.068517684936523438e+00 9.925994873046875000e+00
5.375000238418579102e-01 4.705746650695800781e+00 9.568218231201171875e+00
5.500000119209289551e-01 5.236891269683837891e+00 9.284589767456054688e+00
5.625000000000000000e-01 5.657811641693115234e+00 9.077023506164550781e+00
5.749999880790710449e-01 5.972801685333251953e+00 8.948002815246582031e+00
5.874999761581420898e-01 6.173507690429687500e+00 8.860354423522949219e+00
6.000000238418579102e-01 6.260584831237792969e+00 8.798297882080078125e+00
6.125000119209289551e-01 6.241838455200195312e+00 8.786879539489746094e+00
6.250000000000000000e-01 6.112874031066894531e+00 8.825953483581542969e+00
6.374999880790710449e-01 5.870448589324951172e+00 8.889943122863769531e+00
6.499999761581420898e-01 5.528687953948974609e+00 8.995786666870117188e+00
6.625000238418579102e-01 5.096995830535888672e+00 9.178471565246582031e+00
6.750000119209289551e-01 4.571030139923095703e+00 9.415937423706054688e+00
6.875000000000000000e-01 3.968946218490600586e+00 9.682785987854003906e+00
6.999999880790710449e-01 3.332437276840209961e+00 1.003956508636474609e+01
7.124999761581420898e-01 2.661066055297851562e+00 1.053011417388916016e+01
7.250000238418579102e-01 1.898716092109680176e+00 1.102109909057617188e+01
7.375000119209289551e-01 1.027980327606201172e+00 1.130447292327880859e+01
7.500000000000000000e-01 1.262910813093185425e-01 1.135525131225585938e+01
7.624999880790710449e-01 -7.205376029014587402e-01 1.133855819702148438e+01
7.749999761581420898e-01 -1.511883497238159180e+00 1.136646366119384766e+01
7.875000238418579102e-01 -2.288788080215454102e+00 1.140137100219726562e+01
8.000000119209289551e-01 -3.045365810394287109e+00 1.140213394165039062e+01
8.125000000000000000e-01 -3.741322517395019531e+00 1.140606689453125000e+01
8.249999880790710449e-01 -4.363897323608398438e+00 1.143624782562255859e+01
8.374999761581420898e-01 -4.920087814331054688e+00 1.145842361450195312e+01
8.500000238418579102e-01 -5.395007133483886719e+00 1.146109199523925781e+01
8.625000119209289551e-01 -5.765715122222900391e+00 1.147615242004394531e+01
8.750000000000000000e-01 -6.033051490783691406e+00 1.150631237030029297e+01
8.874999880790710449e-01 -6.203378677368164062e+00 1.152151870727539062e+01
8.999999761581420898e-01 -6.264125823974609375e+00 1.152589797973632812e+01
9.125000238418579102e-01 -6.205981254577636719e+00 1.154688262939453125e+01
9.250000119209289551e-01 -6.041219711303710938e+00 1.157342243194580078e+01
9.375000000000000000e-01 -5.778119087219238281e+00 1.158020305633544922e+01
9.499999880790710449e-01 -5.408555030822753906e+00 1.158414649963378906e+01
9.624999761581420898e-01 -4.936721801757812500e+00 1.160693359375000000e+01
9.750000238418579102e-01 -4.385035037994384766e+00 1.162433624267578125e+01
9.875000119209289551e-01 -3.761696577072143555e+00 1.161814022064208984e+01
1.000000000000000000e+00 -3.061888217926025391e+00 1.162006473541259766e+01
1.012500047683715820e+00 -2.304122686386108398e+00 1.164221096038818359e+01
1.024999976158142090e+00 -1.518254637718200684e+00 1.164130115509033203e+01
1.037500023841857910e+00 -6.997389197349548340e-01 1.161433506011962891e+01
1.049999952316284180e+00 1.648948043584823608e-01 1.162551689147949219e+01
1.062500000000000000e+00 1.027783751487731934e+00 1.165416908264160156e+01
1.075000047683715820e+00 1.806158304214477539e+00 1.153032016754150391e+01
1.087499976158142090e+00 2.490171909332275391e+00 1.113603210449218750e+01
1.100000023841857910e+00 3.154170751571655273e+00 1.058065414428710938e+01
1.112499952316284180e+00 3.841822862625122070e+00 1.006832122802734375e+01
1.125000000000000000e+00 4.504511833190917969e+00 9.677198410034179688e+00
1.137500047683715820e+00 5.073371410369873047e+00 9.371278762817382812e+00
1.149999976158142090e+00 5.529742240905761719e+00 9.136362075805664062e+00
1.162500023841857910e+00 5.880490303039550781e+00 8.984031677246093750e+00
1.174999952316284180e+00 6.119901657104492188e+00 8.887037277221679688e+00
1.187500000000000000e+00 6.243659496307373047e+00 8.814684867858886719e+00
1.200000047683715820e+00 6.259793758392333984e+00 8.783964157104492188e+00
1.212499976158142090e+00 6.168445587158203125e+00 8.809290885925292969e+00
1.225000023841857910e+00 5.962838172912597656e+00 8.866126060485839844e+00
1.237499952316284180e+00 5.652085304260253906e+00 8.953126907348632812e+00
1.250000000000000000e+00 5.250511646270751953e+00 9.109400749206542969e+00
1.262500047683715820e+00 4.755749702453613281e+00 9.334064483642578125e+00
1.274999976158142090e+00 4.174471855163574219e+00 9.588872909545898438e+00
1.287500023841857910e+00 3.545922040939331055e+00 9.905759811401367188e+00
1.299999952316284180e+00 2.890791893005371094e+00 1.035675239562988281e+01
1.312500000000000000e+00 2.164869546890258789e+00 1.087257957458496094e+01
1.325000047683715820e+00 1.325651645660400391e+00 1.124052906036376953e+01
1.337499976158142090e+00 4.223038256168365479e-01 1.135546302795410156e+01
1.350000023841857910e+00 -4.475275576114654541e-01 1.134111213684082031e+01
1.362499952316284180e+00 -1.252529740333557129e+00 1.135264492034912109e+01
1.375000000000000000e+00 -2.031606912612915039e+00 1.139335250854492188e+01
1.387500047683715820e+00 -2.799174547195434570e+00 1.140430927276611328e+01
1.399999976158142090e+00 -3.518758773803710938e+00 1.140147781372070312e+01
1.412500023841857910e+00 -4.164825439453125000e+00 1.142496013641357422e+01
1.424999952316284180e+00 -4.743223190307617188e+00 1.145400047302246094e+01
1.437500000000000000e+00 -5.248184204101562500e+00 1.146053981781005859e+01
1.450000047683715820e+00 -5.654712677001953125e+00 1.146839332580566406e+01
1.462499976158142090e+00 -5.955070018768310547e+00 1.149661540985107422e+01
1.475000023841857910e+00 -6.158077239990234375e+00 1.151899051666259766e+01
1.487499952316284180e+00 -6.257166862487792969e+00 1.152358150482177734e+01
1.500000000000000000e+00 -6.237979888916015625e+00 1.153774929046630859e+01
1.512500047683715820e+00 -6.106750965118408203e+00 1.156616115570068359e+01
1.524999976158142090e+00 -5.876732349395751953e+00 1.157999801635742188e+01
1.537500023841857910e+00 -5.543305397033691406e+00 1.158097839355468750e+01
1.549999952316284180e+00 -5.103282928466796875e+00 1.159800815582275391e+01
1.562500000000000000e+00 -4.575878620147705078e+00 1.162138652801513672e+01
1.575000047683715820e+00 -3.976949930191040039e+00 1.162146854400634766e+01
1.587499976158142090e+00 -3.302128553390502930e+00 1.161632347106933594e+01
1.600000023841857910e+00 -2.559771537780761719e+00 1.163488483428955078e+01
1.612499952316284180e+00 -1.781541585922241211e+00 1.164638614654541016e+01
1.625000000000000000e+00 -9.765280485153198242e-01 1.162235164642333984e+01
1.637500047683715820e+00 -1.257796436548233032e-01 1.161519336700439453e+01
1.649999976158142090e+00 7.472515106201171875e-01 1.165149688720703125e+01
1.662500023841857910e+00 1.560227274894714355e+00 1.159973144531250000e+01
1.674999952316284180e+00 2.269756078720092773e+00 1.129459667205810547e+01
1.687500000000000000e+00 2.931400537490844727e+00 1.076910495758056641e+01
1.700000047683715820e+00 3.612529277801513672e+00 1.022509002685546875e+01
1.712499976158142090e+00 4.292390346527099609e+00 9.795154571533203125e+00
1.725000023841857910e+00 4.897250652313232422e+00 9.465478897094726562e+00
1.737499952316284180e+00 5.390233516693115234e+00 9.205288887023925781e+00
1.750000000000000000e+00 5.775895118713378906e+00 9.026206016540527344e+00
1.762500047683715820e+00 6.053404331207275391e+00 8.915869712829589844e+00
1.774999976158142090e+00 6.214986801147460938e+00 8.835699081420898438e+00
1.787500023841857910e+00 6.266010761260986328e+00 8.787706375122070312e+00
1.799999952316284180e+00 6.211249351501464844e+00 8.795837402343750000e+00
1.812500000000000000e+00 6.043583869934082031e+00 8.845129966735839844e+00
1.825000047683715820e+00 5.765698432922363281e+00 8.918548583984375000e+00
1.837499976158142090e+00 5.393699169158935547e+00 9.048351287841796875e+00
1.850000023841857910e+00 4.930558681488037109e+00 9.254736900329589844e+00
1.862499952316284180e+00 4.374938011169433594e+00 9.501214027404785156e+00
1.875000000000000000e+00 3.757179498672485352e+00 9.788125038146972656e+00
1.887500047683715820e+00 3.112752437591552734e+00 1.019208621978759766e+01
1.899999976158142090e+00 2.417604207992553711e+00 1.070671463012695312e+01
1.912500023841857910e+00 1.615759491920471191e+00 1.114638805389404297e+01
1.924999952316284180e+00 7.227156162261962891e-01 1.134121990203857422e+01
1.937500000000000000e+00 -1.666636317968368530e-01 1.134816837310791016e+01
1.950000047683715820e+00 -9.906329512596130371e-01 1.134259319305419922e+01
1.962499976158142090e+00 -1.773704409599304199e+00 1.138114643096923828e+01
1.975000023841857910e+00 -2.547536611557006836e+00 1.140473461151123047e+01
1.987499952316284180e+00 -3.287745952606201172e+00 1.140051269531250000e+01
2.000000000000000000e+00 -3.958460807800292969e+00 1.141434288024902344e+01
