0.000000000000000000e+00 6.214002132415771484e+00 8.836379051208496094e+00
1.250000018626451492e-02 6.265748023986816406e+00 8.787961006164550781e+00
2.500000037252902985e-02 6.211227416992187500e+00 8.795882225036621094e+00
3.750000149011611938e-02 6.043293476104736328e+00 8.845223426818847656e+00
5.000000074505805969e-02 5.764630794525146484e+00 8.918818473815917969e+00
6.250000000000000000e-02 5.391456127166748047e+00 9.049158096313476562e+00
7.500000298023223877e-02 4.926704883575439453e+00 9.256361007690429688e+00
8.749999850988388062e-02 4.369134426116943359e+00 9.503576278686523438e+00
1.000000014901161194e-01 3.749555349349975586e+00 9.791873931884765625e+00
1.124999970197677612e-01 3.103349685668945312e+00 1.019848155975341797e+01
1.250000000000000000e-01 2.405459165573120117e+00 1.071472072601318359e+01
1.375000029802322388e-01 1.599831938743591309e+00 1.115204811096191406e+01
1.500000059604644775e-01 7.037848234176635742e-01 1.134235000610351562e+01
1.624999940395355225e-01 -1.866163760423660278e-01 1.134733200073242188e+01
1.749999970197677612e-01 -1.011000990867614746e+00 1.134291172027587891e+01
1.875000000000000000e-01 -1.795403003692626953e+00 1.138204288482666016e+01
2.000000029802322388e-01 -2.570564985275268555e+00 1.140460872650146484e+01
2.125000059604644775e-01 -3.310664892196655273e+00 1.140028095245361328e+01
2.249999940395355225e-01 -3.980364084243774414e+00 1.141519069671630859e+01
2.374999970197677612e-01 -4.579382896423339844e+00 1.144731330871582031e+01
2.500000000000000000e-01 -5.109436035156250000e+00 1.146017360687255859e+01
2.624999880790710449e-01 -5.547746181488037109e+00 1.146380615234375000e+01
2.750000059604644775e-01 -5.878700733184814453e+00 1.148743343353271484e+01
2.874999940395355225e-01 -6.109739780426025391e+00 1.151487159729003906e+01
3.000000119209289551e-01 -6.240441322326660156e+00 1.152273368835449219e+01
3.125000000000000000e-01 -6.255094528198242188e+00 1.153159236907958984e+01
3.249999880790710449e-01 -6.153231143951416016e+00 1.155859184265136719e+01
3.375000059604644775e-01 -5.949778079986572266e+00 1.157867240905761719e+01
3.499999940395355225e-01 -5.645167827606201172e+00 1.158025932312011719e+01
3.625000119209289551e-01 -5.232193470001220703e+00 1.159155654907226562e+01
3.750000000000000000e-01 -4.724820137023925781e+00 1.161688804626464844e+01
3.874999880790710449e-01 -4.143611907958984375e+00 1.162396049499511719e+01
4.000000059604644775e-01 -3.487922668457031250e+00 1.161604022979736328e+01
4.124999940395355225e-01 -2.759027481079101562e+00 1.162877082824707031e+01
4.250000119209289551e-01 -1.985736727714538574e+00 1.164729595184326172e+01
4.375000000000000000e-01 -1.187420248985290527e+00 1.163048458099365234e+01
4.499999880790710449e-01 -3.472440838813781738e-01 1.161199474334716797e+01
4.625000059604644775e-01 5.286634564399719238e-01 1.164321994781494141e+01
4.749999940395355225e-01 1.366394042968750000e+00 1.163241672515869141e+01
4.875000119209289551e-01 2.101590871810913086e+00 1.139694976806640625e+01
5.000000000000000000e-01 2.768274784088134766e+00 1.090901184082031250e+01
5.124999880790710449e-01 3.443996429443359375e+00 1.034994602203369141e+01
5.249999761581420898e-01 4.132113456726074219e+00 9.888431549072265625e+00
5.375000238418579102e-01 4.762104511260986328e+00 9.538268089294433594e+00
5.500000119209289551e-01 5.283283233642578125e+00 9.260548591613769531e+00
5.625000000000000000e-01 5.694611072540283203e+00 9.060986518859863281e+00
5.749999880790710449e-01 5.998965263366699219e+00 8.937914848327636719e+00
5.874999761581420898e-01 6.187785148620605469e+00 8.852458000183105469e+00
6.000000238418579102e-01 6.263363838195800781e+00 8.794314384460449219e+00
6.125000119209289551e-01 6.232848644256591797e+00 8.789361953735351562e+00
6.250000000000000000e-01 6.090636730194091797e+00 8.832301139831542969e+00
6.374999880790710449e-01 5.835275173187255859e+00 8.899255752563476562e+00
6.499999761581420898e-01 5.482078075408935547e+00 9.013187408447265625e+00
6.625000238418579102e-01 5.038314819335937500e+00 9.205189704895019531e+00
6.750000119209289551e-01 4.500072956085205078e+00 9.446763038635253906e+00
6.875000000000000000e-01 3.890188694000244141e+00 9.720492362976074219e+00
6.999999880790710449e-01 3.249414443969726562e+00 1.009522056579589844e+01
7.124999761581420898e-01 2.568393707275390625e+00 1.059830474853515625e+01
7.250000238418579102e-01 1.789080739021301270e+00 1.107327365875244141e+01
7.375000119209289551e-01 9.061841368675231934e-01 1.132192802429199219e+01
7.500000000000000000e-01 6.176379974931478500e-03 1.135249233245849609e+01
7.624999880790710449e-01 -8.330228328704833984e-01 1.133913135528564453e+01
7.749999761581420898e-01 -1.622092247009277344e+00 1.137248802185058594e+01
7.875000238418579102e-01 -2.399682760238647461e+00 1.140314388275146484e+01
8.000000119209289551e-01 -3.151522636413574219e+00 1.140103054046630859e+01
8.125000000000000000e-01 -3.838044881820678711e+00 1.140913391113281250e+01
8.249999880790710449e-01 -4.451840400695800781e+00 1.144092178344726562e+01
8.374999761581420898e-01 -4.998542785644531250e+00 1.145938491821289062e+01
8.500000238418579102e-01 -5.459514141082763672e+00 1.146178340911865234e+01
8.625000119209289551e-01 -5.814181804656982422e+00 1.148056697845458984e+01
8.750000000000000000e-01 -6.066659450531005859e+00 1.151027584075927734e+01
8.874999880790710449e-01 -6.220888614654541016e+00 1.152215766906738281e+01
8.999999761581420898e-01 -6.262322902679443359e+00 1.152792263031005859e+01
9.125000238418579102e-01 -6.185123443603515625e+00 1.155194759368896484e+01
9.250000119209289551e-01 -6.003404617309570312e+00 1.157622814178466797e+01
9.375000000000000000e-01 -5.722191810607910156e+00 1.158023357391357422e+01
9.499999880790710449e-01 -5.333014488220214844e+00 1.158706569671630859e+01
9.624999761581420898e-01 -4.844433307647705078e+00 1.161173343658447266e+01
9.750000238418579102e-01 -4.278906822204589844e+00 1.162481689453125000e+01
9.875000119209289551e-01 -3.640467405319213867e+00 1.161697673797607422e+01
1.000000000000000000e+00 -2.926166534423828125e+00 1.162376213073730469e+01
1.012500047683715820e+00 -2.159802675247192383e+00 1.164545536041259766e+01
1.024999976158142090e+00 -1.367606520652770996e+00 1.163699150085449219e+01
1.037500023841857910e+00 -5.383967757225036621e-01 1.161224269866943359e+01
1.049999952316284180e+00 3.339312672615051270e-01 1.163381958007812500e+01
1.062500000000000000e+00 1.188066482543945312e+00 1.164853763580322266e+01
1.075000047683715820e+00 1.946883082389831543e+00 1.147423076629638672e+01
1.087499976158142090e+00 2.621514081954956055e+00 1.103172302246093750e+01
1.100000023841857910e+00 3.291164398193359375e+00 1.046935272216796875e+01
1.112499952316284180e+00 3.981375932693481445e+00 9.979838371276855469e+00
1.125000000000000000e+00 4.630657196044921875e+00 9.609046936035156250e+00
1.137500047683715820e+00 5.177326679229736328e+00 9.316252708435058594e+00
1.149999976158142090e+00 5.612238883972167969e+00 9.097857475280761719e+00
1.162500023841857910e+00 5.941037178039550781e+00 8.960559844970703125e+00
1.174999952316284180e+00 6.155945777893066406e+00 8.869681358337402344e+00
1.187500000000000000e+00 6.255818367004394531e+00 8.803484916687011719e+00
1.200000047683715820e+00 6.248933792114257812e+00 8.785326957702636719e+00
1.212499976158142090e+00 6.132292747497558594e+00 8.820296287536621094e+00
1.225000023841857910e+00 5.901133060455322266e+00 8.881952285766601562e+00
1.237499952316284180e+00 5.568305969238281250e+00 8.981417655944824219e+00
1.250000000000000000e+00 5.145120143890380859e+00 9.156437873840332031e+00
1.262500047683715820e+00 4.627352714538574219e+00 9.391045570373535156e+00
1.274999976158142090e+00 4.029539108276367188e+00 9.654236793518066406e+00
1.287500023841857910e+00 3.393757820129394531e+00 9.999224662780761719e+00
1.299999952316284180e+00 2.726224422454833984e+00 1.048074531555175781e+01
1.312500000000000000e+00 1.972752094268798828e+00 1.098230457305908203e+01
1.325000047683715820e+00 1.107787013053894043e+00 1.128993701934814453e+01
1.337499976158142090e+00 2.024221569299697876e-01 1.135595703125000000e+01
1.350000023841857910e+00 -6.524482369422912598e-01 1.133835983276367188e+01
1.362499952316284180e+00 -1.448503851890563965e+00 1.136263275146484375e+01
1.375000000000000000e+00 -2.227645158767700195e+00 1.139965820312500000e+01
1.387500047683715820e+00 -2.988966703414916992e+00 1.140247249603271484e+01
1.399999976158142090e+00 -3.692070722579956055e+00 1.140452575683593750e+01
1.412500023841857910e+00 -4.321127414703369141e+00 1.143366527557373047e+01
1.424999952316284180e+00 -4.883423805236816406e+00 1.145760822296142578e+01
1.437500000000000000e+00 -5.365891933441162109e+00 1.146079254150390625e+01
1.450000047683715820e+00 -5.744621753692626953e+00 1.147437000274658203e+01
1.462499976158142090e+00 -6.018835067749023438e+00 1.150456523895263672e+01
1.475000023841857910e+00 -6.195715904235839844e+00 1.152120876312255859e+01
1.487499952316284180e+00 -6.263579845428466797e+00 1.152539825439453125e+01
1.500000000000000000e+00 -6.211908340454101562e+00 1.154533195495605469e+01
1.512500047683715820e+00 -6.052198410034179688e+00 1.157253074645996094e+01
1.524999976158142090e+00 -5.793787956237792969e+00 1.158039093017578125e+01
1.537500023841857910e+00 -5.428845882415771484e+00 1.158371448516845703e+01
1.549999952316284180e+00 -4.960352420806884766e+00 1.160589885711669922e+01
1.562500000000000000e+00 -4.410646915435791016e+00 1.162437820434570312e+01
1.575000047683715820e+00 -3.789114236831665039e+00 1.161882591247558594e+01
1.587499976158142090e+00 -3.090707778930664062e+00 1.161976528167724609e+01
1.600000023841857910e+00 -2.332801342010498047e+00 1.164181327819824219e+01
1.612499952316284180e+00 -1.545965075492858887e+00 1.164237785339355469e+01
1.625000000000000000e+00 -7.270728349685668945e-01 1.161533355712890625e+01
1.637500047683715820e+00 1.384043544530868530e-01 1.162476825714111328e+01
1.649999976158142090e+00 1.004596233367919922e+00 1.165484333038330078e+01
1.662500023841857910e+00 1.787677168846130371e+00 1.153715133666992188e+01
1.674999952316284180e+00 2.474782943725585938e+00 1.114834213256835938e+01
1.687500000000000000e+00 3.139773130416870117e+00 1.059311962127685547e+01
1.700000047683715820e+00 3.828585863113403320e+00 1.007748126983642578e+01
1.712499976158142090e+00 4.493869781494140625e+00 9.683411598205566406e+00
1.725000023841857910e+00 5.065805912017822266e+00 9.375581741333007812e+00
1.737499952316284180e+00 5.524715423583984375e+00 9.138986587524414062e+00
1.750000000000000000e+00 5.877439022064208984e+00 8.985426902770996094e+00
1.762500047683715820e+00 6.118365764617919922e+00 8.887868881225585938e+00
1.774999976158142090e+00 6.243070125579833984e+00 8.815140724182128906e+00
1.787500023841857910e+00 6.259612560272216797e+00 8.784109115600585938e+00
1.799999952316284180e+00 6.168189048767089844e+00 8.809398651123046875e+00
1.812500000000000000e+00 5.961977005004882812e+00 8.866351127624511719e+00
1.825000047683715820e+00 5.650172233581542969e+00 8.953683853149414062e+00
1.837499976158142090e+00 5.247164249420166016e+00 9.110747337341308594e+00
1.850000023841857910e+00 4.750512123107910156e+00 9.336275100708007812e+00
1.862499952316284180e+00 4.167177200317382812e+00 9.591936111450195312e+00
1.875000000000000000e+00 3.536853790283203125e+00 9.910819053649902344e+00
1.887500047683715820e+00 2.879686355590820312e+00 1.036470222473144531e+01
1.899999976158142090e+00 2.150432825088500977e+00 1.088094520568847656e+01
1.912500023841857910e+00 1.307298302650451660e+00 1.124500656127929688e+01
1.924999952316284180e+00 4.015840888023376465e-01 1.135551071166992188e+01
1.937500000000000000e+00 -4.687309265136718750e-01 1.134044933319091797e+01
1.950000047683715820e+00 -1.274321675300598145e+00 1.135343456268310547e+01
1.962499976158142090e+00 -2.054923534393310547e+00 1.139402770996093750e+01
1.975000023841857910e+00 -2.823384761810302734e+00 1.140393257141113281e+01
1.987499952316284180e+00 -3.542318344116210938e+00 1.140159511566162109e+01
2.000000000000000000e+00 -4.187240600585937500e+00 1.142604541778564453e+01
