0.000000000000000000e+00 6.213480949401855469e+00 8.836647987365722656e+00
1.250000018626451492e-02 6.265471458435058594e+00 8.788018226623535156e+00
2.500000037252902985e-02 6.210700035095214844e+00 8.795982360839843750e+00
3.750000149011611938e-02 6.041975498199462891e+00 8.845488548278808594e+00
5.000000074505805969e-02 5.762072086334228516e+00 8.919412612915039062e+00
6.250000000000000000e-02 5.387316703796386719e+00 9.050641059875488281e+00
7.500000298023223877e-02 4.920523166656494141e+00 9.258945465087890625e+00
8.749999850988388062e-02 4.360626220703125000e+00 9.507008552551269531e+00
1.000000014901161194e-01 3.739059209823608398e+00 9.797051429748535156e+00
1.124999970197677612e-01 3.090948820114135742e+00 1.020696926116943359e+01
1.250000000000000000e-01 2.389915466308593750e+00 1.072492694854736328e+01
1.375000029802322388e-01 1.579970955848693848e+00 1.115895652770996094e+01
1.500000059604644775e-01 6.807506680488586426e-01 1.134358596801757812e+01
1.624999940395355225e-01 -2.103973329067230225e-01 1.134629154205322266e+01
1.749999970197677612e-01 -1.034923911094665527e+00 1.134327697753906250e+01
1.875000000000000000e-01 -1.820605516433715820e+00 1.138300514221191406e+01
2.000000029802322388e-01 -2.597000360488891602e+00 1.140436172485351562e+01
2.125000059604644775e-01 -3.336677789688110352e+00 1.139997673034667969e+01
2.249999940395355225e-01 -4.005011558532714844e+00 1.141610336303710938e+01
2.374999970197677612e-01 -4.602706432342529297e+00 1.144812488555908203e+01
2.500000000000000000e-01 -5.130586624145507812e+00 1.146003627777099609e+01
2.624999880790710449e-01 -5.565170288085937500e+00 1.146420383453369141e+01
2.750000059604644775e-01 -5.891873836517333984e+00 1.148882389068603516e+01
2.874999940395355225e-01 -6.118628501892089844e+00 1.151563358306884766e+01
3.000000119209289551e-01 -6.243958950042724609e+00 1.152279758453369141e+01
3.125000000000000000e-01 -6.252071857452392578e+00 1.153265857696533203e+01
3.249999880790710449e-01 -6.143821716308593750e+00 1.156025886535644531e+01
3.375000059604644775e-01 -5.934122085571289062e+00 1.157916069030761719e+01
3.499999940395355225e-01 -5.622252941131591797e+00 1.158044147491455078e+01
3.625000119209289551e-01 -5.201654434204101562e+00 1.159315776824951172e+01
3.750000000000000000e-01 -4.687777042388916016e+00 1.161836910247802734e+01
3.874999880790710449e-01 -4.100393295288085938e+00 1.162364482879638672e+01
4.000000059604644775e-01 -3.437696933746337891e+00 1.161620998382568359e+01
4.124999940395355225e-01 -2.702706575393676758e+00 1.163078689575195312e+01
4.250000119209289551e-01 -1.925586462020874023e+00 1.164765930175781250e+01
4.375000000000000000e-01 -1.123047947883605957e+00 1.162833786010742188e+01
4.499999880790710449e-01 -2.769794166088104248e-01 1.161299419403076172e+01
4.625000059604644775e-01 6.012663841247558594e-01 1.164672660827636719e+01
4.749999940395355225e-01 1.433682322502136230e+00 1.162337303161621094e+01
4.875000119209289551e-01 2.161771297454833984e+00 1.136288356781005859e+01
5.000000000000000000e-01 2.827931404113769531e+00 1.085856056213378906e+01
5.124999880790710449e-01 3.507628202438354492e+00 1.030245590209960938e+01
5.249999761581420898e-01 4.195142745971679688e+00 9.851786613464355469e+00
5.375000238418579102e-01 4.817388057708740234e+00 9.508810043334960938e+00
5.500000119209289551e-01 5.328598499298095703e+00 9.237169265747070312e+00
5.625000000000000000e-01 5.730317592620849609e+00 9.045680046081542969e+00
5.749999880790710449e-01 6.023852348327636719e+00 8.928087234497070312e+00
5.874999761581420898e-01 6.200762271881103516e+00 8.844709396362304688e+00
6.000000238418579102e-01 6.264898300170898438e+00 8.790898323059082031e+00
6.125000119209289551e-01 6.222466945648193359e+00 8.792360305786132812e+00
6.250000000000000000e-01 6.066907882690429688e+00 8.838776588439941406e+00
6.374999880790710449e-01 5.798794746398925781e+00 8.909069061279296875e+00
6.499999761581420898e-01 5.434225559234619141e+00 9.031666755676269531e+00
6.625000238418579102e-01 4.978224277496337891e+00 9.232511520385742188e+00
6.750000119209289551e-01 4.427997589111328125e+00 9.477806091308593750e+00
6.875000000000000000e-01 3.811028242111206055e+00 9.759690284729003906e+00
6.999999880790710449e-01 3.165849208831787109e+00 1.015312671661376953e+01
7.124999761581420898e-01 2.474021434783935547e+00 1.066598320007324219e+01
7.250000238418579102e-01 1.677501320838928223e+00 1.112104892730712891e+01
7.375000119209289551e-01 7.840887904167175293e-01 1.133507919311523438e+01
7.500000000000000000e-01 -1.126541420817375183e-01 1.134901332855224609e+01
7.624999880790710449e-01 -9.444963335990905762e-01 1.134078693389892578e+01
7.749999761581420898e-01 -1.732170939445495605e+00 1.137829399108886719e+01
7.875000238418579102e-01 -2.510075092315673828e+00 1.140398120880126953e+01
8.000000119209289551e-01 -3.256193876266479492e+00 1.140013313293457031e+01
8.125000000000000000e-01 -3.933126211166381836e+00 1.141275024414062500e+01
8.249999880790710449e-01 -4.538310527801513672e+00 1.144510555267333984e+01
8.374999761581420898e-01 -5.074984550476074219e+00 1.145979213714599609e+01
8.500000238418579102e-01 -5.521384239196777344e+00 1.146289062500000000e+01
8.625000119209289551e-01 -5.860105991363525391e+00 1.148522567749023438e+01
8.750000000000000000e-01 -6.097802639007568359e+00 1.151357460021972656e+01
8.874999880790710449e-01 -6.235401153564453125e+00 1.152251625061035156e+01
8.999999761581420898e-01 -6.257248878479003906e+00 1.153048706054687500e+01
9.125000238418579102e-01 -6.161386489868164062e+00 1.155693817138671875e+01
9.250000119209289551e-01 -5.962789535522460938e+00 1.157822322845458984e+01
9.375000000000000000e-01 -5.663039207458496094e+00 1.158029079437255859e+01
9.499999880790710449e-01 -5.254432201385498047e+00 1.159059047698974609e+01
9.624999761581420898e-01 -4.749831676483154297e+00 1.161601352691650391e+01
9.750000238418579102e-01 -4.170495510101318359e+00 1.162437820434570312e+01
9.875000119209289551e-01 -3.516674757003784180e+00 1.161633110046386719e+01
1.000000000000000000e+00 -2.788697481155395508e+00 1.162804603576660156e+01
1.012500047683715820e+00 -2.014751195907592773e+00 1.164734840393066406e+01
1.024999976158142090e+00 -1.215667366981506348e+00 1.163180160522460938e+01
1.037500023841857910e+00 -3.752573132514953613e-01 1.161214065551757812e+01
1.049999952316284180e+00 5.023728013038635254e-01 1.164227008819580078e+01
1.062500000000000000e+00 1.344412684440612793e+00 1.163527774810791016e+01
1.075000047683715820e+00 2.084053277969360352e+00 1.140682220458984375e+01
1.087499976158142090e+00 2.752807140350341797e+00 1.092250919342041016e+01
1.100000023841857910e+00 3.429257154464721680e+00 1.036158370971679688e+01
1.112499952316284180e+00 4.119160652160644531e+00 9.896466255187988281e+00
1.125000000000000000e+00 4.752221584320068359e+00 9.543805122375488281e+00
1.137500047683715820e+00 5.276421070098876953e+00 9.264254570007324219e+00
1.149999976158142090e+00 5.690124511718750000e+00 9.063049316406250000e+00
1.162500023841857910e+00 5.996376991271972656e+00 8.939003944396972656e+00
1.174999952316284180e+00 6.186594963073730469e+00 8.853104591369628906e+00
1.187500000000000000e+00 6.262981414794921875e+00 8.794547080993652344e+00
1.200000047683715820e+00 6.232774257659912109e+00 8.789334297180175781e+00
1.212499976158142090e+00 6.090373516082763672e+00 8.832293510437011719e+00
1.225000023841857910e+00 5.834299564361572266e+00 8.899394989013671875e+00
1.237499952316284180e+00 5.479979515075683594e+00 9.013790130615234375e+00
1.250000000000000000e+00 5.034674167633056641e+00 9.206616401672363281e+00
1.262500047683715820e+00 4.494490623474121094e+00 9.448941230773925781e+00
1.274999976158142090e+00 3.882711887359619141e+00 9.723831176757812500e+00
1.287500023841857910e+00 3.240212440490722656e+00 1.010106849670410156e+01
1.299999952316284180e+00 2.556700468063354492e+00 1.060631561279296875e+01
1.312500000000000000e+00 1.773673772811889648e+00 1.107975387573242188e+01
1.325000047683715820e+00 8.874205350875854492e-01 1.132383441925048828e+01
1.337499976158142090e+00 -1.395803038030862808e-02 1.135161399841308594e+01
1.350000023841857910e+00 -8.534907102584838867e-01 1.133904838562011719e+01
1.362499952316284180e+00 -1.643693327903747559e+00 1.137335681915283203e+01
1.375000000000000000e+00 -2.422759056091308594e+00 1.140312957763671875e+01
1.387500047683715820e+00 -3.174769401550292969e+00 1.140057182312011719e+01
1.399999976158142090e+00 -3.860315799713134766e+00 1.140970897674560547e+01
1.412500023841857910e+00 -4.473075866699218750e+00 1.144179058074951172e+01
1.424999952316284180e+00 -5.018218517303466797e+00 1.145936393737792969e+01
1.437500000000000000e+00 -5.476182460784912109e+00 1.146189308166503906e+01
1.450000047683715820e+00 -5.827054023742675781e+00 1.148172187805175781e+01
1.462499976158142090e+00 -6.075720787048339844e+00 1.151119899749755859e+01
1.475000023841857910e+00 -6.225339412689208984e+00 1.152222156524658203e+01
1.487499952316284180e+00 -6.260891914367675781e+00 1.152862071990966797e+01
1.500000000000000000e+00 -6.177656650543212891e+00 1.155353546142578125e+01
1.512500047683715820e+00 -5.990176200866699219e+00 1.157697391510009766e+01
1.524999976158142090e+00 -5.702399730682373047e+00 1.158027648925781250e+01
1.537500023841857910e+00 -5.305967330932617188e+00 1.158827972412109375e+01
1.549999952316284180e+00 -4.810962200164794922e+00 1.161338996887207031e+01
1.562500000000000000e+00 -4.239645481109619141e+00 1.162484264373779297e+01
1.575000047683715820e+00 -3.594658851623535156e+00 1.161677837371826172e+01
1.587499976158142090e+00 -2.874106645584106445e+00 1.162545585632324219e+01
1.600000023841857910e+00 -2.103651046752929688e+00 1.164648246765136719e+01
1.612499952316284180e+00 -1.307735443115234375e+00 1.163516044616699219e+01
1.625000000000000000e+00 -4.729610383510589600e-01 1.161211395263671875e+01
1.637500047683715820e+00 4.030214548110961914e-01 1.163748264312744141e+01
1.649999976158142090e+00 1.253699183464050293e+00 1.164414978027343750e+01
1.662500023841857910e+00 2.005363941192626953e+00 1.144720268249511719e+01
1.674999952316284180e+00 2.677881479263305664e+00 1.098549938201904297e+01
1.687500000000000000e+00 3.351156711578369141e+00 1.042215251922607422e+01
1.700000047683715820e+00 4.042416572570800781e+00 9.942642211914062500e+00
1.712499976158142090e+00 4.685591697692871094e+00 9.579656600952148438e+00
1.725000023841857910e+00 5.222831249237060547e+00 9.292358398437500000e+00
1.737499952316284180e+00 5.648574829101562500e+00 9.081468582153320312e+00
1.750000000000000000e+00 5.967395782470703125e+00 8.950366973876953125e+00
1.762500047683715820e+00 6.170960426330566406e+00 8.861792564392089844e+00
1.774999976158142090e+00 6.259719848632812500e+00 8.798929214477539062e+00
1.787500023841857910e+00 6.241639137268066406e+00 8.786957740783691406e+00
1.799999952316284180e+00 6.112355232238769531e+00 8.826046943664550781e+00
1.812500000000000000e+00 5.868558406829833984e+00 8.890310287475585938e+00
1.825000047683715820e+00 5.524589538574218750e+00 8.997012138366699219e+00
1.837499976158142090e+00 5.089870929718017578e+00 9.181346893310546875e+00
1.850000023841857910e+00 4.560034275054931641e+00 9.420360565185546875e+00
1.862499952316284180e+00 3.954069137573242188e+00 9.689324378967285156e+00
1.875000000000000000e+00 3.314121484756469727e+00 1.005090332031250000e+01
1.887500047683715820e+00 2.638034105300903320e+00 1.054630279541015625e+01
1.899999976158142090e+00 1.868398785591125488e+00 1.103523921966552734e+01
1.912500023841857910e+00 9.905753135681152344e-01 1.130960655212402344e+01
1.924999952316284180e+00 8.565317094326019287e-02 1.135383319854736328e+01
1.937500000000000000e+00 -7.618238925933837891e-01 1.133809757232666016e+01
1.950000047683715820e+00 -1.555152893066406250e+00 1.136830997467041016e+01
1.962499976158142090e+00 -2.335125207901000977e+00 1.140175628662109375e+01
1.975000023841857910e+00 -3.092441558837890625e+00 1.140121555328369141e+01
1.987499952316284180e+00 -3.786558151245117188e+00 1.140703487396240234e+01
2.000000000000000000e+00 -4.407014369964599609e+00 1.143822956085205078e+01
