0.000000000000000000e+00 6.279651641845703125e+00 8.791757583618164062e+00
1.250000018626451492e-02 6.300810813903808594e+00 8.772263526916503906e+00
2.500000037252902985e-02 6.279491901397705078e+00 8.775885581970214844e+00
3.750000149011611938e-02 6.213665485382080078e+00 8.799510955810546875e+00
5.000000074505805969e-02 6.101971626281738281e+00 8.834754943847656250e+00
6.250000000000000000e-02 5.946134090423583984e+00 8.877951622009277344e+00
7.500000298023223877e-02 5.750237464904785156e+00 8.936118125915527344e+00
8.749999850988388062e-02 5.517377376556396484e+00 9.021615982055664062e+00
1.000000014901161194e-01 5.247345447540283203e+00 9.139949798583984375e+00
1.124999970197677612e-01 4.938398361206054688e+00 9.283415794372558594e+00
1.250000000000000000e-01 4.592025279998779297e+00 9.438972473144531250e+00
1.375000029802322388e-01 4.215883255004882812e+00 9.604692459106445312e+00
1.500000059604644775e-01 3.820863246917724609e+00 9.798553466796875000e+00
1.624999940395355225e-01 3.413420438766479492e+00 1.004741954803466797e+01
1.749999970197677612e-01 2.989447355270385742e+00 1.036109161376953125e+01
1.875000000000000000e-01 2.535960197448730469e+00 1.071174907684326172e+01
2.000000029802322388e-01 2.040944814682006836e+00 1.103828907012939453e+01
2.125000059604644775e-01 1.504569768905639648e+00 1.127683925628662109e+01
2.249999940395355225e-01 9.429035782814025879e-01 1.139730072021484375e+01
2.374999970197677612e-01 3.805474042892456055e-01 1.141946125030517578e+01
2.500000000000000000e-01 -1.627864837646484375e-01 1.139695358276367188e+01
2.624999880790710449e-01 -6.818826794624328613e-01 1.138158893585205078e+01
2.750000059604644775e-01 -1.184981703758239746e+00 1.139459800720214844e+01
2.874999940395355225e-01 -1.683664321899414062e+00 1.142400264739990234e+01
3.000000119209289551e-01 -2.182047843933105469e+00 1.144564342498779297e+01
3.125000000000000000e-01 -2.673418045043945312e+00 1.144768714904785156e+01
3.249999880790710449e-01 -3.145706653594970703e+00 1.143878841400146484e+01
3.375000059604644775e-01 -3.590041160583496094e+00 1.143647193908691406e+01
3.499999940395355225e-01 -4.004916191101074219e+00 1.144940090179443359e+01
3.625000119209289551e-01 -4.393262386322021484e+00 1.147039127349853516e+01
3.750000000000000000e-01 -4.756150245666503906e+00 1.148516941070556641e+01
3.874999880790710449e-01 -5.089318752288818359e+00 1.148686981201171875e+01
4.000000059604644775e-01 -5.385398387908935547e+00 1.148203468322753906e+01
4.124999940395355225e-01 -5.639132499694824219e+00 1.148315143585205078e+01
4.250000119209289551e-01 -5.850362777709960938e+00 1.149596309661865234e+01
4.375000000000000000e-01 -6.022087574005126953e+00 1.151417064666748047e+01
4.499999880790710449e-01 -6.155822753906250000e+00 1.152627944946289062e+01
4.625000059604644775e-01 -6.248956680297851562e+00 1.152727031707763672e+01
4.749999940395355225e-01 -6.296612262725830078e+00 1.152339744567871094e+01
4.875000119209289551e-01 -6.296007633209228516e+00 1.152558612823486328e+01
5.000000000000000000e-01 -6.248913288116455078e+00 1.153826808929443359e+01
5.124999880790710449e-01 -6.159787178039550781e+00 1.155490112304687500e+01
5.249999761581420898e-01 -6.031521797180175781e+00 1.156461238861083984e+01
5.375000238418579102e-01 -5.863092422485351562e+00 1.156326293945312500e+01
5.500000119209289551e-01 -5.651498317718505859e+00 1.155777359008789062e+01
5.625000000000000000e-01 -5.396066665649414062e+00 1.155917835235595703e+01
5.749999880790710449e-01 -5.100762844085693359e+00 1.157125473022460938e+01
5.874999761581420898e-01 -4.772051334381103516e+00 1.158620452880859375e+01
6.000000238418579102e-01 -4.414321422576904297e+00 1.159217739105224609e+01
6.125000119209289551e-01 -4.027475833892822266e+00 1.158547306060791016e+01
6.250000000000000000e-01 -3.609337329864501953e+00 1.157505607604980469e+01
6.374999880790710449e-01 -3.160715103149414062e+00 1.157406902313232422e+01
6.499999761581420898e-01 -2.688001155853271484e+00 1.158601188659667969e+01
6.625000238418579102e-01 -2.200188875198364258e+00 1.159959030151367188e+01
6.750000119209289551e-01 -1.702618002891540527e+00 1.159882736206054688e+01
6.875000000000000000e-01 -1.193511247634887695e+00 1.158007049560546875e+01
6.999999880790710449e-01 -6.675183176994323730e-01 1.155902004241943359e+01
7.124999761581420898e-01 -1.242240890860557556e-01 1.155796241760253906e+01
7.250000238418579102e-01 4.256201088428497314e-01 1.158110713958740234e+01
7.375000119209289551e-01 9.624858498573303223e-01 1.159869575500488281e+01
7.500000000000000000e-01 1.468616366386413574e+00 1.155616188049316406e+01
7.624999880790710449e-01 1.939137578010559082e+00 1.140528297424316406e+01
7.749999761581420898e-01 2.384901762008666992e+00 1.113584518432617188e+01
7.875000238418579102e-01 2.824300765991210938e+00 1.078452301025390625e+01
8.000000119209289551e-01 3.269822597503662109e+00 1.041452789306640625e+01
8.125000000000000000e-01 3.719111919403076172e+00 1.008134841918945312e+01
8.249999880790710449e-01 4.156540393829345703e+00 9.808923721313476562e+00
8.374999761581420898e-01 4.563086986541748047e+00 9.590299606323242188e+00
8.500000238418579102e-01 4.926472663879394531e+00 9.406844139099121094e+00
8.625000119209289551e-01 5.244478225708007812e+00 9.247488021850585938e+00
8.750000000000000000e-01 5.520693778991699219e+00 9.113529205322265625e+00
8.874999880790710449e-01 5.757881164550781250e+00 9.009681701660156250e+00
8.999999761581420898e-01 5.954805850982666016e+00 8.933819770812988281e+00
9.125000238418579102e-01 6.108119487762451172e+00 8.876386642456054688e+00
9.250000119209289551e-01 6.216040611267089844e+00 8.828932762145996094e+00
9.375000000000000000e-01 6.279648780822753906e+00 8.791759490966796875e+00
9.499999880790710449e-01 6.300810813903808594e+00 8.772264480590820312e+00
9.624999761581420898e-01 6.279494762420654297e+00 8.775884628295898438e+00
9.750000238418579102e-01 6.213670730590820312e+00 8.799509048461914062e+00
9.875000119209289551e-01 6.101980209350585938e+00 8.834752082824707031e+00
1.000000000000000000e+00 5.946145534515380859e+00 8.877947807312011719e+00
1.012500047683715820e+00 5.750251293182373047e+00 8.936114311218261719e+00
1.024999976158142090e+00 5.517393589019775391e+00 9.021610260009765625e+00
1.037500023841857910e+00 5.247363567352294922e+00 9.139941215515136719e+00
1.049999952316284180e+00 4.938419342041015625e+00 9.283406257629394531e+00
1.062500000000000000e+00 4.592048168182373047e+00 9.438961982727050781e+00
1.075000047683715820e+00 4.215907573699951172e+00 9.604681968688964844e+00
1.087499976158142090e+00 3.820888757705688477e+00 9.798540115356445312e+00
1.100000023841857910e+00 3.413446664810180664e+00 1.004740142822265625e+01
1.112499952316284180e+00 2.989475011825561523e+00 1.036107063293457031e+01
1.125000000000000000e+00 2.535990238189697266e+00 1.071172714233398438e+01
1.137500047683715820e+00 2.040977478027343750e+00 1.103827095031738281e+01
1.149999976158142090e+00 1.504604816436767578e+00 1.127682781219482422e+01
1.162500023841857910e+00 9.429394602775573730e-01 1.139729690551757812e+01
1.174999952316284180e+00 3.805825710296630859e-01 1.141946220397949219e+01
1.187500000000000000e+00 -1.627528667449951172e-01 1.139695549011230469e+01
1.200000047683715820e+00 -6.818504333496093750e-01 1.138158893585205078e+01
1.212499976158142090e+00 -1.184950113296508789e+00 1.139459609985351562e+01
1.225000023841857910e+00 -1.683632731437683105e+00 1.142400074005126953e+01
1.237499952316284180e+00 -2.182016372680664062e+00 1.144564342498779297e+01
1.250000000000000000e+00 -2.673387289047241211e+00 1.144768810272216797e+01
1.262500047683715820e+00 -3.145677566528320312e+00 1.143878841400146484e+01
1.274999976158142090e+00 -3.590013980865478516e+00 1.143647193908691406e+01
1.287500023841857910e+00 -4.004890918731689453e+00 1.144939994812011719e+01
1.299999952316284180e+00 -4.393238544464111328e+00 1.147039031982421875e+01
1.312500000000000000e+00 -4.756127834320068359e+00 1.148516845703125000e+01
1.325000047683715820e+00 -5.089298725128173828e+00 1.148686981201171875e+01
1.337499976158142090e+00 -5.385380744934082031e+00 1.148203468322753906e+01
1.350000023841857910e+00 -5.639117717742919922e+00 1.148315143585205078e+01
1.362499952316284180e+00 -5.850350379943847656e+00 1.149596214294433594e+01
1.375000000000000000e+00 -6.022078037261962891e+00 1.151416873931884766e+01
1.387500047683715820e+00 -6.155815601348876953e+00 1.152627944946289062e+01
1.399999976158142090e+00 -6.248952388763427734e+00 1.152727031707763672e+01
1.412500023841857910e+00 -6.296610355377197266e+00 1.152339744567871094e+01
1.424999952316284180e+00 -6.296009063720703125e+00 1.152558517456054688e+01
1.437500000000000000e+00 -6.248917579650878906e+00 1.153826713562011719e+01
1.450000047683715820e+00 -6.159793853759765625e+00 1.155490112304687500e+01
1.462499976158142090e+00 -6.031531333923339844e+00 1.156461143493652344e+01
1.475000023841857910e+00 -5.863104820251464844e+00 1.156326389312744141e+01
1.487499952316284180e+00 -5.651513099670410156e+00 1.155777359008789062e+01
1.500000000000000000e+00 -5.396084308624267578e+00 1.155917835235595703e+01
1.512500047683715820e+00 -5.100782394409179688e+00 1.157125282287597656e+01
1.524999976158142090e+00 -4.772073268890380859e+00 1.158620357513427734e+01
1.537500023841857910e+00 -4.414344787597656250e+00 1.159217739105224609e+01
1.549999952316284180e+00 -4.027501106262207031e+00 1.158547306060791016e+01
1.562500000000000000e+00 -3.609364748001098633e+00 1.157505702972412109e+01
1.575000047683715820e+00 -3.160744428634643555e+00 1.157406806945800781e+01
1.587499976158142090e+00 -2.688031673431396484e+00 1.158601093292236328e+01
1.600000023841857910e+00 -2.200220108032226562e+00 1.159959030151367188e+01
1.612499952316284180e+00 -1.702649831771850586e+00 1.159882736206054688e+01
1.625000000000000000e+00 -1.193544030189514160e+00 1.158007240295410156e+01
1.637500047683715820e+00 -6.675522327423095703e-01 1.155902099609375000e+01
1.649999976158142090e+00 -1.242588907480239868e-01 1.155796146392822266e+01
1.662500023841857910e+00 4.255854785442352295e-01 1.158110523223876953e+01
1.674999952316284180e+00 9.624527096748352051e-01 1.159869575500488281e+01
1.687500000000000000e+00 1.468585491180419922e+00 1.155616760253906250e+01
1.700000047683715820e+00 1.939108729362487793e+00 1.140529632568359375e+01
1.712499976158142090e+00 2.384873867034912109e+00 1.113586521148681641e+01
1.725000023841857910e+00 2.824272632598876953e+00 1.078454589843750000e+01
1.737499952316284180e+00 3.269794225692749023e+00 1.041455078125000000e+01
1.750000000000000000e+00 3.719083786010742188e+00 1.008136749267578125e+01
1.762500047683715820e+00 4.156513214111328125e+00 9.808938980102539062e+00
1.774999976158142090e+00 4.563062191009521484e+00 9.590312004089355469e+00
1.787500023841857910e+00 4.926451206207275391e+00 9.406854629516601562e+00
1.799999952316284180e+00 5.244459152221679688e+00 9.247496604919433594e+00
1.812500000000000000e+00 5.520677566528320312e+00 9.113536834716796875e+00
1.825000047683715820e+00 5.757867336273193359e+00 9.009687423706054688e+00
1.837499976158142090e+00 5.954794883728027344e+00 8.933823585510253906e+00
1.850000023841857910e+00 6.108110904693603516e+00 8.876389503479003906e+00
1.862499952316284180e+00 6.216035366058349609e+00 8.828935623168945312e+00
1.875000000000000000e+00 6.279645919799804688e+00 8.791761398315429688e+00
1.887500047683715820e+00 6.300810813903808594e+00 8.772264480590820312e+00
1.899999976158142090e+00 6.279497146606445312e+00 8.775883674621582031e+00
1.912500023841857910e+00 6.213676452636718750e+00 8.799507141113281250e+00
1.924999952316284180e+00 6.101988792419433594e+00 8.834749221801757812e+00
1.937500000000000000e+00 5.946156501770019531e+00 8.877944946289062500e+00
1.950000047683715820e+00 5.750264644622802734e+00 8.936109542846679688e+00
1.962499976158142090e+00 5.517409324645996094e+00 9.021603584289550781e+00
1.975000023841857910e+00 5.247381687164306641e+00 9.139933586120605469e+00
1.987499952316284180e+00 4.938440322875976562e+00 9.283396720886230469e+00
2.000000000000000000e+00 4.592071056365966797e+00 9.438952445983886719e+00
