0.000000000000000000e+00 6.212969303131103516e+00 8.837016105651855469e+00
1.250000018626451492e-02 6.265204906463623047e+00 8.788173675537109375e+00
2.500000037252902985e-02 6.210182189941406250e+00 8.796181678771972656e+00
3.750000149011611938e-02 6.040664672851562500e+00 8.845851898193359375e+00
5.000000074505805969e-02 5.759517669677734375e+00 8.920107841491699219e+00
6.250000000000000000e-02 5.383178234100341797e+00 9.052228927612304688e+00
7.500000298023223877e-02 4.914336204528808594e+00 9.261633872985839844e+00
8.749999850988388062e-02 4.352111816406250000e+00 9.510543823242187500e+00
1.000000014901161194e-01 3.728563070297241211e+00 9.802357673645019531e+00
1.124999970197677612e-01 3.078538417816162109e+00 1.021559524536132812e+01
1.250000000000000000e-01 2.374329566955566406e+00 1.073519611358642578e+01
1.375000029802322388e-01 1.560061216354370117e+00 1.116582489013671875e+01
1.500000059604644775e-01 6.577197313308715820e-01 1.134480285644531250e+01
1.624999940395355225e-01 -2.341274470090866089e-01 1.134535980224609375e+01
1.749999970197677612e-01 -1.058815240859985352e+00 1.134379100799560547e+01
1.875000000000000000e-01 -1.845805168151855469e+00 1.138404178619384766e+01
2.000000029802322388e-01 -2.623394727706909180e+00 1.140417957305908203e+01
2.125000059604644775e-01 -3.362593412399291992e+00 1.139980888366699219e+01
2.249999940395355225e-01 -4.029556274414062500e+00 1.141714763641357422e+01
2.374999970197677612e-01 -4.625920295715332031e+00 1.144899559020996094e+01
2.500000000000000000e-01 -5.151564121246337891e+00 1.145998573303222656e+01
2.624999880790710449e-01 -5.582368373870849609e+00 1.146475982666015625e+01
2.750000059604644775e-01 -5.904824256896972656e+00 1.149032306671142578e+01
2.874999940395355225e-01 -6.127268791198730469e+00 1.151643562316894531e+01
3.000000119209289551e-01 -6.247151851654052734e+00 1.152297592163085938e+01
3.125000000000000000e-01 -6.248698711395263672e+00 1.153389644622802734e+01
3.249999880790710449e-01 -6.134090900421142578e+00 1.156199359893798828e+01
3.375000059604644775e-01 -5.918110370635986328e+00 1.157967376708984375e+01
3.499999940395355225e-01 -5.598917007446289062e+00 1.158078670501708984e+01
3.625000119209289551e-01 -5.170733928680419922e+00 1.159493160247802734e+01
3.750000000000000000e-01 -4.650424957275390625e+00 1.161984252929687500e+01
3.874999880790710449e-01 -4.056819915771484375e+00 1.162335968017578125e+01
4.000000059604644775e-01 -3.387094020843505859e+00 1.161662960052490234e+01
4.124999940395355225e-01 -2.646170854568481445e+00 1.163293075561523438e+01
4.250000119209289551e-01 -1.865318179130554199e+00 1.164786338806152344e+01
4.375000000000000000e-01 -1.058395147323608398e+00 1.162631320953369141e+01
4.499999880790710449e-01 -2.064585387706756592e-01 1.161452102661132812e+01
4.625000059604644775e-01 6.735459566116333008e-01 1.164999008178710938e+01
4.749999940395355225e-01 1.500136375427246094e+00 1.161256980895996094e+01
4.875000119209289551e-01 2.221437692642211914e+00 1.132691097259521484e+01
5.000000000000000000e-01 2.887739419937133789e+00 1.080786514282226562e+01
5.124999880790710449e-01 3.571359395980834961e+00 1.025611591339111328e+01
5.249999761581420898e-01 4.257555007934570312e+00 9.816205024719238281e+00
5.375000238418579102e-01 4.871603488922119141e+00 9.480033874511718750e+00
5.500000119209289551e-01 5.372868061065673828e+00 9.214680671691894531e+00
5.625000000000000000e-01 5.764940261840820312e+00 9.031268119812011719e+00
5.749999880790710449e-01 6.047474384307861328e+00 8.918671607971191406e+00
5.874999761581420898e-01 6.212473392486572266e+00 8.837341308593750000e+00
6.000000238418579102e-01 6.265207767486572266e+00 8.788277626037597656e+00
6.125000119209289551e-01 6.210696697235107422e+00 8.796021461486816406e+00
6.250000000000000000e-01 6.041721820831298828e+00 8.845570564270019531e+00
6.374999880790710449e-01 5.761055469512939453e+00 8.919666290283203125e+00
6.499999761581420898e-01 5.385135650634765625e+00 9.051423072814941406e+00
6.625000238418579102e-01 4.916740417480468750e+00 9.260535240173339844e+00
6.750000119209289551e-01 4.354904651641845703e+00 9.509332656860351562e+00
6.875000000000000000e-01 3.731531381607055664e+00 9.800779342651367188e+00
6.999999880790710449e-01 3.081636428833007812e+00 1.021333599090576172e+01
7.124999761581420898e-01 2.377830505371093750e+00 1.073279762268066406e+01
7.250000238418579102e-01 1.564110517501831055e+00 1.116436195373535156e+01
7.375000119209289551e-01 6.619691848754882812e-01 1.134452533721923828e+01
7.500000000000000000e-01 -2.301334440708160400e-01 1.134546947479248047e+01
7.624999880790710449e-01 -1.055109381675720215e+00 1.134366703033447266e+01
7.749999761581420898e-01 -1.842167258262634277e+00 1.138385772705078125e+01
7.875000238418579102e-01 -2.619832277297973633e+00 1.140417766571044922e+01
8.000000119209289551e-01 -3.359313249588012695e+00 1.139980411529541016e+01
8.125000000000000000e-01 -4.026628971099853516e+00 1.141700077056884766e+01
8.249999880790710449e-01 -4.623300075531005859e+00 1.144888305664062500e+01
8.374999761581420898e-01 -5.149318695068359375e+00 1.145998001098632812e+01
8.500000238418579102e-01 -5.580618381500244141e+00 1.146469402313232422e+01
8.625000119209289551e-01 -5.903563976287841797e+00 1.149017333984375000e+01
8.750000000000000000e-01 -6.126460552215576172e+00 1.151636314392089844e+01
8.874999880790710449e-01 -6.246859073638916016e+00 1.152296257019042969e+01
8.999999761581420898e-01 -6.248971939086914062e+00 1.153379535675048828e+01
9.125000238418579102e-01 -6.134865760803222656e+00 1.156186294555664062e+01
9.250000119209289551e-01 -5.919343948364257812e+00 1.157964706420898438e+01
9.375000000000000000e-01 -5.600656032562255859e+00 1.158077239990234375e+01
9.499999880790710449e-01 -5.172957897186279297e+00 1.159481620788574219e+01
9.624999761581420898e-01 -4.653018951416015625e+00 1.161975955963134766e+01
9.750000238418579102e-01 -4.059748172760009766e+00 1.162339878082275391e+01
9.875000119209289551e-01 -3.390388250350952148e+00 1.161661815643310547e+01
1.000000000000000000e+00 -2.649733781814575195e+00 1.163281440734863281e+01
1.012500047683715820e+00 -1.869000315666198730e+00 1.164787864685058594e+01
1.024999976158142090e+00 -1.062235236167907715e+00 1.162645435333251953e+01
1.037500023841857910e+00 -2.105276137590408325e-01 1.161444473266601562e+01
1.049999952316284180e+00 6.695070266723632812e-01 1.164983940124511719e+01
1.062500000000000000e+00 1.496537566184997559e+00 1.161322593688964844e+01
1.075000047683715820e+00 2.218282222747802734e+00 1.132889175415039062e+01
1.087499976158142090e+00 2.884633541107177734e+00 1.081052589416503906e+01
1.100000023841857910e+00 3.568125486373901367e+00 1.025846576690673828e+01
1.112499952316284180e+00 4.254477024078369141e+00 9.817968368530273438e+00
1.125000000000000000e+00 4.869003295898437500e+00 9.481428146362304688e+00
1.137500047683715820e+00 5.370798110961914062e+00 9.215736389160156250e+00
1.149999976158142090e+00 5.763363838195800781e+00 9.031927108764648438e+00
1.162500023841857910e+00 6.046431064605712891e+00 8.919099807739257812e+00
1.174999952316284180e+00 6.211974620819091797e+00 8.837667465209960938e+00
1.187500000000000000e+00 6.265208244323730469e+00 8.788381576538085938e+00
1.200000047683715820e+00 6.211208820343017578e+00 8.795862197875976562e+00
1.212499976158142090e+00 6.042776584625244141e+00 8.845290184020996094e+00
1.225000023841857910e+00 5.762591361999511719e+00 8.919225692749023438e+00
1.237499952316284180e+00 5.387090682983398438e+00 9.050619125366210938e+00
1.250000000000000000e+00 4.919142246246337891e+00 9.259436607360839844e+00
1.262500047683715820e+00 4.357696056365966797e+00 9.508122444152832031e+00
1.274999976158142090e+00 3.734499454498291016e+00 9.799204826354980469e+00
1.287500023841857910e+00 3.084733247756958008e+00 1.021107864379882812e+01
1.299999952316284180e+00 2.381328821182250977e+00 1.073039817810058594e+01
1.312500000000000000e+00 1.568157672882080078e+00 1.116289424896240234e+01
1.325000047683715820e+00 6.662188768386840820e-01 1.134424400329589844e+01
1.337499976158142090e+00 -2.261378020048141479e-01 1.134557914733886719e+01
1.350000023841857910e+00 -1.051402807235717773e+00 1.134354400634765625e+01
1.362499952316284180e+00 -1.838529229164123535e+00 1.138367271423339844e+01
1.375000000000000000e+00 -2.616269111633300781e+00 1.140417385101318359e+01
1.387500047683715820e+00 -3.356031417846679688e+00 1.139980030059814453e+01
1.399999976158142090e+00 -4.023700237274169922e+00 1.141685390472412109e+01
1.412500023841857910e+00 -4.620678424835205078e+00 1.144876956939697266e+01
1.424999952316284180e+00 -5.147071361541748047e+00 1.145997428894042969e+01
1.437500000000000000e+00 -5.578866004943847656e+00 1.146462821960449219e+01
1.450000047683715820e+00 -5.902302265167236328e+00 1.149002361297607422e+01
1.462499976158142090e+00 -6.125650405883789062e+00 1.151628971099853516e+01
1.475000023841857910e+00 -6.246563911437988281e+00 1.152294921875000000e+01
1.487499952316284180e+00 -6.249242782592773438e+00 1.153369522094726562e+01
1.500000000000000000e+00 -6.135638236999511719e+00 1.156173133850097656e+01
1.512500047683715820e+00 -5.920575618743896484e+00 1.157962036132812500e+01
1.524999976158142090e+00 -5.602392673492431641e+00 1.158075809478759766e+01
1.537500023841857910e+00 -5.175179958343505859e+00 1.159470176696777344e+01
1.549999952316284180e+00 -4.655611038208007812e+00 1.161967563629150391e+01
1.562500000000000000e+00 -4.062674999237060547e+00 1.162343788146972656e+01
1.575000047683715820e+00 -3.393681049346923828e+00 1.161660671234130859e+01
1.587499976158142090e+00 -2.653295755386352539e+00 1.163269901275634766e+01
1.600000023841857910e+00 -1.872682094573974609e+00 1.164789199829101562e+01
1.612499952316284180e+00 -1.066074371337890625e+00 1.162659454345703125e+01
1.625000000000000000e+00 -2.145959138870239258e-01 1.161437034606933594e+01
1.637500047683715820e+00 6.654667854309082031e-01 1.164968681335449219e+01
1.649999976158142090e+00 1.492936134338378906e+00 1.161387729644775391e+01
1.662500023841857910e+00 2.215125799179077148e+00 1.133086776733398438e+01
1.674999952316284180e+00 2.881527900695800781e+00 1.081318569183349609e+01
1.687500000000000000e+00 3.564891815185546875e+00 1.026081752777099609e+01
1.700000047683715820e+00 4.251397132873535156e+00 9.819734573364257812e+00
1.712499976158142090e+00 4.866400241851806641e+00 9.482825279235839844e+00
1.725000023841857910e+00 5.368725776672363281e+00 9.216794013977050781e+00
1.737499952316284180e+00 5.761785030364990234e+00 9.032587051391601562e+00
1.750000000000000000e+00 6.045384883880615234e+00 8.919528007507324219e+00
1.762500047683715820e+00 6.211473464965820312e+00 8.837993621826171875e+00
1.774999976158142090e+00 6.265206813812255859e+00 8.788488388061523438e+00
1.787500023841857910e+00 6.211718082427978516e+00 8.795702934265136719e+00
1.799999952316284180e+00 6.043828964233398438e+00 8.845009803771972656e+00
1.812500000000000000e+00 5.764125347137451172e+00 8.918786048889160156e+00
1.825000047683715820e+00 5.389044284820556641e+00 9.049817085266113281e+00
1.837499976158142090e+00 4.921542644500732422e+00 9.258338928222656250e+00
1.850000023841857910e+00 4.360486507415771484e+00 9.506912231445312500e+00
1.862499952316284180e+00 3.737466812133789062e+00 9.797632217407226562e+00
1.875000000000000000e+00 3.087828874588012695e+00 1.020882511138916016e+01
1.887500047683715820e+00 2.384824752807617188e+00 1.072799682617187500e+01
1.899999976158142090e+00 1.572202801704406738e+00 1.116141986846923828e+01
1.912500023841857910e+00 6.704689264297485352e-01 1.134395885467529297e+01
1.924999952316284180e+00 -2.221405059099197388e-01 1.134568881988525391e+01
1.937500000000000000e+00 -1.047695398330688477e+00 1.134342288970947266e+01
1.950000047683715820e+00 -1.834891200065612793e+00 1.138348770141601562e+01
1.962499976158142090e+00 -2.612704992294311523e+00 1.140417098999023438e+01
1.975000023841857910e+00 -3.352748155593872070e+00 1.139979648590087891e+01
1.987499952316284180e+00 -4.020769596099853516e+00 1.141670799255371094e+01
2.000000000000000000e+00 -4.618055343627929688e+00 1.144865512847900391e+01
