0.000000000000000000e+00 6.212457656860351562e+00 8.837385177612304688e+00
1.250000018626451492e-02 6.264938354492187500e+00 8.788331031799316406e+00
2.500000037252902985e-02 6.209664344787597656e+00 8.796381950378417969e+00
3.750000149011611938e-02 6.039351940155029297e+00 8.846216201782226562e+00
5.000000074505805969e-02 5.756958961486816406e+00 8.920805931091308594e+00
6.250000000000000000e-02 5.379032611846923828e+00 9.053825378417968750e+00
7.500000298023223877e-02 4.908136844635009766e+00 9.264328002929687500e+00
8.749999850988388062e-02 4.343585491180419922e+00 9.514085769653320312e+00
1.000000014901161194e-01 3.718062639236450195e+00 9.807693481445312500e+00
1.124999970197677612e-01 3.066114664077758789e+00 1.022425746917724609e+01
1.250000000000000000e-01 2.358699083328247070e+00 1.074542331695556641e+01
1.375000029802322388e-01 1.540102958679199219e+00 1.117255020141601562e+01
1.500000059604644775e-01 6.346942186355590820e-01 1.134590435028076172e+01
1.624999940395355225e-01 -2.578048706054687500e-01 1.134443855285644531e+01
1.749999970197677612e-01 -1.082673430442810059e+00 1.134435176849365234e+01
1.875000000000000000e-01 -1.870997786521911621e+00 1.138505077362060547e+01
2.000000029802322388e-01 -2.649740934371948242e+00 1.140396404266357422e+01
2.125000059604644775e-01 -3.388404369354248047e+00 1.139968109130859375e+01
2.249999940395355225e-01 -4.053991317749023438e+00 1.141821861267089844e+01
2.374999970197677612e-01 -4.649014949798583984e+00 1.144982337951660156e+01
2.500000000000000000e-01 -5.172356128692626953e+00 1.145992565155029297e+01
2.624999880790710449e-01 -5.599331378936767578e+00 1.146537494659423828e+01
2.750000059604644775e-01 -5.917542457580566406e+00 1.149182701110839844e+01
2.874999940395355225e-01 -6.135649204254150391e+00 1.151718044281005859e+01
3.000000119209289551e-01 -6.250007629394531250e+00 1.152317810058593750e+01
3.125000000000000000e-01 -6.244967937469482422e+00 1.153520679473876953e+01
3.249999880790710449e-01 -6.124030590057373047e+00 1.156369113922119141e+01
3.375000059604644775e-01 -5.901731491088867188e+00 1.158012104034423828e+01
3.499999940395355225e-01 -5.575152397155761719e+00 1.158120250701904297e+01
3.625000119209289551e-01 -5.139432430267333984e+00 1.159676742553710938e+01
3.750000000000000000e-01 -4.612759590148925781e+00 1.162120151519775391e+01
3.874999880790710449e-01 -4.012882232666015625e+00 1.162301731109619141e+01
4.000000059604644775e-01 -3.336116552352905273e+00 1.161720466613769531e+01
4.124999940395355225e-01 -2.589432001113891602e+00 1.163507461547851562e+01
4.250000119209289551e-01 -1.804925441741943359e+00 1.164780330657958984e+01
4.375000000000000000e-01 -9.934486746788024902e-01 1.162435340881347656e+01
4.499999880790710449e-01 -1.357107013463973999e-01 1.161646270751953125e+01
4.625000059604644775e-01 7.454425692558288574e-01 1.165278816223144531e+01
4.749999940395355225e-01 1.565748095512390137e+00 1.159982109069824219e+01
4.875000119209289551e-01 2.280647993087768555e+00 1.128903293609619141e+01
5.000000000000000000e-01 2.947727441787719727e+00 1.075699710845947266e+01
5.124999880790710449e-01 3.635132074356079102e+00 1.021086788177490234e+01
5.249999761581420898e-01 4.319281101226806641e+00 9.781529426574707031e+00
5.375000238418579102e-01 4.924735546112060547e+00 9.451831817626953125e+00
5.500000119209289551e-01 5.416094303131103516e+00 9.193003654479980469e+00
5.625000000000000000e-01 5.798455715179443359e+00 9.017608642578125000e+00
5.749999880790710449e-01 6.069816112518310547e+00 8.909527778625488281e+00
5.874999761581420898e-01 6.222923278808593750e+00 8.830292701721191406e+00
6.000000238418579102e-01 6.264279842376708984e+00 8.786372184753417969e+00
6.125000119209289551e-01 6.197513580322265625e+00 8.800193786621093750e+00
6.250000000000000000e-01 6.015089511871337891e+00 8.852591514587402344e+00
6.374999880790710449e-01 5.722074985504150391e+00 8.931035995483398438e+00
6.499999761581420898e-01 5.334785461425781250e+00 9.072340011596679688e+00
6.625000238418579102e-01 4.853868484497070312e+00 9.289065361022949219e+00
6.750000119209289551e-01 4.280882358551025391e+00 9.541340827941894531e+00
6.875000000000000000e-01 3.651733636856079102e+00 9.843843460083007812e+00
6.999999880790710449e-01 2.996642827987670898e+00 1.027553272247314453e+01
7.124999761581420898e-01 2.279718160629272461e+00 1.079809188842773438e+01
7.250000238418579102e-01 1.449072599411010742e+00 1.120293712615966797e+01
7.375000119209289551e-01 5.400910973548889160e-01 1.135061931610107422e+01
7.500000000000000000e-01 -3.462297320365905762e-01 1.134215831756591797e+01
7.624999880790710449e-01 -1.165008664131164551e+00 1.134755325317382812e+01
7.749999761581420898e-01 -1.952084779739379883e+00 1.138888740539550781e+01
7.875000238418579102e-01 -2.728800058364868164e+00 1.140376663208007812e+01
8.000000119209289551e-01 -3.460819005966186523e+00 1.140007209777832031e+01
8.125000000000000000e-01 -4.118594646453857422e+00 1.142164134979248047e+01
8.249999880790710449e-01 -4.706758022308349609e+00 1.145207023620605469e+01
8.374999761581420898e-01 -5.221428394317626953e+00 1.146000289916992188e+01
8.500000238418579102e-01 -5.637208938598632812e+00 1.146713352203369141e+01
8.625000119209289551e-01 -5.944595336914062500e+00 1.149514579772949219e+01
8.750000000000000000e-01 -6.152565479278564453e+00 1.151853942871093750e+01
8.874999880790710449e-01 -6.255188941955566406e+00 1.152357006072998047e+01
8.999999761581420898e-01 -6.237550735473632812e+00 1.153770351409912109e+01
9.125000238418579102e-01 -6.105610370635986328e+00 1.156644725799560547e+01
9.250000119209289551e-01 -5.872999191284179688e+00 1.158049678802490234e+01
9.375000000000000000e-01 -5.535036563873291016e+00 1.158175182342529297e+01
9.499999880790710449e-01 -5.088730335235595703e+00 1.159948253631591797e+01
9.624999761581420898e-01 -4.554043292999267578e+00 1.162270832061767578e+01
9.750000238418579102e-01 -3.946592092514038086e+00 1.162201786041259766e+01
9.875000119209289551e-01 -3.261710882186889648e+00 1.161787033081054688e+01
1.000000000000000000e+00 -2.509511232376098633e+00 1.163760375976562500e+01
1.012500047683715820e+00 -1.722509145736694336e+00 1.164685916900634766e+01
1.024999976158142090e+00 -9.071319103240966797e-01 1.162143611907958984e+01
1.037500023841857910e+00 -4.454157128930091858e-02 1.161902332305908203e+01
1.049999952316284180e+00 8.346149921417236328e-01 1.165499877929687500e+01
1.062500000000000000e+00 1.644328355789184570e+00 1.158119392395019531e+01
1.075000047683715820e+00 2.350261211395263672e+00 1.124134349822998047e+01
1.087499976158142090e+00 3.017406225204467773e+00 1.069756031036376953e+01
1.100000023841857910e+00 3.707272052764892578e+00 1.016046714782714844e+01
1.112499952316284180e+00 4.386661052703857422e+00 9.743724822998046875e+00
1.125000000000000000e+00 4.980892181396484375e+00 9.421724319458007812e+00
1.137500047683715820e+00 5.460560321807861328e+00 9.170819282531738281e+00
1.149999976158142090e+00 5.831849098205566406e+00 9.004055976867675781e+00
1.162500023841857910e+00 6.091131687164306641e+00 8.900370597839355469e+00
1.174999952316284180e+00 6.232198238372802734e+00 8.823557853698730469e+00
1.187500000000000000e+00 6.262481212615966797e+00 8.785088539123535156e+00
1.200000047683715820e+00 6.184110164642333984e+00 8.804411888122558594e+00
1.212499976158142090e+00 5.989629268646240234e+00 8.859178543090820312e+00
1.225000023841857910e+00 5.686204433441162109e+00 8.941966056823730469e+00
1.237499952316284180e+00 5.289540767669677734e+00 9.091732978820800781e+00
1.250000000000000000e+00 4.798572063446044922e+00 9.314119338989257812e+00
1.262500047683715820e+00 4.217577934265136719e+00 9.569041252136230469e+00
1.274999976158142090e+00 3.585203886032104492e+00 9.881496429443359375e+00
1.287500023841857910e+00 2.926533937454223633e+00 1.032797908782958984e+01
1.299999952316284180e+00 2.199424028396606445e+00 1.084943008422851562e+01
1.312500000000000000e+00 1.357130050659179688e+00 1.123030662536621094e+01
1.325000047683715820e+00 4.457961320877075195e-01 1.135359668731689453e+01
1.337499976158142090e+00 -4.338416457176208496e-01 1.134020519256591797e+01
1.350000023841857910e+00 -1.247027993202209473e+00 1.135122680664062500e+01
1.362499952316284180e+00 -2.033127069473266602e+00 1.139234447479248047e+01
1.375000000000000000e+00 -2.807370424270629883e+00 1.140332984924316406e+01
1.387500047683715820e+00 -3.532397031784057617e+00 1.140081310272216797e+01
1.399999976158142090e+00 -4.182467460632324219e+00 1.142517471313476562e+01
1.412500023841857910e+00 -4.763743877410888672e+00 1.145400619506835938e+01
1.424999952316284180e+00 -5.269422054290771484e+00 1.146007442474365234e+01
1.437500000000000000e+00 -5.673904418945312500e+00 1.146917819976806641e+01
1.450000047683715820e+00 -5.970606327056884766e+00 1.149839973449707031e+01
1.462499976158142090e+00 -6.168366909027099609e+00 1.151964950561523438e+01
1.475000023841857910e+00 -6.259057521820068359e+00 1.152408885955810547e+01
1.487499952316284180e+00 -6.228901863098144531e+00 1.154040241241455078e+01
1.500000000000000000e+00 -6.086137771606445312e+00 1.156900596618652344e+01
1.512500047683715820e+00 -5.843139171600341797e+00 1.158069992065429688e+01
1.524999976158142090e+00 -5.493732452392578125e+00 1.158252811431884766e+01
1.537500023841857910e+00 -5.037088394165039062e+00 1.160228252410888672e+01
1.549999952316284180e+00 -4.494576930999755859e+00 1.162389469146728516e+01
1.562500000000000000e+00 -3.879456281661987305e+00 1.162096881866455078e+01
1.575000047683715820e+00 -3.186554908752441406e+00 1.161887073516845703e+01
1.587499976158142090e+00 -2.429249048233032227e+00 1.164001369476318359e+01
1.600000023841857910e+00 -1.639825582504272461e+00 1.164543628692626953e+01
1.612499952316284180e+00 -8.202559947967529297e-01 1.161879920959472656e+01
1.625000000000000000e+00 4.687307029962539673e-02 1.162218475341796875e+01
1.637500047683715820e+00 9.229901432991027832e-01 1.165605640411376953e+01
1.649999976158142090e+00 1.721686482429504395e+00 1.155948162078857422e+01
1.662500023841857910e+00 2.419465065002441406e+00 1.119131469726562500e+01
1.674999952316284180e+00 3.087435483932495117e+00 1.063831615447998047e+01
1.687500000000000000e+00 3.779340505599975586e+00 1.011150646209716797e+01
1.700000047683715820e+00 4.453073978424072266e+00 9.706909179687500000e+00
1.712499976158142090e+00 5.035787582397460938e+00 9.392327308654785156e+00
1.725000023841857910e+00 5.503886699676513672e+00 9.149582862854003906e+00
1.737499952316284180e+00 5.864048004150390625e+00 8.991199493408203125e+00
1.750000000000000000e+00 6.111163616180419922e+00 8.891439437866210938e+00
1.762500047683715820e+00 6.240296363830566406e+00 8.817224502563476562e+00
1.774999976158142090e+00 6.259534835815429688e+00 8.784480094909667969e+00
1.787500023841857910e+00 6.169446468353271484e+00 8.808992385864257812e+00
1.799999952316284180e+00 5.962992191314697266e+00 8.866003036499023438e+00
1.812500000000000000e+00 5.649360656738281250e+00 8.953653335571289062e+00
1.825000047683715820e+00 5.243285179138183594e+00 9.111968040466308594e+00
1.837499976158142090e+00 4.742269515991210938e+00 9.339445114135742188e+00
1.850000023841857910e+00 4.153733730316162109e+00 9.597279548645019531e+00
1.862499952316284180e+00 3.518471240997314453e+00 9.920728683471679688e+00
1.875000000000000000e+00 2.855704307556152344e+00 1.038141250610351562e+01
1.887500047683715820e+00 2.117794036865234375e+00 1.089915943145751953e+01
1.899999976158142090e+00 1.264387369155883789e+00 1.125465583801269531e+01
1.912500023841857910e+00 3.519172370433807373e-01 1.135508060455322266e+01
1.924999952316284180e+00 -5.206604599952697754e-01 1.133869838714599609e+01
1.937500000000000000e+00 -1.328791737556457520e+00 1.135528564453125000e+01
1.950000047683715820e+00 -2.114104270935058594e+00 1.139537715911865234e+01
1.962499976158142090e+00 -2.885395288467407227e+00 1.140272331237792969e+01
1.975000023841857910e+00 -3.603133916854858398e+00 1.140192317962646484e+01
1.987499952316284180e+00 -4.245624065399169922e+00 1.142875862121582031e+01
2.000000000000000000e+00 -4.819944858551025391e+00 1.145563125610351562e+01
