0.000000000000000000e+00 6.211936473846435547e+00 8.837652206420898438e+00
1.250000018626451492e-02 6.264663219451904297e+00 8.788385391235351562e+00
2.500000037252902985e-02 6.209136962890625000e+00 8.796480178833007812e+00
3.750000149011611938e-02 6.038027763366699219e+00 8.846479415893554688e+00
5.000000074505805969e-02 5.754387855529785156e+00 8.921403884887695312e+00
6.250000000000000000e-02 5.374872684478759766e+00 9.055325508117675781e+00
7.500000298023223877e-02 4.901919364929199219e+00 9.266925811767578125e+00
8.749999850988388062e-02 4.335042953491210938e+00 9.517531394958496094e+00
1.000000014901161194e-01 3.707553625106811523e+00 9.812959671020507812e+00
1.124999970197677612e-01 3.053674221038818359e+00 1.023285770416259766e+01
1.250000000000000000e-01 2.343022108078002930e+00 1.075551033020019531e+01
1.375000029802322388e-01 1.520096778869628906e+00 1.117903518676757812e+01
1.500000059604644775e-01 6.116769909858703613e-01 1.134679508209228516e+01
1.624999940395355225e-01 -2.814268171787261963e-01 1.134343338012695312e+01
1.749999970197677612e-01 -1.106496095657348633e+00 1.134486007690429688e+01
1.875000000000000000e-01 -1.896178245544433594e+00 1.138593387603759766e+01
2.000000029802322388e-01 -2.676031112670898438e+00 1.140361976623535156e+01
2.125000059604644775e-01 -3.414103031158447266e+00 1.139949703216552734e+01
2.249999940395355225e-01 -4.078309059143066406e+00 1.141921615600585938e+01
2.374999970197677612e-01 -4.671979904174804688e+00 1.145050811767578125e+01
2.500000000000000000e-01 -5.192951679229736328e+00 1.145975875854492188e+01
2.624999880790710449e-01 -5.616049766540527344e+00 1.146594905853271484e+01
2.750000059604644775e-01 -5.930019855499267578e+00 1.149322891235351562e+01
2.874999940395355225e-01 -6.143757343292236328e+00 1.151776599884033203e+01
3.000000119209289551e-01 -6.252514362335205078e+00 1.152330493927001953e+01
3.125000000000000000e-01 -6.240871906280517578e+00 1.153648185729980469e+01
3.249999880790710449e-01 -6.113634109497070312e+00 1.156523895263671875e+01
3.375000059604644775e-01 -5.884974479675292969e+00 1.158040237426757812e+01
3.499999940395355225e-01 -5.550952911376953125e+00 1.158159446716308594e+01
3.625000119209289551e-01 -5.107750892639160156e+00 1.159855365753173828e+01
3.750000000000000000e-01 -4.574777126312255859e+00 1.162233829498291016e+01
3.874999880790710449e-01 -3.968573331832885742e+00 1.162253475189208984e+01
4.000000059604644775e-01 -3.284771203994750977e+00 1.161783885955810547e+01
4.124999940395355225e-01 -2.532503128051757812e+00 1.163709449768066406e+01
4.250000119209289551e-01 -1.744402050971984863e+00 1.164738368988037109e+01
4.375000000000000000e-01 -9.281989336013793945e-01 1.162240409851074219e+01
4.499999880790710449e-01 -6.477074325084686279e-02 1.161870288848876953e+01
4.625000059604644775e-01 8.168961405754089355e-01 1.165489768981933594e+01
4.749999940395355225e-01 1.630514264106750488e+00 1.158495998382568359e+01
4.875000119209289551e-01 2.339460372924804688e+00 1.124926662445068359e+01
5.000000000000000000e-01 3.007914543151855469e+00 1.070602226257324219e+01
5.124999880790710449e-01 3.698883533477783203e+00 1.016663932800292969e+01
5.249999761581420898e-01 4.380253314971923828e+00 9.747607231140136719e+00
5.375000238418579102e-01 4.976773738861083984e+00 9.424110412597656250e+00
5.500000119209289551e-01 5.458277225494384766e+00 9.172060966491699219e+00
5.625000000000000000e-01 5.830840587615966797e+00 9.004555702209472656e+00
5.749999880790710449e-01 6.090864181518554688e+00 8.900520324707031250e+00
5.874999761581420898e-01 6.232119083404541016e+00 8.823504447937011719e+00
6.000000238418579102e-01 6.262099266052246094e+00 8.785092353820800781e+00
6.125000119209289551e-01 6.182896137237548828e+00 8.804719924926757812e+00
6.250000000000000000e-01 5.987025737762451172e+00 8.859751701354980469e+00
6.374999880790710449e-01 5.681867599487304688e+00 8.943157196044921875e+00
6.499999761581420898e-01 5.283151626586914062e+00 9.094275474548339844e+00
6.625000238418579102e-01 4.789623737335205078e+00 9.317914962768554688e+00
6.750000119209289551e-01 4.206023216247558594e+00 9.573851585388183594e+00
6.875000000000000000e-01 3.571650743484497070e+00 9.888936996459960938e+00
6.999999880790710449e-01 2.910725116729736328e+00 1.033934116363525391e+01
7.124999761581420898e-01 2.179610252380371094e+00 1.086121654510498047e+01
7.250000238418579102e-01 1.332584142684936523e+00 1.123659420013427734e+01
7.375000119209289551e-01 4.187040925025939941e-01 1.135375213623046875e+01
7.500000000000000000e-01 -4.609484970569610596e-01 1.133931446075439453e+01
7.624999880790710449e-01 -1.274336457252502441e+00 1.135217952728271484e+01
7.749999761581420898e-01 -2.061894178390502930e+00 1.139313411712646484e+01
7.875000238418579102e-01 -2.836822032928466797e+00 1.140281486511230469e+01
8.000000119209289551e-01 -3.560671806335449219e+00 1.140092849731445312e+01
8.125000000000000000e-01 -4.209061622619628906e+00 1.142641162872314453e+01
8.249999880790710449e-01 -4.788611888885498047e+00 1.145452690124511719e+01
8.374999761581420898e-01 -5.291204452514648438e+00 1.145992469787597656e+01
8.500000238418579102e-01 -5.691167354583740234e+00 1.147011089324951172e+01
8.625000119209289551e-01 -5.983227729797363281e+00 1.149987888336181641e+01
8.750000000000000000e-01 -6.176033973693847656e+00 1.152004623413085938e+01
8.874999880790710449e-01 -6.260334491729736328e+00 1.152439403533935547e+01
8.999999761581420898e-01 -6.223055362701416016e+00 1.154201698303222656e+01
9.125000238418579102e-01 -6.073649883270263672e+00 1.157043743133544922e+01
9.250000119209289551e-01 -5.823680877685546875e+00 1.158080863952636719e+01
9.375000000000000000e-01 -5.466207027435302734e+00 1.158325481414794922e+01
9.499999880790710449e-01 -5.001892089843750000e+00 1.160428524017333984e+01
9.624999761581420898e-01 -4.452924251556396484e+00 1.162465858459472656e+01
9.750000238418579102e-01 -3.830966711044311523e+00 1.162041091918945312e+01
9.875000119209289551e-01 -3.130792379379272461e+00 1.162002944946289062e+01
1.000000000000000000e+00 -2.368242263793945312e+00 1.164192485809326172e+01
1.012500047683715820e+00 -1.575176477432250977e+00 1.164425182342529297e+01
1.024999976158142090e+00 -7.502326369285583496e-01 1.161724567413330078e+01
1.037500023841857910e+00 1.222456693649291992e-01 1.162547492980957031e+01
1.049999952316284180e+00 9.970178008079528809e-01 1.165610790252685547e+01
1.062500000000000000e+00 1.787860035896301270e+00 1.153834438323974609e+01
1.075000047683715820e+00 2.480722188949584961e+00 1.114543342590332031e+01
1.087499976158142090e+00 3.151358604431152344e+00 1.058525371551513672e+01
1.100000023841857910e+00 3.846081018447875977e+00 1.006773281097412109e+01
1.112499952316284180e+00 4.515140056610107422e+00 9.673111915588378906e+00
1.125000000000000000e+00 5.087874889373779297e+00 9.364644050598144531e+00
1.137500047683715820e+00 5.545779228210449219e+00 9.129552841186523438e+00
1.149999976158142090e+00 5.895449638366699219e+00 8.978904724121093750e+00
1.162500023841857910e+00 6.130459308624267578e+00 8.882469177246093750e+00
1.174999952316284180e+00 6.247380256652832031e+00 8.811038017272949219e+00
1.187500000000000000e+00 6.254732608795166016e+00 8.784614562988281250e+00
1.200000047683715820e+00 6.151386260986328125e+00 8.814461708068847656e+00
1.212499976158142090e+00 5.931113719940185547e+00 8.874037742614746094e+00
1.225000023841857910e+00 5.605279922485351562e+00 8.968092918395996094e+00
1.237499952316284180e+00 5.187198638916015625e+00 9.136709213256835938e+00
1.250000000000000000e+00 4.673141956329345703e+00 9.370020866394042969e+00
1.262500047683715820e+00 4.074788570404052734e+00 9.632502555847167969e+00
1.274999976158142090e+00 3.434885263442993164e+00 9.971541404724121094e+00
1.287500023841857910e+00 2.764684438705444336e+00 1.044973754882812500e+01
1.299999952316284180e+00 2.010612249374389648e+00 1.095994472503662109e+01
1.312500000000000000e+00 1.141859531402587891e+00 1.128159332275390625e+01
1.325000047683715820e+00 2.275782823562622070e-01 1.135475635528564453e+01
1.337499976158142090e+00 -6.371977925300598145e-01 1.133716487884521484e+01
1.350000023841857910e+00 -1.441178321838378906e+00 1.136097812652587891e+01
1.362499952316284180e+00 -2.227290391921997070e+00 1.139851951599121094e+01
1.375000000000000000e+00 -2.995251417160034180e+00 1.140141963958740234e+01
1.387500047683715820e+00 -3.703729391098022461e+00 1.140391159057617188e+01
1.399999976158142090e+00 -4.336835861206054688e+00 1.143371486663818359e+01
1.412500023841857910e+00 -4.901909828186035156e+00 1.145725917816162109e+01
1.424999952316284180e+00 -5.384782791137695312e+00 1.146037769317626953e+01
1.437500000000000000e+00 -5.761415004730224609e+00 1.147537231445312500e+01
1.450000047683715820e+00 -6.032116413116455078e+00 1.150597763061523438e+01
1.462499976158142090e+00 -6.203503131866455078e+00 1.152143764495849609e+01
1.475000023841857910e+00 -6.262628555297851562e+00 1.152624034881591797e+01
1.487499952316284180e+00 -6.200240612030029297e+00 1.154817199707031250e+01
1.500000000000000000e+00 -6.029290676116943359e+00 1.157462787628173828e+01
1.512500047683715820e+00 -5.757566452026367188e+00 1.158077335357666016e+01
1.524999976158142090e+00 -5.376594066619873047e+00 1.158598232269287109e+01
1.537500023841857910e+00 -4.892321109771728516e+00 1.161001968383789062e+01
1.549999952316284180e+00 -4.327916622161865234e+00 1.162560844421386719e+01
1.562500000000000000e+00 -3.689774274826049805e+00 1.161849880218505859e+01
1.575000047683715820e+00 -2.973945140838623047e+00 1.162353229522705078e+01
1.587499976158142090e+00 -2.202786684036254883e+00 1.164574527740478516e+01
1.600000023841857910e+00 -1.404626250267028809e+00 1.163941287994384766e+01
1.612499952316284180e+00 -5.698736906051635742e-01 1.161396598815917969e+01
1.625000000000000000e+00 3.095749020576477051e-01 1.163399314880371094e+01
1.637500047683715820e+00 1.173087239265441895e+00 1.165055370330810547e+01
1.649999976158142090e+00 1.940436601638793945e+00 1.147843837738037109e+01
1.662500023841857910e+00 2.621135473251342773e+00 1.103373622894287109e+01
1.674999952316284180e+00 3.296307325363159180e+00 1.046701049804687500e+01
1.687500000000000000e+00 3.992202758789062500e+00 9.974784851074218750e+00
1.700000047683715820e+00 4.645486831665039062e+00 9.602258682250976562e+00
1.712499976158142090e+00 5.193775653839111328e+00 9.308318138122558594e+00
1.725000023841857910e+00 5.628551006317138672e+00 9.091033935546875000e+00
1.737499952316284180e+00 5.954935073852539062e+00 8.955667495727539062e+00
1.750000000000000000e+00 6.164731502532958984e+00 8.865274429321289062e+00
1.762500047683715820e+00 6.257819652557373047e+00 8.800628662109375000e+00
1.774999976158142090e+00 6.242471694946289062e+00 8.786851882934570312e+00
1.787500023841857910e+00 6.114580154418945312e+00 8.825369834899902344e+00
1.799999952316284180e+00 5.870491027832031250e+00 8.889660835266113281e+00
1.812500000000000000e+00 5.524685859680175781e+00 8.996602058410644531e+00
1.825000047683715820e+00 5.086912155151367188e+00 9.182182312011718750e+00
1.837499976158142090e+00 4.552741527557373047e+00 9.423012733459472656e+00
1.850000023841857910e+00 3.941830158233642578e+00 9.694415092468261719e+00
1.862499952316284180e+00 3.297083377838134766e+00 1.006109619140625000e+01
1.875000000000000000e+00 2.614827394485473633e+00 1.056211090087890625e+01
1.887500047683715820e+00 1.836056113243103027e+00 1.104957103729248047e+01
1.899999976158142090e+00 9.489935636520385742e-01 1.131456565856933594e+01
1.912500023841857910e+00 3.904566913843154907e-02 1.135189151763916016e+01
1.924999952316284180e+00 -8.105071783065795898e-01 1.133760643005371094e+01
1.937500000000000000e+00 -1.607448577880859375e+00 1.137042331695556641e+01
1.950000047683715820e+00 -2.392064332962036133e+00 1.140193653106689453e+01
1.962499976158142090e+00 -3.150891304016113281e+00 1.140006256103515625e+01
1.975000023841857910e+00 -3.843322277069091797e+00 1.140842628479003906e+01
1.987499952316284180e+00 -4.461701869964599609e+00 1.144062614440917969e+01
2.000000000000000000e+00 -5.011599063873291016e+00 1.145884227752685547e+01
