0.000000000000000000e+00 6.211414813995361328e+00 8.838030815124511719e+00
1.250000018626451492e-02 6.264388561248779297e+00 8.788550376892089844e+00
2.500000037252902985e-02 6.208609104156494141e+00 8.796689033508300781e+00
3.750000149011611938e-02 6.036701679229736328e+00 8.846851348876953125e+00
5.000000074505805969e-02 5.751812458038330078e+00 8.922114372253417969e+00
6.250000000000000000e-02 5.370705127716064453e+00 9.056941986083984375e+00
7.500000298023223877e-02 4.895689487457275391e+00 9.269634246826171875e+00
8.749999850988388062e-02 4.326488494873046875e+00 9.521088600158691406e+00
1.000000014901161194e-01 3.697040557861328125e+00 9.818358421325683594e+00
1.124999970197677612e-01 3.041219949722290039e+00 1.024159717559814453e+01
1.250000000000000000e-01 2.327299594879150391e+00 1.076565361022949219e+01
1.375000029802322388e-01 1.500043630599975586e+00 1.118547725677490234e+01
1.500000059604644775e-01 5.886685252189636230e-01 1.134767532348632812e+01
1.624999940395355225e-01 -3.049954473972320557e-01 1.134254169464111328e+01
1.749999970197677612e-01 -1.130288004875183105e+00 1.134550762176513672e+01
1.875000000000000000e-01 -1.921351194381713867e+00 1.138688087463378906e+01
2.000000029802322388e-01 -2.702268838882446289e+00 1.140334033966064453e+01
2.125000059604644775e-01 -3.439695835113525391e+00 1.139944744110107422e+01
2.249999940395355225e-01 -4.102519035339355469e+00 1.142032814025878906e+01
2.374999970197677612e-01 -4.694823265075683594e+00 1.145123958587646484e+01
2.500000000000000000e-01 -5.213357448577880859e+00 1.145968055725097656e+01
2.624999880790710449e-01 -5.632534027099609375e+00 1.146667194366455078e+01
2.750000059604644775e-01 -5.942267894744873047e+00 1.149471569061279297e+01
2.874999940395355225e-01 -6.151600360870361328e+00 1.151838684082031250e+01
3.000000119209289551e-01 -6.254681587219238281e+00 1.152355480194091797e+01
3.125000000000000000e-01 -6.236423969268798828e+00 1.153791236877441406e+01
3.249999880790710449e-01 -6.102911949157714844e+00 1.156682777404785156e+01
3.375000059604644775e-01 -5.867844581604003906e+00 1.158071994781494141e+01
3.499999940395355225e-01 -5.526328086853027344e+00 1.158216094970703125e+01
3.625000119209289551e-01 -5.075703620910644531e+00 1.160047531127929688e+01
3.750000000000000000e-01 -4.536484718322753906e+00 1.162344360351562500e+01
3.874999880790710449e-01 -3.923894166946411133e+00 1.162212371826171875e+01
4.000000059604644775e-01 -3.233070135116577148e+00 1.161872959136962891e+01
4.124999940395355225e-01 -2.475400209426879883e+00 1.163916206359863281e+01
4.250000119209289551e-01 -1.683740854263305664e+00 1.164680671691894531e+01
4.375000000000000000e-01 -8.626365661621093750e-01 1.162070846557617188e+01
4.499999880790710449e-01 6.327089853584766388e-03 1.162141418457031250e+01
4.625000059604644775e-01 8.878559470176696777e-01 1.165639305114746094e+01
4.749999940395355225e-01 1.694448471069335938e+00 1.156813430786132812e+01
4.875000119209289551e-01 2.397946119308471680e+00 1.120794486999511719e+01
5.000000000000000000e-01 3.068326473236083984e+00 1.065530586242675781e+01
5.124999880790710449e-01 3.762561321258544922e+00 1.012365245819091797e+01
5.249999761581420898e-01 4.440428256988525391e+00 9.714589118957519531e+00
5.375000238418579102e-01 5.027729034423828125e+00 9.397085189819335938e+00
5.500000119209289551e-01 5.499433040618896484e+00 9.152074813842773438e+00
5.625000000000000000e-01 5.862089157104492188e+00 8.992266654968261719e+00
5.749999880790710449e-01 6.110629081726074219e+00 8.891836166381835938e+00
5.874999761581420898e-01 6.240083694458007812e+00 8.817234992980957031e+00
6.000000238418579102e-01 6.258666515350341797e+00 8.784651756286621094e+00
6.125000119209289551e-01 6.166843414306640625e+00 8.809757232666015625e+00
6.250000000000000000e-01 5.957567214965820312e+00 8.867298126220703125e+00
6.374999880790710449e-01 5.640460491180419922e+00 8.956318855285644531e+00
6.499999761581420898e-01 5.230222702026367188e+00 9.117385864257812500e+00
6.625000238418579102e-01 4.724045753479003906e+00 9.347219467163085938e+00
6.750000119209289551e-01 4.130431175231933594e+00 9.607220649719238281e+00
6.875000000000000000e-01 3.491285324096679688e+00 9.936386108398437500e+00
6.999999880790710449e-01 2.823736190795898438e+00 1.040462303161621094e+01
7.124999761581420898e-01 2.077465057373046875e+00 1.092184638977050781e+01
7.250000238418579102e-01 1.214867591857910156e+00 1.126553916931152344e+01
7.375000119209289551e-01 2.980313897132873535e-01 1.135463809967041016e+01
7.500000000000000000e-01 -5.743360519409179688e-01 1.133738994598388672e+01
7.624999880790710449e-01 -1.383232235908508301e+00 1.135753440856933594e+01
7.749999761581420898e-01 -2.171546459197998047e+00 1.139668178558349609e+01
7.875000238418579102e-01 -2.943760156631469727e+00 1.140169620513916016e+01
8.000000119209289551e-01 -3.658869504928588867e+00 1.140261077880859375e+01
8.125000000000000000e-01 -4.298075199127197266e+00 1.143133163452148438e+01
8.249999880790710449e-01 -4.868791103363037109e+00 1.145644283294677734e+01
8.374999761581420898e-01 -5.358570098876953125e+00 1.146009731292724609e+01
8.500000238418579102e-01 -5.742538928985595703e+00 1.147376918792724609e+01
8.625000119209289551e-01 -6.019494533538818359e+00 1.150440979003906250e+01
8.750000000000000000e-01 -6.196794986724853516e+00 1.152115821838378906e+01
8.874999880790710449e-01 -6.262283325195312500e+00 1.152576160430908203e+01
8.999999761581420898e-01 -6.205585002899169922e+00 1.154680061340332031e+01
9.125000238418579102e-01 -6.039010524749755859e+00 1.157391357421875000e+01
9.250000119209289551e-01 -5.771331310272216797e+00 1.158095169067382812e+01
9.375000000000000000e-01 -5.394237041473388672e+00 1.158555412292480469e+01
9.499999880790710449e-01 -4.912594318389892578e+00 1.160918903350830078e+01
9.624999761581420898e-01 -4.349658489227294922e+00 1.162577915191650391e+01
9.750000238418579102e-01 -3.712840080261230469e+00 1.161906433105468750e+01
9.875000119209289551e-01 -2.997825145721435547e+00 1.162323379516601562e+01
1.000000000000000000e+00 -2.226102828979492188e+00 1.164559745788574219e+01
1.012500047683715820e+00 -1.426850795745849609e+00 1.164046478271484375e+01
1.024999976158142090e+00 -5.914877057075500488e-01 1.161463165283203125e+01
1.037500023841857910e+00 2.892796695232391357e-01 1.163340854644775391e+01
1.049999952316284180e+00 1.156127214431762695e+00 1.165179252624511719e+01
1.062500000000000000e+00 1.927400827407836914e+00 1.148453903198242188e+01
1.075000047683715820e+00 2.610400676727294922e+00 1.104298973083496094e+01
1.087499976158142090e+00 3.286546707153320312e+00 1.047532272338867188e+01
1.100000023841857910e+00 3.983880281448364258e+00 9.980422019958496094e+00
1.112499952316284180e+00 4.639471054077148438e+00 9.605874061584472656e+00
1.125000000000000000e+00 5.190024852752685547e+00 9.310551643371582031e+00
1.137500047683715820e+00 5.626497745513916016e+00 9.092180252075195312e+00
1.149999976158142090e+00 5.954046249389648438e+00 8.956200599670410156e+00
1.162500023841857910e+00 6.164463043212890625e+00 8.865509033203125000e+00
1.174999952316284180e+00 6.257632732391357422e+00 8.800708770751953125e+00
1.187500000000000000e+00 6.241875171661376953e+00 8.787070274353027344e+00
1.200000047683715820e+00 6.113013744354248047e+00 8.825851440429687500e+00
1.212499976158142090e+00 5.867465019226074219e+00 8.890444755554199219e+00
1.225000023841857910e+00 5.519903182983398438e+00 8.998279571533203125e+00
1.237499952316284180e+00 5.079950809478759766e+00 9.185230255126953125e+00
1.250000000000000000e+00 4.543183803558349609e+00 9.427046775817871094e+00
1.262500047683715820e+00 3.929965496063232422e+00 9.699883460998535156e+00
1.274999976158142090e+00 3.283342838287353516e+00 1.006998443603515625e+01
1.287500023841857910e+00 2.598212480545043945e+00 1.057396125793457031e+01
1.299999952316284180e+00 1.814901709556579590e+00 1.105916309356689453e+01
1.312500000000000000e+00 9.238538742065429688e-01 1.131766891479492188e+01
1.325000047683715820e+00 1.268523000180721283e-02 1.135100173950195312e+01
1.337499976158142090e+00 -8.366784453392028809e-01 1.133764934539794922e+01
1.350000023841857910e+00 -1.634525537490844727e+00 1.137170600891113281e+01
1.362499952316284180e+00 -2.420558452606201172e+00 1.140210533142089844e+01
1.375000000000000000e+00 -3.179205179214477539e+00 1.139966773986816406e+01
1.387500047683715820e+00 -3.870097398757934570e+00 1.140928459167480469e+01
1.399999976158142090e+00 -4.486941337585449219e+00 1.144179248809814453e+01
1.412500023841857910e+00 -5.034708023071289062e+00 1.145893287658691406e+01
1.424999952316284180e+00 -5.492819309234619141e+00 1.146181392669677734e+01
1.437500000000000000e+00 -5.841637134552001953e+00 1.148299980163574219e+01
1.450000047683715820e+00 -6.086867332458496094e+00 1.151232910156250000e+01
1.462499976158142090e+00 -6.230665206909179688e+00 1.152240467071533203e+01
1.475000023841857910e+00 -6.257279872894287109e+00 1.153006649017333984e+01
1.487499952316284180e+00 -6.163678646087646484e+00 1.155648136138916016e+01
1.500000000000000000e+00 -5.965081214904785156e+00 1.157847976684570312e+01
1.512500047683715820e+00 -5.663612365722656250e+00 1.158088779449462891e+01
1.524999976158142090e+00 -5.251368045806884766e+00 1.159140396118164062e+01
1.537500023841857910e+00 -4.741441249847412109e+00 1.161709499359130859e+01
1.549999952316284180e+00 -4.155503749847412109e+00 1.162518787384033203e+01
1.562500000000000000e+00 -3.493597269058227539e+00 1.161737918853759766e+01
1.575000047683715820e+00 -2.756736278533935547e+00 1.163019084930419922e+01
1.587499976158142090e+00 -1.974426627159118652e+00 1.164872360229492188e+01
1.600000023841857910e+00 -1.166371941566467285e+00 1.163131618499755859e+01
1.612499952316284180e+00 -3.150661587715148926e-01 1.161407852172851562e+01
1.625000000000000000e+00 5.710924863815307617e-01 1.164680671691894531e+01
1.637500047683715820e+00 1.413885593414306641e+00 1.162755775451660156e+01
1.649999976158142090e+00 2.150707483291625977e+00 1.137095546722412109e+01
1.662500023841857910e+00 2.822694540023803711e+00 1.086488914489746094e+01
1.674999952316284180e+00 3.507772207260131836e+00 1.030422210693359375e+01
1.687500000000000000e+00 4.200915813446044922e+00 9.850099563598632812e+00
1.700000047683715820e+00 4.827346801757812500e+00 9.504629135131835938e+00
1.712499976158142090e+00 5.340707302093505859e+00 9.231733322143554688e+00
1.725000023841857910e+00 5.742721080780029297e+00 9.041122436523437500e+00
1.737499952316284180e+00 6.034053325653076172e+00 8.924524307250976562e+00
1.750000000000000000e+00 6.206337928771972656e+00 8.841308593750000000e+00
1.762500047683715820e+00 6.264316082000732422e+00 8.789642333984375000e+00
1.774999976158142090e+00 6.213648796081542969e+00 8.795125961303710938e+00
1.787500023841857910e+00 6.047174930572509766e+00 8.844070434570312500e+00
1.799999952316284180e+00 5.767100334167480469e+00 8.917731285095214844e+00
1.812500000000000000e+00 5.390186786651611328e+00 9.048910140991210938e+00
1.825000047683715820e+00 4.919645786285400391e+00 9.258687973022460938e+00
1.837499976158142090e+00 4.354308128356933594e+00 9.509023666381835938e+00
1.850000023841857910e+00 3.726567029953002930e+00 9.802523612976074219e+00
1.862499952316284180e+00 3.072080612182617188e+00 1.021896266937255859e+01
1.875000000000000000e+00 2.362305164337158203e+00 1.074201297760009766e+01
1.887500047683715820e+00 1.540495634078979492e+00 1.117155265808105469e+01
1.899999976158142090e+00 6.308722496032714844e-01 1.134537315368652344e+01
1.912500023841857910e+00 -2.655019760131835938e-01 1.134357833862304688e+01
1.924999952316284180e+00 -1.093565464019775391e+00 1.134411239624023438e+01
1.937500000000000000e+00 -1.885210514068603516e+00 1.138515090942382812e+01
1.950000047683715820e+00 -2.667018890380859375e+00 1.140341854095458984e+01
1.962499976158142090e+00 -3.407413721084594727e+00 1.139927387237548828e+01
1.975000023841857910e+00 -4.073736190795898438e+00 1.141879844665527344e+01
1.987499952316284180e+00 -4.669112682342529297e+00 1.145024490356445312e+01
2.000000000000000000e+00 -5.191541671752929688e+00 1.145964431762695312e+01
