0.000000000000000000e+00 6.210902690887451172e+00 8.838398933410644531e+00
1.250000018626451492e-02 6.264124393463134766e+00 8.788704872131347656e+00
2.500000037252902985e-02 6.208091259002685547e+00 8.796887397766113281e+00
3.750000149011611938e-02 6.035383224487304688e+00 8.847214698791503906e+00
5.000000074505805969e-02 5.749241828918457031e+00 8.922817230224609375e+00
6.250000000000000000e-02 5.366539001464843750e+00 9.058555603027343750e+00
7.500000298023223877e-02 4.889454841613769531e+00 9.272338867187500000e+00
8.749999850988388062e-02 4.317929267883300781e+00 9.524643898010253906e+00
1.000000014901161194e-01 3.686528444290161133e+00 9.823782920837402344e+00
1.124999970197677612e-01 3.028755426406860352e+00 1.025036621093750000e+01
1.250000000000000000e-01 2.311534404754638672e+00 1.077574729919433594e+01
1.375000029802322388e-01 1.479946017265319824e+00 1.119177532196044922e+01
1.500000059604644775e-01 5.656703710556030273e-01 1.134844970703125000e+01
1.624999940395355225e-01 -3.285121917724609375e-01 1.134167194366455078e+01
1.749999970197677612e-01 -1.154052972793579102e+00 1.134620094299316406e+01
1.875000000000000000e-01 -1.946519851684570312e+00 1.138780021667480469e+01
2.000000029802322388e-01 -2.728456974029541016e+00 1.140303897857666016e+01
2.125000059604644775e-01 -3.465188264846801758e+00 1.139944744110107422e+01
2.249999940395355225e-01 -4.126628398895263672e+00 1.142146682739257812e+01
2.374999970197677612e-01 -4.717550754547119141e+00 1.145193386077880859e+01
2.500000000000000000e-01 -5.233580112457275391e+00 1.145961189270019531e+01
2.624999880790710449e-01 -5.648793220520019531e+00 1.146746253967285156e+01
2.750000059604644775e-01 -5.954296588897705078e+00 1.149620246887207031e+01
2.874999940395355225e-01 -6.159186363220214844e+00 1.151896286010742188e+01
3.000000119209289551e-01 -6.256516456604003906e+00 1.152385330200195312e+01
3.125000000000000000e-01 -6.231637477874755859e+00 1.153941154479980469e+01
3.249999880790710449e-01 -6.091875076293945312e+00 1.156836891174316406e+01
3.375000059604644775e-01 -5.850348472595214844e+00 1.158099746704101562e+01
3.499999940395355225e-01 -5.501288414001464844e+00 1.158282470703125000e+01
3.625000119209289551e-01 -5.043306350708007812e+00 1.160243415832519531e+01
3.750000000000000000e-01 -4.497889041900634766e+00 1.162442588806152344e+01
3.874999880790710449e-01 -3.878847837448120117e+00 1.162171077728271484e+01
4.000000059604644775e-01 -3.181029796600341797e+00 1.161978530883789062e+01
4.124999940395355225e-01 -2.418139457702636719e+00 1.164115524291992188e+01
4.250000119209289551e-01 -1.622934937477111816e+00 1.164598846435546875e+01
4.375000000000000000e-01 -7.967563867568969727e-01 1.161921119689941406e+01
4.499999880790710449e-01 7.754299789667129517e-02 1.162445831298828125e+01
4.625000059604644775e-01 9.582722783088684082e-01 1.165704250335693359e+01
4.749999940395355225e-01 1.757570028305053711e+00 1.154919528961181641e+01
4.875000119209289551e-01 2.456174373626708984e+00 1.116509819030761719e+01
5.000000000000000000e-01 3.128979206085205078e+00 1.060488224029541016e+01
5.124999880790710449e-01 3.826108932495117188e+00 1.008179378509521484e+01
5.249999761581420898e-01 4.499764919281005859e+00 9.682312011718750000e+00
5.375000238418579102e-01 5.077615737915039062e+00 9.370653152465820312e+00
5.500000119209289551e-01 5.539576053619384766e+00 9.132935523986816406e+00
5.625000000000000000e-01 5.892196178436279297e+00 8.980568885803222656e+00
5.749999880790710449e-01 6.129123687744140625e+00 8.883339881896972656e+00
5.874999761581420898e-01 6.246841907501220703e+00 8.811411857604980469e+00
6.000000238418579102e-01 6.253980636596679688e+00 8.784921646118164062e+00
6.125000119209289551e-01 6.149360656738281250e+00 8.815135002136230469e+00
6.250000000000000000e-01 5.926753044128417969e+00 8.875153541564941406e+00
6.374999880790710449e-01 5.597875118255615234e+00 8.970470428466796875e+00
6.499999761581420898e-01 5.175989627838134766e+00 9.141484260559082031e+00
6.625000238418579102e-01 4.657184600830078125e+00 9.376812934875488281e+00
6.750000119209289551e-01 4.054209232330322266e+00 9.641504287719726562e+00
6.875000000000000000e-01 3.410619258880615234e+00 9.986164093017578125e+00
6.999999880790710449e-01 2.735527276992797852e+00 1.047087669372558594e+01
7.124999761581420898e-01 1.973276734352111816e+00 1.097938823699951172e+01
7.250000238418579102e-01 1.096167087554931641e+00 1.128977394104003906e+01
7.375000119209289551e-01 1.782675236463546753e-01 1.135370063781738281e+01
7.500000000000000000e-01 -6.864696741104125977e-01 1.133647537231445312e+01
7.624999880790710449e-01 -1.491819262504577637e+00 1.136330032348632812e+01
7.749999761581420898e-01 -2.280964374542236328e+00 1.139938545227050781e+01
7.875000238418579102e-01 -3.049486637115478516e+00 1.140051555633544922e+01
8.000000119209289551e-01 -3.755429029464721680e+00 1.140503692626953125e+01
8.125000000000000000e-01 -4.385669708251953125e+00 1.143614768981933594e+01
8.249999880790710449e-01 -4.947210788726806641e+00 1.145777702331542969e+01
8.374999761581420898e-01 -5.423465251922607422e+00 1.146058845520019531e+01
8.500000238418579102e-01 -5.791380882263183594e+00 1.147794818878173828e+01
8.625000119209289551e-01 -6.053410530090332031e+00 1.150852966308593750e+01
8.750000000000000000e-01 -6.214773654937744141e+00 1.152191543579101562e+01
8.874999880790710449e-01 -6.261043071746826172e+00 1.152769279479980469e+01
8.999999761581420898e-01 -6.185239315032958984e+00 1.155181217193603516e+01
9.125000238418579102e-01 -6.001694202423095703e+00 1.157672691345214844e+01
9.250000119209289551e-01 -5.715903282165527344e+00 1.158103847503662109e+01
9.375000000000000000e-01 -5.319225788116455078e+00 1.158857822418212891e+01
9.499999880790710449e-01 -4.820972442626953125e+00 1.161386775970458984e+01
9.624999761581420898e-01 -4.244218349456787109e+00 1.162603187561035156e+01
9.750000238418579102e-01 -3.592212200164794922e+00 1.161816501617431641e+01
9.875000119209289551e-01 -2.863033533096313477e+00 1.162723064422607422e+01
1.000000000000000000e+00 -2.083216905593872070e+00 1.164819145202636719e+01
1.012500047683715820e+00 -1.277349114418029785e+00 1.163574981689453125e+01
1.024999976158142090e+00 -4.309459924697875977e-01 1.161393356323242188e+01
1.037500023841857910e+00 4.559246599674224854e-01 1.164185333251953125e+01
1.049999952316284180e+00 1.311474680900573730e+00 1.164043712615966797e+01
1.062500000000000000e+00 2.063383340835571289e+00 1.141975688934326172e+01
1.075000047683715820e+00 2.739971876144409180e+00 1.093569564819335938e+01
1.087499976158142090e+00 3.422836065292358398e+00 1.036887454986572266e+01
1.100000023841857910e+00 4.119969367980957031e+00 9.898152351379394531e+00
1.112499952316284180e+00 4.759334564208984375e+00 9.541537284851074219e+00
1.125000000000000000e+00 5.287456512451171875e+00 9.259557723999023438e+00
1.137500047683715820e+00 5.702710151672363281e+00 9.058487892150878906e+00
1.149999976158142090e+00 6.007534503936767578e+00 8.935338020324707031e+00
1.162500023841857910e+00 6.193233966827392578e+00 8.849431037902832031e+00
1.174999952316284180e+00 6.263036251068115234e+00 8.792800903320312500e+00
1.187500000000000000e+00 6.223799705505371094e+00 8.792089462280273438e+00
1.200000047683715820e+00 6.069033622741699219e+00 8.838192939758300781e+00
1.212499976158142090e+00 5.798929214477539062e+00 8.908789634704589844e+00
1.225000023841857910e+00 5.430085659027099609e+00 9.032680511474609375e+00
1.237499952316284180e+00 4.967729091644287109e+00 9.236527442932128906e+00
1.250000000000000000e+00 4.409165382385253906e+00 9.485109329223632812e+00
1.262500047683715820e+00 3.783650159835815430e+00 9.772375106811523438e+00
1.274999976158142090e+00 3.130108356475830078e+00 1.017652225494384766e+01
1.287500023841857910e+00 2.426211833953857422e+00 1.069746017456054688e+01
1.299999952316284180e+00 1.612712740898132324e+00 1.114464759826660156e+01
1.312500000000000000e+00 7.047328352928161621e-01 1.134006690979003906e+01
1.325000047683715820e+00 -1.981434971094131470e-01 1.134513854980468750e+01
1.337499976158142090e+00 -1.032992482185363770e+00 1.134178733825683594e+01
1.350000023841857910e+00 -1.827502131462097168e+00 1.138200759887695312e+01
1.362499952316284180e+00 -2.612267971038818359e+00 1.140321254730224609e+01
1.375000000000000000e+00 -3.358691215515136719e+00 1.139894962310791016e+01
1.387500047683715820e+00 -4.031699657440185547e+00 1.141646194458007812e+01
1.399999976158142090e+00 -4.632769107818603516e+00 1.144860172271728516e+01
1.412500023841857910e+00 -5.161602973937988281e+00 1.145947551727294922e+01
1.424999952316284180e+00 -5.593365192413330078e+00 1.146482849121093750e+01
1.437500000000000000e+00 -5.914847373962402344e+00 1.149133110046386719e+01
1.450000047683715820e+00 -6.134740352630615234e+00 1.151702976226806641e+01
1.462499976158142090e+00 -6.249483108520507812e+00 1.152320575714111328e+01
1.475000023841857910e+00 -6.243186473846435547e+00 1.153562545776367188e+01
1.487499952316284180e+00 -6.119586467742919922e+00 1.156442832946777344e+01
1.500000000000000000e+00 -5.893347740173339844e+00 1.158055210113525391e+01
1.512500047683715820e+00 -5.561153888702392578e+00 1.158181762695312500e+01
1.524999976158142090e+00 -5.118602752685546875e+00 1.159835815429687500e+01
1.537500023841857910e+00 -4.584848403930664062e+00 1.162252521514892578e+01
1.549999952316284180e+00 -3.977097272872924805e+00 1.162321567535400391e+01
1.562500000000000000e+00 -3.291155576705932617e+00 1.161839199066162109e+01
1.575000047683715820e+00 -2.535900592803955078e+00 1.163760089874267578e+01
1.587499976158142090e+00 -1.744292140007019043e+00 1.164803218841552734e+01
1.600000023841857910e+00 -9.243028759956359863e-01 1.162303543090820312e+01
1.612499952316284180e+00 -5.666850134730339050e-02 1.161975097656250000e+01
1.625000000000000000e+00 8.287455439567565918e-01 1.165585136413574219e+01
1.637500047683715820e+00 1.644426226615905762e+00 1.158212184906005859e+01
1.649999976158142090e+00 2.354787588119506836e+00 1.123939800262451172e+01
1.662500023841857910e+00 3.026078224182128906e+00 1.069157314300537109e+01
1.674999952316284180e+00 3.720470666885375977e+00 1.015275764465332031e+01
1.687500000000000000e+00 4.403020381927490234e+00 9.735740661621093750e+00
1.700000047683715820e+00 4.998035430908203125e+00 9.413274765014648438e+00
1.712499976158142090e+00 5.476995468139648438e+00 9.163261413574218750e+00
1.725000023841857910e+00 5.846158504486083984e+00 8.998807907104492188e+00
1.737499952316284180e+00 6.101157188415527344e+00 8.896241188049316406e+00
1.750000000000000000e+00 6.236380577087402344e+00 8.820190429687500000e+00
1.762500047683715820e+00 6.259833812713623047e+00 8.784948348999023438e+00
1.774999976158142090e+00 6.172682762145996094e+00 8.807975769042968750e+00
1.787500023841857910e+00 5.967607975006103516e+00 8.864741325378417969e+00
1.799999952316284180e+00 5.653514862060546875e+00 8.952024459838867188e+00
1.812500000000000000e+00 5.245635509490966797e+00 9.110444068908691406e+00
1.825000047683715820e+00 4.741590976715087891e+00 9.339228630065917969e+00
1.837499976158142090e+00 4.148824691772460938e+00 9.598826408386230469e+00
1.850000023841857910e+00 3.508996009826660156e+00 9.925353050231933594e+00
1.862499952316284180e+00 2.841180324554443359e+00 1.039098644256591797e+01
1.875000000000000000e+00 2.096003532409667969e+00 1.091066360473632812e+01
1.887500047683715820e+00 1.233782052993774414e+00 1.126080417633056641e+01
1.899999976158142090e+00 3.148226141929626465e-01 1.135428428649902344e+01
1.912500023841857910e+00 -5.608612298965454102e-01 1.133726882934570312e+01
1.924999952316284180e+00 -1.372279405593872070e+00 1.135668373107910156e+01
1.937500000000000000e+00 -2.162417888641357422e+00 1.139616489410400391e+01
1.950000047683715820e+00 -2.936697959899902344e+00 1.140156173706054688e+01
1.962499976158142090e+00 -3.654015779495239258e+00 1.140231990814208984e+01
1.975000023841857910e+00 -4.295070648193359375e+00 1.143099689483642578e+01
1.987499952316284180e+00 -4.867289543151855469e+00 1.145628070831298828e+01
2.000000000000000000e+00 -5.358280181884765625e+00 1.146000766754150391e+01
