0.000000000000000000e+00 6.210381031036376953e+00 8.838666915893554688e+00
1.250000018626451492e-02 6.263850688934326172e+00 8.788759231567382812e+00
2.500000037252902985e-02 6.207563877105712891e+00 8.796985626220703125e+00
3.750000149011611938e-02 6.034053325653076172e+00 8.847476959228515625e+00
5.000000074505805969e-02 5.746658325195312500e+00 8.923421859741210938e+00
6.250000000000000000e-02 5.362357616424560547e+00 9.060075759887695312e+00
7.500000298023223877e-02 4.883201599121093750e+00 9.274949073791503906e+00
8.749999850988388062e-02 4.309352874755859375e+00 9.528104782104492188e+00
1.000000014901161194e-01 3.676007509231567383e+00 9.829138755798339844e+00
1.124999970197677612e-01 3.016272544860839844e+00 1.025907135009765625e+01
1.250000000000000000e-01 2.295720815658569336e+00 1.078569316864013672e+01
1.375000029802322388e-01 1.459802269935607910e+00 1.119782924652099609e+01
1.500000059604644775e-01 5.426846146583557129e-01 1.134902095794677734e+01
1.624999940395355225e-01 -3.519737422466278076e-01 1.134072399139404297e+01
1.749999970197677612e-01 -1.177786827087402344e+00 1.134683322906494141e+01
1.875000000000000000e-01 -1.971676111221313477e+00 1.138858413696289062e+01
2.000000029802322388e-01 -2.754583597183227539e+00 1.140261363983154297e+01
2.125000059604644775e-01 -3.490567684173583984e+00 1.139939212799072266e+01
2.249999940395355225e-01 -4.150623798370361328e+00 1.142252063751220703e+01
2.374999970197677612e-01 -4.740145683288574219e+00 1.145248126983642578e+01
2.500000000000000000e-01 -5.253599643707275391e+00 1.145944690704345703e+01
2.624999880790710449e-01 -5.664810180664062500e+00 1.146821022033691406e+01
2.750000059604644775e-01 -5.966087818145751953e+00 1.149757385253906250e+01
2.874999940395355225e-01 -6.166492938995361328e+00 1.151938629150390625e+01
3.000000119209289551e-01 -6.257999420166015625e+00 1.152409458160400391e+01
3.125000000000000000e-01 -6.226495742797851562e+00 1.154086589813232422e+01
3.249999880790710449e-01 -6.080505371093750000e+00 1.156974697113037109e+01
3.375000059604644775e-01 -5.832464694976806641e+00 1.158113479614257812e+01
3.499999940395355225e-01 -5.475820541381835938e+00 1.158348083496093750e+01
3.625000119209289551e-01 -5.010550975799560547e+00 1.160431194305419922e+01
3.750000000000000000e-01 -4.458977699279785156e+00 1.162517833709716797e+01
3.874999880790710449e-01 -3.833421230316162109e+00 1.162121009826660156e+01
4.000000059604644775e-01 -3.128652572631835938e+00 1.162089824676513672e+01
4.124999940395355225e-01 -2.360726118087768555e+00 1.164294910430908203e+01
4.250000119209289551e-01 -1.561969876289367676e+00 1.164484214782714844e+01
4.375000000000000000e-01 -7.305532097816467285e-01 1.161785221099853516e+01
4.499999880790710449e-01 1.488324105739593506e-01 1.162768650054931641e+01
4.625000059604644775e-01 1.028092503547668457e+00 1.165661716461181641e+01
4.749999940395355225e-01 1.819893836975097656e+00 1.152802181243896484e+01
4.875000119209289551e-01 2.514199733734130859e+00 1.112077617645263672e+01
5.000000000000000000e-01 3.189864397048950195e+00 1.055479335784912109e+01
5.124999880790710449e-01 3.889447689056396484e+00 1.004095840454101562e+01
5.249999761581420898e-01 4.558205604553222656e+00 9.650633811950683594e+00
5.375000238418579102e-01 5.126424312591552734e+00 9.344744682312011719e+00
5.500000119209289551e-01 5.578689575195312500e+00 9.114554405212402344e+00
5.625000000000000000e-01 5.921126842498779297e+00 8.969315528869628906e+00
5.749999880790710449e-01 6.146334171295166016e+00 8.874933242797851562e+00
5.874999761581420898e-01 6.252385616302490234e+00 8.805991172790527344e+00
6.000000238418579102e-01 6.248008728027343750e+00 8.785792350769042969e+00
6.125000119209289551e-01 6.130424976348876953e+00 8.820716857910156250e+00
6.250000000000000000e-01 5.894595623016357422e+00 8.883281707763671875e+00
6.374999880790710449e-01 5.554101943969726562e+00 8.985576629638671875e+00
6.499999761581420898e-01 5.120420455932617188e+00 9.166397094726562500e+00
6.625000238418579102e-01 4.589080333709716797e+00 9.406573295593261719e+00
6.750000119209289551e-01 3.977437257766723633e+00 9.676795005798339844e+00
6.875000000000000000e-01 3.329596757888793945e+00 1.003821086883544922e+01
6.999999880790710449e-01 2.645939350128173828e+00 1.053756713867187500e+01
7.124999761581420898e-01 1.867066383361816406e+00 1.103330421447753906e+01
7.250000238418579102e-01 9.767388105392456055e-01 1.130939006805419922e+01
7.375000119209289551e-01 5.957613885402679443e-02 1.135135364532470703e+01
7.500000000000000000e-01 -7.974469065666198730e-01 1.133657264709472656e+01
7.624999880790710449e-01 -1.600190520286560059e+00 1.136913299560546875e+01
7.749999761581420898e-01 -2.390035152435302734e+00 1.140113162994384766e+01
7.875000238418579102e-01 -3.153873205184936523e+00 1.139935588836669922e+01
8.000000119209289551e-01 -3.850363254547119141e+00 1.140805816650390625e+01
8.125000000000000000e-01 -4.471840381622314453e+00 1.144059467315673828e+01
8.249999880790710449e-01 -5.023751258850097656e+00 1.145849990844726562e+01
8.374999761581420898e-01 -5.485821247100830078e+00 1.146141624450683594e+01
8.500000238418579102e-01 -5.837727546691894531e+00 1.148242282867431641e+01
8.625000119209289551e-01 -6.084943771362304688e+00 1.151203155517578125e+01
8.750000000000000000e-01 -6.229865074157714844e+00 1.152235221862792969e+01
8.874999880790710449e-01 -6.256616115570068359e+00 1.153013610839843750e+01
8.999999761581420898e-01 -6.162084579467773438e+00 1.155676555633544922e+01
9.125000238418579102e-01 -5.961656093597412109e+00 1.157875251770019531e+01
9.250000119209289551e-01 -5.657336711883544922e+00 1.158115959167480469e+01
9.375000000000000000e-01 -5.241271018981933594e+00 1.159217357635498047e+01
9.499999880790710449e-01 -4.727118968963623047e+00 1.161799144744873047e+01
9.624999761581420898e-01 -4.136538028717041016e+00 1.162543678283691406e+01
9.750000238418579102e-01 -3.469105005264282227e+00 1.161785030364990234e+01
9.875000119209289551e-01 -2.726643800735473633e+00 1.163166999816894531e+01
1.000000000000000000e+00 -1.939638614654541016e+00 1.164935302734375000e+01
1.012500047683715820e+00 -1.126471161842346191e+00 1.163046741485595703e+01
1.024999976158142090e+00 -2.687669694423675537e-01 1.161532306671142578e+01
1.037500023841857910e+00 6.214931011199951172e-01 1.164958763122558594e+01
1.049999952316284180e+00 1.462733745574951172e+00 1.162058925628662109e+01
1.062500000000000000e+00 2.196362972259521484e+00 1.134441184997558594e+01
1.075000047683715820e+00 2.869992494583129883e+00 1.082531547546386719e+01
1.087499976158142090e+00 3.559899330139160156e+00 1.026671028137207031e+01
1.100000023841857910e+00 4.253643989562988281e+00 9.820409774780273438e+00
1.112499952316284180e+00 4.874508857727050781e+00 9.479793548583984375e+00
1.125000000000000000e+00 5.380269050598144531e+00 9.211812973022460938e+00
1.137500047683715820e+00 5.774333953857421875e+00 9.028158187866210938e+00
1.149999976158142090e+00 6.055809020996093750e+00 8.915794372558593750e+00
1.162500023841857910e+00 6.216861724853515625e+00 8.834342002868652344e+00
1.174999952316284180e+00 6.263592720031738281e+00 8.787493705749511719e+00
1.187500000000000000e+00 6.200364112854003906e+00 8.799234390258789062e+00
1.200000047683715820e+00 6.019523620605468750e+00 8.851284980773925781e+00
1.212499976158142090e+00 5.725706577301025391e+00 8.929567337036132812e+00
1.225000023841857910e+00 5.335746765136718750e+00 9.071249008178710938e+00
1.237499952316284180e+00 4.850524902343750000e+00 9.289823532104492188e+00
1.250000000000000000e+00 4.271641731262207031e+00 9.544509887695312500e+00
1.262500047683715820e+00 3.636203765869140625e+00 9.851145744323730469e+00
1.274999976158142090e+00 2.974470138549804688e+00 1.029014492034912109e+01
1.287500023841857910e+00 2.247943878173828125e+00 1.081680202484130859e+01
1.299999952316284180e+00 1.404860019683837891e+00 1.121481990814208984e+01
1.312500000000000000e+00 4.860896468162536621e-01 1.135104179382324219e+01
1.325000047683715820e+00 -4.045770168304443359e-01 1.133952522277832031e+01
1.337499976158142090e+00 -1.226954698562622070e+00 1.134902667999267578e+01
1.350000023841857910e+00 -2.020239114761352539e+00 1.139065456390380859e+01
1.362499952316284180e+00 -2.801632881164550781e+00 1.140234279632568359e+01
1.375000000000000000e+00 -3.533358335494995117e+00 1.139988613128662109e+01
1.387500047683715820e+00 -4.188767433166503906e+00 1.142465782165527344e+01
1.399999976158142090e+00 -4.774110794067382812e+00 1.145357894897460938e+01
1.412500023841857910e+00 -5.282044887542724609e+00 1.145950794219970703e+01
1.424999952316284180e+00 -5.686398983001708984e+00 1.146953582763671875e+01
1.437500000000000000e+00 -5.981260299682617188e+00 1.149949169158935547e+01
1.450000047683715820e+00 -6.175449371337890625e+00 1.151995944976806641e+01
1.462499976158142090e+00 -6.259652614593505859e+00 1.152449512481689453e+01
1.475000023841857910e+00 -6.220635414123535156e+00 1.154258632659912109e+01
1.487499952316284180e+00 -6.068190097808837891e+00 1.157115173339843750e+01
1.500000000000000000e+00 -5.813806056976318359e+00 1.158118152618408203e+01
1.512500047683715820e+00 -5.450222969055175781e+00 1.158413314819335938e+01
1.524999976158142090e+00 -4.978900432586669922e+00 1.160601615905761719e+01
1.537500023841857910e+00 -4.422712802886962891e+00 1.162562751770019531e+01
1.549999952316284180e+00 -3.792432069778442383e+00 1.162061214447021484e+01
1.562500000000000000e+00 -3.082952260971069336e+00 1.162180328369140625e+01
1.575000047683715820e+00 -2.312324762344360352e+00 1.164418506622314453e+01
1.587499976158142090e+00 -1.512094616889953613e+00 1.164355278015136719e+01
1.600000023841857910e+00 -6.778566837310791016e-01 1.161673545837402344e+01
1.612499952316284180e+00 2.037597149610519409e-01 1.163010692596435547e+01
1.625000000000000000e+00 1.079948544502258301e+00 1.165540599822998047e+01
1.637500047683715820e+00 1.864805817604064941e+00 1.151105117797851562e+01
1.649999976158142090e+00 2.555337905883789062e+00 1.108827495574951172e+01
1.662500023841857910e+00 3.232285499572753906e+00 1.052005863189697266e+01
1.674999952316284180e+00 3.932294845581054688e+00 1.001361942291259766e+01
1.687500000000000000e+00 4.596450328826904297e+00 9.629819869995117188e+00
1.700000047683715820e+00 5.157460689544677734e+00 9.328219413757324219e+00
1.712499976158142090e+00 5.602899074554443359e+00 9.103305816650390625e+00
1.725000023841857910e+00 5.938446998596191406e+00 8.962550163269042969e+00
1.737499952316284180e+00 6.156203269958496094e+00 8.869909286499023438e+00
1.750000000000000000e+00 6.255239486694335938e+00 8.803024291992187500e+00
1.762500047683715820e+00 6.244155406951904297e+00 8.786581039428710938e+00
1.774999976158142090e+00 6.119305610656738281e+00 8.823972702026367188e+00
1.787500023841857910e+00 5.876491546630859375e+00 8.887963294982910156e+00
1.799999952316284180e+00 5.530152797698974609e+00 8.994228363037109375e+00
1.812500000000000000e+00 5.090628147125244141e+00 9.179974555969238281e+00
1.825000047683715820e+00 4.553412914276123047e+00 9.422186851501464844e+00
1.837499976158142090e+00 3.938301563262939453e+00 9.695349693298339844e+00
1.850000023841857910e+00 3.289067745208740234e+00 1.006526565551757812e+01
1.862499952316284180e+00 2.601486682891845703e+00 1.057056522369384766e+01
1.875000000000000000e+00 1.815165162086486816e+00 1.105815601348876953e+01
1.887500047683715820e+00 9.199894666671752930e-01 1.131739044189453125e+01
1.899999976158142090e+00 4.759930074214935303e-03 1.135013580322265625e+01
1.912500023841857910e+00 -8.478205204010009766e-01 1.133716773986816406e+01
1.924999952316284180e+00 -1.648863196372985840e+00 1.137190818786621094e+01
1.937500000000000000e+00 -2.438157081604003906e+00 1.140178203582763672e+01
1.950000047683715820e+00 -3.198894500732421875e+00 1.139906215667724609e+01
1.962499976158142090e+00 -3.890584945678710938e+00 1.140966701507568359e+01
1.975000023841857910e+00 -4.507812500000000000e+00 1.144246482849121094e+01
1.987499952316284180e+00 -5.055035114288330078e+00 1.145876502990722656e+01
2.000000000000000000e+00 -5.510670661926269531e+00 1.146197700500488281e+01
