0.000000000000000000e+00 6.209858894348144531e+00 8.839043617248535156e+00
1.250000018626451492e-02 6.263577461242675781e+00 8.788921356201171875e+00
2.500000037252902985e-02 6.207036018371582031e+00 8.797192573547363281e+00
3.750000149011611938e-02 6.032721042633056641e+00 8.847846984863281250e+00
5.000000074505805969e-02 5.744070529937744141e+00 8.924136161804199219e+00
6.250000000000000000e-02 5.358169078826904297e+00 9.061709403991699219e+00
7.500000298023223877e-02 4.876935958862304688e+00 9.277668952941894531e+00
8.749999850988388062e-02 4.300765514373779297e+00 9.531677246093750000e+00
1.000000014901161194e-01 3.665482759475708008e+00 9.834630012512207031e+00
1.124999970197677612e-01 3.003774404525756836e+00 1.026791477203369141e+01
1.250000000000000000e-01 2.279860734939575195e+00 1.079569149017333984e+01
1.375000029802322388e-01 1.439614057540893555e+00 1.120384120941162109e+01
1.500000059604644775e-01 5.197119116783142090e-01 1.134959220886230469e+01
1.624999940395355225e-01 -3.753824830055236816e-01 1.133989906311035156e+01
1.749999970197677612e-01 -1.201494097709655762e+00 1.134760189056396484e+01
1.875000000000000000e-01 -1.996823787689208984e+00 1.138942813873291016e+01
2.000000029802322388e-01 -2.780651807785034180e+00 1.140226078033447266e+01
2.125000059604644775e-01 -3.515839576721191406e+00 1.139947700500488281e+01
2.249999940395355225e-01 -4.174512863159179688e+00 1.142368125915527344e+01
2.374999970197677612e-01 -4.762614250183105469e+00 1.145307540893554688e+01
2.500000000000000000e-01 -5.273423194885253906e+00 1.145938301086425781e+01
2.624999880790710449e-01 -5.680594921112060547e+00 1.146910572052001953e+01
2.750000059604644775e-01 -5.977651596069335938e+00 1.149901580810546875e+01
2.874999940395355225e-01 -6.173527717590332031e+00 1.151985168457031250e+01
3.000000119209289551e-01 -6.259138584136962891e+00 1.152447223663330078e+01
3.125000000000000000e-01 -6.221012115478515625e+00 1.154246044158935547e+01
3.249999880790710449e-01 -6.068812370300292969e+00 1.157114791870117188e+01
3.375000059604644775e-01 -5.814199447631835938e+00 1.158132743835449219e+01
3.499999940395355225e-01 -5.449934959411621094e+00 1.158432197570800781e+01
3.625000119209289551e-01 -4.977452278137207031e+00 1.160628890991210938e+01
3.750000000000000000e-01 -4.419755458831787109e+00 1.162589263916015625e+01
3.874999880790710449e-01 -3.787617683410644531e+00 1.162083244323730469e+01
4.000000059604644775e-01 -3.075955390930175781e+00 1.162225914001464844e+01
4.124999940395355225e-01 -2.303173542022705078e+00 1.164471530914306641e+01
4.250000119209289551e-01 -1.500835657119750977e+00 1.164358425140380859e+01
4.375000000000000000e-01 -6.640264391899108887e-01 1.161686706542968750e+01
4.499999880790710449e-01 2.201503962278366089e-01 1.163124370574951172e+01
4.625000059604644775e-01 1.097274899482727051e+00 1.165519428253173828e+01
4.749999940395355225e-01 1.881453037261962891e+00 1.150480937957763672e+01
4.875000119209289551e-01 2.572089195251464844e+00 1.107534217834472656e+01
5.000000000000000000e-01 3.250983238220214844e+00 1.050537109375000000e+01
5.124999880790710449e-01 3.952517986297607422e+00 1.000133419036865234e+01
5.249999761581420898e-01 4.615721702575683594e+00 9.619723320007324219e+00
5.375000238418579102e-01 5.174174308776855469e+00 9.319590568542480469e+00
5.500000119209289551e-01 5.616782665252685547e+00 9.097137451171875000e+00
5.625000000000000000e-01 5.948877334594726562e+00 8.958662033081054688e+00
5.749999880790710449e-01 6.162278175354003906e+00 8.866827964782714844e+00
5.874999761581420898e-01 6.256733894348144531e+00 8.801229476928710938e+00
6.000000238418579102e-01 6.240745067596435547e+00 8.787446975708007812e+00
6.125000119209289551e-01 6.110048770904541016e+00 8.826673507690429688e+00
6.250000000000000000e-01 5.861135959625244141e+00 8.891958236694335938e+00
6.374999880790710449e-01 5.509152412414550781e+00 9.001890182495117188e+00
6.499999761581420898e-01 5.063509941101074219e+00 9.192238807678222656e+00
6.625000238418579102e-01 4.519804954528808594e+00 9.436703681945800781e+00
6.750000119209289551e-01 3.900203704833984375e+00 9.713491439819335938e+00
6.875000000000000000e-01 3.248154878616333008e+00 1.009270763397216797e+01
6.999999880790710449e-01 2.554830789566040039e+00 1.060441589355468750e+01
7.124999761581420898e-01 1.758898258209228516e+00 1.108341789245605469e+01
7.250000238418579102e-01 8.568485379219055176e-01 1.132485675811767578e+01
7.375000119209289551e-01 -5.791845172643661499e-02 1.134828662872314453e+01
7.500000000000000000e-01 -9.073920249938964844e-01 1.133791446685791016e+01
7.624999880790710449e-01 -1.708422899246215820e+00 1.137499904632568359e+01
7.749999761581420898e-01 -2.498641252517700195e+00 1.140215778350830078e+01
7.875000238418579102e-01 -3.256827116012573242e+00 1.139858913421630859e+01
8.000000119209289551e-01 -3.943717241287231445e+00 1.141179084777832031e+01
8.125000000000000000e-01 -4.556587696075439453e+00 1.144473171234130859e+01
8.249999880790710449e-01 -5.098314285278320312e+00 1.145891571044921875e+01
8.374999761581420898e-01 -5.545618057250976562e+00 1.146287059783935547e+01
8.500000238418579102e-01 -5.881643295288085938e+00 1.148724555969238281e+01
8.625000119209289551e-01 -6.114071369171142578e+00 1.151504516601562500e+01
8.750000000000000000e-01 -6.242002010345458984e+00 1.152281856536865234e+01
8.874999880790710449e-01 -6.249055385589599609e+00 1.153329467773437500e+01
8.999999761581420898e-01 -6.136204719543457031e+00 1.156166934967041016e+01
9.125000238418579102e-01 -5.918859481811523438e+00 1.158021736145019531e+01
9.250000119209289551e-01 -5.595619678497314453e+00 1.158169460296630859e+01
9.375000000000000000e-01 -5.160511016845703125e+00 1.159642410278320312e+01
9.499999880790710449e-01 -4.631119251251220703e+00 1.162155532836914062e+01
9.624999761581420898e-01 -4.026560783386230469e+00 1.162437820434570312e+01
9.750000238418579102e-01 -3.343598604202270508e+00 1.161849308013916016e+01
9.875000119209289551e-01 -2.588896036148071289e+00 1.163642883300781250e+01
1.000000000000000000e+00 -1.795365452766418457e+00 1.164913558959960938e+01
1.012500047683715820e+00 -9.740340113639831543e-01 1.162536048889160156e+01
1.024999976158142090e+00 -1.052288264036178589e-01 1.161905765533447266e+01
1.037500023841857910e+00 7.852897047996520996e-01 1.165548896789550781e+01
1.049999952316284180e+00 1.609757900238037109e+00 1.159134197235107422e+01
1.062500000000000000e+00 2.327003479003906250e+00 1.125961589813232422e+01
1.075000047683715820e+00 3.000892639160156250e+00 1.071387863159179688e+01
1.087499976158142090e+00 3.697278261184692383e+00 1.016960048675537109e+01
1.100000023841857910e+00 4.384277820587158203e+00 9.746906280517578125e+00
1.112499952316284180e+00 4.984907627105712891e+00 9.420776367187500000e+00
1.125000000000000000e+00 5.468575477600097656e+00 9.167736053466796875e+00
1.137500047683715820e+00 5.841279506683349609e+00 9.001052856445312500e+00
1.149999976158142090e+00 6.098834991455078125e+00 8.897440910339355469e+00
1.162500023841857910e+00 6.235479354858398438e+00 8.820757865905761719e+00
1.174999952316284180e+00 6.259287834167480469e+00 8.785142898559570312e+00
1.187500000000000000e+00 6.171474456787109375e+00 8.808310508728027344e+00
1.200000047683715820e+00 5.964650630950927734e+00 8.865406036376953125e+00
1.212499976158142090e+00 5.647982597351074219e+00 8.953581809997558594e+00
1.225000023841857910e+00 5.236784934997558594e+00 9.113993644714355469e+00
1.237499952316284180e+00 4.728465557098388672e+00 9.344723701477050781e+00
1.250000000000000000e+00 4.131251811981201172e+00 9.606204032897949219e+00
1.262500047683715820e+00 3.487782239913940430e+00 9.937434196472167969e+00
1.274999976158142090e+00 2.815561294555664062e+00 1.040939903259277344e+01
1.287500023841857910e+00 2.062955141067504883e+00 1.092886638641357422e+01
1.299999952316284180e+00 1.192510128021240234e+00 1.126936244964599609e+01
1.312500000000000000e+00 2.693576812744140625e-01 1.135361671447753906e+01
1.325000047683715820e+00 -6.066868305206298828e-01 1.133618545532226562e+01
1.337499976158142090e+00 -1.419373750686645508e+00 1.135861587524414062e+01
1.350000023841857910e+00 -2.212577581405639648e+00 1.139708328247070312e+01
1.362499952316284180e+00 -2.987872600555419922e+00 1.140058422088623047e+01
1.375000000000000000e+00 -3.703086853027343750e+00 1.140306186676025391e+01
1.387500047683715820e+00 -4.341526508331298828e+00 1.143322753906250000e+01
1.399999976158142090e+00 -4.910622119903564453e+00 1.145680236816406250e+01
1.412500023841857910e+00 -5.395588397979736328e+00 1.146001338958740234e+01
1.424999952316284180e+00 -5.772069931030273438e+00 1.147600841522216797e+01
1.437500000000000000e+00 -6.041020870208740234e+00 1.150693702697753906e+01
1.450000047683715820e+00 -6.208640575408935547e+00 1.152163219451904297e+01
1.462499976158142090e+00 -6.261045455932617188e+00 1.152710342407226562e+01
1.475000023841857910e+00 -6.190023899078369141e+00 1.155060482025146484e+01
1.487499952316284180e+00 -6.009590625762939453e+00 1.157631397247314453e+01
1.500000000000000000e+00 -5.726183891296386719e+00 1.158128166198730469e+01
1.512500047683715820e+00 -5.331078529357910156e+00 1.158837127685546875e+01
1.524999976158142090e+00 -4.832867622375488281e+00 1.161362552642822266e+01
1.537500023841857910e+00 -4.255014896392822266e+00 1.162647438049316406e+01
1.549999952316284180e+00 -3.601373195648193359e+00 1.161873531341552734e+01
1.562500000000000000e+00 -2.869755983352661133e+00 1.162755107879638672e+01
1.575000047683715820e+00 -2.086676836013793945e+00 1.164867687225341797e+01
1.587499976158142090e+00 -1.277234315872192383e+00 1.163635826110839844e+01
1.600000023841857910e+00 -4.269157648086547852e-01 1.161463451385498047e+01
1.612499952316284180e+00 4.640441238880157471e-01 1.164289760589599609e+01
1.625000000000000000e+00 1.322596192359924316e+00 1.163985157012939453e+01
1.637500047683715820e+00 2.076174497604370117e+00 1.141370391845703125e+01
1.649999976158142090e+00 2.754977941513061523e+00 1.092387580871582031e+01
1.662500023841857910e+00 3.441280364990234375e+00 1.035566139221191406e+01
1.674999952316284180e+00 4.140779018402099609e+00 9.886604309082031250e+00
1.687500000000000000e+00 4.779772281646728516e+00 9.531085014343261719e+00
1.700000047683715820e+00 5.305903911590576172e+00 9.250315666198730469e+00
1.712499976158142090e+00 5.718470573425292969e+00 9.051983833312988281e+00
1.725000023841857910e+00 6.019189834594726562e+00 8.930911064147949219e+00
1.737499952316284180e+00 6.199407577514648438e+00 8.845684051513671875e+00
1.750000000000000000e+00 6.263207912445068359e+00 8.791245460510253906e+00
1.762500047683715820e+00 6.216929435729980469e+00 8.794145584106445312e+00
1.774999976158142090e+00 6.053544521331787109e+00 8.842318534851074219e+00
1.787500023841857910e+00 5.774587154388427734e+00 8.915407180786132812e+00
1.799999952316284180e+00 5.397115230560302734e+00 9.045642852783203125e+00
1.812500000000000000e+00 4.924881935119628906e+00 9.255775451660156250e+00
1.825000047683715820e+00 4.356432437896728516e+00 9.507534980773925781e+00
1.837499976158142090e+00 3.724495172500610352e+00 9.802724838256835938e+00
1.850000023841857910e+00 3.065545082092285156e+00 1.022239398956298828e+01
1.862499952316284180e+00 2.350173711776733398e+00 1.074887657165527344e+01
1.875000000000000000e+00 1.520781040191650391e+00 1.117719554901123047e+01
1.887500047683715820e+00 6.039144992828369141e-01 1.134580612182617188e+01
1.899999976158142090e+00 -2.968967854976654053e-01 1.134181976318359375e+01
1.912500023841857910e+00 -1.128342151641845703e+00 1.134453010559082031e+01
1.924999952316284180e+00 -1.924681425094604492e+00 1.138619709014892578e+01
1.937500000000000000e+00 -2.710587024688720703e+00 1.140258121490478516e+01
1.950000047683715820e+00 -3.451993942260742188e+00 1.139886856079101562e+01
1.962499976158142090e+00 -4.117626190185546875e+00 1.142053127288818359e+01
1.975000023841857910e+00 -4.711932659149169922e+00 1.145134544372558594e+01
1.987499952316284180e+00 -5.230858325958251953e+00 1.145929908752441406e+01
2.000000000000000000e+00 -5.648216724395751953e+00 1.146720790863037109e+01
