0.000000000000000000e+00 6.209336757659912109e+00 8.839411735534667969e+00
1.250000018626451492e-02 6.263304710388183594e+00 8.789074897766113281e+00
2.500000037252902985e-02 6.206508159637451172e+00 8.797389984130859375e+00
3.750000149011611938e-02 6.031387329101562500e+00 8.848209381103515625e+00
5.000000074505805969e-02 5.741478919982910156e+00 8.924843788146972656e+00
6.250000000000000000e-02 5.353973865509033203e+00 9.063341140747070312e+00
7.500000298023223877e-02 4.870658874511718750e+00 9.280385017395019531e+00
8.749999850988388062e-02 4.292167663574218750e+00 9.535247802734375000e+00
1.000000014901161194e-01 3.654954671859741211e+00 9.840145111083984375e+00
1.124999970197677612e-01 2.991261959075927734e+00 1.027678298950195312e+01
1.250000000000000000e-01 2.263954877853393555e+00 1.080563163757324219e+01
1.375000029802322388e-01 1.419383525848388672e+00 1.120970630645751953e+01
1.500000059604644775e-01 4.967550337314605713e-01 1.135006713867187500e+01
1.624999940395355225e-01 -3.987371921539306641e-01 1.133910274505615234e+01
1.749999970197677612e-01 -1.225174784660339355e+00 1.134841156005859375e+01
1.875000000000000000e-01 -2.021961450576782227e+00 1.139024257659912109e+01
2.000000029802322388e-01 -2.806659221649169922e+00 1.140189647674560547e+01
2.125000059604644775e-01 -3.541003942489624023e+00 1.139961719512939453e+01
2.249999940395355225e-01 -4.198296070098876953e+00 1.142486000061035156e+01
2.374999970197677612e-01 -4.784954547882080078e+00 1.145363235473632812e+01
2.500000000000000000e-01 -5.293048381805419922e+00 1.145934104919433594e+01
2.624999880790710449e-01 -5.696148395538330078e+00 1.147006607055664062e+01
2.750000059604644775e-01 -5.988988876342773438e+00 1.150044441223144531e+01
2.874999940395355225e-01 -6.180287837982177734e+00 1.152028083801269531e+01
3.000000119209289551e-01 -6.259933948516845703e+00 1.152491283416748047e+01
3.125000000000000000e-01 -6.215189456939697266e+00 1.154410934448242188e+01
3.249999880790710449e-01 -6.056797504425048828e+00 1.157248878479003906e+01
3.375000059604644775e-01 -5.795550823211669922e+00 1.158150482177734375e+01
3.499999940395355225e-01 -5.423636436462402344e+00 1.158526897430419922e+01
3.625000119209289551e-01 -4.944017887115478516e+00 1.160826492309570312e+01
3.750000000000000000e-01 -4.380221843719482422e+00 1.162648105621337891e+01
3.874999880790710449e-01 -3.741437435150146484e+00 1.162050056457519531e+01
4.000000059604644775e-01 -3.022952079772949219e+00 1.162376213073730469e+01
4.124999940395355225e-01 -2.245491266250610352e+00 1.164633274078369141e+01
4.250000119209289551e-01 -1.439520359039306641e+00 1.164213848114013672e+01
4.375000000000000000e-01 -5.971788763999938965e-01 1.161619091033935547e+01
4.499999880790710449e-01 2.914475500583648682e-01 1.163496303558349609e+01
4.625000059604644775e-01 1.165778875350952148e+00 1.165254688262939453e+01
4.749999940395355225e-01 1.942281484603881836e+00 1.147945880889892578e+01
4.875000119209289551e-01 2.629901647567749023e+00 1.102884674072265625e+01
5.000000000000000000e-01 3.312321662902832031e+00 1.045661449432373047e+01
5.124999880790710449e-01 4.015251636505126953e+00 9.962777137756347656e+00
5.249999761581420898e-01 4.672281742095947266e+00 9.589430809020996094e+00
5.375000238418579102e-01 5.220876216888427734e+00 9.295100212097167969e+00
5.500000119209289551e-01 5.653851032257080078e+00 9.080552101135253906e+00
5.625000000000000000e-01 5.975433349609375000e+00 8.948433876037597656e+00
5.749999880790710449e-01 6.176966667175292969e+00 8.858917236328125000e+00
5.874999761581420898e-01 6.259894847869873047e+00 8.797049522399902344e+00
6.000000238418579102e-01 6.232175350189208984e+00 8.789732933044433594e+00
6.125000119209289551e-01 6.088237762451171875e+00 8.832857131958007812e+00
6.250000000000000000e-01 5.826406478881835938e+00 8.901138305664062500e+00
6.374999880790710449e-01 5.463023662567138672e+00 9.019321441650390625e+00
6.499999761581420898e-01 5.005251884460449219e+00 9.218797683715820312e+00
6.625000238418579102e-01 4.449431896209716797e+00 9.467112541198730469e+00
6.750000119209289551e-01 3.822581529617309570e+00 9.751674652099609375e+00
6.875000000000000000e-01 3.166206359863281250e+00 1.014946746826171875e+01
6.999999880790710449e-01 2.462070226669311523e+00 1.067080497741699219e+01
7.124999761581420898e-01 1.648870944976806641e+00 1.112931346893310547e+01
7.250000238418579102e-01 7.367641925811767578e-01 1.133640956878662109e+01
7.375000119209289551e-01 -1.741271615028381348e-01 1.134485816955566406e+01
7.500000000000000000e-01 -1.016438722610473633e+00 1.134037590026855469e+01
7.624999880790710449e-01 -1.816560983657836914e+00 1.138058948516845703e+01
7.749999761581420898e-01 -2.606646776199340820e+00 1.140246105194091797e+01
7.875000238418579102e-01 -3.358271360397338867e+00 1.139828014373779297e+01
8.000000119209289551e-01 -4.035535812377929688e+00 1.141603565216064453e+01
8.125000000000000000e-01 -4.639884471893310547e+00 1.144836711883544922e+01
8.249999880790710449e-01 -5.170793056488037109e+00 1.145907497406005859e+01
8.374999761581420898e-01 -5.602844715118408203e+00 1.146493244171142578e+01
8.500000238418579102e-01 -5.923178672790527344e+00 1.149218177795410156e+01
8.625000119209289551e-01 -6.140745162963867188e+00 1.151747322082519531e+01
8.750000000000000000e-01 -6.251118659973144531e+00 1.152340030670166016e+01
8.874999880790710449e-01 -6.238421916961669922e+00 1.153705692291259766e+01
8.999999761581420898e-01 -6.107659816741943359e+00 1.156627559661865234e+01
9.125000238418579102e-01 -5.873248577117919922e+00 1.158113002777099609e+01
9.250000119209289551e-01 -5.530757904052734375e+00 1.158272457122802734e+01
9.375000000000000000e-01 -5.077088832855224609e+00 1.160108566284179688e+01
9.499999880790710449e-01 -4.533022880554199219e+00 1.162432861328125000e+01
9.624999761581420898e-01 -3.914225578308105469e+00 1.162300300598144531e+01
9.750000238418579102e-01 -3.215812206268310547e+00 1.162009620666503906e+01
9.875000119209289551e-01 -2.450012683868408203e+00 1.164105033874511719e+01
1.000000000000000000e+00 -1.650330305099487305e+00 1.164743041992187500e+01
1.012500047683715820e+00 -8.198920488357543945e-01 1.162090396881103516e+01
1.024999976158142090e+00 5.927291139960289001e-02 1.162484169006347656e+01
1.037500023841857910e+00 9.466446638107299805e-01 1.165799903869628906e+01
1.049999952316284180e+00 1.752577304840087891e+00 1.155179595947265625e+01
1.062500000000000000e+00 2.456013917922973633e+00 1.116650962829589844e+01
1.075000047683715820e+00 3.132928848266601562e+00 1.060296916961669922e+01
1.087499976158142090e+00 3.834394216537475586e+00 1.007768154144287109e+01
1.100000023841857910e+00 4.511323451995849609e+00 9.677025794982910156e+00
1.112499952316284180e+00 5.090527057647705078e+00 9.364428520202636719e+00
1.125000000000000000e+00 5.552446365356445312e+00 9.127337455749511719e+00
1.137500047683715820e+00 5.903427600860595703e+00 8.976622581481933594e+00
1.149999976158142090e+00 6.136615276336669922e+00 8.879951477050781250e+00
1.162500023841857910e+00 6.249203205108642578e+00 8.808923721313476562e+00
1.174999952316284180e+00 6.250051498413085938e+00 8.785630226135253906e+00
1.187500000000000000e+00 6.137065887451171875e+00 8.818800926208496094e+00
1.200000047683715820e+00 5.904618740081787109e+00 8.880695343017578125e+00
1.212499976158142090e+00 5.565872192382812500e+00 8.981234550476074219e+00
1.225000023841857910e+00 5.133076190948486328e+00 9.160375595092773438e+00
1.237499952316284180e+00 4.601805686950683594e+00 9.400701522827148438e+00
1.250000000000000000e+00 3.988629579544067383e+00 9.671125411987304688e+00
1.262500047683715820e+00 3.338284015655517578e+00 1.003174877166748047e+01
1.274999976158142090e+00 2.652434587478637695e+00 1.053184700012207031e+01
1.287500023841857910e+00 1.871141791343688965e+00 1.103052139282226562e+01
1.299999952316284180e+00 9.770864248275756836e-01 1.130864334106445312e+01
1.312500000000000000e+00 5.569852143526077271e-02 1.135068607330322266e+01
1.325000047683715820e+00 -8.048813343048095703e-01 1.133610725402832031e+01
1.337499976158142090e+00 -1.610923767089843750e+00 1.136923122406005859e+01
1.350000023841857910e+00 -2.404085397720336914e+00 1.140089035034179688e+01
1.362499952316284180e+00 -3.170286417007446289e+00 1.139885234832763672e+01
1.375000000000000000e+00 -3.867934465408325195e+00 1.140838909149169922e+01
1.387500047683715820e+00 -4.490098953247070312e+00 1.144124221801757812e+01
1.399999976158142090e+00 -5.041831016540527344e+00 1.145842361450195312e+01
1.412500023841857910e+00 -5.501912117004394531e+00 1.146161270141601562e+01
1.424999952316284180e+00 -5.850611209869384766e+00 1.148373508453369141e+01
1.437500000000000000e+00 -6.094129562377929688e+00 1.151302719116210938e+01
1.450000047683715820e+00 -6.233919143676757812e+00 1.152255535125732422e+01
1.462499976158142090e+00 -6.253694534301757812e+00 1.153133773803710938e+01
1.475000023841857910e+00 -6.151745319366455078e+00 1.155886363983154297e+01
1.487499952316284180e+00 -5.943718433380126953e+00 1.157964134216308594e+01
1.500000000000000000e+00 -5.630265712738037109e+00 1.158162307739257812e+01
1.512500047683715820e+00 -5.204156875610351562e+00 1.159437847137451172e+01
1.524999976158142090e+00 -4.680994510650634766e+00 1.162013149261474609e+01
1.537500023841857910e+00 -4.081569671630859375e+00 1.162536239624023438e+01
1.549999952316284180e+00 -3.403993368148803711e+00 1.161852073669433594e+01
1.562500000000000000e+00 -2.652485847473144531e+00 1.163467979431152344e+01
1.575000047683715820e+00 -1.859272360801696777e+00 1.164987945556640625e+01
1.587499976158142090e+00 -1.038961529731750488e+00 1.162801265716552734e+01
1.600000023841857910e+00 -1.719867587089538574e-01 1.161783695220947266e+01
1.612499952316284180e+00 7.216274738311767578e-01 1.165400886535644531e+01
1.625000000000000000e+00 1.555372357368469238e+00 1.160390377044677734e+01
1.637500047683715820e+00 2.280530929565429688e+00 1.129154968261718750e+01
1.649999976158142090e+00 2.955842494964599609e+00 1.075281238555908203e+01
1.662500023841857910e+00 3.652013540267944336e+00 1.020167636871337891e+01
1.674999952316284180e+00 4.343447685241699219e+00 9.770215034484863281e+00
1.687500000000000000e+00 4.952202796936035156e+00 9.438623428344726562e+00
1.700000047683715820e+00 5.443757057189941406e+00 9.180253028869628906e+00
1.712499976158142090e+00 5.823510169982910156e+00 9.008399963378906250e+00
1.725000023841857910e+00 6.088106632232666016e+00 8.902313232421875000e+00
1.737499952316284180e+00 6.231134891510009766e+00 8.824103355407714844e+00
1.750000000000000000e+00 6.260355949401855469e+00 8.785601615905761719e+00
1.762500047683715820e+00 6.177762985229492188e+00 8.806380271911621094e+00
1.774999976158142090e+00 5.975730895996093750e+00 8.862584114074707031e+00
1.787500023841857910e+00 5.662581920623779297e+00 8.948838233947753906e+00
1.799999952316284180e+00 5.254184246063232422e+00 9.106194496154785156e+00
1.812500000000000000e+00 4.748472690582275391e+00 9.335620880126953125e+00
1.825000047683715820e+00 4.152461051940917969e+00 9.596564292907714844e+00
1.837499976158142090e+00 3.508432388305664062e+00 9.924620628356933594e+00
1.850000023841857910e+00 2.836160898208618164e+00 1.039337444305419922e+01
1.862499952316284180e+00 2.085185527801513672e+00 1.091564941406250000e+01
1.875000000000000000e+00 1.215571284294128418e+00 1.126383590698242188e+01
1.887500047683715820e+00 2.902322113513946533e-01 1.135331916809082031e+01
1.899999976158142090e+00 -5.894695520401000977e-01 1.133606147766113281e+01
1.912500023841857910e+00 -1.404837131500244141e+00 1.135755634307861328e+01
1.924999952316284180e+00 -2.199891567230224609e+00 1.139649295806884766e+01
1.937500000000000000e+00 -2.977447748184204102e+00 1.140048408508300781e+01
1.950000047683715820e+00 -3.695214271545410156e+00 1.140267562866210938e+01
1.962499976158142090e+00 -4.335814476013183594e+00 1.143274307250976562e+01
1.975000023841857910e+00 -4.906728267669677734e+00 1.145660495758056641e+01
1.987499952316284180e+00 -5.393339157104492188e+00 1.145990848541259766e+01
2.000000000000000000e+00 -5.771058559417724609e+00 1.147587966918945312e+01
