0.000000000000000000e+00 6.208804130554199219e+00 8.839691162109375000e+00
1.250000018626451492e-02 6.263022899627685547e+00 8.789138793945312500e+00
2.500000037252902985e-02 6.205970764160156250e+00 8.797497749328613281e+00
3.750000149011611938e-02 6.030042171478271484e+00 8.848479270935058594e+00
5.000000074505805969e-02 5.738875389099121094e+00 8.925462722778320312e+00
6.250000000000000000e-02 5.349764347076416016e+00 9.064888000488281250e+00
7.500000298023223877e-02 4.864363670349121094e+00 9.283012390136718750e+00
8.749999850988388062e-02 4.283554553985595703e+00 9.538730621337890625e+00
1.000000014901161194e-01 3.644418954849243164e+00 9.845598220825195312e+00
1.124999970197677612e-01 2.978730678558349609e+00 1.028559017181396484e+01
1.250000000000000000e-01 2.248000621795654297e+00 1.081542110443115234e+01
1.375000029802322388e-01 1.399110436439514160e+00 1.121533012390136719e+01
1.500000059604644775e-01 4.738159477710723877e-01 1.135034847259521484e+01
1.624999940395355225e-01 -4.220360815525054932e-01 1.133823299407958984e+01
1.749999970197677612e-01 -1.248826980590820312e+00 1.134915161132812500e+01
1.875000000000000000e-01 -2.047084093093872070e+00 1.139091300964355469e+01
2.000000029802322388e-01 -2.832598209381103516e+00 1.140140819549560547e+01
2.125000059604644775e-01 -3.566053390502929688e+00 1.139969635009765625e+01
2.249999940395355225e-01 -4.221966743469238281e+00 1.142593765258789062e+01
2.374999970197677612e-01 -4.807156562805175781e+00 1.145403575897216797e+01
2.500000000000000000e-01 -5.312464237213134766e+00 1.145920562744140625e+01
2.624999880790710449e-01 -5.711462020874023438e+00 1.147097110748291016e+01
2.750000059604644775e-01 -6.000089168548583984e+00 1.150173664093017578e+01
2.874999940395355225e-01 -6.186760425567626953e+00 1.152055740356445312e+01
3.000000119209289551e-01 -6.260375499725341797e+00 1.152529716491699219e+01
3.125000000000000000e-01 -6.209022521972656250e+00 1.154568576812744141e+01
3.249999880790710449e-01 -6.044451236724853516e+00 1.157364559173583984e+01
3.375000059604644775e-01 -5.776507377624511719e+00 1.158155632019042969e+01
3.499999940395355225e-01 -5.396922111511230469e+00 1.158620548248291016e+01
3.625000119209289551e-01 -4.910247802734375000e+00 1.161011695861816406e+01
3.750000000000000000e-01 -4.340369224548339844e+00 1.162683868408203125e+01
3.874999880790710449e-01 -3.694875478744506836e+00 1.162012767791748047e+01
4.000000059604644775e-01 -2.969653129577636719e+00 1.162529563903808594e+01
4.124999940395355225e-01 -2.187684774398803711e+00 1.164768123626708984e+01
4.250000119209289551e-01 -1.378009915351867676e+00 1.164043331146240234e+01
4.375000000000000000e-01 -5.300165414810180664e-01 1.161575222015380859e+01
4.499999880790710449e-01 3.626711368560791016e-01 1.163866901397705078e+01
4.625000059604644775e-01 1.233566045761108398e+00 1.164845561981201172e+01
4.749999940395355225e-01 2.002414703369140625e+00 1.145189571380615234e+01
4.875000119209289551e-01 2.687686681747436523e+00 1.098136043548583984e+01
5.000000000000000000e-01 3.373853445053100586e+00 1.040852928161621094e+01
5.124999880790710449e-01 4.077574729919433594e+00 9.925162315368652344e+00
5.249999761581420898e-01 4.727852344512939453e+00 9.559639930725097656e+00
5.375000238418579102e-01 5.266533851623535156e+00 9.271217346191406250e+00
5.500000119209289551e-01 5.689879894256591797e+00 9.064699172973632812e+00
5.625000000000000000e-01 6.000773906707763672e+00 8.938498497009277344e+00
5.749999880790710449e-01 6.190401554107666016e+00 8.851139068603515625e+00
5.874999761581420898e-01 6.261862754821777344e+00 8.793406486511230469e+00
6.000000238418579102e-01 6.222273349761962891e+00 8.792528152465820312e+00
6.125000119209289551e-01 6.064994335174560547e+00 8.839166641235351562e+00
6.250000000000000000e-01 5.790429115295410156e+00 8.910817146301269531e+00
6.374999880790710449e-01 5.415700435638427734e+00 9.037798881530761719e+00
6.499999761581420898e-01 4.945637702941894531e+00 9.245892524719238281e+00
6.625000238418579102e-01 4.378037929534912109e+00 9.497767448425292969e+00
6.750000119209289551e-01 3.744624614715576172e+00 9.791450500488281250e+00
6.875000000000000000e-01 3.083641529083251953e+00 1.020826339721679688e+01
6.999999880790710449e-01 2.367538213729858398e+00 1.073612213134765625e+01
7.124999761581420898e-01 1.537115335464477539e+00 1.117066860198974609e+01
7.250000238418579102e-01 6.167469620704650879e-01 1.134434890747070312e+01
7.375000119209289551e-01 -2.889988422393798828e-01 1.134136772155761719e+01
7.500000000000000000e-01 -1.124725937843322754e+00 1.134375381469726562e+01
7.624999880790710449e-01 -1.924616456031799316e+00 1.138560390472412109e+01
7.749999761581420898e-01 -2.713903903961181641e+00 1.140205097198486328e+01
7.875000238418579102e-01 -3.458145141601562500e+00 1.139843845367431641e+01
8.000000119209289551e-01 -4.125858306884765625e+00 1.142053985595703125e+01
8.125000000000000000e-01 -4.721677780151367188e+00 1.145131492614746094e+01
8.249999880790710449e-01 -5.241076946258544922e+00 1.145901298522949219e+01
8.374999761581420898e-01 -5.657501697540283203e+00 1.146750545501708984e+01
8.500000238418579102e-01 -5.962367057800292969e+00 1.149695205688476562e+01
8.625000119209289551e-01 -6.164890289306640625e+00 1.151921844482421875e+01
8.750000000000000000e-01 -6.257155418395996094e+00 1.152413177490234375e+01
8.874999880790710449e-01 -6.224781036376953125e+00 1.154122352600097656e+01
8.999999761581420898e-01 -6.076480388641357422e+00 1.157031345367431641e+01
9.125000238418579102e-01 -5.824751377105712891e+00 1.158150291442871094e+01
9.250000119209289551e-01 -5.462774276733398438e+00 1.158425521850585938e+01
9.375000000000000000e-01 -4.991140365600585938e+00 1.160584831237792969e+01
9.499999880790710449e-01 -4.432839870452880859e+00 1.162611865997314453e+01
9.624999761581420898e-01 -3.799476385116577148e+00 1.162147808074951172e+01
9.750000238418579102e-01 -3.085900783538818359e+00 1.162256622314453125e+01
9.875000119209289551e-01 -2.310182809829711914e+00 1.164505958557128906e+01
1.000000000000000000e+00 -1.504409790039062500e+00 1.164426326751708984e+01
1.012500047683715820e+00 -6.639623045921325684e-01 1.161754989624023438e+01
1.024999976158142090e+00 2.242360264062881470e-01 1.163210868835449219e+01
1.037500023841857910e+00 1.104952692985534668e+00 1.165550327301025391e+01
1.049999952316284180e+00 1.891395926475524902e+00 1.150142765045166016e+01
1.062500000000000000e+00 2.584099769592285156e+00 1.106651782989501953e+01
1.075000047683715820e+00 3.266171455383300781e+00 1.049397659301757812e+01
1.087499976158142090e+00 3.970588684082031250e+00 9.990838050842285156e+00
1.100000023841857910e+00 4.634332656860351562e+00 9.610239982604980469e+00
1.112499952316284180e+00 5.191419601440429688e+00 9.310826301574707031e+00
1.125000000000000000e+00 5.631899356842041016e+00 9.090557098388671875e+00
1.137500047683715820e+00 5.960645675659179688e+00 8.954314231872558594e+00
1.149999976158142090e+00 6.169188499450683594e+00 8.863185882568359375e+00
1.162500023841857910e+00 6.258116245269775391e+00 8.799132347106933594e+00
1.174999952316284180e+00 6.235771179199218750e+00 8.788727760314941406e+00
1.187500000000000000e+00 6.097119808197021484e+00 8.830292701721191406e+00
1.200000047683715820e+00 5.839647293090820312e+00 8.897486686706542969e+00
1.212499976158142090e+00 5.479409694671630859e+00 9.012817382812500000e+00
1.225000023841857910e+00 5.024511337280273438e+00 9.209728240966796875e+00
1.237499952316284180e+00 4.470929622650146484e+00 9.457545280456542969e+00
1.250000000000000000e+00 3.844341993331909180e+00 9.740419387817382812e+00
1.262500047683715820e+00 3.187340259552001953e+00 1.013405799865722656e+01
1.274999976158142090e+00 2.484165668487548828e+00 1.065454101562500000e+01
1.287500023841857910e+00 1.672789573669433594e+00 1.111921024322509766e+01
1.299999952316284180e+00 7.601521611213684082e-01 1.133394908905029297e+01
1.312500000000000000e+00 -1.540807634592056274e-01 1.134502601623535156e+01
1.325000047683715820e+00 -9.998140931129455566e-01 1.133951950073242188e+01
1.337499976158142090e+00 -1.802054882049560547e+00 1.137947750091552734e+01
1.350000023841857910e+00 -2.594122648239135742e+00 1.140211677551269531e+01
1.362499952316284180e+00 -3.348324775695800781e+00 1.139797401428222656e+01
1.375000000000000000e+00 -4.028079509735107422e+00 1.141538143157958984e+01
1.387500047683715820e+00 -4.634452819824218750e+00 1.144788646697998047e+01
1.399999976158142090e+00 -5.167198657989501953e+00 1.145885372161865234e+01
1.412500023841857910e+00 -5.600851058959960938e+00 1.146467590332031250e+01
1.424999952316284180e+00 -5.922273159027099609e+00 1.149194526672363281e+01
1.437500000000000000e+00 -6.140429019927978516e+00 1.151735401153564453e+01
1.450000047683715820e+00 -6.250918865203857422e+00 1.152334117889404297e+01
1.462499976158142090e+00 -6.237785339355468750e+00 1.153713130950927734e+01
1.475000023841857910e+00 -6.106118679046630859e+00 1.156644535064697266e+01
1.487499952316284180e+00 -5.870365619659423828e+00 1.158119583129882812e+01
1.500000000000000000e+00 -5.525966167449951172e+00 1.158288669586181641e+01
1.512500047683715820e+00 -5.070013523101806641e+00 1.160156250000000000e+01
1.524999976158142090e+00 -4.523584842681884766e+00 1.162465095520019531e+01
1.537500023841857910e+00 -3.902113914489746094e+00 1.162300014495849609e+01
1.549999952316284180e+00 -3.200630903244018555e+00 1.162052059173583984e+01
1.562500000000000000e+00 -2.432069778442382812e+00 1.164178180694580078e+01
1.575000047683715820e+00 -1.630026459693908691e+00 1.164726543426513672e+01
1.587499976158142090e+00 -7.966048717498779297e-01 1.162055301666259766e+01
1.600000023841857910e+00 8.571697026491165161e-02 1.162616348266601562e+01
1.612499952316284180e+00 9.738947153091430664e-01 1.165816497802734375e+01
1.625000000000000000e+00 1.777952075004577637e+00 1.154370880126953125e+01
1.637500047683715820e+00 2.480390548706054688e+00 1.114828491210937500e+01
1.649999976158142090e+00 3.159252882003784180e+00 1.058146762847900391e+01
1.662500023841857910e+00 3.862628698348999023e+00 1.005961799621582031e+01
1.674999952316284180e+00 4.538142681121826172e+00 9.662617683410644531e+00
1.687500000000000000e+00 5.113524913787841797e+00 9.352293014526367188e+00
1.700000047683715820e+00 5.571319103240966797e+00 9.118537902832031250e+00
1.712499976158142090e+00 5.917641639709472656e+00 8.971140861511230469e+00
1.725000023841857910e+00 6.145119190216064453e+00 8.875746726989746094e+00
1.737499952316284180e+00 6.251777172088623047e+00 8.806214332580566406e+00
1.750000000000000000e+00 6.246510505676269531e+00 8.786236763000488281e+00
1.762500047683715820e+00 6.126376628875732422e+00 8.821886062622070312e+00
1.774999976158142090e+00 5.886456012725830078e+00 8.885255813598632812e+00
1.787500023841857910e+00 5.540920734405517578e+00 8.989953041076660156e+00
1.799999952316284180e+00 5.100971221923828125e+00 9.174746513366699219e+00
1.812500000000000000e+00 4.562033176422119141e+00 9.417888641357421875e+00
1.825000047683715820e+00 3.943481683731079102e+00 9.692123413085937500e+00
1.837499976158142090e+00 3.290074825286865234e+00 1.006335926055908203e+01
1.850000023841857910e+00 2.598066329956054688e+00 1.057168674468994141e+01
1.862499952316284180e+00 1.805833816528320312e+00 1.106124305725097656e+01
1.875000000000000000e+00 9.035978913307189941e-01 1.131839656829833984e+01
1.887500047683715820e+00 -1.730187050998210907e-02 1.134863376617431641e+01
1.899999976158142090e+00 -8.738655447959899902e-01 1.133666229248046875e+01
1.912500023841857910e+00 -1.679415583610534668e+00 1.137276554107666016e+01
1.924999952316284180e+00 -2.473456621170043945e+00 1.140139579772949219e+01
1.937500000000000000e+00 -3.236635208129882812e+00 1.139818382263183594e+01
1.950000047683715820e+00 -3.928574085235595703e+00 1.141065979003906250e+01
1.962499976158142090e+00 -4.545557975769042969e+00 1.144379329681396484e+01
1.975000023841857910e+00 -5.090938091278076172e+00 1.145854663848876953e+01
1.987499952316284180e+00 -5.541482448577880859e+00 1.146249771118164062e+01
2.000000000000000000e+00 -5.879776000976562500e+00 1.148687458038330078e+01
