0.000000000000000000e+00 6.208281993865966797e+00 8.840058326721191406e+00
1.250000018626451492e-02 6.262751102447509766e+00 8.789290428161621094e+00
2.500000037252902985e-02 6.205442905426025391e+00 8.797694206237792969e+00
3.750000149011611938e-02 6.028704166412353516e+00 8.848839759826660156e+00
5.000000074505805969e-02 5.736275196075439453e+00 8.926173210144042969e+00
6.250000000000000000e-02 5.345554828643798828e+00 9.066532135009765625e+00
7.500000298023223877e-02 4.858062267303466797e+00 9.285736083984375000e+00
8.749999850988388062e-02 4.274935245513916016e+00 9.542313575744628906e+00
1.000000014901161194e-01 3.633882761001586914e+00 9.851177215576171875e+00
1.124999970197677612e-01 2.966185569763183594e+00 1.029452419281005859e+01
1.250000000000000000e-01 2.232000112533569336e+00 1.082525062561035156e+01
1.375000029802322388e-01 1.378795742988586426e+00 1.122090816497802734e+01
1.500000059604644775e-01 4.508929252624511719e-01 1.135064125061035156e+01
1.624999940395355225e-01 -4.452853500843048096e-01 1.133749675750732422e+01
1.749999970197677612e-01 -1.272460222244262695e+00 1.135002708435058594e+01
1.875000000000000000e-01 -2.072201251983642578e+00 1.139164924621582031e+01
2.000000029802322388e-01 -2.858479738235473633e+00 1.140101242065429688e+01
2.125000059604644775e-01 -3.591002941131591797e+00 1.139993095397949219e+01
2.249999940395355225e-01 -4.245541572570800781e+00 1.142712783813476562e+01
2.374999970197677612e-01 -4.829236030578613281e+00 1.145450305938720703e+01
2.500000000000000000e-01 -5.331687927246093750e+00 1.145919990539550781e+01
2.624999880790710449e-01 -5.726555824279785156e+00 1.147203731536865234e+01
2.750000059604644775e-01 -6.010974407196044922e+00 1.150310707092285156e+01
2.874999940395355225e-01 -6.192963600158691406e+00 1.152090454101562500e+01
3.000000119209289551e-01 -6.260482311248779297e+00 1.152585124969482422e+01
3.125000000000000000e-01 -6.202532768249511719e+00 1.154740428924560547e+01
3.249999880790710449e-01 -6.031790733337402344e+00 1.157483482360839844e+01
3.375000059604644775e-01 -5.757083415985107422e+00 1.158170795440673828e+01
3.499999940395355225e-01 -5.369810104370117188e+00 1.158734703063964844e+01
3.625000119209289551e-01 -4.876160621643066406e+00 1.161204433441162109e+01
3.750000000000000000e-01 -4.300206184387207031e+00 1.162717819213867188e+01
3.874999880790710449e-01 -3.647940635681152344e+00 1.161993312835693359e+01
4.000000059604644775e-01 -2.916078090667724609e+00 1.162704944610595703e+01
4.124999940395355225e-01 -2.129761934280395508e+00 1.164894104003906250e+01
4.250000119209289551e-01 -1.316290259361267090e+00 1.163869762420654297e+01
4.375000000000000000e-01 -4.625452160835266113e-01 1.161577606201171875e+01
4.499999880790710449e-01 4.337745010852813721e-01 1.164247989654541016e+01
4.625000059604644775e-01 1.300614953041076660e+00 1.164300823211669922e+01
4.749999940395355225e-01 2.061908960342407227e+00 1.142235851287841797e+01
4.875000119209289551e-01 2.745508909225463867e+00 1.093324375152587891e+01
5.000000000000000000e-01 3.435565471649169922e+00 1.036139106750488281e+01
5.124999880790710449e-01 4.139438152313232422e+00 9.888634681701660156e+00
5.249999761581420898e-01 4.782432556152343750e+00 9.530516624450683594e+00
5.375000238418579102e-01 5.311178207397460938e+00 9.248151779174804688e+00
5.500000119209289551e-01 5.724880695343017578e+00 9.049733161926269531e+00
5.625000000000000000e-01 6.024909973144531250e+00 8.928985595703125000e+00
5.749999880790710449e-01 6.202616214752197266e+00 8.843698501586914062e+00
5.874999761581420898e-01 6.262659072875976562e+00 8.790510177612304688e+00
6.000000238418579102e-01 6.211042881011962891e+00 8.795963287353515625e+00
6.125000119209289551e-01 6.040350914001464844e+00 8.845774650573730469e+00
6.250000000000000000e-01 5.753247261047363281e+00 8.921257019042968750e+00
6.374999880790710449e-01 5.367186069488525391e+00 9.057498931884765625e+00
6.499999761581420898e-01 4.884686470031738281e+00 9.273611068725585938e+00
6.625000238418579102e-01 4.305720806121826172e+00 9.528934478759765625e+00
6.750000119209289551e-01 3.666382551193237305e+00 9.833181381225585938e+00
6.875000000000000000e-01 3.000343561172485352e+00 1.026908779144287109e+01
6.999999880790710449e-01 2.271143913269042969e+00 1.080003070831298828e+01
7.124999761581420898e-01 1.423795461654663086e+00 1.120753002166748047e+01
7.250000238418579102e-01 4.970429539680480957e-01 1.134931945800781250e+01
7.375000119209289551e-01 -4.025269746780395508e-01 1.133836841583251953e+01
7.500000000000000000e-01 -1.232403278350830078e+00 1.134811210632324219e+01
7.624999880790710449e-01 -2.032585382461547852e+00 1.139009475708007812e+01
7.749999761581420898e-01 -2.820281982421875000e+00 1.140129184722900391e+01
7.875000238418579102e-01 -3.556431293487548828e+00 1.139936637878417969e+01
8.000000119209289551e-01 -4.214744567871093750e+00 1.142536258697509766e+01
8.125000000000000000e-01 -4.801922798156738281e+00 1.145375823974609375e+01
8.249999880790710449e-01 -5.309092521667480469e+00 1.145910263061523438e+01
8.374999761581420898e-01 -5.709633350372314453e+00 1.147079372406005859e+01
8.500000238418579102e-01 -5.999258041381835938e+00 1.150162696838378906e+01
8.625000119209289551e-01 -6.186452865600585938e+00 1.152056503295898438e+01
8.750000000000000000e-01 -6.260101795196533203e+00 1.152537155151367188e+01
8.874999880790710449e-01 -6.208235263824462891e+00 1.154589843750000000e+01
8.999999761581420898e-01 -6.042704582214355469e+00 1.157388973236083984e+01
9.125000238418579102e-01 -5.773321628570556641e+00 1.158171749114990234e+01
9.250000119209289551e-01 -5.391745090484619141e+00 1.158657169342041016e+01
9.375000000000000000e-01 -4.902815341949462891e+00 1.161070156097412109e+01
9.499999880790710449e-01 -4.330570220947265625e+00 1.162712001800537109e+01
9.624999761581420898e-01 -3.682293891906738281e+00 1.162028503417968750e+01
9.750000238418579102e-01 -2.954062938690185547e+00 1.162601470947265625e+01
9.875000119209289551e-01 -2.169557809829711914e+00 1.164831066131591797e+01
1.000000000000000000e+00 -1.357440829277038574e+00 1.164010047912597656e+01
1.012500047683715820e+00 -5.062431097030639648e-01 1.161597442626953125e+01
1.024999976158142090e+00 3.890790343284606934e-01 1.164032649993896484e+01
1.037500023841857910e+00 1.259723424911499023e+00 1.164672183990478516e+01
1.049999952316284180e+00 2.026596784591674805e+00 1.144041252136230469e+01
1.062500000000000000e+00 2.711938619613647461e+00 1.096153450012207031e+01
1.075000047683715820e+00 3.400529146194458008e+00 1.038830852508544922e+01
1.087499976158142090e+00 4.105196952819824219e+00 9.909018516540527344e+00
1.100000023841857910e+00 4.753001689910888672e+00 9.546394348144531250e+00
1.112499952316284180e+00 5.287703990936279297e+00 9.260373115539550781e+00
1.125000000000000000e+00 5.706933975219726562e+00 9.057468414306640625e+00
1.137500047683715820e+00 6.012847423553466797e+00 8.933841705322265625e+00
1.149999976158142090e+00 6.196660041809082031e+00 8.847408294677734375e+00
1.162500023841857910e+00 6.262295246124267578e+00 8.791887283325195312e+00
1.174999952316284180e+00 6.216346263885498047e+00 8.794343948364257812e+00
1.187500000000000000e+00 6.051705837249755859e+00 8.842756271362304688e+00
1.200000047683715820e+00 5.769979476928710938e+00 8.916493415832519531e+00
1.212499976158142090e+00 5.388581275939941406e+00 9.048681259155273438e+00
1.225000023841857910e+00 4.911061763763427734e+00 9.261569976806640625e+00
1.237499952316284180e+00 4.336356163024902344e+00 9.515651702880859375e+00
1.250000000000000000e+00 3.698835134506225586e+00 9.815538406372070312e+00
1.262500047683715820e+00 3.034352064132690430e+00 1.024393653869628906e+01
1.274999976158142090e+00 2.309971094131469727e+00 1.077448749542236328e+01
1.287500023841857910e+00 1.468580842018127441e+00 1.119342803955078125e+01
1.299999952316284180e+00 5.432778000831604004e-01 1.134760761260986328e+01
1.312500000000000000e+00 -3.595747351646423340e-01 1.133933734893798828e+01
1.325000047683715820e+00 -1.192280769348144531e+00 1.134629440307617188e+01
1.337499976158142090e+00 -1.992954254150390625e+00 1.138843822479248047e+01
1.350000023841857910e+00 -2.781952142715454102e+00 1.140153408050537109e+01
1.362499952316284180e+00 -3.521657943725585938e+00 1.139889144897460938e+01
1.375000000000000000e+00 -4.183776855468750000e+00 1.142360210418701172e+01
1.387500047683715820e+00 -4.774416923522949219e+00 1.145293903350830078e+01
1.399999976158142090e+00 -5.286226272583007812e+00 1.145902633666992188e+01
1.412500023841857910e+00 -5.692433357238769531e+00 1.146960926055908203e+01
1.424999952316284180e+00 -5.987295627593994141e+00 1.150010871887207031e+01
1.437500000000000000e+00 -6.179662227630615234e+00 1.152018165588378906e+01
1.450000047683715820e+00 -6.259404182434082031e+00 1.152494239807128906e+01
1.462499976158142090e+00 -6.213658332824707031e+00 1.154441833496093750e+01
1.475000023841857910e+00 -6.053368091583251953e+00 1.157288169860839844e+01
1.487499952316284180e+00 -5.789278984069824219e+00 1.158171844482421875e+01
1.500000000000000000e+00 -5.413409233093261719e+00 1.158585929870605469e+01
1.512500047683715820e+00 -4.929268836975097656e+00 1.160933685302734375e+01
1.524999976158142090e+00 -4.360750198364257812e+00 1.162698841094970703e+01
1.537500023841857910e+00 -3.716441392898559570e+00 1.162067699432373047e+01
1.549999952316284180e+00 -2.991906642913818359e+00 1.162503719329833984e+01
1.562500000000000000e+00 -2.209297657012939453e+00 1.164758682250976562e+01
1.575000047683715820e+00 -1.398494720458984375e+00 1.164144706726074219e+01
1.587499976158142090e+00 -5.498116612434387207e-01 1.161632728576660156e+01
1.600000023841857910e+00 3.443268537521362305e-01 1.163816452026367188e+01
1.612499952316284180e+00 1.218549013137817383e+00 1.164987659454345703e+01
1.625000000000000000e+00 1.991066694259643555e+00 1.145773220062255859e+01
1.637500047683715820e+00 2.678395748138427734e+00 1.098959255218505859e+01
1.649999976158142090e+00 3.365554332733154297e+00 1.041550254821777344e+01
1.662500023841857910e+00 4.070808410644531250e+00 9.929701805114746094e+00
1.674999952316284180e+00 4.723277568817138672e+00 9.562443733215332031e+00
1.687500000000000000e+00 5.263946056365966797e+00 9.272803306579589844e+00
1.700000047683715820e+00 5.688710689544677734e+00 9.065411567687988281e+00
1.712499976158142090e+00 6.000478744506835938e+00 8.938779830932617188e+00
1.725000023841857910e+00 6.190410614013671875e+00 8.851184844970703125e+00
1.737499952316284180e+00 6.261660575866699219e+00 8.793420791625976562e+00
1.750000000000000000e+00 6.221353530883789062e+00 8.792840957641601562e+00
1.762500047683715820e+00 6.062766075134277344e+00 8.839782714843750000e+00
1.774999976158142090e+00 5.786470413208007812e+00 8.911877632141113281e+00
1.787500023841857910e+00 5.409741878509521484e+00 9.040083885192871094e+00
1.799999952316284180e+00 4.937187194824218750e+00 9.249619483947753906e+00
1.812500000000000000e+00 4.366834640502929688e+00 9.502456665039062500e+00
1.825000047683715820e+00 3.731239795684814453e+00 9.798239707946777344e+00
1.837499976158142090e+00 3.068220615386962891e+00 1.021908950805664062e+01
1.850000023841857910e+00 2.348485708236694336e+00 1.074865436553955078e+01
1.862499952316284180e+00 1.513139486312866211e+00 1.117860507965087891e+01
1.875000000000000000e+00 5.895843505859375000e-01 1.134547710418701172e+01
1.887500047683715820e+00 -3.164266049861907959e-01 1.134038829803466797e+01
1.899999976158142090e+00 -1.152085542678833008e+00 1.134458351135253906e+01
1.912500023841857910e+00 -1.953310489654541016e+00 1.138668537139892578e+01
1.924999952316284180e+00 -2.743496417999267578e+00 1.140172958374023438e+01
1.937500000000000000e+00 -3.486683130264282227e+00 1.139850521087646484e+01
1.950000047683715820e+00 -4.152637958526611328e+00 1.142185401916503906e+01
1.962499976158142090e+00 -4.746722698211669922e+00 1.145204639434814453e+01
1.975000023841857910e+00 -5.263092994689941406e+00 1.145896530151367188e+01
1.987499952316284180e+00 -5.674954414367675781e+00 1.146848964691162109e+01
2.000000000000000000e+00 -5.975085735321044922e+00 1.149855613708496094e+01
