0.000000000000000000e+00 6.279336929321289062e+00 8.792036056518554688e+00
1.250000018626451492e-02 6.300642490386962891e+00 8.772398948669433594e+00
2.500000037252902985e-02 6.279160499572753906e+00 8.776040077209472656e+00
3.750000149011611938e-02 6.212841987609863281e+00 8.799809455871582031e+00
5.000000074505805969e-02 6.100321292877197266e+00 8.835238456726074219e+00
6.250000000000000000e-02 5.943365573883056641e+00 8.878707885742187500e+00
7.500000298023223877e-02 5.746113300323486328e+00 8.937426567077636719e+00
8.749999850988388062e-02 5.511655330657958984e+00 9.023861885070800781e+00
1.000000014901161194e-01 5.239723205566406250e+00 9.143330574035644531e+00
1.124999970197677612e-01 4.928576469421386719e+00 9.287785530090332031e+00
1.250000000000000000e-01 4.579865455627441406e+00 9.444145202636718750e+00
1.375000029802322388e-01 4.201508522033691406e+00 9.611032485961914062e+00
1.500000059604644775e-01 3.804508686065673828e+00 9.807209968566894531e+00
1.624999940395355225e-01 3.395074605941772461e+00 1.005965328216552734e+01
1.749999970197677612e-01 2.968585014343261719e+00 1.037695407867431641e+01
1.875000000000000000e-01 2.511688232421875000e+00 1.072916030883789062e+01
2.000000029802322388e-01 2.012579441070556641e+00 1.105356025695800781e+01
2.125000059604644775e-01 1.472250223159790039e+00 1.128660869598388672e+01
2.249999940395355225e-01 9.077129364013671875e-01 1.140060806274414062e+01
2.374999970197677612e-01 3.439532518386840820e-01 1.141833114624023438e+01
2.500000000000000000e-01 -1.997985988855361938e-01 1.139494323730468750e+01
2.624999880790710449e-01 -7.193133234977722168e-01 1.138135528564453125e+01
2.750000059604644775e-01 -1.223549008369445801e+00 1.139637374877929688e+01
2.874999940395355225e-01 -1.723985075950622559e+00 1.142608928680419922e+01
3.000000119209289551e-01 -2.223947286605834961e+00 1.144633769989013672e+01
3.125000000000000000e-01 -2.715923786163330078e+00 1.144687557220458984e+01
3.249999880790710449e-01 -3.187674522399902344e+00 1.143787574768066406e+01
3.375000059604644775e-01 -3.630820512771606445e+00 1.143688774108886719e+01
3.499999940395355225e-01 -4.044465541839599609e+00 1.145119667053222656e+01
3.625000119209289551e-01 -4.431664943695068359e+00 1.147226428985595703e+01
3.750000000000000000e-01 -4.793032169342041016e+00 1.148582363128662109e+01
3.874999880790710449e-01 -5.123744964599609375e+00 1.148632144927978516e+01
4.000000059604644775e-01 -5.416325569152832031e+00 1.148157310485839844e+01
4.124999940395355225e-01 -5.665966510772705078e+00 1.148401641845703125e+01
4.250000119209289551e-01 -5.873057842254638672e+00 1.149807357788085938e+01
4.375000000000000000e-01 -6.040700912475585938e+00 1.151619815826416016e+01
4.499999880790710449e-01 -6.169981002807617188e+00 1.152699661254882812e+01
4.625000059604644775e-01 -6.257779598236083984e+00 1.152682209014892578e+01
4.749999940395355225e-01 -6.299189567565917969e+00 1.152318668365478516e+01
4.875000119209289551e-01 -6.291953086853027344e+00 1.152685260772705078e+01
5.000000000000000000e-01 -6.238433837890625000e+00 1.154077339172363281e+01
5.124999880790710449e-01 -6.143179416656494141e+00 1.155710220336914062e+01
5.249999761581420898e-01 -6.008598804473876953e+00 1.156520175933837891e+01
5.375000238418579102e-01 -5.833139419555664062e+00 1.156256580352783203e+01
5.500000119209289551e-01 -5.613842487335205078e+00 1.155750179290771484e+01
5.625000000000000000e-01 -5.350705623626708984e+00 1.156070804595947266e+01
5.749999880790710449e-01 -5.048391819000244141e+00 1.157410335540771484e+01
5.874999761581420898e-01 -4.713414192199707031e+00 1.158835792541503906e+01
6.000000238418579102e-01 -4.349505424499511719e+00 1.159209060668945312e+01
6.125000119209289551e-01 -3.955911636352539062e+00 1.158379650115966797e+01
6.250000000000000000e-01 -3.530588150024414062e+00 1.157419967651367188e+01
6.374999880790710449e-01 -3.075305938720703125e+00 1.157577991485595703e+01
6.499999761581420898e-01 -2.597387313842773438e+00 1.158929443359375000e+01
6.625000238418579102e-01 -2.105727195739746094e+00 1.160127925872802734e+01
6.750000119209289551e-01 -1.604452252388000488e+00 1.159670925140380859e+01
6.875000000000000000e-01 -1.090563774108886719e+00 1.157569599151611328e+01
6.999999880790710449e-01 -5.588954687118530273e-01 1.155702877044677734e+01
7.124999761581420898e-01 -1.098567992448806763e-02 1.156159591674804688e+01
7.250000238418579102e-01 5.399628877639770508e-01 1.158726787567138672e+01
7.375000119209289551e-01 1.073514223098754883e+00 1.159708690643310547e+01
7.500000000000000000e-01 1.573660016059875488e+00 1.153423881530761719e+01
7.624999880790710449e-01 2.039014101028442383e+00 1.135605335235595703e+01
7.749999761581420898e-01 2.483247280120849609e+00 1.106286430358886719e+01
7.875000238418579102e-01 2.924835205078125000e+00 1.070029830932617188e+01
8.000000119209289551e-01 3.373525619506835938e+00 1.033346080780029297e+01
8.125000000000000000e-01 3.823360204696655273e+00 1.001242637634277344e+01
8.249999880790710449e-01 4.256690979003906250e+00 9.753148078918457031e+00
8.374999761581420898e-01 4.655120849609375000e+00 9.543754577636718750e+00
8.500000238418579102e-01 5.008663654327392578e+00 9.365922927856445312e+00
8.625000119209289551e-01 5.317082405090332031e+00 9.211752891540527344e+00
8.750000000000000000e-01 5.584362506866455078e+00 9.084553718566894531e+00
8.874999880790710449e-01 5.812374114990234375e+00 8.988045692443847656e+00
8.999999761581420898e-01 5.999001502990722656e+00 8.917729377746582031e+00
9.125000238418579102e-01 6.140954017639160156e+00 8.863236427307128906e+00
9.250000119209289551e-01 6.237219810485839844e+00 8.817895889282226562e+00
9.375000000000000000e-01 6.289400100708007812e+00 8.784518241882324219e+00
9.499999880790710449e-01 6.299069881439208984e+00 8.771040916442871094e+00
9.624999761581420898e-01 6.265510559082031250e+00 8.780900955200195312e+00
9.750000238418579102e-01 6.186530113220214844e+00 8.808706283569335938e+00
9.875000119209289551e-01 6.061482429504394531e+00 8.846269607543945312e+00
1.000000000000000000e+00 5.893020629882812500e+00 8.892787933349609375e+00
1.012500047683715820e+00 5.685370445251464844e+00 8.957951545715332031e+00
1.024999976158142090e+00 5.440781593322753906e+00 9.053493499755859375e+00
1.037500023841857910e+00 5.158203125000000000e+00 9.181112289428710938e+00
1.049999952316284180e+00 4.836319446563720703e+00 9.329951286315917969e+00
1.062500000000000000e+00 4.478432655334472656e+00 9.488492012023925781e+00
1.075000047683715820e+00 4.093903541564941406e+00 9.660811424255371094e+00
1.087499976158142090e+00 3.693269014358520508e+00 9.870006561279296875e+00
1.100000023841857910e+00 3.280101060867309570e+00 1.014083576202392578e+01
1.112499952316284180e+00 2.846756935119628906e+00 1.047246074676513672e+01
1.125000000000000000e+00 2.379068374633789062e+00 1.082404327392578125e+01
1.137500047683715820e+00 1.867822647094726562e+00 1.112874031066894531e+01
1.149999976158142090e+00 1.318582892417907715e+00 1.132970428466796875e+01
1.162500023841857910e+00 7.517616152763366699e-01 1.141304206848144531e+01
1.174999952316284180e+00 1.921287328004837036e-01 1.141345787048339844e+01
1.187500000000000000e+00 -3.446977734565734863e-01 1.138873195648193359e+01
1.200000047683715820e+00 -8.587831258773803711e-01 1.138275146484375000e+01
1.212499976158142090e+00 -1.361027598381042480e+00 1.140414524078369141e+01
1.225000023841857910e+00 -1.861497521400451660e+00 1.143342304229736328e+01
1.237499952316284180e+00 -2.360379219055175781e+00 1.144833946228027344e+01
1.250000000000000000e+00 -2.847994565963745117e+00 1.144458103179931641e+01
1.262500047683715820e+00 -3.312408447265625000e+00 1.143619823455810547e+01
1.274999976158142090e+00 -3.747260332107543945e+00 1.143940258026123047e+01
1.287500023841857910e+00 -4.153331756591796875e+00 1.145694160461425781e+01
1.299999952316284180e+00 -4.533599853515625000e+00 1.147722530364990234e+01
1.312500000000000000e+00 -4.887232780456542969e+00 1.148714447021484375e+01
1.325000047683715820e+00 -5.208196163177490234e+00 1.148498249053955078e+01
1.337499976158142090e+00 -5.489245414733886719e+00 1.148111152648925781e+01
1.350000023841857910e+00 -5.726963996887207031e+00 1.148685073852539062e+01
1.362499952316284180e+00 -5.922914505004882812e+00 1.150316524505615234e+01
1.375000000000000000e+00 -6.080089569091796875e+00 1.152026462554931641e+01
1.387500047683715820e+00 -6.198440551757812500e+00 1.152789783477783203e+01
1.399999976158142090e+00 -6.273951053619384766e+00 1.152567005157470703e+01
1.412500023841857910e+00 -6.302027225494384766e+00 1.152312850952148438e+01
1.424999952316284180e+00 -6.281674385070800781e+00 1.152982044219970703e+01
1.437500000000000000e+00 -6.216255664825439453e+00 1.154551982879638672e+01
1.450000047683715820e+00 -6.110131740570068359e+00 1.156046962738037109e+01
1.462499976158142090e+00 -5.964615821838378906e+00 1.156535816192626953e+01
1.475000023841857910e+00 -5.777359008789062500e+00 1.156090259552001953e+01
1.487499952316284180e+00 -5.545815944671630859e+00 1.155724811553955078e+01
1.500000000000000000e+00 -5.271291732788085938e+00 1.156360149383544922e+01
1.512500047683715820e+00 -4.959398746490478516e+00 1.157848930358886719e+01
1.524999976158142090e+00 -4.616303443908691406e+00 1.159074783325195312e+01
1.537500023841857910e+00 -4.244464397430419922e+00 1.159073352813720703e+01
1.549999952316284180e+00 -3.842282533645629883e+00 1.158066654205322266e+01
1.562500000000000000e+00 -3.408302307128906250e+00 1.157319164276123047e+01
1.575000047683715820e+00 -2.945892333984375000e+00 1.157866954803466797e+01
1.587499976158142090e+00 -2.463408708572387695e+00 1.159350109100341797e+01
1.600000023841857910e+00 -1.969014167785644531e+00 1.160204982757568359e+01
1.612499952316284180e+00 -1.464813351631164551e+00 1.159205436706542969e+01
1.625000000000000000e+00 -9.464334845542907715e-01 1.156927585601806641e+01
1.637500047683715820e+00 -4.096794724464416504e-01 1.155545139312744141e+01
1.649999976158142090e+00 1.408507674932479858e-01 1.156749153137207031e+01
1.662500023841857910e+00 6.891090869903564453e-01 1.159383201599121094e+01
1.674999952316284180e+00 1.214588522911071777e+00 1.158943557739257812e+01
1.687500000000000000e+00 1.704584717750549316e+00 1.149770069122314453e+01
1.700000047683715820e+00 2.162318944931030273e+00 1.128574752807617188e+01
1.712499976158142090e+00 2.604128837585449219e+00 1.096749114990234375e+01
1.725000023841857910e+00 3.047323703765869141e+00 1.059732151031494141e+01
1.737499952316284180e+00 3.497576713562011719e+00 1.023938465118408203e+01
1.750000000000000000e+00 3.944886922836303711e+00 9.935210227966308594e+00
1.762500047683715820e+00 4.370222568511962891e+00 9.691514015197753906e+00
1.774999976158142090e+00 4.756856441497802734e+00 9.492363929748535156e+00
1.787500023841857910e+00 5.097715854644775391e+00 9.321217536926269531e+00
1.799999952316284180e+00 5.394436359405517578e+00 9.173874855041503906e+00
1.812500000000000000e+00 5.650928020477294922e+00 9.055004119873046875e+00
1.825000047683715820e+00 5.867908954620361328e+00 8.966525077819824219e+00
1.837499976158142090e+00 6.042542934417724609e+00 8.901618003845214844e+00
1.850000023841857910e+00 6.171910285949707031e+00 8.849927902221679688e+00
1.862499952316284180e+00 6.255848884582519531e+00 8.807216644287109375e+00
1.875000000000000000e+00 6.296272277832031250e+00 8.778532981872558594e+00
1.887500047683715820e+00 6.294246196746826172e+00 8.771504402160644531e+00
1.899999976158142090e+00 6.248423576354980469e+00 8.787135124206542969e+00
1.912500023841857910e+00 6.156720161437988281e+00 8.818290710449218750e+00
1.924999952316284180e+00 6.019357681274414062e+00 8.857904434204101562e+00
1.937500000000000000e+00 5.839732646942138672e+00 8.908258438110351562e+00
1.950000047683715820e+00 5.621863842010498047e+00 8.980834960937500000e+00
1.962499976158142090e+00 5.367045402526855469e+00 9.085630416870117188e+00
1.975000023841857910e+00 5.073687553405761719e+00 9.220503807067871094e+00
1.987499952316284180e+00 4.741305351257324219e+00 9.372747421264648438e+00
2.000000000000000000e+00 4.374979496002197266e+00 9.533750534057617188e+00
