0.000000000000000000e+00 6.207749366760253906e+00 8.840335845947265625e+00
1.250000018626451492e-02 6.262470245361328125e+00 8.789352416992187500e+00
2.500000037252902985e-02 6.204905509948730469e+00 8.797800064086914062e+00
3.750000149011611938e-02 6.027355670928955078e+00 8.849108695983886719e+00
5.000000074505805969e-02 5.733663558959960938e+00 8.926795005798339844e+00
6.250000000000000000e-02 5.341331005096435547e+00 9.068091392517089844e+00
7.500000298023223877e-02 4.851743221282958984e+00 9.288370132446289062e+00
8.749999850988388062e-02 4.266301155090332031e+00 9.545806884765625000e+00
1.000000014901161194e-01 3.623340368270874023e+00 9.856693267822265625e+00
1.124999970197677612e-01 2.953622341156005859e+00 1.030339145660400391e+01
1.250000000000000000e-01 2.215951919555664062e+00 1.083492374420166016e+01
1.375000029802322388e-01 1.358441591262817383e+00 1.122624301910400391e+01
1.500000059604644775e-01 4.279916882514953613e-01 1.135074615478515625e+01
1.624999940395355225e-01 -4.684781730175018311e-01 1.133669090270996094e+01
1.749999970197677612e-01 -1.296066164970397949e+00 1.135083103179931641e+01
1.875000000000000000e-01 -2.097301006317138672e+00 1.139224052429199219e+01
2.000000029802322388e-01 -2.884287834167480469e+00 1.140049743652343750e+01
2.125000059604644775e-01 -3.615836620330810547e+00 1.140010547637939453e+01
2.249999940395355225e-01 -4.269003868103027344e+00 1.142820930480957031e+01
2.374999970197677612e-01 -4.851173400878906250e+00 1.145481681823730469e+01
2.500000000000000000e-01 -5.350698947906494141e+00 1.145910739898681641e+01
2.624999880790710449e-01 -5.741412162780761719e+00 1.147304344177246094e+01
2.750000059604644775e-01 -6.021623134613037109e+00 1.150433158874511719e+01
2.874999940395355225e-01 -6.198874473571777344e+00 1.152110767364501953e+01
3.000000119209289551e-01 -6.260235309600830078e+00 1.152635765075683594e+01
3.125000000000000000e-01 -6.195705890655517578e+00 1.154903984069824219e+01
3.249999880790710449e-01 -6.018798351287841797e+00 1.157583713531494141e+01
3.375000059604644775e-01 -5.737260818481445312e+00 1.158175277709960938e+01
3.499999940395355225e-01 -5.342292308807373047e+00 1.158847808837890625e+01
3.625000119209289551e-01 -4.841750621795654297e+00 1.161382293701171875e+01
3.750000000000000000e-01 -4.259719848632812500e+00 1.162729644775390625e+01
3.874999880790710449e-01 -3.600627183914184570e+00 1.161972522735595703e+01
4.000000059604644775e-01 -2.862236976623535156e+00 1.162880325317382812e+01
4.124999940395355225e-01 -2.071725606918334961e+00 1.164989471435546875e+01
4.250000119209289551e-01 -1.254349231719970703e+00 1.163676548004150391e+01
4.375000000000000000e-01 -3.947814106941223145e-01 1.161608123779296875e+01
4.499999880790710449e-01 5.046975612640380859e-01 1.164610862731933594e+01
4.625000059604644775e-01 1.366892337799072266e+00 1.163590335845947266e+01
4.749999940395355225e-01 2.120801925659179688e+00 1.139070796966552734e+01
4.875000119209289551e-01 2.803401231765747070e+00 1.088447284698486328e+01
5.000000000000000000e-01 3.497408628463745117e+00 1.031508064270019531e+01
5.124999880790710449e-01 4.200760841369628906e+00 9.852960586547851562e+00
5.249999761581420898e-01 4.835988521575927734e+00 9.501860618591308594e+00
5.375000238418579102e-01 5.354800701141357422e+00 9.225745201110839844e+00
5.500000119209289551e-01 5.758823394775390625e+00 9.035437583923339844e+00
5.625000000000000000e-01 6.047813415527343750e+00 8.919672966003417969e+00
5.749999880790710449e-01 6.213605403900146484e+00 8.836449623107910156e+00
5.874999761581420898e-01 6.262262344360351562e+00 8.788203239440917969e+00
6.000000238418579102e-01 6.198451519012451172e+00 8.799809455871582031e+00
6.125000119209289551e-01 6.014309883117675781e+00 8.852504730224609375e+00
6.250000000000000000e-01 5.714871406555175781e+00 8.932356834411621094e+00
6.374999880790710449e-01 5.317451953887939453e+00 9.078214645385742188e+00
6.499999761581420898e-01 4.822402000427246094e+00 9.301681518554687500e+00
6.625000238418579102e-01 4.232563972473144531e+00 9.560531616210937500e+00
6.750000119209289551e-01 3.587872982025146484e+00 9.876831054687500000e+00
6.875000000000000000e-01 2.916174650192260742e+00 1.033148956298828125e+01
6.999999880790710449e-01 2.172815799713134766e+00 1.086181735992431641e+01
7.124999761581420898e-01 1.309103846549987793e+00 1.123964023590087891e+01
7.250000238418579102e-01 3.778864741325378418e-01 1.135159397125244141e+01
7.375000119209289551e-01 -5.147280097007751465e-01 1.133593845367431641e+01
7.500000000000000000e-01 -1.339596390724182129e+00 1.135306453704833984e+01
7.624999880790710449e-01 -2.140413999557495117e+00 1.139373970031738281e+01
7.749999761581420898e-01 -2.925628662109375000e+00 1.140014457702636719e+01
7.875000238418579102e-01 -3.653104305267333984e+00 1.140089416503906250e+01
8.000000119209289551e-01 -4.302214145660400391e+00 1.143012332916259766e+01
8.125000000000000000e-01 -4.880522727966308594e+00 1.145548534393310547e+01
8.249999880790710449e-01 -5.374742031097412109e+00 1.145927715301513672e+01
8.374999761581420898e-01 -5.759259700775146484e+00 1.147451877593994141e+01
8.500000238418579102e-01 -6.033846855163574219e+00 1.150584888458251953e+01
8.625000119209289551e-01 -6.205332756042480469e+00 1.152139472961425781e+01
8.750000000000000000e-01 -6.259929656982421875e+00 1.152700710296630859e+01
8.874999880790710449e-01 -6.188853263854980469e+00 1.155071926116943359e+01
8.999999761581420898e-01 -6.006312370300292969e+00 1.157671451568603516e+01
9.125000238418579102e-01 -5.718887805938720703e+00 1.158174419403076172e+01
9.250000119209289551e-01 -5.317741870880126953e+00 1.158947563171386719e+01
9.375000000000000000e-01 -4.812223434448242188e+00 1.161520671844482422e+01
9.499999880790710449e-01 -4.226167678833007812e+00 1.162718486785888672e+01
9.624999761581420898e-01 -3.562673091888427734e+00 1.161947441101074219e+01
9.750000238418579102e-01 -2.820510387420654297e+00 1.163005733489990234e+01
9.875000119209289551e-01 -2.028230428695678711e+00 1.165030670166015625e+01
1.000000000000000000e+00 -1.209238529205322266e+00 1.163513183593750000e+01
1.012500047683715820e+00 -3.468395471572875977e-01 1.161631965637207031e+01
1.024999976158142090e+00 5.531497597694396973e-01 1.164830970764160156e+01
1.037500023841857910e+00 1.410584092140197754e+00 1.163009834289550781e+01
1.049999952316284180e+00 2.158678293228149414e+00 1.136893939971923828e+01
1.062500000000000000e+00 2.840090990066528320e+00 1.085315036773681641e+01
1.075000047683715820e+00 3.535710573196411133e+00 1.028668212890625000e+01
1.087499976158142090e+00 4.237532615661621094e+00 9.831641197204589844e+00
1.100000023841857910e+00 4.867106914520263672e+00 9.485093116760253906e+00
1.112499952316284180e+00 5.379471302032470703e+00 9.213120460510253906e+00
1.125000000000000000e+00 5.777464866638183594e+00 9.027655601501464844e+00
1.137500047683715820e+00 6.059934616088867188e+00 8.914615631103515625e+00
1.149999976158142090e+00 6.219120502471923828e+00 8.832656860351562500e+00
1.162500023841857910e+00 6.261731147766113281e+00 8.787245750427246094e+00
1.174999952316284180e+00 6.191641807556152344e+00 8.801938056945800781e+00
1.187500000000000000e+00 6.000923156738281250e+00 8.855959892272949219e+00
1.200000047683715820e+00 5.695799827575683594e+00 8.938119888305664062e+00
1.212499976158142090e+00 5.293288707733154297e+00 9.088583946228027344e+00
1.225000023841857910e+00 4.792770862579345703e+00 9.315075874328613281e+00
1.237499952316284180e+00 4.198668479919433594e+00 9.575399398803710938e+00
1.250000000000000000e+00 3.552350282669067383e+00 9.897415161132812500e+00
1.262500047683715820e+00 2.878521203994750977e+00 1.035986232757568359e+01
1.274999976158142090e+00 2.129296779632568359e+00 1.088823223114013672e+01
1.287500023841857910e+00 1.259552478790283203e+00 1.125218296051025391e+01
1.299999952316284180e+00 3.279188871383666992e-01 1.135206699371337891e+01
1.312500000000000000e+00 -5.607578754425048828e-01 1.133533668518066406e+01
1.325000047683715820e+00 -1.383069634437561035e+00 1.135537815093994141e+01
1.337499976158142090e+00 -2.183497428894042969e+00 1.139510726928710938e+01
1.350000023841857910e+00 -2.966792345046997070e+00 1.139977550506591797e+01
1.362499952316284180e+00 -3.690133571624755859e+00 1.140179061889648438e+01
1.375000000000000000e+00 -4.335226058959960938e+00 1.143202114105224609e+01
1.387500047683715820e+00 -4.909630775451660156e+00 1.145607376098632812e+01
1.399999976158142090e+00 -5.398455619812011719e+00 1.145948982238769531e+01
1.412500023841857910e+00 -5.776784420013427734e+00 1.147605514526367188e+01
1.424999952316284180e+00 -6.045778274536132812e+00 1.150730514526367188e+01
1.437500000000000000e+00 -6.211448192596435547e+00 1.152164459228515625e+01
1.450000047683715820e+00 -6.259248733520507812e+00 1.152772521972656250e+01
1.462499976158142090e+00 -6.181678771972656250e+00 1.155240821838378906e+01
1.475000023841857910e+00 -5.993526458740234375e+00 1.157751178741455078e+01
1.487499952316284180e+00 -5.700176715850830078e+00 1.158174705505371094e+01
1.500000000000000000e+00 -5.292881965637207031e+00 1.159054374694824219e+01
1.512500047683715820e+00 -4.782469272613525391e+00 1.161654090881347656e+01
1.524999976158142090e+00 -4.192391395568847656e+00 1.162699985504150391e+01
1.537500023841857910e+00 -3.524478673934936523e+00 1.161929321289062500e+01
1.549999952316284180e+00 -2.778638601303100586e+00 1.163135433197021484e+01
1.562500000000000000e+00 -1.984672069549560547e+00 1.165058803558349609e+01
1.575000047683715820e+00 -1.163995623588562012e+00 1.163347530364990234e+01
1.587499976158142090e+00 -2.987633943557739258e-01 1.161675548553466797e+01
1.600000023841857910e+00 6.014751791954040527e-01 1.165039634704589844e+01
1.612499952316284180e+00 1.453922629356384277e+00 1.162353038787841797e+01
1.625000000000000000e+00 2.196348190307617188e+00 1.134636116027832031e+01
1.637500047683715820e+00 2.876850366592407227e+00 1.082169628143310547e+01
1.649999976158142090e+00 3.574051141738891602e+00 1.025866127014160156e+01
1.662500023841857910e+00 4.274080753326416016e+00 9.810642242431640625e+00
1.674999952316284180e+00 4.897869586944580078e+00 9.468523979187011719e+00
1.687500000000000000e+00 5.403811454772949219e+00 9.200758934020996094e+00
1.700000047683715820e+00 5.795772075653076172e+00 9.020095825195312500e+00
1.712499976158142090e+00 6.071690559387207031e+00 8.909630775451660156e+00
1.725000023841857910e+00 6.224297046661376953e+00 8.828964233398437500e+00
1.737499952316284180e+00 6.260875701904296875e+00 8.786480903625488281e+00
1.750000000000000000e+00 6.184474945068359375e+00 8.804178237915039062e+00
1.762500047683715820e+00 5.987198352813720703e+00 8.859478950500488281e+00
1.774999976158142090e+00 5.676450729370117188e+00 8.944092750549316406e+00
1.787500023841857910e+00 5.268839359283447266e+00 9.099195480346679688e+00
1.799999952316284180e+00 4.762854099273681641e+00 9.328544616699218750e+00
1.812500000000000000e+00 4.164624214172363281e+00 9.590425491333007812e+00
1.825000047683715820e+00 3.516771078109741211e+00 9.918455123901367188e+00
1.837499976158142090e+00 2.840648412704467773e+00 1.038847827911376953e+01
1.850000023841857910e+00 2.085393667221069336e+00 1.091412830352783203e+01
1.862499952316284180e+00 1.209806084632873535e+00 1.126387977600097656e+01
1.875000000000000000e+00 2.781030237674713135e-01 1.135220241546630859e+01
1.887500047683715820e+00 -6.065735220909118652e-01 1.133489799499511719e+01
1.899999976158142090e+00 -1.426493763923645020e+00 1.135775756835937500e+01
1.912500023841857910e+00 -2.226546287536621094e+00 1.139634132385253906e+01
1.924999952316284180e+00 -3.007771253585815430e+00 1.139939975738525391e+01
1.937500000000000000e+00 -3.726926326751708984e+00 1.140279293060302734e+01
1.950000047683715820e+00 -4.368040561676025391e+00 1.143389129638671875e+01
1.962499976158142090e+00 -4.938492774963378906e+00 1.145658397674560547e+01
1.975000023841857910e+00 -5.421837806701660156e+00 1.145975399017333984e+01
1.987499952316284180e+00 -5.793988704681396484e+00 1.147764492034912109e+01
2.000000000000000000e+00 -6.057415485382080078e+00 1.150869750976562500e+01
