0.000000000000000000e+00 6.207226276397705078e+00 8.840713500976562500e+00
1.250000018626451492e-02 6.262199878692626953e+00 8.789513587951660156e+00
2.500000037252902985e-02 6.204377174377441406e+00 8.798005104064941406e+00
3.750000149011611938e-02 6.026013374328613281e+00 8.849477767944335938e+00
5.000000074505805969e-02 5.731055736541748047e+00 8.927518844604492188e+00
6.250000000000000000e-02 5.337107658386230469e+00 9.069755554199218750e+00
7.500000298023223877e-02 4.845418453216552734e+00 9.291107177734375000e+00
8.749999850988388062e-02 4.257661342620849609e+00 9.549407005310058594e+00
1.000000014901161194e-01 3.612797737121582031e+00 9.862340927124023438e+00
1.124999970197677612e-01 2.941044330596923828e+00 1.031238842010498047e+01
1.250000000000000000e-01 2.199856758117675781e+00 1.084463500976562500e+01
1.375000029802322388e-01 1.338047504425048828e+00 1.123153305053710938e+01
1.500000059604644775e-01 4.051091670989990234e-01 1.135086822509765625e+01
1.624999940395355225e-01 -4.916221797466278076e-01 1.133602046966552734e+01
1.749999970197677612e-01 -1.319655895233154297e+00 1.135176277160644531e+01
1.875000000000000000e-01 -2.122394561767578125e+00 1.139289093017578125e+01
2.000000029802322388e-01 -2.910034894943237305e+00 1.140007591247558594e+01
2.125000059604644775e-01 -3.640570640563964844e+00 1.140042972564697266e+01
2.249999940395355225e-01 -4.292371273040771484e+00 1.142939090728759766e+01
2.374999970197677612e-01 -4.872984409332275391e+00 1.145518875122070312e+01
2.500000000000000000e-01 -5.369514465332031250e+00 1.145914268493652344e+01
2.624999880790710449e-01 -5.756051540374755859e+00 1.147419738769531250e+01
2.750000059604644775e-01 -6.032056331634521484e+00 1.150562095642089844e+01
2.874999940395355225e-01 -6.204509735107421875e+00 1.152138042449951172e+01
3.000000119209289551e-01 -6.259654998779296875e+00 1.152702808380126953e+01
3.125000000000000000e-01 -6.188562870025634766e+00 1.155079460144042969e+01
3.249999880790710449e-01 -6.005489826202392578e+00 1.157686042785644531e+01
3.375000059604644775e-01 -5.717052936553955078e+00 1.158190727233886719e+01
3.499999940395355225e-01 -5.314387321472167969e+00 1.158980083465576172e+01
3.625000119209289551e-01 -4.807034492492675781e+00 1.161564636230468750e+01
3.750000000000000000e-01 -4.218916893005371094e+00 1.162740325927734375e+01
3.874999880790710449e-01 -3.552944421768188477e+00 1.161971855163574219e+01
4.000000059604644775e-01 -2.808149099349975586e+00 1.163074016571044922e+01
4.124999940395355225e-01 -2.013579607009887695e+00 1.165072822570800781e+01
4.250000119209289551e-01 -1.192171335220336914e+00 1.163486862182617188e+01
4.375000000000000000e-01 -3.267366886138916016e-01 1.161687660217285156e+01
4.499999880790710449e-01 5.753930211067199707e-01 1.164965343475341797e+01
4.625000059604644775e-01 1.432389378547668457e+00 1.162723922729492188e+01
4.749999940395355225e-01 2.179158687591552734e+00 1.135720825195312500e+01
4.875000119209289551e-01 2.861418247222900391e+00 1.083540439605712891e+01
5.000000000000000000e-01 3.559358596801757812e+00 1.026984596252441406e+01
5.124999880790710449e-01 4.261499404907226562e+00 9.818284988403320312e+00
5.249999761581420898e-01 4.888529777526855469e+00 9.473859786987304688e+00
5.375000238418579102e-01 5.397431850433349609e+00 9.204214096069335938e+00
5.500000119209289551e-01 5.791716098785400391e+00 9.021968841552734375e+00
5.625000000000000000e-01 6.069499969482421875e+00 8.910716056823730469e+00
5.749999880790710449e-01 6.223403930664062500e+00 8.829620361328125000e+00
5.874999761581420898e-01 6.260688304901123047e+00 8.786690711975097656e+00
6.000000238418579102e-01 6.184504985809326172e+00 8.804204940795898438e+00
6.125000119209289551e-01 5.986909866333007812e+00 8.859563827514648438e+00
6.250000000000000000e-01 5.675337791442871094e+00 8.944385528564453125e+00
6.374999880790710449e-01 5.266495227813720703e+00 9.100094795227050781e+00
6.499999761581420898e-01 4.758820533752441406e+00 9.330219268798828125e+00
6.625000238418579102e-01 4.158670425415039062e+00 9.592885971069335938e+00
6.750000119209289551e-01 3.509106397628784180e+00 9.922720909118652344e+00
6.875000000000000000e-01 2.830996513366699219e+00 1.039534759521484375e+01
6.999999880790710449e-01 2.072514772415161133e+00 1.092118263244628906e+01
7.124999761581420898e-01 1.193254709243774414e+00 1.126722335815429688e+01
7.250000238418579102e-01 2.594795227050781250e-01 1.135186672210693359e+01
7.375000119209289551e-01 -6.256644725799560547e-01 1.133449172973632812e+01
7.500000000000000000e-01 -1.446437835693359375e+00 1.135860443115234375e+01
7.624999880790710449e-01 -2.248044967651367188e+00 1.139667510986328125e+01
7.749999761581420898e-01 -3.029828310012817383e+00 1.139899826049804688e+01
7.875000238418579102e-01 -3.748187541961669922e+00 1.140323829650878906e+01
8.000000119209289551e-01 -4.388309001922607422e+00 1.143487453460693359e+01
8.125000000000000000e-01 -4.957405567169189453e+00 1.145675373077392578e+01
8.249999880790710449e-01 -5.437982559204101562e+00 1.145988559722900391e+01
8.374999761581420898e-01 -5.806447982788085938e+00 1.147880554199218750e+01
8.500000238418579102e-01 -6.066151618957519531e+00 1.150971889495849609e+01
8.625000119209289551e-01 -6.221467018127441406e+00 1.152204513549804688e+01
8.750000000000000000e-01 -6.256670951843261719e+00 1.152931880950927734e+01
8.874999880790710449e-01 -6.166736602783203125e+00 1.155572700500488281e+01
8.999999761581420898e-01 -5.967298507690429688e+00 1.157897090911865234e+01
9.125000238418579102e-01 -5.661423683166503906e+00 1.158198070526123047e+01
9.250000119209289551e-01 -5.240887165069580078e+00 1.159312725067138672e+01
9.375000000000000000e-01 -4.719477653503417969e+00 1.161935329437255859e+01
9.499999880790710449e-01 -4.119588375091552734e+00 1.162664604187011719e+01
9.624999761581420898e-01 -3.440660953521728516e+00 1.161946773529052734e+01
9.750000238418579102e-01 -2.685475111007690430e+00 1.163463401794433594e+01
9.875000119209289551e-01 -1.886236786842346191e+00 1.165104293823242188e+01
1.000000000000000000e+00 -1.059613943099975586e+00 1.163003730773925781e+01
1.012500047683715820e+00 -1.859591603279113770e-01 1.161894035339355469e+01
1.024999976158142090e+00 7.157826423645019531e-01 1.165505790710449219e+01
1.037500023841857910e+00 1.557337522506713867e+00 1.160467243194580078e+01
1.049999952316284180e+00 2.288265705108642578e+00 1.128796958923339844e+01
1.062500000000000000e+00 2.969018459320068359e+00 1.074332809448242188e+01
1.075000047683715820e+00 3.671308755874633789e+00 1.018988513946533203e+01
1.087499976158142090e+00 4.366993427276611328e+00 9.758432388305664062e+00
1.100000023841857910e+00 4.976567268371582031e+00 9.426458358764648438e+00
1.112499952316284180e+00 5.466837882995605469e+00 9.169462203979492188e+00
1.125000000000000000e+00 5.843415260314941406e+00 9.000969886779785156e+00
1.137500047683715820e+00 6.101892471313476562e+00 8.896513938903808594e+00
1.149999976158142090e+00 6.236711025238037109e+00 8.819430351257324219e+00
1.162500023841857910e+00 6.256408214569091797e+00 8.785506248474121094e+00
1.174999952316284180e+00 6.161583900451660156e+00 8.811303138732910156e+00
1.187500000000000000e+00 5.944958209991455078e+00 8.870223999023437500e+00
1.200000047683715820e+00 5.617274284362792969e+00 8.963112831115722656e+00
1.212499976158142090e+00 5.193427562713623047e+00 9.132425308227539062e+00
1.225000023841857910e+00 4.669826030731201172e+00 9.369923591613769531e+00
1.237499952316284180e+00 4.058500766754150391e+00 9.637869834899902344e+00
1.250000000000000000e+00 3.404907703399658203e+00 9.987047195434570312e+00
1.262500047683715820e+00 2.718945026397705078e+00 1.048002052307128906e+01
1.274999976158142090e+00 1.941908359527587891e+00 1.099290275573730469e+01
1.287500023841857910e+00 1.047018647193908691e+00 1.129583454132080078e+01
1.299999952316284180e+00 1.152867600321769714e-01 1.135041904449462891e+01
1.312500000000000000e+00 -7.579635381698608398e-01 1.133444976806640625e+01
1.325000047683715820e+00 -1.572883009910583496e+00 1.136581039428710938e+01
1.337499976158142090e+00 -2.373316287994384766e+00 1.139931583404541016e+01
1.350000023841857910e+00 -3.147960901260375977e+00 1.139801883697509766e+01
1.362499952316284180e+00 -3.853810787200927734e+00 1.140690994262695312e+01
1.375000000000000000e+00 -4.482568740844726562e+00 1.144002628326416016e+01
1.387500047683715820e+00 -5.039654731750488281e+00 1.145772647857666016e+01
1.399999976158142090e+00 -5.503598213195800781e+00 1.146113681793212891e+01
1.412500023841857910e+00 -5.854155063629150391e+00 1.148378849029541016e+01
1.424999952316284180e+00 -6.097728729248046875e+00 1.151322269439697266e+01
1.437500000000000000e+00 -6.235423088073730469e+00 1.152255344390869141e+01
1.450000047683715820e+00 -6.250531196594238281e+00 1.153222370147705078e+01
1.462499976158142090e+00 -6.142242431640625000e+00 1.156056594848632812e+01
1.475000023841857910e+00 -5.926511764526367188e+00 1.158044147491455078e+01
1.487499952316284180e+00 -5.602893829345703125e+00 1.158231925964355469e+01
1.500000000000000000e+00 -5.164865970611572266e+00 1.159695339202880859e+01
1.512500047683715820e+00 -4.630051136016845703e+00 1.162247943878173828e+01
1.524999976158142090e+00 -4.018300056457519531e+00 1.162542724609375000e+01
1.537500023841857910e+00 -3.326401472091674805e+00 1.161993980407714844e+01
1.549999952316284180e+00 -2.561750173568725586e+00 1.163862609863281250e+01
1.562500000000000000e+00 -1.758329749107360840e+00 1.165018081665039062e+01
1.575000047683715820e+00 -9.258018136024475098e-01 1.162543678283691406e+01
1.587499976158142090e+00 -4.429309070110321045e-02 1.162262344360351562e+01
1.600000023841857910e+00 8.545968532562255859e-01 1.165847301483154297e+01
1.612499952316284180e+00 1.679261207580566406e+00 1.157496643066406250e+01
1.625000000000000000e+00 2.396105527877807617e+00 1.121264457702636719e+01
1.637500047683715820e+00 3.077412843704223633e+00 1.065129566192626953e+01
1.649999976158142090e+00 3.783213853836059570e+00 1.011332798004150391e+01
1.662500023841857910e+00 4.470222473144531250e+00 9.700989723205566406e+00
1.674999952316284180e+00 5.061564445495605469e+00 9.380790710449218750e+00
1.687500000000000000e+00 5.533478260040283203e+00 9.137023925781250000e+00
1.700000047683715820e+00 5.892196655273437500e+00 8.981595993041992188e+00
1.712499976158142090e+00 6.131180286407470703e+00 8.882830619812011719e+00
1.725000023841857910e+00 6.247197151184082031e+00 8.810310363769531250e+00
1.737499952316284180e+00 6.249324321746826172e+00 8.785937309265136719e+00
1.750000000000000000e+00 6.135596752166748047e+00 8.819142341613769531e+00
1.762500047683715820e+00 5.900245666503906250e+00 8.881590843200683594e+00
1.774999976158142090e+00 5.556894302368164062e+00 8.983878135681152344e+00
1.787500023841857910e+00 5.117857456207275391e+00 9.166548728942871094e+00
1.799999952316284180e+00 4.578557491302490234e+00 9.410126686096191406e+00
1.812500000000000000e+00 3.957367181777954102e+00 9.684782028198242188e+00
1.825000047683715820e+00 3.300098896026611328e+00 1.005540943145751953e+01
1.837499976158142090e+00 2.604570150375366211e+00 1.056548500061035156e+01
1.850000023841857910e+00 1.808105945587158203e+00 1.105894279479980469e+01
1.862499952316284180e+00 8.998367190361022949e-01 1.131775474548339844e+01
1.875000000000000000e+00 -2.720535919070243835e-02 1.134741783142089844e+01
1.887500047683715820e+00 -8.887165188789367676e-01 1.133600902557373047e+01
1.899999976158142090e+00 -1.699130177497863770e+00 1.137300682067871094e+01
1.912500023841857910e+00 -2.498027324676513672e+00 1.140085601806640625e+01
1.924999952316284180e+00 -3.264285087585449219e+00 1.139739704132080078e+01
1.937500000000000000e+00 -3.957494020462036133e+00 1.141133689880371094e+01
1.950000047683715820e+00 -4.575139522552490234e+00 1.144466781616210938e+01
1.962499976158142090e+00 -5.119595050811767578e+00 1.145825195312500000e+01
1.975000023841857910e+00 -5.566330909729003906e+00 1.146300601959228516e+01
1.987499952316284180e+00 -5.899235725402832031e+00 1.148898029327392578e+01
2.000000000000000000e+00 -6.126742839813232422e+00 1.151608562469482422e+01
