0.000000000000000000e+00 6.206693649291992188e+00 8.841082572937011719e+00
1.250000018626451492e-02 6.261919975280761719e+00 8.789665222167968750e+00
2.500000037252902985e-02 6.203839778900146484e+00 8.798202514648437500e+00
3.750000149011611938e-02 6.024660110473632812e+00 8.849838256835937500e+00
5.000000074505805969e-02 5.728435993194580078e+00 8.928236007690429688e+00
6.250000000000000000e-02 5.332869529724121094e+00 9.071418762207031250e+00
7.500000298023223877e-02 4.839075565338134766e+00 9.293841361999511719e+00
8.749999850988388062e-02 4.249006748199462891e+00 9.553007125854492188e+00
1.000000014901161194e-01 3.602247953414916992e+00 9.868016242980957031e+00
1.124999970197677612e-01 2.928446292877197266e+00 1.032140922546386719e+01
1.250000000000000000e-01 2.183712720870971680e+00 1.085428047180175781e+01
1.375000029802322388e-01 1.317615509033203125e+00 1.123667907714843750e+01
1.500000059604644775e-01 3.822504580020904541e-01 1.135091114044189453e+01
1.624999940395355225e-01 -5.147113204002380371e-01 1.133538818359375000e+01
1.749999970197677612e-01 -1.343221545219421387e+00 1.135272407531738281e+01
1.875000000000000000e-01 -2.147469520568847656e+00 1.139350509643554688e+01
2.000000029802322388e-01 -2.935706138610839844e+00 1.139965248107910156e+01
2.125000059604644775e-01 -3.665189981460571289e+00 1.140080833435058594e+01
2.249999940395355225e-01 -4.315628051757812500e+00 1.143057346343994141e+01
2.374999970197677612e-01 -4.894649505615234375e+00 1.145552635192871094e+01
2.500000000000000000e-01 -5.388114929199218750e+00 1.145921516418457031e+01
2.624999880790710449e-01 -5.770455837249755859e+00 1.147540378570556641e+01
2.750000059604644775e-01 -6.042253017425537109e+00 1.150687694549560547e+01
2.874999940395355225e-01 -6.209847450256347656e+00 1.152163600921630859e+01
3.000000119209289551e-01 -6.258721828460693359e+00 1.152777576446533203e+01
3.125000000000000000e-01 -6.181087970733642578e+00 1.155257129669189453e+01
3.249999880790710449e-01 -5.991847515106201172e+00 1.157781505584716797e+01
3.375000059604644775e-01 -5.696443080902099609e+00 1.158209037780761719e+01
3.499999940395355225e-01 -5.286087036132812500e+00 1.159122467041015625e+01
3.625000119209289551e-01 -4.772005081176757812e+00 1.161741352081298828e+01
3.750000000000000000e-01 -4.177783966064453125e+00 1.162741947174072266e+01
3.874999880790710449e-01 -3.504888772964477539e+00 1.161983394622802734e+01
4.000000059604644775e-01 -2.753823995590209961e+00 1.163274955749511719e+01
4.124999940395355225e-01 -1.955322265625000000e+00 1.165133380889892578e+01
4.250000119209289551e-01 -1.129744052886962891e+00 1.163294887542724609e+01
4.375000000000000000e-01 -2.584342062473297119e-01 1.161806774139404297e+01
4.499999880790710449e-01 6.458005905151367188e-01 1.165291023254394531e+01
4.625000059604644775e-01 1.497085213661193848e+00 1.161682319641113281e+01
4.749999940395355225e-01 2.237023591995239258e+00 1.132183742523193359e+01
4.875000119209289551e-01 2.919581890106201172e+00 1.078609085083007812e+01
5.000000000000000000e-01 3.621354818344116211e+00 1.022561931610107422e+01
5.124999880790710449e-01 4.321579456329345703e+00 9.784445762634277344e+00
5.249999761581420898e-01 4.940032958984375000e+00 9.446399688720703125e+00
5.375000238418579102e-01 5.439061641693115234e+00 9.183466911315917969e+00
5.500000119209289551e-01 5.823525428771972656e+00 9.009170532226562500e+00
5.625000000000000000e-01 6.089948177337646484e+00 8.901971817016601562e+00
5.749999880790710449e-01 6.232005596160888672e+00 8.823143959045410156e+00
5.874999761581420898e-01 6.257910251617431641e+00 8.785870552062988281e+00
6.000000238418579102e-01 6.169174671173095703e+00 8.808990478515625000e+00
6.125000119209289551e-01 5.958160400390625000e+00 8.866873741149902344e+00
6.250000000000000000e-01 5.634647846221923828e+00 8.957307815551757812e+00
6.374999880790710449e-01 5.214284420013427734e+00 9.122980117797851562e+00
6.499999761581420898e-01 4.693965435028076172e+00 9.359057426452636719e+00
6.625000238418579102e-01 4.084123134613037109e+00 9.626044273376464844e+00
6.750000119209289551e-01 3.430059671401977539e+00 9.970834732055664062e+00
6.875000000000000000e-01 2.744658231735229492e+00 1.046019458770751953e+01
6.999999880790710449e-01 1.970229983329772949e+00 1.097756290435791016e+01
7.124999761581420898e-01 1.076483130455017090e+00 1.129029273986816406e+01
7.250000238418579102e-01 1.420041173696517944e-01 1.135053348541259766e+01
7.375000119209289551e-01 -7.354124188423156738e-01 1.133407306671142578e+01
7.500000000000000000e-01 -1.553022980690002441e+00 1.136441135406494141e+01
7.624999880790710449e-01 -2.355375051498413086e+00 1.139878463745117188e+01
7.749999761581420898e-01 -3.132751941680908203e+00 1.139793777465820312e+01
7.875000238418579102e-01 -3.841690778732299805e+00 1.140626811981201172e+01
8.000000119209289551e-01 -4.473022937774658203e+00 1.143937110900878906e+01
8.125000000000000000e-01 -5.032454967498779297e+00 1.145754718780517578e+01
8.249999880790710449e-01 -5.498751640319824219e+00 1.146094989776611328e+01
8.374999761581420898e-01 -5.851230621337890625e+00 1.148344039916992188e+01
8.500000238418579102e-01 -6.096131801605224609e+00 1.151306724548339844e+01
8.625000119209289551e-01 -6.234758853912353516e+00 1.152257251739501953e+01
8.750000000000000000e-01 -6.250339031219482422e+00 1.153224658966064453e+01
8.874999880790710449e-01 -6.141942024230957031e+00 1.156066036224365234e+01
8.999999761581420898e-01 -5.925606250762939453e+00 1.158059692382812500e+01
9.125000238418579102e-01 -5.600890636444091797e+00 1.158252143859863281e+01
9.250000119209289551e-01 -5.161292076110839844e+00 1.159733772277832031e+01
9.375000000000000000e-01 -4.624640464782714844e+00 1.162286949157714844e+01
9.499999880790710449e-01 -4.010762691497802734e+00 1.162560272216796875e+01
9.624999761581420898e-01 -3.316330671310424805e+00 1.162032699584960938e+01
9.750000238418579102e-01 -2.549176216125488281e+00 1.163933277130126953e+01
9.875000119209289551e-01 -1.743547439575195312e+00 1.165033245086669922e+01
1.000000000000000000e+00 -9.084032177925109863e-01 1.162525844573974609e+01
1.012500047683715820e+00 -2.393052913248538971e-02 1.162366867065429688e+01
1.024999976158142090e+00 8.763087391853332520e-01 1.165911579132080078e+01
1.037500023841857910e+00 1.699938178062438965e+00 1.156945991516113281e+01
1.049999952316284180e+00 2.416022777557373047e+00 1.119850826263427734e+01
1.062500000000000000e+00 3.098999977111816406e+00 1.063362312316894531e+01
1.075000047683715820e+00 3.806770086288452148e+00 1.009809589385986328e+01
1.087499976158142090e+00 4.493022441864013672e+00 9.688797950744628906e+00
1.100000023841857910e+00 5.081353187561035156e+00 9.370432853698730469e+00
1.112499952316284180e+00 5.549851894378662109e+00 9.129410743713378906e+00
1.125000000000000000e+00 5.904649734497070312e+00 8.976875305175781250e+00
1.137500047683715820e+00 6.138709068298339844e+00 8.879240989685058594e+00
1.149999976158142090e+00 6.249520778656005859e+00 8.807980537414550781e+00
1.162500023841857910e+00 6.246231555938720703e+00 8.786529541015625000e+00
1.174999952316284180e+00 6.126104831695556641e+00 8.821957588195800781e+00
1.187500000000000000e+00 5.884002685546875000e+00 8.885741233825683594e+00
1.200000047683715820e+00 5.534473896026611328e+00 8.991827011108398438e+00
1.212499976158142090e+00 5.088865280151367188e+00 9.179616928100585938e+00
1.225000023841857910e+00 4.542521953582763672e+00 9.425724029541015625e+00
1.237499952316284180e+00 3.916438817977905273e+00 9.704077720642089844e+00
1.250000000000000000e+00 3.256261587142944336e+00 1.008465290069580078e+01
1.262500047683715820e+00 2.554696083068847656e+00 1.060172557830810547e+01
1.274999976158142090e+00 1.747937202453613281e+00 1.108578014373779297e+01
1.287500023841857910e+00 8.324714899063110352e-01 1.132535076141357422e+01
1.299999952316284180e+00 -9.372203052043914795e-02 1.134541797637939453e+01
1.312500000000000000e+00 -9.517736434936523438e-01 1.133707523345947266e+01
1.325000047683715820e+00 -1.762205719947814941e+00 1.137623977661132812e+01
1.337499976158142090e+00 -2.561809778213500977e+00 1.140104484558105469e+01
1.350000023841857910e+00 -3.324892759323120117e+00 1.139710235595703125e+01
1.362499952316284180e+00 -4.012846946716308594e+00 1.141382312774658203e+01
1.375000000000000000e+00 -4.625775337219238281e+00 1.144683170318603516e+01
1.387500047683715820e+00 -5.163954734802246094e+00 1.145831394195556641e+01
1.399999976158142090e+00 -5.601484775543212891e+00 1.146434116363525391e+01
1.412500023841857910e+00 -5.924778461456298828e+00 1.149207305908203125e+01
1.424999952316284180e+00 -6.142971992492675781e+00 1.151751995086669922e+01
1.437500000000000000e+00 -6.251227855682373047e+00 1.152353668212890625e+01
1.450000047683715820e+00 -6.233444213867187500e+00 1.153834724426269531e+01
1.462499976158142090e+00 -6.095632076263427734e+00 1.156803894042968750e+01
1.475000023841857910e+00 -5.852090835571289062e+00 1.158183860778808594e+01
1.487499952316284180e+00 -5.497381687164306641e+00 1.158408069610595703e+01
1.500000000000000000e+00 -5.029918193817138672e+00 1.160443115234375000e+01
1.512500047683715820e+00 -4.472242355346679688e+00 1.162640857696533203e+01
1.524999976158142090e+00 -3.838217496871948242e+00 1.162308692932128906e+01
1.537500023841857910e+00 -3.122639417648315430e+00 1.162296581268310547e+01
1.549999952316284180e+00 -2.342104673385620117e+00 1.164538574218750000e+01
1.562500000000000000e+00 -1.530023097991943359e+00 1.164620208740234375e+01
1.575000047683715820e+00 -6.833756566047668457e-01 1.161937999725341797e+01
1.587499976158142090e+00 2.120786905288696289e-01 1.163300704956054688e+01
1.600000023841857910e+00 1.101242661476135254e+00 1.165689468383789062e+01
1.612499952316284180e+00 1.894801497459411621e+00 1.150145626068115234e+01
1.625000000000000000e+00 2.592906475067138672e+00 1.106120777130126953e+01
1.637500047683715820e+00 3.280800342559814453e+00 1.048407173156738281e+01
1.649999976158142090e+00 3.990887880325317383e+00 9.979945182800292969e+00
1.662500023841857910e+00 4.657443523406982422e+00 9.599010467529296875e+00
1.674999952316284180e+00 5.214419841766357422e+00 9.299499511718750000e+00
1.687500000000000000e+00 5.653088569641113281e+00 9.081714630126953125e+00
1.700000047683715820e+00 5.977566242218017578e+00 8.948260307312011719e+00
1.712499976158142090e+00 6.179037094116210938e+00 8.857888221740722656e+00
1.725000023841857910e+00 6.259421825408935547e+00 8.796327590942382812e+00
1.737499952316284180e+00 6.226680755615234375e+00 8.791336059570312500e+00
1.750000000000000000e+00 6.074629783630371094e+00 8.836513519287109375e+00
1.762500047683715820e+00 5.802603721618652344e+00 8.907246589660644531e+00
1.774999976158142090e+00 5.427950859069824219e+00 9.032361984252929688e+00
1.787500023841857910e+00 4.956460952758789062e+00 9.240272521972656250e+00
1.799999952316284180e+00 4.385469436645507812e+00 9.493827819824218750e+00
1.812500000000000000e+00 3.746793270111083984e+00 9.789152145385742188e+00
1.825000047683715820e+00 3.080086708068847656e+00 1.020909690856933594e+01
1.837499976158142090e+00 2.357234477996826172e+00 1.074136829376220703e+01
1.850000023841857910e+00 1.517599344253540039e+00 1.117587852478027344e+01
1.862499952316284180e+00 5.878762602806091309e-01 1.134449195861816406e+01
1.875000000000000000e+00 -3.241559863090515137e-01 1.133925533294677734e+01
1.887500047683715820e+00 -1.164841532707214355e+00 1.134420871734619141e+01
1.899999976158142090e+00 -1.971115946769714355e+00 1.138665485382080078e+01
1.912500023841857910e+00 -2.765835762023925781e+00 1.140089607238769531e+01
1.924999952316284180e+00 -3.511652946472167969e+00 1.139810752868652344e+01
1.937500000000000000e+00 -4.178947925567626953e+00 1.142272186279296875e+01
1.950000047683715820e+00 -4.773680686950683594e+00 1.145240497589111328e+01
1.962499976158142090e+00 -5.288548946380615234e+00 1.145863723754882812e+01
1.975000023841857910e+00 -5.696321487426757812e+00 1.146960449218750000e+01
1.987499952316284180e+00 -5.991338253021240234e+00 1.150049114227294922e+01
2.000000000000000000e+00 -6.182469844818115234e+00 1.152030086517333984e+01
