0.000000000000000000e+00 6.206160545349121094e+00 8.841360092163085938e+00
1.250000018626451492e-02 6.261640548706054688e+00 8.789725303649902344e+00
2.500000037252902985e-02 6.203301906585693359e+00 8.798308372497558594e+00
3.750000149011611938e-02 6.023305416107177734e+00 8.850106239318847656e+00
5.000000074505805969e-02 5.725812435150146484e+00 8.928863525390625000e+00
6.250000000000000000e-02 5.328624725341796875e+00 9.072996139526367188e+00
7.500000298023223877e-02 4.832721233367919922e+00 9.296483993530273438e+00
8.749999850988388062e-02 4.240342140197753906e+00 9.556518554687500000e+00
1.000000014901161194e-01 3.591695070266723633e+00 9.873628616333007812e+00
1.124999970197677612e-01 2.915831327438354492e+00 1.033036041259765625e+01
1.250000000000000000e-01 2.167520999908447266e+00 1.086376380920410156e+01
1.375000029802322388e-01 1.297147154808044434e+00 1.124158191680908203e+01
1.500000059604644775e-01 3.594161868095397949e-01 1.135077667236328125e+01
1.624999940395355225e-01 -5.377479791641235352e-01 1.133469200134277344e+01
1.749999970197677612e-01 -1.366767525672912598e+00 1.135360717773437500e+01
1.875000000000000000e-01 -2.172529697418212891e+00 1.139397239685058594e+01
2.000000029802322388e-01 -2.961305141448974609e+00 1.139911937713623047e+01
2.125000059604644775e-01 -3.689701318740844727e+00 1.140112781524658203e+01
2.249999940395355225e-01 -4.338781356811523438e+00 1.143163967132568359e+01
2.374999970197677612e-01 -4.916174888610839844e+00 1.145571422576904297e+01
2.500000000000000000e-01 -5.406507492065429688e+00 1.145921230316162109e+01
2.624999880790710449e-01 -5.784636020660400391e+00 1.147654342651367188e+01
2.750000059604644775e-01 -6.052222728729248047e+00 1.150797939300537109e+01
2.874999940395355225e-01 -6.214894771575927734e+00 1.152176189422607422e+01
3.000000119209289551e-01 -6.257446765899658203e+00 1.152848148345947266e+01
3.125000000000000000e-01 -6.173295021057128906e+00 1.155424499511718750e+01
3.249999880790710449e-01 -5.977878570556640625e+00 1.157858180999755859e+01
3.375000059604644775e-01 -5.675437927246093750e+00 1.158219146728515625e+01
3.499999940395355225e-01 -5.257405757904052734e+00 1.159262561798095703e+01
3.625000119209289551e-01 -4.736674308776855469e+00 1.161899662017822266e+01
3.750000000000000000e-01 -4.136324405670166016e+00 1.162723827362060547e+01
3.874999880790710449e-01 -3.456468820571899414e+00 1.161996746063232422e+01
4.000000059604644775e-01 -2.699280023574829102e+00 1.163469982147216797e+01
4.124999940395355225e-01 -1.896954655647277832e+00 1.165159893035888672e+01
4.250000119209289551e-01 -1.067055821418762207e+00 1.163094425201416016e+01
4.375000000000000000e-01 -1.898964494466781616e-01 1.161955547332763672e+01
4.499999880790710449e-01 7.158688306808471680e-01 1.165567779541015625e+01
4.625000059604644775e-01 1.560977697372436523e+00 1.160449218750000000e+01
4.749999940395355225e-01 2.294460296630859375e+00 1.128460693359375000e+01
4.875000119209289551e-01 2.977926015853881836e+00 1.073660373687744141e+01
5.000000000000000000e-01 3.683354377746582031e+00 1.018234539031982422e+01
5.124999880790710449e-01 4.380955219268798828e+00 9.751311302185058594e+00
5.249999761581420898e-01 4.990506649017333984e+00 9.419406890869140625e+00
5.375000238418579102e-01 5.479705810546875000e+00 9.163438796997070312e+00
5.500000119209289551e-01 5.854248523712158203e+00 8.996913909912109375e+00
5.625000000000000000e-01 6.109167575836181641e+00 8.893338203430175781e+00
5.749999880790710449e-01 6.239434719085693359e+00 8.816981315612792969e+00
5.874999761581420898e-01 6.253928184509277344e+00 8.785654067993164062e+00
6.000000238418579102e-01 6.152463912963867188e+00 8.814032554626464844e+00
6.125000119209289551e-01 5.928097724914550781e+00 8.874390602111816406e+00
6.250000000000000000e-01 5.592822551727294922e+00 8.971103668212890625e+00
6.374999880790710449e-01 5.160809993743896484e+00 9.146712303161621094e+00
6.499999761581420898e-01 4.627887725830078125e+00 9.388068199157714844e+00
6.625000238418579102e-01 4.009018421173095703e+00 9.660085678100585938e+00
6.750000119209289551e-01 3.350699663162231445e+00 1.002112674713134766e+01
6.875000000000000000e-01 2.657017469406127930e+00 1.052552318572998047e+01
6.999999880790710449e-01 1.865987181663513184e+00 1.103044509887695312e+01
7.124999761581420898e-01 9.590365290641784668e-01 1.130893898010253906e+01
7.250000238418579102e-01 2.560549043118953705e-02 1.134797382354736328e+01
7.375000119209289551e-01 -8.440790176391601562e-01 1.133465003967285156e+01
7.500000000000000000e-01 -1.659438133239746094e+00 1.137015724182128906e+01
7.624999880790710449e-01 -2.462297916412353516e+00 1.139998245239257812e+01
7.749999761581420898e-01 -3.234307050704956055e+00 1.139702415466308594e+01
7.875000238418579102e-01 -3.933655261993408203e+00 1.140979862213134766e+01
8.000000119209289551e-01 -4.556356906890869141e+00 1.144336986541748047e+01
8.125000000000000000e-01 -5.105577468872070312e+00 1.145785999298095703e+01
8.249999880790710449e-01 -5.557033538818359375e+00 1.146243953704833984e+01
8.374999761581420898e-01 -5.893668651580810547e+00 1.148816967010498047e+01
8.500000238418579102e-01 -6.123760223388671875e+00 1.151573467254638672e+01
8.625000119209289551e-01 -6.245148181915283203e+00 1.152301502227783203e+01
8.750000000000000000e-01 -6.240996837615966797e+00 1.153565597534179688e+01
8.874999880790710449e-01 -6.114541053771972656e+00 1.156523418426513672e+01
8.999999761581420898e-01 -5.881192684173583984e+00 1.158154869079589844e+01
9.125000238418579102e-01 -5.537298679351806641e+00 1.158340358734130859e+01
9.250000119209289551e-01 -5.079100131988525391e+00 1.160183811187744141e+01
9.375000000000000000e-01 -4.527763843536376953e+00 1.162550163269042969e+01
9.499999880790710449e-01 -3.899637222290039062e+00 1.162417221069335938e+01
9.624999761581420898e-01 -3.189808607101440430e+00 1.162201690673828125e+01
9.750000238418579102e-01 -2.411823987960815430e+00 1.164369392395019531e+01
9.875000119209289551e-01 -1.600080490112304688e+00 1.164810466766357422e+01
1.000000000000000000e+00 -7.554886341094970703e-01 1.162124156951904297e+01
1.012500047683715820e+00 1.388155072927474976e-01 1.163009452819824219e+01
1.024999976158142090e+00 1.034115314483642578e+00 1.165895080566406250e+01
1.037500023841857910e+00 1.838525176048278809e+00 1.152383041381835938e+01
1.049999952316284180e+00 2.542646408081054688e+00 1.110185718536376953e+01
1.062500000000000000e+00 3.230163812637329102e+00 1.052543354034423828e+01
1.075000047683715820e+00 3.941485881805419922e+00 1.001125431060791016e+01
1.087499976158142090e+00 4.615187168121337891e+00 9.622227668762207031e+00
1.100000023841857910e+00 5.181526184082031250e+00 9.317086219787597656e+00
1.112499952316284180e+00 5.628547668457031250e+00 9.092903137207031250e+00
1.125000000000000000e+00 5.961060523986816406e+00 8.954832077026367188e+00
1.137500047683715820e+00 6.170446872711181641e+00 8.862674713134765625e+00
1.149999976158142090e+00 6.257646083831787109e+00 8.798580169677734375e+00
1.162500023841857910e+00 6.231104373931884766e+00 8.790060043334960938e+00
1.174999952316284180e+00 6.085218906402587891e+00 8.833519935607910156e+00
1.187500000000000000e+00 5.818289756774902344e+00 8.902873039245605469e+00
1.200000047683715820e+00 5.447422981262207031e+00 9.024473190307617188e+00
1.212499976158142090e+00 4.979528903961181641e+00 9.229458808898925781e+00
1.225000023841857910e+00 4.411298751831054688e+00 9.482405662536621094e+00
1.237499952316284180e+00 3.772990703582763672e+00 9.775167465209960938e+00
1.250000000000000000e+00 3.105931758880615234e+00 1.018985366821289062e+01
1.262500047683715820e+00 2.384940147399902344e+00 1.072189807891845703e+01
1.274999976158142090e+00 1.547901988029479980e+00 1.116481685638427734e+01
1.287500023841857910e+00 6.174550652503967285e-01 1.134248256683349609e+01
1.299999952316284180e+00 -2.985903322696685791e-01 1.133951759338378906e+01
1.312500000000000000e+00 -1.142936587333679199e+00 1.134293365478515625e+01
1.325000047683715820e+00 -1.951277613639831543e+00 1.138541698455810547e+01
1.337499976158142090e+00 -2.748267412185668945e+00 1.140067005157470703e+01
1.350000023841857910e+00 -3.497230291366577148e+00 1.139765548706054688e+01
1.362499952316284180e+00 -4.167479991912841797e+00 1.142180347442626953e+01
1.375000000000000000e+00 -4.764680385589599609e+00 1.145188045501708984e+01
1.387500047683715820e+00 -5.282033920288085938e+00 1.145841407775878906e+01
1.399999976158142090e+00 -5.692134380340576172e+00 1.146916389465332031e+01
1.412500023841857910e+00 -5.988875389099121094e+00 1.150006484985351562e+01
1.424999952316284180e+00 -6.181239604949951172e+00 1.152014636993408203e+01
1.437500000000000000e+00 -6.258638858795166016e+00 1.152517604827880859e+01
1.450000047683715820e+00 -6.208323955535888672e+00 1.154565048217773438e+01
1.462499976158142090e+00 -6.042032241821289062e+00 1.157407188415527344e+01
1.475000023841857910e+00 -5.770005226135253906e+00 1.158215045928955078e+01
1.487499952316284180e+00 -5.383801937103271484e+00 1.158738994598388672e+01
1.500000000000000000e+00 -4.888632774353027344e+00 1.161202335357666016e+01
1.512500047683715820e+00 -4.309086799621582031e+00 1.162795543670654297e+01
1.524999976158142090e+00 -3.651978492736816406e+00 1.162095355987548828e+01
1.537500023841857910e+00 -2.913881063461303711e+00 1.162813472747802734e+01
1.549999952316284180e+00 -2.120376586914062500e+00 1.165011787414550781e+01
1.562500000000000000e+00 -1.299200892448425293e+00 1.163931846618652344e+01
1.575000047683715820e+00 -4.365897774696350098e-01 1.161712169647216797e+01
1.587499976158142090e+00 4.682622551918029785e-01 1.164542388916015625e+01
1.600000023841857910e+00 1.339446783065795898e+00 1.164006423950195312e+01
1.612499952316284180e+00 2.101761579513549805e+00 1.140243816375732422e+01
1.625000000000000000e+00 2.789205312728881836e+00 1.089793014526367188e+01
1.637500047683715820e+00 3.486756324768066406e+00 1.032441997528076172e+01
1.649999976158142090e+00 4.194687366485595703e+00 9.857713699340820312e+00
1.662500023841857910e+00 4.834580898284912109e+00 9.503449440002441406e+00
1.674999952316284180e+00 5.356760978698730469e+00 9.225301742553710938e+00
1.687500000000000000e+00 5.762582778930664062e+00 9.034359931945800781e+00
1.700000047683715820e+00 6.051550865173339844e+00 8.918472290039062500e+00
1.712499976158142090e+00 6.215567588806152344e+00 8.835061073303222656e+00
1.725000023841857910e+00 6.261139869689941406e+00 8.787945747375488281e+00
1.737499952316284180e+00 6.192568778991699219e+00 8.801648139953613281e+00
1.750000000000000000e+00 6.001806259155273438e+00 8.855663299560546875e+00
1.762500047683715820e+00 5.694981575012207031e+00 8.938106536865234375e+00
1.774999976158142090e+00 5.289476871490478516e+00 9.089753150939941406e+00
1.787500023841857910e+00 4.784636974334716797e+00 9.318221092224121094e+00
1.799999952316284180e+00 4.185283660888671875e+00 9.580660820007324219e+00
1.812500000000000000e+00 3.534001588821411133e+00 9.907155036926269531e+00
1.825000047683715820e+00 2.854608297348022461e+00 1.037652873992919922e+01
1.837499976158142090e+00 2.096611976623535156e+00 1.090629291534423828e+01
1.850000023841857910e+00 1.216500639915466309e+00 1.126119899749755859e+01
1.862499952316284180e+00 2.784125804901123047e-01 1.135118103027343750e+01
1.875000000000000000e+00 -6.122322678565979004e-01 1.133393287658691406e+01
1.887500047683715820e+00 -1.437281608581542969e+00 1.135746765136718750e+01
1.899999976158142090e+00 -2.242418766021728516e+00 1.139597225189208984e+01
1.912500023841857910e+00 -3.027788639068603516e+00 1.139851856231689453e+01
1.924999952316284180e+00 -3.749325275421142578e+00 1.140281009674072266e+01
1.937500000000000000e+00 -4.391918659210205078e+00 1.143466186523437500e+01
1.950000047683715820e+00 -4.962809562683105469e+00 1.145648860931396484e+01
1.962499976158142090e+00 -5.444104671478271484e+00 1.145971107482910156e+01
1.975000023841857910e+00 -5.812152385711669922e+00 1.147919654846191406e+01
1.987499952316284180e+00 -6.070666790008544922e+00 1.151014900207519531e+01
2.000000000000000000e+00 -6.223659515380859375e+00 1.152209091186523438e+01
