0.000000000000000000e+00 6.205627441406250000e+00 8.841737747192382812e+00
1.250000018626451492e-02 6.261362075805664062e+00 8.789884567260742188e+00
2.500000037252902985e-02 6.202764511108398438e+00 8.798511505126953125e+00
3.750000149011611938e-02 6.021948814392089844e+00 8.850472450256347656e+00
5.000000074505805969e-02 5.723184108734130859e+00 8.929592132568359375e+00
6.250000000000000000e-02 5.324372768402099609e+00 9.074678421020507812e+00
7.500000298023223877e-02 4.826354503631591797e+00 9.299231529235839844e+00
8.749999850988388062e-02 4.231667995452880859e+00 9.560137748718261719e+00
1.000000014901161194e-01 3.581139087677001953e+00 9.879374504089355469e+00
1.124999970197677612e-01 2.903198242187500000e+00 1.033944034576416016e+01
1.250000000000000000e-01 2.151280879974365234e+00 1.087328052520751953e+01
1.375000029802322388e-01 1.276642203330993652e+00 1.124644184112548828e+01
1.500000059604644775e-01 3.366061747074127197e-01 1.135067081451416016e+01
1.624999940395355225e-01 -5.607340335845947266e-01 1.133413505554199219e+01
1.749999970197677612e-01 -1.390295982360839844e+00 1.135461139678955078e+01
1.875000000000000000e-01 -2.197574853897094727e+00 1.139449596405029297e+01
2.000000029802322388e-01 -2.986831188201904297e+00 1.139868545532226562e+01
2.125000059604644775e-01 -3.714106321334838867e+00 1.140159606933593750e+01
2.249999940395355225e-01 -4.361832618713378906e+00 1.143279647827148438e+01
2.374999970197677612e-01 -4.937559604644775391e+00 1.145596599578857422e+01
2.500000000000000000e-01 -5.424691200256347656e+00 1.145934677124023438e+01
2.624999880790710449e-01 -5.798593521118164062e+00 1.147782230377197266e+01
2.750000059604644775e-01 -6.061965942382812500e+00 1.150913715362548828e+01
2.874999940395355225e-01 -6.219649314880371094e+00 1.152196979522705078e+01
3.000000119209289551e-01 -6.255830764770507812e+00 1.152935504913330078e+01
3.125000000000000000e-01 -6.165186405181884766e+00 1.155601596832275391e+01
3.249999880790710449e-01 -5.963580608367919922e+00 1.157936954498291016e+01
3.375000059604644775e-01 -5.654036045074462891e+00 1.158242702484130859e+01
3.499999940395355225e-01 -5.228348255157470703e+00 1.159420490264892578e+01
3.625000119209289551e-01 -4.701044082641601562e+00 1.162059497833251953e+01
3.750000000000000000e-01 -4.094532966613769531e+00 1.162707996368408203e+01
3.874999880790710449e-01 -3.407689571380615234e+00 1.162033653259277344e+01
4.000000059604644775e-01 -2.644530534744262695e+00 1.163677597045898438e+01
4.124999940395355225e-01 -1.838472843170166016e+00 1.165172290802001953e+01
4.250000119209289551e-01 -1.004094004631042480e+00 1.162909317016601562e+01
4.375000000000000000e-01 -1.211495324969291687e-01 1.162152481079101562e+01
4.499999880790710449e-01 7.855458855628967285e-01 1.165803813934326172e+01
4.625000059604644775e-01 1.624068379402160645e+00 1.159037113189697266e+01
4.749999940395355225e-01 2.351529121398925781e+00 1.124581432342529297e+01
4.875000119209289551e-01 3.036473274230957031e+00 1.068728256225585938e+01
5.000000000000000000e-01 3.745303392410278320e+00 1.014023113250732422e+01
5.124999880790710449e-01 4.439578533172607422e+00 9.719025611877441406e+00
5.249999761581420898e-01 5.039952754974365234e+00 9.393084526062011719e+00
5.375000238418579102e-01 5.519370555877685547e+00 9.144330978393554688e+00
5.500000119209289551e-01 5.883870124816894531e+00 8.985342025756835938e+00
5.625000000000000000e-01 6.127162456512451172e+00 8.884992599487304688e+00
5.749999880790710449e-01 6.245703697204589844e+00 8.811368942260742188e+00
5.874999761581420898e-01 6.248730659484863281e+00 8.786219596862792969e+00
6.000000238418579102e-01 6.134368896484375000e+00 8.819476127624511719e+00
6.125000119209289551e-01 5.896751880645751953e+00 8.882355690002441406e+00
6.250000000000000000e-01 5.549867630004882812e+00 8.986016273498535156e+00
6.374999880790710449e-01 5.106056213378906250e+00 9.171405792236328125e+00
6.499999761581420898e-01 4.560642242431640625e+00 9.417426109313964844e+00
6.625000238418579102e-01 3.933438777923583984e+00 9.695386886596679688e+00
6.750000119209289551e-01 3.270967721939086914e+00 1.007379150390625000e+01
6.875000000000000000e-01 2.567933797836303711e+00 1.059108257293701172e+01
6.999999880790710449e-01 1.759843111038208008e+00 1.107967090606689453e+01
7.124999761581420898e-01 8.411673903465270996e-01 1.132362651824951172e+01
7.250000238418579102e-01 -8.960636705160140991e-02 1.134484767913818359e+01
7.375000119209289551e-01 -9.517871141433715820e-01 1.133643054962158203e+01
7.500000000000000000e-01 -1.765741467475891113e+00 1.137582588195800781e+01
7.624999880790710449e-01 -2.568689823150634766e+00 1.140053939819335938e+01
7.749999761581420898e-01 -3.334416389465332031e+00 1.139661407470703125e+01
7.875000238418579102e-01 -4.024125099182128906e+00 1.141393375396728516e+01
8.000000119209289551e-01 -4.638287067413330078e+00 1.144697952270507812e+01
8.125000000000000000e-01 -5.176671028137207031e+00 1.145803260803222656e+01
8.249999880790710449e-01 -5.612822532653808594e+00 1.146461677551269531e+01
8.374999761581420898e-01 -5.933810234069824219e+00 1.149305343627929688e+01
8.500000238418579102e-01 -6.148983955383300781e+00 1.151793098449707031e+01
8.625000119209289551e-01 -6.252579689025878906e+00 1.152373504638671875e+01
8.750000000000000000e-01 -6.228710651397705078e+00 1.153969764709472656e+01
8.874999880790710449e-01 -6.084578514099121094e+00 1.156950569152832031e+01
8.999999761581420898e-01 -5.833997249603271484e+00 1.158214855194091797e+01
9.125000238418579102e-01 -5.470673561096191406e+00 1.158495903015136719e+01
9.250000119209289551e-01 -4.994447708129882812e+00 1.160664749145507812e+01
9.375000000000000000e-01 -4.428863525390625000e+00 1.162738037109375000e+01
9.499999880790710449e-01 -3.786165237426757812e+00 1.162282466888427734e+01
9.624999761581420898e-01 -3.061252355575561523e+00 1.162473392486572266e+01
9.750000238418579102e-01 -2.273591518402099609e+00 1.164756679534912109e+01
9.875000119209289551e-01 -1.455702304840087891e+00 1.164473152160644531e+01
1.000000000000000000e+00 -6.008193492889404297e-01 1.161869239807128906e+01
1.012500047683715820e+00 3.017552196979522705e-01 1.163784027099609375e+01
1.024999976158142090e+00 1.188671350479125977e+00 1.165331172943115234e+01
1.037500023841857910e+00 1.973397612571716309e+00 1.146780300140380859e+01
1.049999952316284180e+00 2.668799877166748047e+00 1.099979400634765625e+01
1.062500000000000000e+00 3.362458467483520508e+00 1.042018508911132812e+01
1.075000047683715820e+00 4.074802875518798828e+00 9.929355621337890625e+00
1.087499976158142090e+00 4.733158111572265625e+00 9.558573722839355469e+00
1.100000023841857910e+00 5.277177810668945312e+00 9.266824722290039062e+00
1.112499952316284180e+00 5.702906608581542969e+00 9.060029983520507812e+00
1.125000000000000000e+00 6.012546062469482422e+00 8.934582710266113281e+00
1.137500047683715820e+00 6.197192668914794922e+00 8.847102165222167969e+00
1.149999976158142090e+00 6.261136054992675781e+00 8.791728019714355469e+00
1.162500023841857910e+00 6.210910797119140625e+00 8.796005249023437500e+00
1.174999952316284180e+00 6.038992404937744141e+00 8.846012115478515625e+00
1.187500000000000000e+00 5.748034954071044922e+00 8.922350883483886719e+00
1.200000047683715820e+00 5.356072425842285156e+00 9.061334609985351562e+00
1.212499976158142090e+00 4.865408420562744141e+00 9.281496047973632812e+00
1.225000023841857910e+00 4.276691913604736328e+00 9.540519714355468750e+00
1.237499952316284180e+00 3.628501176834106445e+00 9.852519035339355469e+00
1.250000000000000000e+00 2.953223943710327148e+00 1.030188751220703125e+01
1.262500047683715820e+00 2.209025144577026367e+00 1.083757305145263672e+01
1.274999976158142090e+00 1.342680335044860840e+00 1.122909545898437500e+01
1.287500023841857910e+00 4.034379124641418457e-01 1.134985733032226562e+01
1.299999952316284180e+00 -4.991850256919860840e-01 1.133496952056884766e+01
1.312500000000000000e+00 -1.332239866256713867e+00 1.135151672363281250e+01
1.325000047683715820e+00 -2.140054225921630859e+00 1.139268779754638672e+01
1.337499976158142090e+00 -2.931938648223876953e+00 1.139917659759521484e+01
1.350000023841857910e+00 -3.664812088012695312e+00 1.140032577514648438e+01
1.362499952316284180e+00 -4.317928314208984375e+00 1.143027687072753906e+01
1.375000000000000000e+00 -4.898962020874023438e+00 1.145525360107421875e+01
1.387500047683715820e+00 -5.393461704254150391e+00 1.145898437500000000e+01
1.399999976158142090e+00 -5.775688648223876953e+00 1.147567939758300781e+01
1.412500023841857910e+00 -6.046559810638427734e+00 1.150729465484619141e+01
1.424999952316284180e+00 -6.212176799774169922e+00 1.152167892456054688e+01
1.437500000000000000e+00 -6.257567882537841797e+00 1.152822875976562500e+01
1.450000047683715820e+00 -6.175547599792480469e+00 1.155375289916992188e+01
1.462499976158142090e+00 -5.981466293334960938e+00 1.157849597930908203e+01
1.475000023841857910e+00 -5.680005550384521484e+00 1.158234882354736328e+01
1.487499952316284180e+00 -5.262489318847656250e+00 1.159257316589355469e+01
1.500000000000000000e+00 -4.741526603698730469e+00 1.161900711059570312e+01
1.512500047683715820e+00 -4.140451908111572266e+00 1.162753677368164062e+01
1.524999976158142090e+00 -3.459586620330810547e+00 1.162026882171630859e+01
1.537500023841857910e+00 -2.700976848602294922e+00 1.163494968414306641e+01
1.549999952316284180e+00 -1.896921992301940918e+00 1.165191745758056641e+01
1.562500000000000000e+00 -1.065151691436767578e+00 1.163124465942382812e+01
1.575000047683715820e+00 -1.858968436717987061e-01 1.162003326416015625e+01
1.587499976158142090e+00 7.218127250671386719e-01 1.165622711181640625e+01
1.600000023841857910e+00 1.568004608154296875e+00 1.160333156585693359e+01
1.612499952316284180e+00 2.302128314971923828e+00 1.127989006042480469e+01
1.625000000000000000e+00 2.986942529678344727e+00 1.072940635681152344e+01
1.637500047683715820e+00 3.694101572036743164e+00 1.017536640167236328e+01
1.649999976158142090e+00 4.392307758331298828e+00 9.745363235473632812e+00
1.662500023841857910e+00 5.001067638397216797e+00 9.414000511169433594e+00
1.674999952316284180e+00 5.488940715789794922e+00 9.159123420715332031e+00
1.687500000000000000e+00 5.861688137054443359e+00 8.994140625000000000e+00
1.700000047683715820e+00 6.113978862762451172e+00 8.891232490539550781e+00
1.712499976158142090e+00 6.241160392761230469e+00 8.815451622009277344e+00
1.725000023841857910e+00 6.252286434173583984e+00 8.785853385925292969e+00
1.737499952316284180e+00 6.146666526794433594e+00 8.815808296203613281e+00
1.750000000000000000e+00 5.917627811431884766e+00 8.877041816711425781e+00
1.762500047683715820e+00 5.577896118164062500e+00 8.976159095764160156e+00
1.774999976158142090e+00 5.141120910644531250e+00 9.155478477478027344e+00
1.787500023841857910e+00 4.602871417999267578e+00 9.398930549621582031e+00
1.799999952316284180e+00 3.979918956756591797e+00 9.673423767089843750e+00
1.812500000000000000e+00 3.319103717803955078e+00 1.004153633117675781e+01
1.825000047683715820e+00 2.620936870574951172e+00 1.055196762084960938e+01
1.837499976158142090e+00 1.821955800056457520e+00 1.105122756958007812e+01
1.850000023841857910e+00 9.087157845497131348e-01 1.131549930572509766e+01
1.862499952316284180e+00 -2.496816962957382202e-02 1.134649753570556641e+01
1.875000000000000000e+00 -8.924036026000976562e-01 1.133516216278076172e+01
1.887500047683715820e+00 -1.708010554313659668e+00 1.137264156341552734e+01
1.899999976158142090e+00 -2.511900663375854492e+00 1.140021038055419922e+01
1.912500023841857910e+00 -3.281950235366821289e+00 1.139666843414306641e+01
1.924999952316284180e+00 -3.977473020553588867e+00 1.141164588928222656e+01
1.937500000000000000e+00 -4.596690177917480469e+00 1.144513034820556641e+01
1.950000047683715820e+00 -5.141215324401855469e+00 1.145791149139404297e+01
1.962499976158142090e+00 -5.585505485534667969e+00 1.146342849731445312e+01
1.975000023841857910e+00 -5.914473056793212891e+00 1.149065780639648438e+01
1.987499952316284180e+00 -6.137081623077392578e+00 1.151694393157958984e+01
2.000000000000000000e+00 -6.249305248260498047e+00 1.152338027954101562e+01
