0.000000000000000000e+00 6.205094337463378906e+00 8.842115402221679688e+00
1.250000018626451492e-02 6.261083602905273438e+00 8.790044784545898438e+00
2.500000037252902985e-02 6.202226161956787109e+00 8.798716545104980469e+00
3.750000149011611938e-02 6.020589828491210938e+00 8.850839614868164062e+00
5.000000074505805969e-02 5.720551967620849609e+00 8.930323600769042969e+00
6.250000000000000000e-02 5.320113182067871094e+00 9.076367378234863281e+00
7.500000298023223877e-02 4.819976329803466797e+00 9.301980972290039062e+00
8.749999850988388062e-02 4.222983837127685547e+00 9.563762664794921875e+00
1.000000014901161194e-01 3.570579290390014648e+00 9.885152816772460938e+00
1.124999970197677612e-01 2.890546321868896484e+00 1.034854412078857422e+01
1.250000000000000000e-01 2.134992122650146484e+00 1.088272762298583984e+01
1.375000029802322388e-01 1.256102323532104492e+00 1.125115966796875000e+01
1.500000059604644775e-01 3.138223886489868164e-01 1.135049438476562500e+01
1.624999940395355225e-01 -5.836695432662963867e-01 1.133362007141113281e+01
1.749999970197677612e-01 -1.413807988166809082e+00 1.135563659667968750e+01
1.875000000000000000e-01 -2.222604274749755859e+00 1.139497852325439453e+01
2.000000029802322388e-01 -3.012282609939575195e+00 1.139825439453125000e+01
2.125000059604644775e-01 -3.738404989242553711e+00 1.140211105346679688e+01
2.249999940395355225e-01 -4.384782314300537109e+00 1.143393898010253906e+01
2.374999970197677612e-01 -4.958800792694091797e+00 1.145617866516113281e+01
2.500000000000000000e-01 -5.442665576934814453e+00 1.145951652526855469e+01
2.624999880790710449e-01 -5.812329769134521484e+00 1.147913265228271484e+01
2.750000059604644775e-01 -6.071481227874755859e+00 1.151024436950683594e+01
2.874999940395355225e-01 -6.224108219146728516e+00 1.152216625213623047e+01
3.000000119209289551e-01 -6.253875732421875000e+00 1.153029823303222656e+01
3.125000000000000000e-01 -6.156764030456542969e+00 1.155777931213378906e+01
3.249999880790710449e-01 -5.948952674865722656e+00 1.158008289337158203e+01
3.375000059604644775e-01 -5.632237434387207031e+00 1.158270835876464844e+01
3.499999940395355225e-01 -5.198921203613281250e+00 1.159586048126220703e+01
3.625000119209289551e-01 -4.665118217468261719e+00 1.162210178375244141e+01
3.750000000000000000e-01 -4.052406311035156250e+00 1.162685680389404297e+01
3.874999880790710449e-01 -3.358556747436523438e+00 1.162084674835205078e+01
4.000000059604644775e-01 -2.589589357376098633e+00 1.163885498046875000e+01
4.124999940395355225e-01 -1.779872536659240723e+00 1.165160560607910156e+01
4.250000119209289551e-01 -9.408486485481262207e-01 1.162733650207519531e+01
4.375000000000000000e-01 -5.222366005182266235e-02 1.162385940551757812e+01
4.499999880790710449e-01 8.547806739807128906e-01 1.165977764129638672e+01
4.625000059604644775e-01 1.686363935470581055e+00 1.157431125640869141e+01
4.749999940395355225e-01 2.408290386199951172e+00 1.120548248291015625e+01
4.875000119209289551e-01 3.095238447189331055e+00 1.063816547393798828e+01
5.000000000000000000e-01 3.807145118713378906e+00 1.009917831420898438e+01
5.124999880790710449e-01 4.497404098510742188e+00 9.687439918518066406e+00
5.249999761581420898e-01 5.088376998901367188e+00 9.367345809936523438e+00
5.375000238418579102e-01 5.558057785034179688e+00 9.126046180725097656e+00
5.500000119209289551e-01 5.912377357482910156e+00 8.974298477172851562e+00
5.625000000000000000e-01 6.143938541412353516e+00 8.876827239990234375e+00
5.749999880790710449e-01 6.250823020935058594e+00 8.806253433227539062e+00
5.874999761581420898e-01 6.242304325103759766e+00 8.787449836730957031e+00
6.000000238418579102e-01 6.114890575408935547e+00 8.825187683105468750e+00
6.125000119209289551e-01 5.864152431488037109e+00 8.890732765197753906e+00
6.250000000000000000e-01 5.505785465240478516e+00 9.001988410949707031e+00
6.374999880790710449e-01 5.050012588500976562e+00 9.196871757507324219e+00
6.499999761581420898e-01 4.492293357849121094e+00 9.447034835815429688e+00
6.625000238418579102e-01 3.857458353042602539e+00 9.732029914855957031e+00
6.750000119209289551e-01 3.190786361694335938e+00 1.012866973876953125e+01
6.875000000000000000e-01 2.477277040481567383e+00 1.065629386901855469e+01
6.999999880790710449e-01 1.651888728141784668e+00 1.112484264373779297e+01
7.124999761581420898e-01 7.231302857398986816e-01 1.133458423614501953e+01
7.250000238418579102e-01 -2.035552114248275757e-01 1.134147453308105469e+01
7.375000119209289551e-01 -1.058668732643127441e+00 1.133926010131835938e+01
7.500000000000000000e-01 -1.871963381767272949e+00 1.138112831115722656e+01
7.624999880790710449e-01 -2.674417734146118164e+00 1.140046405792236328e+01
7.749999761581420898e-01 -3.433022260665893555e+00 1.139673423767089844e+01
7.875000238418579102e-01 -4.113145351409912109e+00 1.141844367980957031e+01
8.000000119209289551e-01 -4.718770980834960938e+00 1.145002937316894531e+01
8.125000000000000000e-01 -5.245639801025390625e+00 1.145810508728027344e+01
8.249999880790710449e-01 -5.666130542755126953e+00 1.146739292144775391e+01
8.374999761581420898e-01 -5.971692562103271484e+00 1.149783897399902344e+01
8.500000238418579102e-01 -6.171738624572753906e+00 1.151959133148193359e+01
8.625000119209289551e-01 -6.257014751434326172e+00 1.152477455139160156e+01
8.750000000000000000e-01 -6.213557243347167969e+00 1.154417800903320312e+01
8.874999880790710449e-01 -6.052080154418945312e+00 1.157325744628906250e+01
8.999999761581420898e-01 -5.783959865570068359e+00 1.158245182037353516e+01
9.125000238418579102e-01 -5.401068687438964844e+00 1.158716678619384766e+01
9.250000119209289551e-01 -4.907466411590576172e+00 1.161145877838134766e+01
9.375000000000000000e-01 -4.327927112579345703e+00 1.162839603424072266e+01
9.499999880790710449e-01 -3.670321226119995117e+00 1.162172317504882812e+01
9.624999761581420898e-01 -2.930851459503173828e+00 1.162827587127685547e+01
9.750000238418579102e-01 -2.134609699249267578e+00 1.165052986145019531e+01
9.875000119209289551e-01 -1.310246706008911133e+00 1.164040756225585938e+01
1.000000000000000000e+00 -4.444319605827331543e-01 1.161791992187500000e+01
1.012500047683715820e+00 4.642931520938873291e-01 1.164598369598388672e+01
1.024999976158142090e+00 1.339560031890869141e+00 1.164072895050048828e+01
1.037500023841857910e+00 2.104996204376220703e+00 1.140149402618408203e+01
1.049999952316284180e+00 2.795074462890625000e+00 1.089391708374023438e+01
1.062500000000000000e+00 3.495665550231933594e+00 1.031873035430908203e+01
1.075000047683715820e+00 4.206070423126220703e+00 9.851948738098144531e+00
1.087499976158142090e+00 4.846717834472656250e+00 9.497516632080078125e+00
1.100000023841857910e+00 5.368411064147949219e+00 9.219771385192871094e+00
1.112499952316284180e+00 5.772866249084472656e+00 9.030464172363281250e+00
1.125000000000000000e+00 6.059034824371337891e+00 8.915630340576171875e+00
1.137500047683715820e+00 6.219056129455566406e+00 8.832642555236816406e+00
1.149999976158142090e+00 6.259994983673095703e+00 8.787535667419433594e+00
1.162500023841857910e+00 6.185539245605468750e+00 8.803906440734863281e+00
1.174999952316284180e+00 5.987552165985107422e+00 8.859329223632812500e+00
1.187500000000000000e+00 5.673421859741210938e+00 8.944643974304199219e+00
1.200000047683715820e+00 5.260324954986572266e+00 9.102176666259765625e+00
1.212499976158142090e+00 4.746598720550537109e+00 9.335037231445312500e+00
1.225000023841857910e+00 4.139298439025878906e+00 9.600651741027832031e+00
1.237499952316284180e+00 3.483109474182128906e+00 9.936996459960937500e+00
1.250000000000000000e+00 2.797296762466430664e+00 1.041901397705078125e+01
1.262500047683715820e+00 2.026573419570922852e+00 1.094555568695068359e+01
1.274999976158142090e+00 1.133454084396362305e+00 1.127830123901367188e+01
1.287500023841857910e+00 1.917003840208053589e-01 1.135012817382812500e+01
1.299999952316284180e+00 -6.957222819328308105e-01 1.133307743072509766e+01
1.312500000000000000e+00 -1.520397305488586426e+00 1.136165523529052734e+01
1.325000047683715820e+00 -2.328224897384643555e+00 1.139749145507812500e+01
1.337499976158142090e+00 -3.112125873565673828e+00 1.139739894866943359e+01
1.350000023841857910e+00 -3.827655315399169922e+00 1.140509510040283203e+01
1.362499952316284180e+00 -4.464327812194824219e+00 1.143833732604980469e+01
1.375000000000000000e+00 -5.028182029724121094e+00 1.145704364776611328e+01
1.387500047683715820e+00 -5.497930526733398438e+00 1.146058654785156250e+01
1.399999976158142090e+00 -5.852372646331787109e+00 1.148336219787597656e+01
1.412500023841857910e+00 -6.097816467285156250e+00 1.151315879821777344e+01
1.424999952316284180e+00 -6.235410690307617188e+00 1.152260971069335938e+01
1.437500000000000000e+00 -6.248087882995605469e+00 1.153288078308105469e+01
1.450000047683715820e+00 -6.135477066040039062e+00 1.156182479858398438e+01
1.462499976158142090e+00 -5.913815498352050781e+00 1.158117389678955078e+01
1.475000023841857910e+00 -5.581940650939941406e+00 1.158313941955566406e+01
1.487499952316284180e+00 -5.133928775787353516e+00 1.159925365447998047e+01
1.500000000000000000e+00 -4.588970661163330078e+00 1.162445640563964844e+01
1.512500047683715820e+00 -3.966105937957763672e+00 1.162569904327392578e+01
1.524999976158142090e+00 -3.261289119720458984e+00 1.162167167663574219e+01
1.537500023841857910e+00 -2.484822034835815430e+00 1.164214801788330078e+01
1.549999952316284180e+00 -1.671727061271667480e+00 1.165015983581542969e+01
1.562500000000000000e+00 -8.272145390510559082e-01 1.162387752532958984e+01
1.575000047683715820e+00 6.758747994899749756e-02 1.162800598144531250e+01
1.587499976158142090e+00 9.702317118644714355e-01 1.166040039062500000e+01
1.600000023841857910e+00 1.786652326583862305e+00 1.154313468933105469e+01
1.612499952316284180e+00 2.498340845108032227e+00 1.113752746582031250e+01
1.625000000000000000e+00 3.187260389328002930e+00 1.056157398223876953e+01
1.637500047683715820e+00 3.900959491729736328e+00 1.003798389434814453e+01
1.649999976158142090e+00 4.581810951232910156e+00 9.641150474548339844e+00
1.662500023841857910e+00 5.156829833984375000e+00 9.330727577209472656e+00
1.674999952316284180e+00 5.611182212829589844e+00 9.101258277893066406e+00
1.687500000000000000e+00 5.950024127960205078e+00 8.959523200988769531e+00
1.700000047683715820e+00 6.164895534515380859e+00 8.865865707397460938e+00
1.712499976158142090e+00 6.256169795989990234e+00 8.800139427185058594e+00
1.725000023841857910e+00 6.232597827911376953e+00 8.789778709411621094e+00
1.737499952316284180e+00 6.088845252990722656e+00 8.832555770874023438e+00
1.750000000000000000e+00 5.822776317596435547e+00 8.901622772216796875e+00
1.762500047683715820e+00 5.451567649841308594e+00 9.022645950317382812e+00
1.774999976158142090e+00 4.982541084289550781e+00 9.227801322937011719e+00
1.787500023841857910e+00 4.412246704101562500e+00 9.481690406799316406e+00
1.799999952316284180e+00 3.771131038665771484e+00 9.775610923767089844e+00
1.812500000000000000e+00 3.101092100143432617e+00 1.019253349304199219e+01
1.825000047683715820e+00 2.376343250274658203e+00 1.072697830200195312e+01
1.837499976158142090e+00 1.534134745597839355e+00 1.116895675659179688e+01
1.850000023841857910e+00 5.987972021102905273e-01 1.134285926818847656e+01
1.862499952316284180e+00 -3.201041221618652344e-01 1.133841037750244141e+01
1.875000000000000000e+00 -1.166633129119873047e+00 1.134337520599365234e+01
1.887500047683715820e+00 -1.978110909461975098e+00 1.138613605499267578e+01
1.899999976158142090e+00 -2.777666568756103516e+00 1.140010643005371094e+01
1.912500023841857910e+00 -3.527025699615478516e+00 1.139762592315673828e+01
1.924999952316284180e+00 -4.196684360504150391e+00 1.142311859130859375e+01
1.937500000000000000e+00 -4.792962551116943359e+00 1.145248126983642578e+01
1.950000047683715820e+00 -5.307469367980957031e+00 1.145830821990966797e+01
1.962499976158142090e+00 -5.712612152099609375e+00 1.147048091888427734e+01
1.975000023841857910e+00 -6.003907680511474609e+00 1.150196075439453125e+01
1.987499952316284180e+00 -6.189933776855468750e+00 1.152066802978515625e+01
2.000000000000000000e+00 -6.258681297302246094e+00 1.152598571777343750e+01
