0.000000000000000000e+00 6.204560756683349609e+00 8.842392921447753906e+00
1.250000018626451492e-02 6.260805606842041016e+00 8.790103912353515625e+00
2.500000037252902985e-02 6.201688289642333984e+00 8.798820495605468750e+00
3.750000149011611938e-02 6.019228935241699219e+00 8.851106643676757812e+00
5.000000074505805969e-02 5.717916488647460938e+00 8.930956840515136719e+00
6.250000000000000000e-02 5.315847396850585938e+00 9.077962875366210938e+00
7.500000298023223877e-02 4.813586711883544922e+00 9.304633140563964844e+00
8.749999850988388062e-02 4.214290618896484375e+00 9.567294120788574219e+00
1.000000014901161194e-01 3.560016870498657227e+00 9.890864372253417969e+00
1.124999970197677612e-01 2.877876043319702148e+00 1.035757255554199219e+01
1.250000000000000000e-01 2.118655204772949219e+00 1.089200401306152344e+01
1.375000029802322388e-01 1.235528945922851562e+00 1.125563430786132812e+01
1.500000059604644775e-01 2.910664975643157959e-01 1.135015106201171875e+01
1.624999940395355225e-01 -6.065543889999389648e-01 1.133304595947265625e+01
1.749999970197677612e-01 -1.437303423881530762e+00 1.135657596588134766e+01
1.875000000000000000e-01 -2.247615814208984375e+00 1.139531517028808594e+01
2.000000029802322388e-01 -3.037657022476196289e+00 1.139772605895996094e+01
2.125000059604644775e-01 -3.762596845626831055e+00 1.140257072448730469e+01
2.249999940395355225e-01 -4.407629013061523438e+00 1.143496513366699219e+01
2.374999970197677612e-01 -4.979896545410156250e+00 1.145625591278076172e+01
2.500000000000000000e-01 -5.460429191589355469e+00 1.145962810516357422e+01
2.624999880790710449e-01 -5.825846195220947266e+00 1.148037719726562500e+01
2.750000059604644775e-01 -6.080768108367919922e+00 1.151120376586914062e+01
2.874999940395355225e-01 -6.228269577026367188e+00 1.152225780487060547e+01
3.000000119209289551e-01 -6.251583576202392578e+00 1.153121185302734375e+01
3.125000000000000000e-01 -6.148031711578369141e+00 1.155942916870117188e+01
3.249999880790710449e-01 -5.933991909027099609e+00 1.158062458038330078e+01
3.375000059604644775e-01 -5.610041618347167969e+00 1.158294010162353516e+01
3.499999940395355225e-01 -5.169132709503173828e+00 1.159748268127441406e+01
3.625000119209289551e-01 -4.628900051116943359e+00 1.162340641021728516e+01
3.750000000000000000e-01 -4.009942531585693359e+00 1.162648010253906250e+01
3.874999880790710449e-01 -3.309079408645629883e+00 1.162140083312988281e+01
4.000000059604644775e-01 -2.534471035003662109e+00 1.164081382751464844e+01
4.124999940395355225e-01 -1.721148967742919922e+00 1.165114688873291016e+01
4.250000119209289551e-01 -8.773126006126403809e-01 1.162561416625976562e+01
4.375000000000000000e-01 1.684631034731864929e-02 1.162642955780029297e+01
4.499999880790710449e-01 9.235234856605529785e-01 1.166068077087402344e+01
4.625000059604644775e-01 1.747876763343811035e+00 1.155617332458496094e+01
4.749999940395355225e-01 2.464803218841552734e+00 1.116363906860351562e+01
4.875000119209289551e-01 3.154228210449218750e+00 1.058928680419921875e+01
5.000000000000000000e-01 3.868819475173950195e+00 1.005908298492431641e+01
5.124999880790710449e-01 4.554392814636230469e+00 9.656415939331054688e+00
5.249999761581420898e-01 5.135787010192871094e+00 9.342113494873046875e+00
5.375000238418579102e-01 5.595768451690673828e+00 9.108482360839843750e+00
5.500000119209289551e-01 5.939755916595458984e+00 8.963634490966796875e+00
5.625000000000000000e-01 6.159502983093261719e+00 8.868745803833007812e+00
5.749999880790710449e-01 6.254801273345947266e+00 8.801572799682617188e+00
5.874999761581420898e-01 6.234634876251220703e+00 8.789213180541992188e+00
6.000000238418579102e-01 6.094032764434814453e+00 8.831030845642089844e+00
6.125000119209289551e-01 5.830330371856689453e+00 8.899487495422363281e+00
6.250000000000000000e-01 5.460574626922607422e+00 9.018945693969726562e+00
6.374999880790710449e-01 4.992671966552734375e+00 9.222917556762695312e+00
6.499999761581420898e-01 4.422914505004882812e+00 9.476826667785644531e+00
6.625000238418579102e-01 3.781140565872192383e+00 9.770099639892578125e+00
6.750000119209289551e-01 3.110060691833496094e+00 1.018555355072021484e+01
6.875000000000000000e-01 2.384933233261108398e+00 1.072056293487548828e+01
6.999999880790710449e-01 1.542248368263244629e+00 1.116563987731933594e+01
7.124999761581420898e-01 6.051740050315856934e-01 1.134209346771240234e+01
7.250000238418579102e-01 -3.162007331848144531e-01 1.133812427520751953e+01
7.375000119209289551e-01 -1.164858937263488770e+00 1.134292888641357422e+01
7.500000000000000000e-01 -1.978104829788208008e+00 1.138579273223876953e+01
7.624999880790710449e-01 -2.779343366622924805e+00 1.139978694915771484e+01
7.749999761581420898e-01 -3.530087709426879883e+00 1.139737510681152344e+01
7.875000238418579102e-01 -4.200757980346679688e+00 1.142308139801025391e+01
8.000000119209289551e-01 -4.797749519348144531e+00 1.145238685607910156e+01
8.125000000000000000e-01 -5.312395095825195312e+00 1.145813179016113281e+01
8.249999880790710449e-01 -5.716984272003173828e+00 1.147064876556396484e+01
8.374999761581420898e-01 -6.007341384887695312e+00 1.150228977203369141e+01
8.500000238418579102e-01 -6.191949367523193359e+00 1.152069568634033203e+01
8.625000119209289551e-01 -6.258432865142822266e+00 1.152615261077880859e+01
8.750000000000000000e-01 -6.195619106292724609e+00 1.154886913299560547e+01
8.874999880790710449e-01 -6.017051219940185547e+00 1.157630634307861328e+01
8.999999761581420898e-01 -5.731024265289306641e+00 1.158253097534179688e+01
9.125000238418579102e-01 -5.328562736511230469e+00 1.158994674682617188e+01
9.250000119209289551e-01 -4.818276882171630859e+00 1.161595344543457031e+01
9.375000000000000000e-01 -4.224922657012939453e+00 1.162850570678710938e+01
9.499999880790710449e-01 -3.552111625671386719e+00 1.162100982666015625e+01
9.624999761581420898e-01 -2.798817157745361328e+00 1.163235473632812500e+01
9.750000238418579102e-01 -1.994957089424133301e+00 1.165221881866455078e+01
9.875000119209289551e-01 -1.163533329963684082e+00 1.163543701171875000e+01
1.000000000000000000e+00 -2.864648103713989258e-01 1.161908435821533203e+01
1.012500047683715820e+00 6.257897019386291504e-01 1.165337848663330078e+01
1.024999976158142090e+00 1.486504435539245605e+00 1.161989116668701172e+01
1.037500023841857910e+00 2.233874559402465820e+00 1.132539367675781250e+01
1.049999952316284180e+00 2.921949863433837891e+00 1.078583908081054688e+01
1.062500000000000000e+00 3.629417419433593750e+00 1.022162628173828125e+01
1.075000047683715820e+00 4.334677219390869141e+00 9.778496742248535156e+00
1.087499976158142090e+00 4.955751895904541016e+00 9.438875198364257812e+00
1.100000023841857910e+00 5.455320835113525391e+00 9.176028251647949219e+00
1.112499952316284180e+00 5.838334560394287109e+00 9.003775596618652344e+00
1.125000000000000000e+00 6.100492477416992188e+00 8.897574424743652344e+00
1.137500047683715820e+00 6.236153125762939453e+00 8.819500923156738281e+00
1.149999976158142090e+00 6.254182338714599609e+00 8.785992622375488281e+00
1.162500023841857910e+00 6.154906749725341797e+00 8.813275337219238281e+00
1.174999952316284180e+00 5.931073188781738281e+00 8.873534202575683594e+00
1.187500000000000000e+00 5.594581604003906250e+00 8.970173835754394531e+00
1.200000047683715820e+00 5.160061359405517578e+00 9.146549224853515625e+00
1.212499976158142090e+00 4.623316764831542969e+00 9.389555931091308594e+00
1.225000023841857910e+00 3.999724388122558594e+00 9.663671493530273438e+00
1.237499952316284180e+00 3.336719512939453125e+00 1.002908325195312500e+01
1.250000000000000000e+00 2.637246608734130859e+00 1.053888607025146484e+01
1.262500047683715820e+00 1.837545275688171387e+00 1.104298114776611328e+01
1.274999976158142090e+00 9.216188192367553711e-01 1.131302642822265625e+01
1.287500023841857910e+00 -1.676212996244430542e-02 1.134600925445556641e+01
1.299999952316284180e+00 -8.887009024620056152e-01 1.133444690704345703e+01
1.312500000000000000e+00 -1.707953572273254395e+00 1.137203025817871094e+01
1.325000047683715820e+00 -2.515259027481079102e+00 1.139969825744628906e+01
1.337499976158142090e+00 -3.288257598876953125e+00 1.139616394042968750e+01
1.350000023841857910e+00 -3.985910892486572266e+00 1.141159439086914062e+01
1.362499952316284180e+00 -4.606684684753417969e+00 1.144519042968750000e+01
1.375000000000000000e+00 -5.151840209960937500e+00 1.145762825012207031e+01
1.387500047683715820e+00 -5.595285892486572266e+00 1.146359348297119141e+01
1.399999976158142090e+00 -5.922432422637939453e+00 1.149149131774902344e+01
1.412500023841857910e+00 -6.142492294311523438e+00 1.151732635498046875e+01
1.424999952316284180e+00 -6.250614643096923828e+00 1.152354431152343750e+01
1.437500000000000000e+00 -6.230417251586914062e+00 1.153900146484375000e+01
1.450000047683715820e+00 -6.088393688201904297e+00 1.156902980804443359e+01
1.462499976158142090e+00 -5.838859081268310547e+00 1.158230686187744141e+01
1.475000023841857910e+00 -5.475811004638671875e+00 1.158509635925292969e+01
1.487499952316284180e+00 -4.998688697814941406e+00 1.160670661926269531e+01
1.500000000000000000e+00 -4.431149482727050781e+00 1.162772178649902344e+01
1.512500047683715820e+00 -3.785818338394165039e+00 1.162329578399658203e+01
1.524999976158142090e+00 -3.057594060897827148e+00 1.162532424926757812e+01
1.537500023841857910e+00 -2.266212940216064453e+00 1.164824771881103516e+01
1.549999952316284180e+00 -1.444427490234375000e+00 1.164498615264892578e+01
1.562500000000000000e+00 -5.850026011466979980e-01 1.161917114257812500e+01
1.575000047683715820e+00 3.221175372600555420e-01 1.163947010040283203e+01
1.587499976158142090e+00 1.211303591728210449e+00 1.165244197845458984e+01
1.600000023841857910e+00 1.996105551719665527e+00 1.145782184600830078e+01
1.612499952316284180e+00 2.692907094955444336e+00 1.098058319091796875e+01
1.625000000000000000e+00 3.390351533889770508e+00 1.039933013916015625e+01
1.637500047683715820e+00 4.105059146881103516e+00 9.911947250366210938e+00
1.649999976158142090e+00 4.761804580688476562e+00 9.543631553649902344e+00
1.662500023841857910e+00 5.302106380462646484e+00 9.254158973693847656e+00
1.674999952316284180e+00 5.723495483398437500e+00 9.051441192626953125e+00
1.687500000000000000e+00 6.027228832244873047e+00 8.928861618041992188e+00
1.700000047683715820e+00 6.204547882080078125e+00 8.842401504516601562e+00
1.712499976158142090e+00 6.260805606842041016e+00 8.790106773376464844e+00
1.725000023841857910e+00 6.201702117919921875e+00 8.798816680908203125e+00
1.737499952316284180e+00 6.019257068634033203e+00 8.851099014282226562e+00
1.750000000000000000e+00 5.717957019805908203e+00 8.930944442749023438e+00
1.762500047683715820e+00 5.315899372100830078e+00 9.077940940856933594e+00
1.774999976158142090e+00 4.813650131225585938e+00 9.304604530334472656e+00
1.787500023841857910e+00 4.214364051818847656e+00 9.567261695861816406e+00
1.799999952316284180e+00 3.560093402862548828e+00 9.890819549560546875e+00
1.812500000000000000e+00 2.877957344055175781e+00 1.035751056671142578e+01
1.825000047683715820e+00 2.118749618530273438e+00 1.089194774627685547e+01
1.837499976158142090e+00 1.235636234283447266e+00 1.125560855865478516e+01
1.850000023841857910e+00 2.911738455295562744e-01 1.135015106201171875e+01
1.862499952316284180e+00 -6.064558029174804688e-01 1.133304691314697266e+01
1.875000000000000000e+00 -1.437209963798522949e+00 1.135657119750976562e+01
1.887500047683715820e+00 -2.247523069381713867e+00 1.139531326293945312e+01
1.899999976158142090e+00 -3.037569284439086914e+00 1.139772605895996094e+01
1.912500023841857910e+00 -3.762518167495727539e+00 1.140256881713867188e+01
1.924999952316284180e+00 -4.407558917999267578e+00 1.143496131896972656e+01
1.937500000000000000e+00 -4.979835510253906250e+00 1.145625591278076172e+01
1.950000047683715820e+00 -5.460380554199218750e+00 1.145962810516357422e+01
1.962499976158142090e+00 -5.825810909271240234e+00 1.148037338256835938e+01
1.975000023841857910e+00 -6.080744743347167969e+00 1.151120185852050781e+01
1.987499952316284180e+00 -6.228259563446044922e+00 1.152225780487060547e+01
2.000000000000000000e+00 -6.251588344573974609e+00 1.153120994567871094e+01
