0.000000000000000000e+00 6.204027652740478516e+00 8.842771530151367188e+00
1.250000018626451492e-02 6.260528564453125000e+00 8.790264129638671875e+00
2.500000037252902985e-02 6.201150417327880859e+00 8.799025535583496094e+00
3.750000149011611938e-02 6.017866134643554688e+00 8.851473808288574219e+00
5.000000074505805969e-02 5.715276718139648438e+00 8.931693077087402344e+00
6.250000000000000000e-02 5.311574459075927734e+00 9.079664230346679688e+00
7.500000298023223877e-02 4.807185173034667969e+00 9.307389259338378906e+00
8.749999850988388062e-02 4.205588340759277344e+00 9.570932388305664062e+00
1.000000014901161194e-01 3.549450874328613281e+00 9.896709442138671875e+00
1.124999970197677612e-01 2.865186214447021484e+00 1.036672401428222656e+01
1.250000000000000000e-01 2.102269411087036133e+00 1.090130710601806641e+01
1.375000029802322388e-01 1.214922904968261719e+00 1.126006698608398438e+01
1.500000059604644775e-01 2.683392465114593506e-01 1.134984588623046875e+01
1.624999940395355225e-01 -6.293898820877075195e-01 1.133261585235595703e+01
1.749999970197677612e-01 -1.460784316062927246e+00 1.135763263702392578e+01
1.875000000000000000e-01 -2.272608995437622070e+00 1.139571094512939453e+01
2.000000029802322388e-01 -3.062953948974609375e+00 1.139730453491210938e+01
2.125000059604644775e-01 -3.786683082580566406e+00 1.140317726135253906e+01
2.249999940395355225e-01 -4.430373668670654297e+00 1.143607139587402344e+01
2.374999970197677612e-01 -5.000844478607177734e+00 1.145640087127685547e+01
2.500000000000000000e-01 -5.477981567382812500e+00 1.145988273620605469e+01
2.624999880790710449e-01 -5.839144229888916016e+00 1.148174858093261719e+01
2.750000059604644775e-01 -6.089825153350830078e+00 1.151221084594726562e+01
2.874999940395355225e-01 -6.232131004333496094e+00 1.152244758605957031e+01
3.000000119209289551e-01 -6.248955249786376953e+00 1.153229427337646484e+01
3.125000000000000000e-01 -6.138991355895996094e+00 1.156115818023681641e+01
3.249999880790710449e-01 -5.918696403503417969e+00 1.158119869232177734e+01
3.375000059604644775e-01 -5.587449073791503906e+00 1.158333206176757812e+01
3.499999940395355225e-01 -5.138988494873046875e+00 1.159926414489746094e+01
3.625000119209289551e-01 -4.592391490936279297e+00 1.162470436096191406e+01
3.750000000000000000e-01 -3.967137813568115234e+00 1.162616634368896484e+01
3.874999880790710449e-01 -3.259264469146728516e+00 1.162220287322998047e+01
4.000000059604644775e-01 -2.479186773300170898e+00 1.164282798767089844e+01
4.124999940395355225e-01 -1.662293195724487305e+00 1.165055656433105469e+01
4.250000119209289551e-01 -8.134778738021850586e-01 1.162416362762451172e+01
4.375000000000000000e-01 8.602471649646759033e-02 1.162940120697021484e+01
4.499999880790710449e-01 9.917287826538085938e-01 1.166082763671875000e+01
4.625000059604644775e-01 1.808626770973205566e+00 1.153613090515136719e+01
4.749999940395355225e-01 2.521127700805664062e+00 1.112061977386474609e+01
4.875000119209289551e-01 3.213443517684936523e+00 1.054096221923828125e+01
5.000000000000000000e-01 3.930265903472900391e+00 1.002012538909912109e+01
5.124999880790710449e-01 4.610510349273681641e+00 9.626113891601562500e+00
5.249999761581420898e-01 5.182191371917724609e+00 9.317606925964355469e+00
5.375000238418579102e-01 5.632499217987060547e+00 9.091831207275390625e+00
5.500000119209289551e-01 5.965994358062744141e+00 8.953495979309082031e+00
5.625000000000000000e-01 6.173866271972656250e+00 8.860959053039550781e+00
5.749999880790710449e-01 6.257645130157470703e+00 8.797569274902343750e+00
5.874999761581420898e-01 6.225707054138183594e+00 8.791674613952636719e+00
6.000000238418579102e-01 6.071804523468017578e+00 8.837186813354492188e+00
6.125000119209289551e-01 5.795313835144042969e+00 8.908894538879394531e+00
6.250000000000000000e-01 5.414226531982421875e+00 9.037097930908203125e+00
6.374999880790710449e-01 4.934034824371337891e+00 9.249650955200195312e+00
6.499999761581420898e-01 4.352584838867187500e+00 9.507059097290039062e+00
6.625000238418579102e-01 3.704533576965332031e+00 9.809971809387207031e+00
6.750000119209289551e-01 3.028679132461547852e+00 1.024447536468505859e+01
6.875000000000000000e-01 2.290805578231811523e+00 1.078359127044677734e+01
6.999999880790710449e-01 1.431074261665344238e+00 1.120212078094482422e+01
7.124999761581420898e-01 4.875346422195434570e-01 1.134677982330322266e+01
7.250000238418579102e-01 -4.275386333465576172e-01 1.133531570434570312e+01
7.375000119209289551e-01 -1.270492792129516602e+00 1.134748935699462891e+01
7.500000000000000000e-01 -2.084141492843627930e+00 1.138989448547363281e+01
7.624999880790710449e-01 -2.883333206176757812e+00 1.139886951446533203e+01
7.749999761581420898e-01 -3.625598192214965820e+00 1.139879322052001953e+01
7.875000238418579102e-01 -4.287000179290771484e+00 1.142789363861083984e+01
8.000000119209289551e-01 -4.875149726867675781e+00 1.145425605773925781e+01
8.125000000000000000e-01 -5.376863956451416016e+00 1.145845222473144531e+01
8.249999880790710449e-01 -5.765422821044921875e+00 1.147452354431152344e+01
8.374999761581420898e-01 -6.040767192840576172e+00 1.150647735595703125e+01
8.500000238418579102e-01 -6.209538459777832031e+00 1.152154541015625000e+01
8.625000119209289551e-01 -6.256835460662841797e+00 1.152815532684326172e+01
8.750000000000000000e-01 -6.174978733062744141e+00 1.155381870269775391e+01
8.874999880790710449e-01 -5.979477405548095703e+00 1.157881259918212891e+01
8.999999761581420898e-01 -5.675146579742431641e+00 1.158276844024658203e+01
9.125000238418579102e-01 -5.253256320953369141e+00 1.159346771240234375e+01
9.250000119209289551e-01 -4.726976394653320312e+00 1.162012481689453125e+01
9.375000000000000000e-01 -4.119798183441162109e+00 1.162803459167480469e+01
9.499999880790710449e-01 -3.431576490402221680e+00 1.162109088897705078e+01
9.624999761581420898e-01 -2.665366888046264648e+00 1.163691234588623047e+01
9.750000238418579102e-01 -1.854652762413024902e+00 1.165266227722167969e+01
9.875000119209289551e-01 -1.015384078025817871e+00 1.163050079345703125e+01
1.000000000000000000e+00 -1.271605044603347778e-01 1.162245750427246094e+01
1.012500047683715820e+00 7.855967283248901367e-01 1.165900039672851562e+01
1.024999976158142090e+00 1.629386305809020996e+00 1.159001541137695312e+01
1.037500023841857910e+00 2.360664606094360352e+00 1.124063587188720703e+01
1.049999952316284180e+00 3.049769639968872070e+00 1.067740154266357422e+01
1.062500000000000000e+00 3.763228416442871094e+00 1.012942886352539062e+01
1.075000047683715820e+00 4.460080146789550781e+00 9.708734512329101562e+00
1.087499976158142090e+00 5.060232162475585938e+00 9.382880210876464844e+00
1.100000023841857910e+00 5.537973403930664062e+00 9.135921478271484375e+00
1.112499952316284180e+00 5.899199962615966797e+00 8.979757308959960938e+00
1.125000000000000000e+00 6.136929512023925781e+00 8.880438804626464844e+00
1.137500047683715820e+00 6.248591423034667969e+00 8.808227539062500000e+00
1.149999976158142090e+00 6.243620872497558594e+00 8.787252426147460938e+00
1.162500023841857910e+00 6.118972301483154297e+00 8.823959350585937500e+00
1.174999952316284180e+00 5.869764328002929688e+00 8.889153480529785156e+00
1.187500000000000000e+00 5.511579990386962891e+00 8.999552726745605469e+00
1.200000047683715820e+00 5.055172920227050781e+00 9.194135665893554688e+00
1.212499976158142090e+00 4.495905876159667969e+00 9.445072174072265625e+00
1.225000023841857910e+00 3.858520507812500000e+00 9.730927467346191406e+00
1.237499952316284180e+00 3.188987731933593750e+00 1.012904071807861328e+01
1.250000000000000000e+00 2.472198963165283203e+00 1.065897941589355469e+01
1.262500047683715820e+00 1.642266869544982910e+00 1.112783622741699219e+01
1.274999976158142090e+00 7.086705565452575684e-01 1.133497333526611328e+01
1.287500023841857910e+00 -2.213024944067001343e-01 1.134031963348388672e+01
1.299999952316284180e+00 -1.078809142112731934e+00 1.133931255340576172e+01
1.312500000000000000e+00 -1.895219802856445312e+00 1.138168430328369141e+01
1.325000047683715820e+00 -2.700485706329345703e+00 1.139989089965820312e+01
1.337499976158142090e+00 -3.459939479827880859e+00 1.139644241333007812e+01
1.350000023841857910e+00 -4.139800548553466797e+00 1.141946792602539062e+01
1.362499952316284180e+00 -4.744853973388671875e+00 1.145056819915771484e+01
1.375000000000000000e+00 -5.269440650939941406e+00 1.145786857604980469e+01
1.387500047683715820e+00 -5.685527801513671875e+00 1.146839332580566406e+01
1.399999976158142090e+00 -5.986076354980468750e+00 1.149955844879150391e+01
1.412500023841857910e+00 -6.180315971374511719e+00 1.152006340026855469e+01
1.424999952316284180e+00 -6.257566928863525391e+00 1.152535820007324219e+01
1.437500000000000000e+00 -6.204879283905029297e+00 1.154644870758056641e+01
1.450000047683715820e+00 -6.034451484680175781e+00 1.157497310638427734e+01
1.462499976158142090e+00 -5.756332874298095703e+00 1.158268642425537109e+01
1.475000023841857910e+00 -5.361797332763671875e+00 1.158882713317871094e+01
1.487499952316284180e+00 -4.857332229614257812e+00 1.161428546905517578e+01
1.500000000000000000e+00 -4.268054485321044922e+00 1.162886524200439453e+01
1.512500047683715820e+00 -3.599459886550903320e+00 1.162159538269042969e+01
1.524999976158142090e+00 -2.849227905273437500e+00 1.163112449645996094e+01
1.537500023841857910e+00 -2.045709371566772461e+00 1.165214443206787109e+01
1.549999952316284180e+00 -1.214404463768005371e+00 1.163763713836669922e+01
1.562500000000000000e+00 -3.385990262031555176e-01 1.161895942687988281e+01
1.575000047683715820e+00 5.754717588424682617e-01 1.165165615081787109e+01
1.587499976158142090e+00 1.443411707878112793e+00 1.162738800048828125e+01
1.600000023841857910e+00 2.197945117950439453e+00 1.134820747375488281e+01
1.612499952316284180e+00 2.888014793395996094e+00 1.081538677215576172e+01
1.625000000000000000e+00 3.595468282699584961e+00 1.024639129638671875e+01
1.637500047683715820e+00 4.304075241088867188e+00 9.796280860900878906e+00
1.649999976158142090e+00 4.931493282318115234e+00 9.452247619628906250e+00
1.662500023841857910e+00 5.437242984771728516e+00 9.185254096984863281e+00
1.674999952316284180e+00 5.825675010681152344e+00 9.009079933166503906e+00
1.687500000000000000e+00 6.093073368072509766e+00 8.901043891906738281e+00
1.700000047683715820e+00 6.233302116394042969e+00 8.821791648864746094e+00
1.712499976158142090e+00 6.255066394805908203e+00 8.786206245422363281e+00
1.725000023841857910e+00 6.159252643585205078e+00 8.811983108520507812e+00
1.737499952316284180e+00 5.938336372375488281e+00 8.871700286865234375e+00
1.750000000000000000e+00 5.603728771209716797e+00 8.967004776000976562e+00
1.762500047683715820e+00 5.170567512512207031e+00 9.141683578491210938e+00
1.774999976158142090e+00 4.634829998016357422e+00 9.384341239929199219e+00
1.787500023841857910e+00 4.011095523834228516e+00 9.658197402954101562e+00
1.799999952316284180e+00 3.347051858901977539e+00 1.002195549011230469e+01
1.812500000000000000e+00 2.647055387496948242e+00 1.053114891052246094e+01
1.825000047683715820e+00 1.847290992736816406e+00 1.103793048858642578e+01
1.837499976158142090e+00 9.302296042442321777e-01 1.131152820587158203e+01
1.850000023841857910e+00 -1.057668961584568024e-02 1.134586334228515625e+01
1.862499952316284180e+00 -8.849423527717590332e-01 1.133410453796386719e+01
1.875000000000000000e+00 -1.706076860427856445e+00 1.137167072296142578e+01
1.887500047683715820e+00 -2.515118122100830078e+00 1.139947891235351562e+01
1.899999976158142090e+00 -3.289725542068481445e+00 1.139596557617187500e+01
1.912500023841857910e+00 -3.988628149032592773e+00 1.141154861450195312e+01
1.924999952316284180e+00 -4.610339641571044922e+00 1.144520854949951172e+01
1.937500000000000000e+00 -5.155997753143310547e+00 1.145753192901611328e+01
1.950000047683715820e+00 -5.599271297454833984e+00 1.146369647979736328e+01
1.962499976158142090e+00 -5.925756931304931641e+00 1.149188232421875000e+01
1.975000023841857910e+00 -6.144768238067626953e+00 1.151752758026123047e+01
1.987499952316284180e+00 -6.251094341278076172e+00 1.152367305755615234e+01
2.000000000000000000e+00 -6.228414535522460938e+00 1.153961086273193359e+01
