0.000000000000000000e+00 6.203484058380126953e+00 8.843149185180664062e+00
1.250000018626451492e-02 6.260241985321044922e+00 8.790421485900878906e+00
2.500000037252902985e-02 6.200602531433105469e+00 8.799228668212890625e+00
3.750000149011611938e-02 6.016491889953613281e+00 8.851839065551757812e+00
5.000000074505805969e-02 5.712624073028564453e+00 8.932429313659667969e+00
6.250000000000000000e-02 5.307285785675048828e+00 9.081371307373046875e+00
7.500000298023223877e-02 4.800764560699462891e+00 9.310147285461425781e+00
8.749999850988388062e-02 4.196870326995849609e+00 9.574578285217285156e+00
1.000000014901161194e-01 3.538877010345458984e+00 9.902588844299316406e+00
1.124999970197677612e-01 2.852473258972167969e+00 1.037589836120605469e+01
1.250000000000000000e-01 2.085832834243774414e+00 1.091053676605224609e+01
1.375000029802322388e-01 1.194284677505493164e+00 1.126435947418212891e+01
1.500000059604644775e-01 2.456425428390502930e-01 1.134948158264160156e+01
1.624999940395355225e-01 -6.521743535995483398e-01 1.133222961425781250e+01
1.749999970197677612e-01 -1.484247684478759766e+00 1.135870170593261719e+01
1.875000000000000000e-01 -2.297577857971191406e+00 1.139606285095214844e+01
2.000000029802322388e-01 -3.088165044784545898e+00 1.139689254760742188e+01
2.125000059604644775e-01 -3.810657501220703125e+00 1.140382766723632812e+01
2.249999940395355225e-01 -4.453009128570556641e+00 1.143715763092041016e+01
2.374999970197677612e-01 -5.021634578704833984e+00 1.145651626586914062e+01
2.500000000000000000e-01 -5.495313167572021484e+00 1.146018409729003906e+01
2.624999880790710449e-01 -5.852215290069580078e+00 1.148314476013183594e+01
2.750000059604644775e-01 -6.098641395568847656e+00 1.151316642761230469e+01
2.874999940395355225e-01 -6.235680103302001953e+00 1.152264118194580078e+01
3.000000119209289551e-01 -6.245983600616455078e+00 1.153344440460205078e+01
3.125000000000000000e-01 -6.129635810852050781e+00 1.156285858154296875e+01
3.249999880790710449e-01 -5.903055191040039062e+00 1.158170509338378906e+01
3.375000059604644775e-01 -5.564452171325683594e+00 1.158378696441650391e+01
3.499999940395355225e-01 -5.108488559722900391e+00 1.160109329223632812e+01
3.625000119209289551e-01 -4.555586814880371094e+00 1.162588882446289062e+01
3.750000000000000000e-01 -3.923983573913574219e+00 1.162582683563232422e+01
3.874999880790710449e-01 -3.209117174148559570e+00 1.162315177917480469e+01
4.000000059604644775e-01 -2.423746347427368164e+00 1.164477539062500000e+01
4.124999940395355225e-01 -1.603295683860778809e+00 1.164974498748779297e+01
4.250000119209289551e-01 -7.493406534194946289e-01 1.162292385101318359e+01
4.375000000000000000e-01 1.552703231573104858e-01 1.163263130187988281e+01
4.499999880790710449e-01 1.059350848197937012e+00 1.166000652313232422e+01
4.625000059604644775e-01 1.868634819984436035e+00 1.151407623291015625e+01
4.749999940395355225e-01 2.577315568923950195e+00 1.107646942138671875e+01
4.875000119209289551e-01 3.272871017456054688e+00 1.049320316314697266e+01
5.000000000000000000e-01 3.991414785385131836e+00 9.982184410095214844e+00
5.124999880790710449e-01 4.665719509124755859e+00 9.596405029296875000e+00
5.249999761581420898e-01 5.227591991424560547e+00 9.293754577636718750e+00
5.375000238418579102e-01 5.668237686157226562e+00 9.075978279113769531e+00
5.500000119209289551e-01 5.991071224212646484e+00 8.943735122680664062e+00
5.625000000000000000e-01 6.187030315399169922e+00 8.853383064270019531e+00
5.749999880790710449e-01 6.259347915649414062e+00 8.794171333312988281e+00
5.874999761581420898e-01 6.215496063232421875e+00 8.794691085815429688e+00
6.000000238418579102e-01 6.048209190368652344e+00 8.843540191650390625e+00
6.125000119209289551e-01 5.759122371673583984e+00 8.918926239013671875e+00
6.250000000000000000e-01 5.366722583770751953e+00 9.056339263916015625e+00
6.374999880790710449e-01 4.874099731445312500e+00 9.276880264282226562e+00
6.499999761581420898e-01 4.281383991241455078e+00 9.537715911865234375e+00
6.625000238418579102e-01 3.627665281295776367e+00 9.851702690124511719e+00
6.750000119209289551e-01 2.946514368057250977e+00 1.030511283874511719e+01
6.875000000000000000e-01 2.194818973541259766e+00 1.084478569030761719e+01
6.999999880790710449e-01 1.318545818328857422e+00 1.123412036895751953e+01
7.124999761581420898e-01 3.704316318035125732e-01 1.134899330139160156e+01
7.250000238418579102e-01 -5.375944972038269043e-01 1.133320236206054688e+01
7.375000119209289551e-01 -1.375692486763000488e+00 1.135265827178955078e+01
7.500000000000000000e-01 -2.190016508102416992e+00 1.139324283599853516e+01
7.624999880790710449e-01 -2.986253261566162109e+00 1.139778041839599609e+01
7.749999761581420898e-01 -3.719548940658569336e+00 1.140090560913085938e+01
7.875000238418579102e-01 -4.371890544891357422e+00 1.143262672424316406e+01
8.000000119209289551e-01 -4.950877666473388672e+00 1.145558071136474609e+01
8.125000000000000000e-01 -5.438977718353271484e+00 1.145910072326660156e+01
8.249999880790710449e-01 -5.811482429504394531e+00 1.147882938385009766e+01
8.374999761581420898e-01 -6.071954250335693359e+00 1.151020812988281250e+01
8.500000238418579102e-01 -6.224418640136718750e+00 1.152217388153076172e+01
8.625000119209289551e-01 -6.252233028411865234e+00 1.153073406219482422e+01
8.750000000000000000e-01 -6.151702880859375000e+00 1.155876350402832031e+01
8.874999880790710449e-01 -5.939317703247070312e+00 1.158068275451660156e+01
8.999999761581420898e-01 -5.616291522979736328e+00 1.158323955535888672e+01
9.125000238418579102e-01 -5.175258636474609375e+00 1.159754085540771484e+01
9.250000119209289551e-01 -4.633633613586425781e+00 1.162369251251220703e+01
9.375000000000000000e-01 -4.012490272521972656e+00 1.162705898284912109e+01
9.499999880790710449e-01 -3.308790206909179688e+00 1.162200832366943359e+01
9.624999761581420898e-01 -2.530711889266967773e+00 1.164153861999511719e+01
9.750000238418579102e-01 -1.713657617568969727e+00 1.165169811248779297e+01
9.875000119209289551e-01 -8.656513690948486328e-01 1.162602424621582031e+01
1.000000000000000000e+00 3.312917053699493408e-02 1.162779331207275391e+01
1.012500047683715820e+00 9.430871605873107910e-01 1.166140747070312500e+01
1.024999976158142090e+00 1.768246769905090332e+00 1.155031871795654297e+01
1.037500023841857910e+00 2.486027240753173828e+00 1.114834976196289062e+01
1.049999952316284180e+00 3.178711175918579102e+00 1.057000160217285156e+01
1.062500000000000000e+00 3.896517992019653320e+00 1.004213809967041016e+01
1.075000047683715820e+00 4.581819534301757812e+00 9.642139434814453125e+00
1.087499976158142090e+00 5.160188198089599609e+00 9.329572677612304688e+00
1.100000023841857910e+00 5.616388320922851562e+00 9.099383354187011719e+00
1.112499952316284180e+00 5.955339908599853516e+00 8.957864761352539062e+00
1.125000000000000000e+00 6.168386936187744141e+00 8.864080429077148438e+00
1.137500047683715820e+00 6.256441593170166016e+00 8.799066543579101562e+00
1.149999976158142090e+00 6.228195667266845703e+00 8.791033744812011719e+00
1.162500023841857910e+00 6.077740669250488281e+00 8.835581779479980469e+00
1.174999952316284180e+00 5.803834915161132812e+00 8.906541824340820312e+00
1.187500000000000000e+00 5.424407958984375000e+00 9.032919883728027344e+00
1.200000047683715820e+00 4.945588588714599609e+00 9.244218826293945312e+00
1.212499976158142090e+00 4.364819049835205078e+00 9.501612663269042969e+00
1.225000023841857910e+00 3.716118812561035156e+00 9.803518295288085938e+00
1.237499952316284180e+00 3.039344549179077148e+00 1.023620986938476562e+01
1.250000000000000000e+00 2.301409482955932617e+00 1.077618503570556641e+01
1.262500047683715820e+00 1.441428780555725098e+00 1.119854450225830078e+01
1.274999976158142090e+00 4.960877299308776855e-01 1.134618663787841797e+01
1.287500023841857910e+00 -4.216426610946655273e-01 1.133515262603759766e+01
1.299999952316284180e+00 -1.266808986663818359e+00 1.134704113006591797e+01
1.312500000000000000e+00 -2.082232713699340820e+00 1.138958644866943359e+01
1.325000047683715820e+00 -2.883167743682861328e+00 1.139866542816162109e+01
1.337499976158142090e+00 -3.626962661743164062e+00 1.139863395690917969e+01
1.350000023841857910e+00 -4.289536952972412109e+00 1.142787742614746094e+01
1.362499952316284180e+00 -4.878533363342285156e+00 1.145420265197753906e+01
1.375000000000000000e+00 -5.380542755126953125e+00 1.145839405059814453e+01
1.387500047683715820e+00 -5.768776416778564453e+00 1.147477436065673828e+01
1.399999976158142090e+00 -6.043410301208496094e+00 1.150680255889892578e+01
1.412500023841857910e+00 -6.210931777954101562e+00 1.152163219451904297e+01
1.424999952316284180e+00 -6.256176471710205078e+00 1.152847480773925781e+01
1.437500000000000000e+00 -6.171833515167236328e+00 1.155453491210937500e+01
1.450000047683715820e+00 -5.973650455474853516e+00 1.157922077178955078e+01
1.462499976158142090e+00 -5.665997028350830078e+00 1.158296585083007812e+01
1.475000023841857910e+00 -5.240247726440429688e+00 1.159427547454833984e+01
1.487499952316284180e+00 -4.710333347320556641e+00 1.162098789215087891e+01
1.500000000000000000e+00 -4.099520683288574219e+00 1.162809562683105469e+01
1.512500047683715820e+00 -3.407089710235595703e+00 1.162144470214843750e+01
1.524999976158142090e+00 -2.637043952941894531e+00 1.163813304901123047e+01
1.537500023841857910e+00 -1.823541760444641113e+00 1.165282154083251953e+01
1.549999952316284180e+00 -9.809575080871582031e-01 1.162969493865966797e+01
1.562500000000000000e+00 -8.869630098342895508e-02 1.162387084960937500e+01
1.575000047683715820e+00 8.251965045928955078e-01 1.166022109985351562e+01
1.587499976158142090e+00 1.665767669677734375e+00 1.158095264434814453e+01
1.600000023841857910e+00 2.394361019134521484e+00 1.121693134307861328e+01
1.612499952316284180e+00 3.085195541381835938e+00 1.064799118041992188e+01
1.625000000000000000e+00 3.801064491271972656e+00 1.010454368591308594e+01
1.637500047683715820e+00 4.495916843414306641e+00 9.689306259155273438e+00
1.649999976158142090e+00 5.090606689453125000e+00 9.366820335388183594e+00
1.662500023841857910e+00 5.562509059906005859e+00 9.124462127685546875e+00
1.674999952316284180e+00 5.917365074157714844e+00 8.972789764404296875e+00
1.687500000000000000e+00 6.147521972656250000e+00 8.875184059143066406e+00
1.700000047683715820e+00 6.251520156860351562e+00 8.805043220520019531e+00
1.712499976158142090e+00 6.238732814788818359e+00 8.788356781005859375e+00
1.725000023841857910e+00 6.105052471160888672e+00 8.827967643737792969e+00
1.737499952316284180e+00 5.846714496612548828e+00 8.895125389099121094e+00
1.750000000000000000e+00 5.480369091033935547e+00 9.011151313781738281e+00
1.762500047683715820e+00 5.015205860137939453e+00 9.212306022644042969e+00
1.774999976158142090e+00 4.447031021118164062e+00 9.466093063354492188e+00
1.787500023841857910e+00 3.804216146469116211e+00 9.757821083068847656e+00
1.799999952316284180e+00 3.131161212921142578e+00 1.016959095001220703e+01
1.812500000000000000e+00 2.405667543411254883e+00 1.070539760589599609e+01
1.825000047683715820e+00 1.562662363052368164e+00 1.115761661529541016e+01
1.837499976158142090e+00 6.223642230033874512e-01 1.134048271179199219e+01
1.850000023841857910e+00 -3.042480647563934326e-01 1.133785533905029297e+01
1.862499952316284180e+00 -1.157467365264892578e+00 1.134207820892333984e+01
1.875000000000000000e+00 -1.974306464195251465e+00 1.138514041900634766e+01
1.887500047683715820e+00 -2.779026746749877930e+00 1.139937114715576172e+01
1.899999976158142090e+00 -3.532879829406738281e+00 1.139703178405761719e+01
1.912500023841857910e+00 -4.205936908721923828e+00 1.142304134368896484e+01
1.924999952316284180e+00 -4.804684162139892578e+00 1.145231914520263672e+01
1.937500000000000000e+00 -5.320043563842773438e+00 1.145797348022460938e+01
1.950000047683715820e+00 -5.724056243896484375e+00 1.147107505798339844e+01
1.962499976158142090e+00 -6.013027191162109375e+00 1.150300025939941406e+01
1.975000023841857910e+00 -6.195272922515869141e+00 1.152091026306152344e+01
1.987499952316284180e+00 -6.257786273956298828e+00 1.152665996551513672e+01
2.000000000000000000e+00 -6.189984321594238281e+00 1.155027961730957031e+01
