0.000000000000000000e+00 6.202950000762939453e+00 8.843425750732421875e+00
1.250000018626451492e-02 6.259965419769287109e+00 8.790478706359863281e+00
2.500000037252902985e-02 6.200064182281494141e+00 8.799331665039062500e+00
3.750000149011611938e-02 6.015125274658203125e+00 8.852104187011718750e+00
5.000000074505805969e-02 5.709976196289062500e+00 8.933068275451660156e+00
6.250000000000000000e-02 5.302998542785644531e+00 9.082984924316406250e+00
7.500000298023223877e-02 4.794339656829833984e+00 9.312808036804199219e+00
8.749999850988388062e-02 4.188149452209472656e+00 9.578131675720214844e+00
1.000000014901161194e-01 3.528305292129516602e+00 9.908402442932128906e+00
1.124999970197677612e-01 2.839743852615356445e+00 1.038499355316162109e+01
1.250000000000000000e-01 2.069349288940429688e+00 1.091958904266357422e+01
1.375000029802322388e-01 1.173617005348205566e+00 1.126841163635253906e+01
1.500000059604644775e-01 2.229765951633453369e-01 1.134895992279052734e+01
1.624999940395355225e-01 -6.749122738838195801e-01 1.133178806304931641e+01
1.749999970197677612e-01 -1.507700920104980469e+00 1.135968017578125000e+01
1.875000000000000000e-01 -2.322530031204223633e+00 1.139627075195312500e+01
2.000000029802322388e-01 -3.113301038742065430e+00 1.139639091491699219e+01
2.125000059604644775e-01 -3.834533691406250000e+00 1.140442085266113281e+01
2.249999940395355225e-01 -4.475549697875976562e+00 1.143811798095703125e+01
2.374999970197677612e-01 -5.042280673980712891e+00 1.145650196075439453e+01
2.500000000000000000e-01 -5.512441635131835938e+00 1.146043109893798828e+01
2.624999880790710449e-01 -5.865080356597900391e+00 1.148446083068847656e+01
2.750000059604644775e-01 -6.107235431671142578e+00 1.151396942138671875e+01
2.874999940395355225e-01 -6.238934993743896484e+00 1.152274513244628906e+01
3.000000119209289551e-01 -6.242690086364746094e+00 1.153456115722656250e+01
3.125000000000000000e-01 -6.119986057281494141e+00 1.156442546844482422e+01
3.249999880790710449e-01 -5.887083530426025391e+00 1.158205318450927734e+01
3.375000059604644775e-01 -5.541068553924560547e+00 1.158421421051025391e+01
3.499999940395355225e-01 -5.077653884887695312e+00 1.160286521911621094e+01
3.625000119209289551e-01 -4.518500804901123047e+00 1.162685680389404297e+01
3.750000000000000000e-01 -3.880488395690917969e+00 1.162538051605224609e+01
3.874999880790710449e-01 -3.158656358718872070e+00 1.162414836883544922e+01
4.000000059604644775e-01 -2.368166208267211914e+00 1.164653396606445312e+01
4.124999940395355225e-01 -1.544150233268737793e+00 1.164862537384033203e+01
4.250000119209289551e-01 -6.848998665809631348e-01 1.162182903289794922e+01
4.375000000000000000e-01 2.245426326990127563e-01 1.163596725463867188e+01
4.499999880790710449e-01 1.126354813575744629e+00 1.165799999237060547e+01
4.625000059604644775e-01 1.927938580513000488e+00 1.148991107940673828e+01
4.749999940395355225e-01 2.633432149887084961e+00 1.103123378753662109e+01
4.875000119209289551e-01 3.332509756088256836e+00 1.044600677490234375e+01
5.000000000000000000e-01 4.052218914031982422e+00 9.945124626159667969e+00
5.124999880790710449e-01 4.720011711120605469e+00 9.567162513732910156e+00
5.249999761581420898e-01 5.272017002105712891e+00 9.270478248596191406e+00
5.375000238418579102e-01 5.702994823455810547e+00 9.060800552368164062e+00
5.500000119209289551e-01 6.014997482299804688e+00 8.934203147888183594e+00
5.625000000000000000e-01 6.199028015136718750e+00 8.845943450927734375e+00
5.749999880790710449e-01 6.259930610656738281e+00 8.791308403015136719e+00
5.874999761581420898e-01 6.204007625579833984e+00 8.798117637634277344e+00
6.000000238418579102e-01 6.023282051086425781e+00 8.849993705749511719e+00
6.125000119209289551e-01 5.721797943115234375e+00 8.929563522338867188e+00
6.250000000000000000e-01 5.318065166473388672e+00 9.076548576354980469e+00
6.374999880790710449e-01 4.812897205352783203e+00 9.304425239562988281e+00
6.499999761581420898e-01 4.209412574768066406e+00 9.568803787231445312e+00
6.625000238418579102e-01 3.550561189651489258e+00 9.895328521728515625e+00
6.750000119209289551e-01 2.863441228866577148e+00 1.036708736419677734e+01
6.875000000000000000e-01 2.096931695938110352e+00 1.090356826782226562e+01
6.999999880790710449e-01 1.204867720603942871e+00 1.126155567169189453e+01
7.124999761581420898e-01 2.540611624717712402e-01 1.134910297393798828e+01
7.250000238418579102e-01 -6.464285850524902344e-01 1.133187389373779297e+01
7.375000119209289551e-01 -1.480576992034912109e+00 1.135813045501708984e+01
7.500000000000000000e-01 -2.295663595199584961e+00 1.139569187164306641e+01
7.624999880790710449e-01 -3.087998151779174805e+00 1.139659309387207031e+01
7.749999761581420898e-01 -3.811971664428710938e+00 1.140359115600585938e+01
7.875000238418579102e-01 -4.455457210540771484e+00 1.143703460693359375e+01
8.000000119209289551e-01 -5.024856567382812500e+00 1.145633029937744141e+01
8.125000000000000000e-01 -5.498712062835693359e+00 1.146008396148681641e+01
8.249999880790710449e-01 -5.855232715606689453e+00 1.148334789276123047e+01
8.374999761581420898e-01 -6.100899696350097656e+00 1.151331233978271484e+01
8.500000238418579102e-01 -6.236536979675292969e+00 1.152262401580810547e+01
8.625000119209289551e-01 -6.244685173034667969e+00 1.153379917144775391e+01
8.750000000000000000e-01 -6.125876903533935547e+00 1.156344223022460938e+01
8.874999880790710449e-01 -5.896544933319091797e+00 1.158187294006347656e+01
8.999999761581420898e-01 -5.554468631744384766e+00 1.158400630950927734e+01
9.125000238418579102e-01 -5.094714164733886719e+00 1.160193347930908203e+01
9.250000119209289551e-01 -4.538310050964355469e+00 1.162642288208007812e+01
9.375000000000000000e-01 -3.902955293655395508e+00 1.162570381164550781e+01
9.499999880790710449e-01 -3.183880329132080078e+00 1.162373447418212891e+01
9.624999761581420898e-01 -2.395054101943969727e+00 1.164579486846923828e+01
9.750000238418579102e-01 -1.571884751319885254e+00 1.164928531646728516e+01
9.875000119209289551e-01 -7.142379283905029297e-01 1.162242507934570312e+01
1.000000000000000000e+00 1.939572542905807495e-01 1.163459873199462891e+01
1.012500047683715820e+00 1.097699880599975586e+00 1.165910434722900391e+01
1.024999976158142090e+00 1.903299212455749512e+00 1.150034904479980469e+01
1.037500023841857910e+00 2.610631227493286133e+00 1.104988384246826172e+01
1.049999952316284180e+00 3.308805227279663086e+00 1.046481895446777344e+01
1.062500000000000000e+00 4.028679370880126953e+00 9.959524154663085938e+00
1.075000047683715820e+00 4.699563503265380859e+00 9.578261375427246094e+00
1.087499976158142090e+00 5.255716323852539062e+00 9.279047012329101562e+00
1.100000023841857910e+00 5.690569400787353516e+00 9.066225051879882812e+00
1.112499952316284180e+00 6.006675720214843750e+00 8.937559127807617188e+00
1.125000000000000000e+00 6.194970130920410156e+00 8.848492622375488281e+00
1.137500047683715820e+00 6.259769916534423828e+00 8.792211532592773438e+00
1.149999976158142090e+00 6.207811832427978516e+00 8.796953201293945312e+00
1.162500023841857910e+00 6.031304359436035156e+00 8.847905158996582031e+00
1.174999952316284180e+00 5.733510017395019531e+00 8.926135063171386719e+00
1.187500000000000000e+00 5.333020687103271484e+00 9.070210456848144531e+00
1.200000047683715820e+00 4.831341266632080078e+00 9.296073913574218750e+00
1.212499976158142090e+00 4.230616092681884766e+00 9.559535026550292969e+00
1.225000023841857910e+00 3.572796106338500977e+00 9.882432937622070312e+00
1.237499952316284180e+00 2.887051343917846680e+00 1.034927272796630859e+01
1.250000000000000000e+00 2.124362707138061523e+00 1.088733482360839844e+01
1.262500047683715820e+00 1.236049056053161621e+00 1.125437259674072266e+01
1.274999976158142090e+00 2.852125167846679688e-01 1.134913349151611328e+01
1.287500023841857910e+00 -6.178647875785827637e-01 1.133203029632568359e+01
1.299999952316284180e+00 -1.453439116477966309e+00 1.135659217834472656e+01
1.312500000000000000e+00 -2.268777132034301758e+00 1.139506053924560547e+01
1.325000047683715820e+00 -3.062614917755126953e+00 1.139680480957031250e+01
1.337499976158142090e+00 -3.789319038391113281e+00 1.140279865264892578e+01
1.350000023841857910e+00 -4.435287475585937500e+00 1.143593025207519531e+01
1.362499952316284180e+00 -5.007327556610107422e+00 1.145613574981689453e+01
1.375000000000000000e+00 -5.484849452972412109e+00 1.145976543426513672e+01
1.387500047683715820e+00 -5.845264434814453125e+00 1.148224449157714844e+01
1.399999976158142090e+00 -6.094445228576660156e+00 1.151262664794921875e+01
1.412500023841857910e+00 -6.233996391296386719e+00 1.152250576019287109e+01
1.424999952316284180e+00 -6.246538162231445312e+00 1.153306388854980469e+01
1.437500000000000000e+00 -6.131649494171142578e+00 1.156244373321533203e+01
1.450000047683715820e+00 -5.905882358551025391e+00 1.158166980743408203e+01
1.462499976158142090e+00 -5.567735671997070312e+00 1.158382129669189453e+01
1.475000023841857910e+00 -5.111668109893798828e+00 1.160101222991943359e+01
1.487499952316284180e+00 -4.558035373687744141e+00 1.162595272064208984e+01
1.500000000000000000e+00 -3.925327539443969727e+00 1.162602615356445312e+01
1.512500047683715820e+00 -3.209024429321289062e+00 1.162335681915283203e+01
1.524999976158142090e+00 -2.421908617019653320e+00 1.164503288269042969e+01
1.537500023841857910e+00 -1.599584460258483887e+00 1.164990043640136719e+01
1.549999952316284180e+00 -7.435117959976196289e-01 1.162307357788085938e+01
1.562500000000000000e+00 1.633724570274353027e-01 1.163326454162597656e+01
1.575000047683715820e+00 1.068926334381103516e+00 1.165999698638916016e+01
1.587499976158142090e+00 1.878541231155395508e+00 1.151043701171875000e+01
1.600000023841857910e+00 2.587827444076538086e+00 1.106838130950927734e+01
1.612499952316284180e+00 3.285136699676513672e+00 1.048373985290527344e+01
1.625000000000000000e+00 4.005084514617919922e+00 9.974067687988281250e+00
1.637500047683715820e+00 4.678981781005859375e+00 9.589441299438476562e+00
1.649999976158142090e+00 5.239282608032226562e+00 9.287711143493652344e+00
1.662500023841857910e+00 5.678015232086181641e+00 9.071749687194824219e+00
1.674999952316284180e+00 5.998211383819580078e+00 8.940952301025390625e+00
1.687500000000000000e+00 6.190775871276855469e+00 8.851074218750000000e+00
1.700000047683715820e+00 6.259482383728027344e+00 8.793188095092773438e+00
1.712499976158142090e+00 6.211477756500244141e+00 8.795840263366699219e+00
1.725000023841857910e+00 6.039191246032714844e+00 8.845838546752929688e+00
1.737499952316284180e+00 5.745111465454101562e+00 8.922781944274902344e+00
1.750000000000000000e+00 5.347865581512451172e+00 9.063970565795898438e+00
1.762500047683715820e+00 4.849670886993408203e+00 9.287755012512207031e+00
1.774999976158142090e+00 4.251757144927978516e+00 9.550321578979492188e+00
1.787500023841857910e+00 3.595009803771972656e+00 9.869712829589843750e+00
1.799999952316284180e+00 2.910577774047851562e+00 1.033155727386474609e+01
1.812500000000000000e+00 2.151642322540283203e+00 1.087089633941650391e+01
1.825000047683715820e+00 1.267156004905700684e+00 1.124685955047607422e+01
1.837499976158142090e+00 3.164275288581848145e-01 1.134904479980468750e+01
1.850000023841857910e+00 -5.892191529273986816e-01 1.133225536346435547e+01
1.862499952316284180e+00 -1.426285743713378906e+00 1.135507011413574219e+01
1.875000000000000000e+00 -2.241872072219848633e+00 1.139437675476074219e+01
1.887500047683715820e+00 -3.037153482437133789e+00 1.139702510833740234e+01
1.899999976158142090e+00 -3.766575336456298828e+00 1.140204429626464844e+01
1.912500023841857910e+00 -4.415040969848632812e+00 1.143480491638183594e+01
1.924999952316284180e+00 -4.989694595336914062e+00 1.145591831207275391e+01
1.937500000000000000e+00 -5.470854759216308594e+00 1.145947360992431641e+01
1.950000047683715820e+00 -5.835174560546875000e+00 1.148115253448486328e+01
1.962499976158142090e+00 -6.087873458862304688e+00 1.151191043853759766e+01
1.975000023841857910e+00 -6.231314182281494141e+00 1.152238845825195312e+01
1.987499952316284180e+00 -6.248249053955078125e+00 1.153235721588134766e+01
2.000000000000000000e+00 -6.137302875518798828e+00 1.156143093109130859e+01
