0.000000000000000000e+00 6.284556388854980469e+00 8.788326263427734375e+00
1.250000018626451492e-02 6.303439617156982422e+00 8.771037101745605469e+00
2.500000037252902985e-02 6.284636974334716797e+00 8.774323463439941406e+00
3.750000149011611938e-02 6.226436138153076172e+00 8.795677185058593750e+00
5.000000074505805969e-02 6.127586364746093750e+00 8.828008651733398438e+00
6.250000000000000000e-02 5.989190101623535156e+00 8.867140769958496094e+00
7.500000298023223877e-02 5.814471721649169922e+00 8.917284011840820312e+00
8.749999850988388062e-02 5.606460571289062500e+00 8.988719940185546875e+00
1.000000014901161194e-01 5.365799427032470703e+00 9.089019775390625000e+00
1.124999970197677612e-01 5.091078281402587891e+00 9.215711593627929688e+00
1.250000000000000000e-01 4.781904697418212891e+00 9.358069419860839844e+00
1.375000029802322388e-01 4.442145824432373047e+00 9.508077621459960938e+00
1.500000059604644775e-01 4.080003738403320312e+00 9.671702384948730469e+00
1.624999940395355225e-01 3.703821897506713867e+00 9.869369506835937500e+00
1.749999970197677612e-01 3.316225051879882812e+00 1.012189197540283203e+01
1.875000000000000000e-01 2.911256790161132812e+00 1.043005466461181641e+01
2.000000029802322388e-01 2.477627038955688477e+00 1.076300907135009766e+01
2.125000059604644775e-01 2.006782531738281250e+00 1.106636524200439453e+01
2.249999940395355225e-01 1.500579833984375000e+00 1.128742408752441406e+01
2.374999970197677612e-01 9.730177521705627441e-01 1.140229320526123047e+01
2.500000000000000000e-01 4.443410933017730713e-01 1.142722225189208984e+01
2.624999880790710449e-01 -6.883390247821807861e-02 1.140678882598876953e+01
2.750000059604644775e-01 -5.608694553375244141e-01 1.138717174530029297e+01
2.874999940395355225e-01 -1.037216424942016602e+00 1.139237022399902344e+01
3.000000119209289551e-01 -1.507694482803344727e+00 1.141794776916503906e+01
3.125000000000000000e-01 -1.978006482124328613e+00 1.144371795654296875e+01
3.249999880790710449e-01 -2.445345640182495117e+00 1.145366287231445312e+01
3.375000059604644775e-01 -2.900517463684082031e+00 1.144796943664550781e+01
3.499999940395355225e-01 -3.334105968475341797e+00 1.143994331359863281e+01
3.625000119209289551e-01 -3.741612911224365234e+00 1.144286632537841797e+01
3.750000000000000000e-01 -4.123930931091308594e+00 1.145880985260009766e+01
3.874999880790710449e-01 -4.483541488647460938e+00 1.147824859619140625e+01
4.000000059604644775e-01 -4.820092201232910156e+00 1.148950767517089844e+01
4.124999940395355225e-01 -5.129065513610839844e+00 1.148908805847167969e+01
4.250000119209289551e-01 -5.404299736022949219e+00 1.148403358459472656e+01
4.375000000000000000e-01 -5.641869544982910156e+00 1.148497581481933594e+01
4.499999880790710449e-01 -5.841890335083007812e+00 1.149652290344238281e+01
4.625000059604644775e-01 -6.006855964660644531e+00 1.151350975036621094e+01
4.749999940395355225e-01 -6.138180255889892578e+00 1.152604579925537109e+01
4.875000119209289551e-01 -6.234064102172851562e+00 1.152853679656982422e+01
5.000000000000000000e-01 -6.290518283843994141e+00 1.152455043792724609e+01
5.124999880790710449e-01 -6.304515838623046875e+00 1.152335262298583984e+01
5.249999761581420898e-01 -6.276412487030029297e+00 1.153139877319335938e+01
5.375000238418579102e-01 -6.209494590759277344e+00 1.154648017883300781e+01
5.500000119209289551e-01 -6.107101917266845703e+00 1.155974483489990234e+01
5.625000000000000000e-01 -5.969928741455078125e+00 1.156375122070312500e+01
5.749999880790710449e-01 -5.795949459075927734e+00 1.155928516387939453e+01
5.874999761581420898e-01 -5.583045959472656250e+00 1.155474567413330078e+01
6.000000238418579102e-01 -5.331981658935546875e+00 1.155852317810058594e+01
6.125000119209289551e-01 -5.046994686126708984e+00 1.157115554809570312e+01
6.250000000000000000e-01 -4.733387470245361328e+00 1.158445549011230469e+01
6.374999880790710449e-01 -4.394192218780517578e+00 1.158871364593505859e+01
6.499999761581420898e-01 -4.028962135314941406e+00 1.158173370361328125e+01
6.625000238418579102e-01 -3.635934114456176758e+00 1.157143592834472656e+01
6.750000119209289551e-01 -3.215783357620239258e+00 1.156910991668701172e+01
6.875000000000000000e-01 -2.773557662963867188e+00 1.157882881164550781e+01
6.999999880790710449e-01 -2.316720962524414062e+00 1.159256553649902344e+01
7.124999761581420898e-01 -1.850611209869384766e+00 1.159632301330566406e+01
7.250000238418579102e-01 -1.375186085700988770e+00 1.158302879333496094e+01
7.375000119209289551e-01 -8.863375782966613770e-01 1.156107997894287109e+01
7.500000000000000000e-01 -3.815034627914428711e-01 1.154955768585205078e+01
7.624999880790710449e-01 1.344952136278152466e-01 1.156138801574707031e+01
7.749999761581420898e-01 6.482991576194763184e-01 1.158627414703369141e+01
7.875000238418579102e-01 1.143354177474975586e+00 1.158739185333251953e+01
8.000000119209289551e-01 1.608688116073608398e+00 1.151703548431396484e+01
8.125000000000000000e-01 2.045120954513549805e+00 1.134273529052734375e+01
8.249999880790710449e-01 2.464313507080078125e+00 1.106710815429687500e+01
8.374999761581420898e-01 2.880938291549682617e+00 1.072827625274658203e+01
8.500000238418579102e-01 3.303032636642456055e+00 1.038071155548095703e+01
8.625000119209289551e-01 3.726782560348510742e+00 1.006928634643554688e+01
8.750000000000000000e-01 4.138741493225097656e+00 9.812792778015136719e+00
8.874999880790710449e-01 4.523336887359619141e+00 9.605266571044921875e+00
8.999999761581420898e-01 4.870244503021240234e+00 9.430556297302246094e+00
9.125000238418579102e-01 5.177032947540283203e+00 9.277559280395507812e+00
9.250000119209289551e-01 5.446404457092285156e+00 9.145644187927246094e+00
9.375000000000000000e-01 5.681200504302978516e+00 9.039231300354003906e+00
9.499999880790710449e-01 5.881263732910156250e+00 8.959101676940917969e+00
9.624999761581420898e-01 6.043956756591796875e+00 8.899101257324218750e+00
9.750000238418579102e-01 6.166888713836669922e+00 8.850666999816894531e+00
9.875000119209289551e-01 6.249881267547607422e+00 8.810033798217773438e+00
1.000000000000000000e+00 6.294451713562011719e+00 8.780871391296386719e+00
1.012500047683715820e+00 6.301676273345947266e+00 8.769824028015136719e+00
1.024999976158142090e+00 6.270775794982910156e+00 8.779355049133300781e+00
1.037500023841857910e+00 6.199922084808349609e+00 8.804927825927734375e+00
1.049999952316284180e+00 6.088469505310058594e+00 8.839488983154296875e+00
1.062500000000000000e+00 5.938331127166748047e+00 8.881196975708007812e+00
1.075000047683715820e+00 5.752970218658447266e+00 8.936814308166503906e+00
1.087499976158142090e+00 5.534822463989257812e+00 9.016843795776367188e+00
1.100000023841857910e+00 5.283700942993164062e+00 9.126181602478027344e+00
1.112499952316284180e+00 4.998104572296142578e+00 9.259062767028808594e+00
1.125000000000000000e+00 4.678715705871582031e+00 9.404178619384765625e+00
1.137500047683715820e+00 4.330960273742675781e+00 9.556988716125488281e+00
1.149999976158142090e+00 3.963695764541625977e+00 9.728644371032714844e+00
1.162500023841857910e+00 3.584062576293945312e+00 9.941766738891601562e+00
1.174999952316284180e+00 3.192052125930786133e+00 1.021300315856933594e+01
1.187500000000000000e+00 2.779396057128906250e+00 1.053368854522705078e+01
1.200000047683715820e+00 2.334684610366821289e+00 1.086375617980957031e+01
1.212499976158142090e+00 1.851983547210693359e+00 1.114616107940673828e+01
1.225000023841857910e+00 1.337132692337036133e+00 1.133473491668701172e+01
1.237499952316284180e+00 8.070182800292968750e-01 1.141799449920654297e+01
1.250000000000000000e+00 2.818256616592407227e-01 1.142330455780029297e+01
1.262500047683715820e+00 -2.247557491064071655e-01 1.139885807037353516e+01
1.274999976158142090e+00 -7.109227776527404785e-01 1.138582801818847656e+01
1.287500023841857910e+00 -1.184423565864562988e+00 1.139899349212646484e+01
1.299999952316284180e+00 -1.654609799385070801e+00 1.142698192596435547e+01
1.312500000000000000e+00 -2.124692201614379883e+00 1.144887161254882812e+01
1.325000047683715820e+00 -2.589362382888793945e+00 1.145309829711914062e+01
1.337499976158142090e+00 -3.038638591766357422e+00 1.144495296478271484e+01
1.350000023841857910e+00 -3.464268207550048828e+00 1.143930530548095703e+01
1.362499952316284180e+00 -3.863635063171386719e+00 1.144672584533691406e+01
1.375000000000000000e+00 -4.238654613494873047e+00 1.146512603759765625e+01
1.387500047683715820e+00 -4.591307163238525391e+00 1.148303699493408203e+01
1.399999976158142090e+00 -4.919881820678710938e+00 1.149047565460205078e+01
1.412500023841857910e+00 -5.218940734863281250e+00 1.148748207092285156e+01
1.424999952316284180e+00 -5.482643127441406250e+00 1.148327636718750000e+01
1.437500000000000000e+00 -5.708295345306396484e+00 1.148750686645507812e+01
1.450000047683715820e+00 -5.897077560424804688e+00 1.150169944763183594e+01
1.462499976158142090e+00 -6.051516056060791016e+00 1.151832866668701172e+01
1.475000023841857910e+00 -6.172112941741943359e+00 1.152791976928710938e+01
1.487499952316284180e+00 -6.256129741668701172e+00 1.152759361267089844e+01
1.500000000000000000e+00 -6.299511909484863281e+00 1.152343750000000000e+01
1.512500047683715820e+00 -6.300140857696533203e+00 1.152478790283203125e+01
1.524999976158142090e+00 -6.259486675262451172e+00 1.153569984436035156e+01
1.537500023841857910e+00 -6.181214809417724609e+00 1.155128097534179688e+01
1.549999952316284180e+00 -6.068037509918212891e+00 1.156214904785156250e+01
1.562500000000000000e+00 -5.919654846191406250e+00 1.156297206878662109e+01
1.575000047683715820e+00 -5.733652591705322266e+00 1.155739212036132812e+01
1.587499976158142090e+00 -5.508562088012695312e+00 1.155480480194091797e+01
1.600000023841857910e+00 -5.246324539184570312e+00 1.156176948547363281e+01
1.612499952316284180e+00 -4.951875209808349609e+00 1.157575798034667969e+01
1.625000000000000000e+00 -4.630118846893310547e+00 1.158707332611083984e+01
1.637500047683715820e+00 -4.282969951629638672e+00 1.158754158020019531e+01
1.649999976158142090e+00 -3.909201622009277344e+00 1.157830905914306641e+01
1.662500023841857910e+00 -3.507426738739013672e+00 1.156943225860595703e+01
1.674999952316284180e+00 -3.079648494720458984e+00 1.157100009918212891e+01
1.687500000000000000e+00 -2.632059812545776367e+00 1.158333778381347656e+01
1.700000047683715820e+00 -2.171974182128906250e+00 1.159540081024169922e+01
1.712499976158142090e+00 -1.703224897384643555e+00 1.159393310546875000e+01
1.725000023841857910e+00 -1.224109888076782227e+00 1.157629585266113281e+01
1.737499952316284180e+00 -7.302853465080261230e-01 1.155544471740722656e+01
1.750000000000000000e+00 -2.210053503513336182e-01 1.155066013336181641e+01
1.762500047683715820e+00 2.960516810417175293e-01 1.156903553009033203e+01
1.774999976158142090e+00 8.056902289390563965e-01 1.159142875671386719e+01
1.787500023841857910e+00 1.292152643203735352e+00 1.157515716552734375e+01
1.799999952316284180e+00 1.747765183448791504e+00 1.147441291809082031e+01
1.812500000000000000e+00 2.177218198776245117e+00 1.126630496978759766e+01
1.825000047683715820e+00 2.594171047210693359e+00 1.096555519104003906e+01
1.837499976158142090e+00 3.012160539627075195e+00 1.061810779571533203e+01
1.850000023841857910e+00 3.435745239257812500e+00 1.027806758880615234e+01
1.862499952316284180e+00 3.857527732849121094e+00 9.983139038085937500e+00
1.875000000000000000e+00 4.262479305267333984e+00 9.743415832519531250e+00
1.887500047683715820e+00 4.636034011840820312e+00 9.547880172729492188e+00
1.899999976158142090e+00 4.970334053039550781e+00 9.380645751953125000e+00
1.912500023841857910e+00 5.265038490295410156e+00 9.233886718750000000e+00
1.924999952316284180e+00 5.523413658142089844e+00 9.109483718872070312e+00
1.937500000000000000e+00 5.747533798217773438e+00 9.011538505554199219e+00
1.950000047683715820e+00 5.936252117156982422e+00 8.938618659973144531e+00
1.962499976158142090e+00 6.086693763732910156e+00 8.883052825927734375e+00
1.975000023841857910e+00 6.197053432464599609e+00 8.837094306945800781e+00
1.987499952316284180e+00 6.267853736877441406e+00 8.799368858337402344e+00
2.000000000000000000e+00 6.300717830657958984e+00 8.775218963623046875e+00
