0.000000000000000000e+00 6.279012680053710938e+00 8.792224884033203125e+00
1.250000018626451492e-02 6.300465106964111328e+00 8.772444725036621094e+00
2.500000037252902985e-02 6.278819561004638672e+00 8.776104927062988281e+00
3.750000149011611938e-02 6.212007045745849609e+00 8.800016403198242188e+00
5.000000074505805969e-02 6.098656654357910156e+00 8.835630416870117188e+00
6.250000000000000000e-02 5.940579414367675781e+00 8.879376411437988281e+00
7.500000298023223877e-02 5.741968154907226562e+00 8.938652038574218750e+00
8.749999850988388062e-02 5.505907058715820312e+00 9.026028633117675781e+00
1.000000014901161194e-01 5.232069015502929688e+00 9.146631240844726562e+00
1.124999970197677612e-01 4.918715476989746094e+00 9.292069435119628906e+00
1.250000000000000000e-01 4.567667484283447266e+00 9.449231147766113281e+00
1.375000029802322388e-01 4.187104225158691406e+00 9.617315292358398438e+00
1.500000059604644775e-01 3.788132190704345703e+00 9.815860748291015625e+00
1.624999940395355225e-01 3.376697778701782227e+00 1.007191371917724609e+01
1.749999970197677612e-01 2.947657823562622070e+00 1.039279270172119141e+01
1.875000000000000000e-01 2.487308025360107422e+00 1.074639034271240234e+01
2.000000029802322388e-01 1.984088182449340820e+00 1.106844520568847656e+01
2.125000059604644775e-01 1.439841151237487793e+00 1.129586410522460938e+01
2.249999940395355225e-01 8.725162744522094727e-01 1.140344810485839844e+01
2.374999970197677612e-01 3.074387311935424805e-01 1.141694355010986328e+01
2.500000000000000000e-01 -2.366963475942611694e-01 1.139290618896484375e+01
2.624999880790710449e-01 -7.566606402397155762e-01 1.138119220733642578e+01
2.750000059604644775e-01 -1.262089848518371582e+00 1.139813327789306641e+01
2.874999940395355225e-01 -1.764297127723693848e+00 1.142799663543701172e+01
3.000000119209289551e-01 -2.265782833099365234e+00 1.144677257537841797e+01
3.125000000000000000e-01 -2.758263587951660156e+00 1.144588184356689453e+01
3.249999880790710449e-01 -3.229391336441040039e+00 1.143693447113037109e+01
3.375000059604644775e-01 -3.671321868896484375e+00 1.143734931945800781e+01
3.499999940395355225e-01 -4.083748817443847656e+00 1.145295333862304688e+01
3.625000119209289551e-01 -4.469789981842041016e+00 1.147393989562988281e+01
3.750000000000000000e-01 -4.829561710357666016e+00 1.148620986938476562e+01
3.874999880790710449e-01 -5.157699584960937500e+00 1.148560142517089844e+01
4.000000059604644775e-01 -5.446686267852783203e+00 1.148111152648925781e+01
4.124999940395355225e-01 -5.692204475402832031e+00 1.148495292663574219e+01
4.250000119209289551e-01 -5.895168304443359375e+00 1.150014400482177734e+01
4.375000000000000000e-01 -6.058714389801025391e+00 1.151799583435058594e+01
4.499999880790710449e-01 -6.183450222015380859e+00 1.152741432189941406e+01
4.625000059604644775e-01 -6.265784263610839844e+00 1.152620887756347656e+01
4.749999940395355225e-01 -6.300858497619628906e+00 1.152302551269531250e+01
4.875000119209289551e-01 -6.286989688873291016e+00 1.152823638916015625e+01
5.000000000000000000e-01 -6.227096557617187500e+00 1.154323101043701172e+01
5.124999880790710449e-01 -6.125726699829101562e+00 1.155900669097900391e+01
5.249999761581420898e-01 -5.984750747680664062e+00 1.156542682647705078e+01
5.375000238418579102e-01 -5.802138805389404297e+00 1.156170749664306641e+01
5.500000119209289551e-01 -5.575084686279296875e+00 1.155735778808593750e+01
5.625000000000000000e-01 -5.304316520690917969e+00 1.156242942810058594e+01
5.749999880790710449e-01 -4.995134353637695312e+00 1.157687759399414062e+01
5.874999761581420898e-01 -4.653962612152099609e+00 1.159008407592773438e+01
6.000000238418579102e-01 -4.283812522888183594e+00 1.159151458740234375e+01
6.125000119209289551e-01 -3.883358716964721680e+00 1.158197689056396484e+01
6.250000000000000000e-01 -3.450859069824218750e+00 1.157364082336425781e+01
6.374999880790710449e-01 -2.989130496978759766e+00 1.157783794403076172e+01
6.499999761581420898e-01 -2.506305694580078125e+00 1.159243106842041016e+01
6.625000238418579102e-01 -2.010940790176391602e+00 1.160222053527832031e+01
6.750000119209289551e-01 -1.505825996398925781e+00 1.159381198883056641e+01
6.875000000000000000e-01 -9.869061708450317383e-01 1.157131004333496094e+01
6.999999880790710449e-01 -4.495712816715240479e-01 1.155596733093261719e+01
7.124999761581420898e-01 1.024230271577835083e-01 1.156615447998046875e+01
7.250000238418579102e-01 6.535544395446777344e-01 1.159272956848144531e+01
7.375000119209289551e-01 1.182990312576293945e+00 1.159207153320312500e+01
7.500000000000000000e-01 1.676999092102050781e+00 1.150670242309570312e+01
7.624999880790710449e-01 2.137792825698852539e+00 1.130103778839111328e+01
7.749999761581420898e-01 2.581416368484497070e+00 1.098629283905029297e+01
7.875000238418579102e-01 3.025727033615112305e+00 1.061585330963134766e+01
8.000000119209289551e-01 3.477295398712158203e+00 1.025488853454589844e+01
8.125000000000000000e-01 3.926698923110961914e+00 9.946892738342285156e+00
8.249999880790710449e-01 4.354848861694335938e+00 9.700073242187500000e+00
8.374999761581420898e-01 4.744520664215087891e+00 9.498843193054199219e+00
8.500000238418579102e-01 5.088144779205322266e+00 9.326225280761718750e+00
8.625000119209289551e-01 5.387159824371337891e+00 9.177564620971679688e+00
8.750000000000000000e-01 5.645545959472656250e+00 9.057472229003906250e+00
8.874999880790710449e-01 5.864148139953613281e+00 8.968057632446289062e+00
8.999999761581420898e-01 6.040154457092285156e+00 8.902584075927734375e+00
9.125000238418579102e-01 6.170585632324218750e+00 8.850561141967773438e+00
9.250000119209289551e-01 6.255234241485595703e+00 8.807578086853027344e+00
9.375000000000000000e-01 6.296029090881347656e+00 8.778662681579589844e+00
9.499999880790710449e-01 6.294064044952392578e+00 8.771531105041503906e+00
9.624999761581420898e-01 6.247987270355224609e+00 8.787220001220703125e+00
9.750000238418579102e-01 6.155694007873535156e+00 8.818526268005371094e+00
9.875000119209289551e-01 6.017420291900634766e+00 8.858341217041015625e+00
1.000000000000000000e+00 5.836617469787597656e+00 8.909069061279296875e+00
1.012500047683715820e+00 5.617333889007568359e+00 8.982361793518066406e+00
1.024999976158142090e+00 5.360826015472412109e+00 9.088182449340820312e+00
1.037500023841857910e+00 5.065464019775390625e+00 9.224092483520507812e+00
1.049999952316284180e+00 4.730845451354980469e+00 9.377164840698242188e+00
1.062500000000000000e+00 4.362281799316406250e+00 9.539063453674316406e+00
1.075000047683715820e+00 3.970394372940063477e+00 9.720370292663574219e+00
1.087499976158142090e+00 3.564516067504882812e+00 9.947638511657714844e+00
1.100000023841857910e+00 3.144806623458862305e+00 1.024059391021728516e+01
1.112499952316284180e+00 2.700493097305297852e+00 1.058595848083496094e+01
1.125000000000000000e+00 2.217448472976684570e+00 1.093113517761230469e+01
1.137500047683715820e+00 1.690431714057922363e+00 1.120746326446533203e+01
1.149999976158142090e+00 1.130543708801269531e+00 1.136904430389404297e+01
1.162500023841857910e+00 5.614225268363952637e-01 1.141916465759277344e+01
1.174999952316284180e+00 6.401690188795328140e-03 1.140465927124023438e+01
1.187500000000000000e+00 -5.238822698593139648e-01 1.138301467895507812e+01
1.200000047683715820e+00 -1.034287691116333008e+00 1.138739681243896484e+01
1.212499976158142090e+00 -1.536949634552001953e+00 1.141456317901611328e+01
1.225000023841857910e+00 -2.039219379425048828e+00 1.144072532653808594e+01
1.237499952316284180e+00 -2.537282228469848633e+00 1.144834136962890625e+01
1.250000000000000000e+00 -3.019476175308227539e+00 1.144076251983642578e+01
1.262500047683715820e+00 -3.475086688995361328e+00 1.143522357940673828e+01
1.274999976158142090e+00 -3.900529861450195312e+00 1.144435310363769531e+01
1.287500023841857910e+00 -4.298192977905273438e+00 1.146477127075195312e+01
1.299999952316284180e+00 -4.670208454132080078e+00 1.148234653472900391e+01
1.312500000000000000e+00 -5.013596057891845703e+00 1.148713207244873047e+01
1.325000047683715820e+00 -5.321136474609375000e+00 1.148274803161621094e+01
1.337499976158142090e+00 -5.586511611938476562e+00 1.148167896270751953e+01
1.350000023841857910e+00 -5.808365345001220703e+00 1.149221324920654297e+01
1.362499952316284180e+00 -5.989432334899902344e+00 1.151039695739746094e+01
1.375000000000000000e+00 -6.131948471069335938e+00 1.152462959289550781e+01
1.387500047683715820e+00 -6.234109878540039062e+00 1.152770042419433594e+01
1.399999976158142090e+00 -6.291059017181396484e+00 1.152393722534179688e+01
1.412500023841857910e+00 -6.299232482910156250e+00 1.152446174621582031e+01
1.424999952316284180e+00 -6.259597301483154297e+00 1.153563880920410156e+01
1.437500000000000000e+00 -6.176527500152587891e+00 1.155254077911376953e+01
1.450000047683715820e+00 -6.053524017333984375e+00 1.156402111053466797e+01
1.462499976158142090e+00 -5.890168666839599609e+00 1.156419849395751953e+01
1.475000023841857910e+00 -5.683430671691894531e+00 1.155862045288085938e+01
1.487499952316284180e+00 -5.432030200958251953e+00 1.155866336822509766e+01
1.500000000000000000e+00 -5.139388561248779297e+00 1.156969928741455078e+01
1.512500047683715820e+00 -4.812036991119384766e+00 1.158510112762451172e+01
1.524999976158142090e+00 -4.454950809478759766e+00 1.159261035919189453e+01
1.537500023841857910e+00 -4.068534851074218750e+00 1.158703422546386719e+01
1.549999952316284180e+00 -3.650550842285156250e+00 1.157633495330810547e+01
1.562500000000000000e+00 -3.201305627822875977e+00 1.157413005828857422e+01
1.575000047683715820e+00 -2.726833343505859375e+00 1.158533287048339844e+01
1.587499976158142090e+00 -2.236342668533325195e+00 1.159951114654541016e+01
1.600000023841857910e+00 -1.735801219940185547e+00 1.160011959075927734e+01
1.612499952316284180e+00 -1.223883032798767090e+00 1.158211994171142578e+01
1.625000000000000000e+00 -6.950992345809936523e-01 1.156045818328857422e+01
1.637500047683715820e+00 -1.484874188899993896e-01 1.155811214447021484e+01
1.649999976158142090e+00 4.055563509464263916e-01 1.158077526092529297e+01
1.662500023841857910e+00 9.472348093986511230e-01 1.159950351715087891e+01
1.674999952316284180e+00 1.458055257797241211e+00 1.155902957916259766e+01
1.687500000000000000e+00 1.932529449462890625e+00 1.140950202941894531e+01
1.700000047683715820e+00 2.381475687026977539e+00 1.113955307006835938e+01
1.712499976158142090e+00 2.823744535446166992e+00 1.078608131408691406e+01
1.725000023841857910e+00 3.272267818450927734e+00 1.041351795196533203e+01
1.737499952316284180e+00 3.724688529968261719e+00 1.007842540740966797e+01
1.750000000000000000e+00 4.164966583251953125e+00 9.804919242858886719e+00
1.762500047683715820e+00 4.573656558990478516e+00 9.585571289062500000e+00
1.774999976158142090e+00 4.938372135162353516e+00 9.401433944702148438e+00
1.787500023841857910e+00 5.257064342498779297e+00 9.241669654846191406e+00
1.799999952316284180e+00 5.533467769622802734e+00 9.107965469360351562e+00
1.812500000000000000e+00 5.770260334014892578e+00 9.004962921142578125e+00
1.825000047683715820e+00 5.966003417968750000e+00 8.929959297180175781e+00
1.837499976158142090e+00 6.117284774780273438e+00 8.872957229614257812e+00
1.850000023841857910e+00 6.222486019134521484e+00 8.825771331787109375e+00
1.862499952316284180e+00 6.282873630523681641e+00 8.789449691772460938e+00
1.875000000000000000e+00 6.300284862518310547e+00 8.771763801574707031e+00
1.887500047683715820e+00 6.274462699890136719e+00 8.777624130249023438e+00
1.899999976158142090e+00 6.203260421752929688e+00 8.803015708923339844e+00
1.912500023841857910e+00 6.085538387298583984e+00 8.839394569396972656e+00
1.924999952316284180e+00 5.923428058624267578e+00 8.884132385253906250e+00
1.937500000000000000e+00 5.721182823181152344e+00 8.945552825927734375e+00
1.950000047683715820e+00 5.481607437133789062e+00 9.036067008972167969e+00
1.962499976158142090e+00 5.204082965850830078e+00 9.159568786621093750e+00
1.975000023841857910e+00 4.886984348297119141e+00 9.306614875793457031e+00
1.987499952316284180e+00 4.532695770263671875e+00 9.464530944824218750e+00
2.000000000000000000e+00 4.149926662445068359e+00 9.634381294250488281e+00
