0.000000000000000000e+00 6.202406406402587891e+00 8.843814849853515625e+00
1.250000018626451492e-02 6.259680271148681641e+00 8.790647506713867188e+00
2.500000037252902985e-02 6.199516773223876953e+00 8.799544334411621094e+00
3.750000149011611938e-02 6.013747215270996094e+00 8.852478981018066406e+00
5.000000074505805969e-02 5.707316398620605469e+00 8.933817863464355469e+00
6.250000000000000000e-02 5.298696994781494141e+00 9.084712028503417969e+00
7.500000298023223877e-02 4.787896633148193359e+00 9.315578460693359375e+00
8.749999850988388062e-02 4.179414749145507812e+00 9.581797599792480469e+00
1.000000014901161194e-01 3.517726659774780273e+00 9.914354324340820312e+00
1.124999970197677612e-01 2.826991558074951172e+00 1.039421272277832031e+01
1.250000000000000000e-01 2.052815914154052734e+00 1.092866420745849609e+01
1.375000029802322388e-01 1.152920603752136230e+00 1.127242374420166016e+01
1.500000059604644775e-01 2.003446221351623535e-01 1.134848594665527344e+01
1.624999940395355225e-01 -6.975994110107421875e-01 1.133149051666259766e+01
1.749999970197677612e-01 -1.531137466430664062e+00 1.136076450347900391e+01
1.875000000000000000e-01 -2.347454309463500977e+00 1.139653205871582031e+01
2.000000029802322388e-01 -3.138347864151000977e+00 1.139599895477294922e+01
2.125000059604644775e-01 -3.858298063278198242e+00 1.140514945983886719e+01
2.249999940395355225e-01 -4.497979164123535156e+00 1.143914604187011719e+01
2.374999970197677612e-01 -5.062764167785644531e+00 1.145655536651611328e+01
2.500000000000000000e-01 -5.529347419738769531e+00 1.146081829071044922e+01
2.624999880790710449e-01 -5.877720355987548828e+00 1.148588371276855469e+01
2.750000059604644775e-01 -6.115586280822753906e+00 1.151480865478515625e+01
2.874999940395355225e-01 -6.241874217987060547e+00 1.152295207977294922e+01
3.000000119209289551e-01 -6.239058494567871094e+00 1.153583145141601562e+01
3.125000000000000000e-01 -6.110025405883789062e+00 1.156604290008544922e+01
3.249999880790710449e-01 -5.870761871337890625e+00 1.158243751525878906e+01
3.375000059604644775e-01 -5.517283916473388672e+00 1.158480834960937500e+01
3.499999940395355225e-01 -5.046478271484375000e+00 1.160475921630859375e+01
3.625000119209289551e-01 -4.481121540069580078e+00 1.162779998779296875e+01
3.750000000000000000e-01 -3.836640834808349609e+00 1.162503528594970703e+01
3.874999880790710449e-01 -3.107885360717773438e+00 1.162538337707519531e+01
4.000000059604644775e-01 -2.312451601028442383e+00 1.164827823638916016e+01
4.124999940395355225e-01 -1.484843254089355469e+00 1.164741516113281250e+01
4.250000119209289551e-01 -6.201564073562622070e-01 1.162110900878906250e+01
4.375000000000000000e-01 2.937942445278167725e-01 1.163954830169677734e+01
4.499999880790710449e-01 1.192699313163757324e+00 1.165489959716796875e+01
4.625000059604644775e-01 1.986564874649047852e+00 1.146385383605957031e+01
4.749999940395355225e-01 2.689517736434936523e+00 1.098526668548583984e+01
4.875000119209289551e-01 3.392325878143310547e+00 1.039966106414794922e+01
5.000000000000000000e-01 4.112602710723876953e+00 9.909118652343750000e+00
5.124999880790710449e-01 4.773351192474365234e+00 9.538576126098632812e+00
5.249999761581420898e-01 5.315459251403808594e+00 9.248014450073242188e+00
5.375000238418579102e-01 5.736743927001953125e+00 9.046481132507324219e+00
5.500000119209289551e-01 6.037745952606201172e+00 8.925071716308593750e+00
5.625000000000000000e-01 6.209852218627929688e+00 8.838882446289062500e+00
5.749999880790710449e-01 6.259372234344482422e+00 8.789212226867675781e+00
5.874999761581420898e-01 6.191209316253662109e+00 8.802116394042968750e+00
6.000000238418579102e-01 5.997025012969970703e+00 8.856765747070312500e+00
6.125000119209289551e-01 5.683344841003417969e+00 8.941085815429687500e+00
6.250000000000000000e-01 5.268223285675048828e+00 9.097895622253417969e+00
6.374999880790710449e-01 4.750437259674072266e+00 9.332420349121093750e+00
6.499999761581420898e-01 4.136748790740966797e+00 9.600659370422363281e+00
6.625000238418579102e-01 3.473208427429199219e+00 9.941157341003417969e+00
6.750000119209289551e-01 2.779314756393432617e+00 1.043027496337890625e+01
6.875000000000000000e-01 1.997122168540954590e+00 1.095969390869140625e+01
6.999999880790710449e-01 1.090260267257690430e+00 1.128472423553466797e+01
7.124999761581420898e-01 1.385949850082397461e-01 1.134777545928955078e+01
7.250000238418579102e-01 -7.541183829307556152e-01 1.133165073394775391e+01
7.375000119209289551e-01 -1.585233688354492188e+00 1.136388969421386719e+01
7.500000000000000000e-01 -2.400977611541748047e+00 1.139743804931640625e+01
7.624999880790710449e-01 -3.188453435897827148e+00 1.139567184448242188e+01
7.749999761581420898e-01 -3.902883291244506836e+00 1.140698623657226562e+01
7.875000238418579102e-01 -4.537682533264160156e+00 1.144118499755859375e+01
8.000000119209289551e-01 -5.096971511840820312e+00 1.145679950714111328e+01
8.125000000000000000e-01 -5.556025028228759766e+00 1.146167659759521484e+01
8.249999880790710449e-01 -5.896703720092773438e+00 1.148814010620117188e+01
8.374999761581420898e-01 -6.127544403076171875e+00 1.151595115661621094e+01
8.500000238418579102e-01 -6.245811939239501953e+00 1.152323436737060547e+01
8.625000119209289551e-01 -6.234228610992431641e+00 1.153750705718994141e+01
8.750000000000000000e-01 -6.097534656524658203e+00 1.156789207458496094e+01
8.874999880790710449e-01 -5.851086139678955078e+00 1.158267021179199219e+01
8.999999761581420898e-01 -5.489680290222167969e+00 1.158538818359375000e+01
9.125000238418579102e-01 -5.011739730834960938e+00 1.160666465759277344e+01
9.250000119209289551e-01 -4.441011905670166016e+00 1.162842750549316406e+01
9.375000000000000000e-01 -3.791136741638183594e+00 1.162441253662109375e+01
9.499999880790710449e-01 -3.056992530822753906e+00 1.162645053863525391e+01
9.624999761581420898e-01 -2.258551836013793945e+00 1.164954280853271484e+01
9.750000238418579102e-01 -1.429197311401367188e+00 1.164580917358398438e+01
9.875000119209289551e-01 -5.611153244972229004e-01 1.162036323547363281e+01
1.000000000000000000e+00 3.547905385494232178e-01 1.164243984222412109e+01
1.012500047683715820e+00 1.248956322669982910e+00 1.165092277526855469e+01
1.024999976158142090e+00 2.034888982772827148e+00 1.144032096862792969e+01
1.037500023841857910e+00 2.735073804855346680e+00 1.094703292846679688e+01
1.049999952316284180e+00 3.439893722534179688e+00 1.036308193206787109e+01
1.062500000000000000e+00 4.159066200256347656e+00 9.881501197814941406e+00
1.075000047683715820e+00 4.813053131103515625e+00 9.517073631286621094e+00
1.087499976158142090e+00 5.346896171569824219e+00 9.231735229492187500e+00
1.100000023841857910e+00 5.760443687438964844e+00 9.036457061767578125e+00
1.112499952316284180e+00 6.053115367889404297e+00 8.918663024902343750e+00
1.125000000000000000e+00 6.216764450073242188e+00 8.834096908569335938e+00
1.137500047683715820e+00 6.258559226989746094e+00 8.788077354431152344e+00
1.149999976158142090e+00 6.182344436645507812e+00 8.804865837097167969e+00
1.162500023841857910e+00 5.979774951934814453e+00 8.861149787902832031e+00
1.174999952316284180e+00 5.658942222595214844e+00 8.948689460754394531e+00
1.187500000000000000e+00 5.237299442291259766e+00 9.111449241638183594e+00
1.200000047683715820e+00 4.712538242340087891e+00 9.349366188049316406e+00
1.212499976158142090e+00 4.093875408172607422e+00 9.619808197021484375e+00
1.225000023841857910e+00 3.428596735000610352e+00 9.968693733215332031e+00
1.237499952316284180e+00 2.731245040893554688e+00 1.046658229827880859e+01
1.250000000000000000e+00 1.940829634666442871e+00 1.098974704742431641e+01
1.262500047683715820e+00 1.027393698692321777e+00 1.129577159881591797e+01
1.274999976158142090e+00 7.715164124965667725e-02 1.134675312042236328e+01
1.287500023841857910e+00 -8.103476166725158691e-01 1.133210659027099609e+01
1.299999952316284180e+00 -1.639294385910034180e+00 1.136700630187988281e+01
1.312500000000000000e+00 -2.454391479492187500e+00 1.139814472198486328e+01
1.325000047683715820e+00 -3.238219022750854492e+00 1.139542579650878906e+01
1.337499976158142090e+00 -3.947116851806640625e+00 1.140894889831542969e+01
1.350000023841857910e+00 -4.577073097229003906e+00 1.144311428070068359e+01
1.362499952316284180e+00 -5.130738258361816406e+00 1.145698451995849609e+01
1.375000000000000000e+00 -5.582171916961669922e+00 1.146265888214111328e+01
1.387500047683715820e+00 -5.915215015411376953e+00 1.149040222167968750e+01
1.399999976158142090e+00 -6.139019966125488281e+00 1.151697635650634766e+01
1.412500023841857910e+00 -6.249171257019042969e+00 1.152355766296386719e+01
1.424999952316284180e+00 -6.228847026824951172e+00 1.153927707672119141e+01
1.437500000000000000e+00 -6.084576606750488281e+00 1.156965351104736328e+01
1.450000047683715820e+00 -5.830907821655273438e+00 1.158283424377441406e+01
1.462499976158142090e+00 -5.461554527282714844e+00 1.158607482910156250e+01
1.475000023841857910e+00 -4.976602077484130859e+00 1.160857772827148438e+01
1.487499952316284180e+00 -4.400568485260009766e+00 1.162891006469726562e+01
1.500000000000000000e+00 -3.745251655578613281e+00 1.162382316589355469e+01
1.512500047683715820e+00 -3.005810260772705078e+00 1.162764644622802734e+01
1.524999976158142090e+00 -2.204539060592651367e+00 1.165066528320312500e+01
1.537500023841857910e+00 -1.373386740684509277e+00 1.164406776428222656e+01
1.549999952316284180e+00 -5.018272995948791504e-01 1.161988449096679688e+01
1.562500000000000000e+00 4.157032370567321777e-01 1.164534568786621094e+01
1.575000047683715820e+00 1.304690241813659668e+00 1.164592838287353516e+01
1.587499976158142090e+00 2.082807064056396484e+00 1.141543674468994141e+01
1.600000023841857910e+00 2.780689477920532227e+00 1.090841102600097656e+01
1.612499952316284180e+00 3.487564563751220703e+00 1.032703685760498047e+01
1.625000000000000000e+00 4.205229759216308594e+00 9.854410171508789062e+00
1.637500047683715820e+00 4.852205276489257812e+00 9.495883941650390625e+00
1.649999976158142090e+00 5.377812862396240234e+00 9.215864181518554688e+00
1.662500023841857910e+00 5.783621311187744141e+00 9.026790618896484375e+00
1.674999952316284180e+00 6.067912578582763672e+00 8.912372589111328125e+00
1.687500000000000000e+00 6.223147392272949219e+00 8.829469680786132812e+00
1.700000047683715820e+00 6.257239341735839844e+00 8.787243843078613281e+00
1.712499976158142090e+00 6.172919273376464844e+00 8.807781219482421875e+00
1.725000023841857910e+00 5.962003231048583984e+00 8.865640640258789062e+00
1.737499952316284180e+00 5.634111881256103516e+00 8.956644058227539062e+00
1.750000000000000000e+00 5.205922603607177734e+00 9.125356674194335938e+00
1.762500047683715820e+00 4.674208164215087891e+00 9.366408348083496094e+00
1.774999976158142090e+00 4.050811767578125000e+00 9.639277458190917969e+00
1.787500023841857910e+00 3.383883237838745117e+00 9.996970176696777344e+00
1.799999952316284180e+00 2.682757377624511719e+00 1.050306129455566406e+01
1.812500000000000000e+00 1.883945345878601074e+00 1.101875686645507812e+01
1.825000047683715820e+00 9.643608331680297852e-01 1.130560111999511719e+01
1.837499976158142090e+00 1.603226922452449799e-02 1.134548854827880859e+01
1.850000023841857910e+00 -8.663045763969421387e-01 1.133285999298095703e+01
1.862499952316284180e+00 -1.693327426910400391e+00 1.137008762359619141e+01
1.875000000000000000e+00 -2.507680177688598633e+00 1.139866161346435547e+01
1.887500047683715820e+00 -3.287635803222656250e+00 1.139527702331542969e+01
1.899999976158142090e+00 -3.991003990173339844e+00 1.141102504730224609e+01
1.912500023841857910e+00 -4.616147041320800781e+00 1.144492530822753906e+01
1.924999952316284180e+00 -5.164052963256835938e+00 1.145712471008300781e+01
1.937500000000000000e+00 -5.607789039611816406e+00 1.146376705169677734e+01
1.950000047683715820e+00 -5.933257579803466797e+00 1.149265670776367188e+01
1.962499976158142090e+00 -6.150007247924804688e+00 1.151788806915283203e+01
1.975000023841857910e+00 -6.251948833465576172e+00 1.152393341064453125e+01
1.987499952316284180e+00 -6.222921371459960938e+00 1.154113101959228516e+01
2.000000000000000000e+00 -6.071154117584228516e+00 1.157131862640380859e+01
