0.000000000000000000e+00 6.201862335205078125e+00 8.844191551208496094e+00
1.250000018626451492e-02 6.259395122528076172e+00 8.790803909301757812e+00
2.500000037252902985e-02 6.198968410491943359e+00 8.799747467041015625e+00
3.750000149011611938e-02 6.012367248535156250e+00 8.852843284606933594e+00
5.000000074505805969e-02 5.704652309417724609e+00 8.934561729431152344e+00
6.250000000000000000e-02 5.294387340545654297e+00 9.086437225341796875e+00
7.500000298023223877e-02 4.781441211700439453e+00 9.318345069885253906e+00
8.749999850988388062e-02 4.170670032501220703e+00 9.585465431213378906e+00
1.000000014901161194e-01 3.507143497467041016e+00 9.920335769653320312e+00
1.124999970197677612e-01 2.814217090606689453e+00 1.040344715118408203e+01
1.250000000000000000e-01 2.036232233047485352e+00 1.093765735626220703e+01
1.375000029802322388e-01 1.132195115089416504e+00 1.127629756927490234e+01
1.500000059604644775e-01 1.777445524930953979e-01 1.134796237945556641e+01
1.624999940395355225e-01 -7.202412486076354980e-01 1.133124065399169922e+01
1.749999970197677612e-01 -1.554563522338867188e+00 1.136185646057128906e+01
1.875000000000000000e-01 -2.372355937957763672e+00 1.139675521850585938e+01
2.000000029802322388e-01 -3.163311958312988281e+00 1.139562892913818359e+01
2.125000059604644775e-01 -3.881959915161132812e+00 1.140592575073242188e+01
2.249999940395355225e-01 -4.520306587219238281e+00 1.144015407562255859e+01
2.374999970197677612e-01 -5.083091259002685547e+00 1.145659446716308594e+01
2.500000000000000000e-01 -5.546041011810302734e+00 1.146126556396484375e+01
2.624999880790710449e-01 -5.890148162841796875e+00 1.148732852935791016e+01
2.750000059604644775e-01 -6.123701572418212891e+00 1.151560592651367188e+01
2.874999940395355225e-01 -6.244505405426025391e+00 1.152319049835205078e+01
3.000000119209289551e-01 -6.235099792480468750e+00 1.153717422485351562e+01
3.125000000000000000e-01 -6.099763870239257812e+00 1.156762504577636719e+01
3.249999880790710449e-01 -5.854094982147216797e+00 1.158278083801269531e+01
3.375000059604644775e-01 -5.493107318878173828e+00 1.158549118041992188e+01
3.499999940395355225e-01 -5.014972686767578125e+00 1.160668182373046875e+01
3.625000119209289551e-01 -4.443452358245849609e+00 1.162862777709960938e+01
3.750000000000000000e-01 -3.792442083358764648e+00 1.162471580505371094e+01
3.874999880790710449e-01 -3.056817531585693359e+00 1.162675762176513672e+01
4.000000059604644775e-01 -2.256610870361328125e+00 1.164989185333251953e+01
4.124999940395355225e-01 -1.425362825393676758e+00 1.164603805541992188e+01
4.250000119209289551e-01 -5.551120042800903320e-01 1.162069225311279297e+01
4.375000000000000000e-01 3.629818558692932129e-01 1.164320564270019531e+01
4.499999880790710449e-01 1.258358597755432129e+00 1.165049552917480469e+01
4.625000059604644775e-01 2.044560194015502930e+00 1.143583393096923828e+01
4.749999940395355225e-01 2.745627880096435547e+00 1.093861293792724609e+01
4.875000119209289551e-01 3.452301025390625000e+00 1.035412693023681641e+01
5.000000000000000000e-01 4.172513961791992188e+00 9.874008178710937500e+00
5.124999880790710449e-01 4.825733661651611328e+00 9.510516166687011719e+00
5.249999761581420898e-01 5.357938289642333984e+00 9.226267814636230469e+00
5.375000238418579102e-01 5.769484043121337891e+00 9.032865524291992188e+00
5.500000119209289551e-01 6.059321403503417969e+00 8.916180610656738281e+00
5.625000000000000000e-01 6.219527721405029297e+00 8.832113265991210938e+00
5.749999880790710449e-01 6.257677078247070312e+00 8.787772178649902344e+00
5.874999761581420898e-01 6.177099704742431641e+00 8.806517601013183594e+00
6.000000238418579102e-01 5.969469547271728516e+00 8.863759040832519531e+00
6.125000119209289551e-01 5.643787860870361328e+00 8.953449249267578125e+00
6.250000000000000000e-01 5.217185974121093750e+00 9.120214462280273438e+00
6.374999880790710449e-01 4.686759471893310547e+00 9.360694885253906250e+00
6.499999761581420898e-01 4.063485622406005859e+00 9.633318901062011719e+00
6.625000238418579102e-01 3.395586013793945312e+00 9.989148139953613281e+00
6.750000119209289551e-01 2.693996191024780273e+00 1.049419784545898438e+01
6.875000000000000000e-01 1.895403027534484863e+00 1.101265335083007812e+01
6.999999880790710449e-01 9.749556779861450195e-01 1.130369758605957031e+01
7.124999761581420898e-01 2.417000010609626770e-02 1.134537029266357422e+01
7.250000238418579102e-01 -8.607708215713500977e-01 1.133249568939208984e+01
7.375000119209289551e-01 -1.689741373062133789e+00 1.136963081359863281e+01
7.500000000000000000e-01 -2.505853652954101562e+00 1.139842891693115234e+01
7.624999880790710449e-01 -3.287543058395385742e+00 1.139508152008056641e+01
7.749999761581420898e-01 -3.992330551147460938e+00 1.141091346740722656e+01
7.875000238418579102e-01 -4.618556499481201172e+00 1.144488906860351562e+01
8.000000119209289551e-01 -5.167134761810302734e+00 1.145702838897705078e+01
8.125000000000000000e-01 -5.610920906066894531e+00 1.146384620666503906e+01
8.249999880790710449e-01 -5.935950279235839844e+00 1.149298000335693359e+01
8.374999761581420898e-01 -6.151845932006835938e+00 1.151805210113525391e+01
8.500000238418579102e-01 -6.252203464508056641e+00 1.152407169342041016e+01
8.625000119209289551e-01 -6.220940589904785156e+00 1.154171085357666016e+01
8.750000000000000000e-01 -6.066718101501464844e+00 1.157190322875976562e+01
8.874999880790710449e-01 -5.802891254425048828e+00 1.158312320709228516e+01
8.999999761581420898e-01 -5.421975612640380859e+00 1.158738803863525391e+01
9.125000238418579102e-01 -4.926469326019287109e+00 1.161145305633544922e+01
9.250000119209289551e-01 -4.341737747192382812e+00 1.162959766387939453e+01
9.375000000000000000e-01 -3.677012681961059570e+00 1.162334346771240234e+01
9.499999880790710449e-01 -2.928310155868530273e+00 1.162996482849121094e+01
9.624999761581420898e-01 -2.121326923370361328e+00 1.165238285064697266e+01
9.750000238418579102e-01 -1.285431146621704102e+00 1.164147281646728516e+01
9.875000119209289551e-01 -4.063399434089660645e-01 1.162010097503662109e+01
1.000000000000000000e+00 5.150416493415832520e-01 1.165035247802734375e+01
1.012500047683715820e+00 1.396507740020751953e+00 1.163549995422363281e+01
1.024999976158142090e+00 2.163500308990478516e+00 1.137050628662109375e+01
1.037500023841857910e+00 2.859883546829223633e+00 1.084133815765380859e+01
1.049999952316284180e+00 3.571689844131469727e+00 1.026542568206787109e+01
1.062500000000000000e+00 4.287079811096191406e+00 9.807557106018066406e+00
1.075000047683715820e+00 4.922157764434814453e+00 9.458345413208007812e+00
1.087499976158142090e+00 5.433828830718994141e+00 9.187720298767089844e+00
1.100000023841857910e+00 5.825935363769531250e+00 9.009650230407714844e+00
1.112499952316284180e+00 6.094633579254150391e+00 8.900754928588867188e+00
1.125000000000000000e+00 6.233893871307373047e+00 8.821063995361328125e+00
1.137500047683715820e+00 6.252779960632324219e+00 8.786623954772949219e+00
1.149999976158142090e+00 6.151723384857177734e+00 8.814278602600097656e+00
1.162500023841857910e+00 5.923336505889892578e+00 8.875378608703613281e+00
1.174999952316284180e+00 5.580256938934326172e+00 8.974583625793457031e+00
1.187500000000000000e+00 5.137133598327636719e+00 9.156141281127929688e+00
1.200000047683715820e+00 4.589428424835205078e+00 9.403623580932617188e+00
1.212499976158142090e+00 3.955182313919067383e+00 9.683327674865722656e+00
1.225000023841857910e+00 3.283342838287353516e+00 1.006258773803710938e+01
1.237499952316284180e+00 2.571044683456420898e+00 1.058564472198486328e+01
1.250000000000000000e+00 1.750927686691284180e+00 1.108085536956787109e+01
1.262500047683715820e+00 8.168829679489135742e-01 1.132372188568115234e+01
1.274999976158142090e+00 -1.273041814565658569e-01 1.134160327911376953e+01
1.287500023841857910e+00 -9.997002482414245605e-01 1.133557796478271484e+01
1.299999952316284180e+00 -1.824775457382202148e+00 1.137702274322509766e+01
1.312500000000000000e+00 -2.638466358184814453e+00 1.139899349212646484e+01
1.325000047683715820e+00 -3.409549236297607422e+00 1.139524173736572266e+01
1.337499976158142090e+00 -4.100568771362304688e+00 1.141651630401611328e+01
1.350000023841857910e+00 -4.714793682098388672e+00 1.144883728027343750e+01
1.362499952316284180e+00 -5.248286247253417969e+00 1.145728683471679688e+01
1.375000000000000000e+00 -5.672499656677246094e+00 1.146721553802490234e+01
1.387500047683715820e+00 -5.978847026824951172e+00 1.149847984313964844e+01
1.399999976158142090e+00 -6.176887512207031250e+00 1.151982593536376953e+01
1.412500023841857910e+00 -6.256245136260986328e+00 1.152536964416503906e+01
1.424999952316284180e+00 -6.203428745269775391e+00 1.154669857025146484e+01
1.437500000000000000e+00 -6.030769348144531250e+00 1.157551765441894531e+01
1.450000047683715820e+00 -5.748477458953857422e+00 1.158322334289550781e+01
1.462499976158142090e+00 -5.347655296325683594e+00 1.159000015258789062e+01
1.475000023841857910e+00 -4.835598468780517578e+00 1.161604404449462891e+01
1.487499952316284180e+00 -4.237900257110595703e+00 1.162971401214599609e+01
1.500000000000000000e+00 -3.559205293655395508e+00 1.162242794036865234e+01
1.512500047683715820e+00 -2.798198461532592773e+00 1.163378715515136719e+01
1.524999976158142090e+00 -1.985402107238769531e+00 1.165374279022216797e+01
1.537500023841857910e+00 -1.144301176071166992e+00 1.163645553588867188e+01
1.549999952316284180e+00 -2.561733722686767578e-01 1.162136268615722656e+01
1.562500000000000000e+00 6.660132408142089844e-01 1.165662288665771484e+01
1.575000047683715820e+00 1.531208515167236328e+00 1.161318206787109375e+01
1.587499976158142090e+00 2.280403852462768555e+00 1.129735946655273438e+01
1.600000023841857910e+00 2.974844694137573242e+00 1.074298667907714844e+01
1.612499952316284180e+00 3.691367626190185547e+00 1.018042850494384766e+01
1.625000000000000000e+00 4.399325370788574219e+00 9.744050025939941406e+00
1.637500047683715820e+00 5.015104770660400391e+00 9.408146858215332031e+00
1.649999976158142090e+00 5.506521224975585938e+00 9.151823997497558594e+00
1.662500023841857910e+00 5.879042625427246094e+00 8.988375663757324219e+00
1.674999952316284180e+00 6.126375198364257812e+00 8.885934829711914062e+00
1.687500000000000000e+00 6.245022773742675781e+00 8.811244964599609375e+00
1.700000047683715820e+00 6.244657039642333984e+00 8.787325859069824219e+00
1.712499976158142090e+00 6.122821331024169922e+00 8.822839736938476562e+00
1.725000023841857910e+00 5.874080181121826172e+00 8.887889862060546875e+00
1.737499952316284180e+00 5.514083385467529297e+00 8.998154640197753906e+00
1.750000000000000000e+00 5.054180145263671875e+00 9.193940162658691406e+00
1.762500047683715820e+00 4.489635467529296875e+00 9.447098731994628906e+00
1.774999976158142090e+00 3.845998048782348633e+00 9.736049652099609375e+00
1.787500023841857910e+00 3.170204877853393555e+00 1.014055824279785156e+01
1.799999952316284180e+00 2.445000410079956055e+00 1.067651748657226562e+01
1.812500000000000000e+00 1.603039383888244629e+00 1.114148712158203125e+01
1.825000047683715820e+00 6.586038470268249512e-01 1.133716201782226562e+01
1.837499976158142090e+00 -2.765180170536041260e-01 1.133760452270507812e+01
1.850000023841857910e+00 -1.137330412864685059e+00 1.134033679962158203e+01
1.862499952316284180e+00 -1.959709644317626953e+00 1.138365364074707031e+01
1.875000000000000000e+00 -2.769924640655517578e+00 1.139868545532226562e+01
1.887500047683715820e+00 -3.529247760772705078e+00 1.139630699157714844e+01
1.899999976158142090e+00 -4.206754684448242188e+00 1.142247772216796875e+01
1.912500023841857910e+00 -4.808921337127685547e+00 1.145193290710449219e+01
1.924999952316284180e+00 -5.326402664184570312e+00 1.145761013031005859e+01
1.937500000000000000e+00 -5.730820655822753906e+00 1.147133636474609375e+01
1.950000047683715820e+00 -6.018873214721679688e+00 1.150362205505371094e+01
1.962499976158142090e+00 -6.198718070983886719e+00 1.152104568481445312e+01
1.975000023841857910e+00 -6.256612777709960938e+00 1.152723217010498047e+01
1.987499952316284180e+00 -6.182672023773193359e+00 1.155195903778076172e+01
2.000000000000000000e+00 -5.991910934448242188e+00 1.157839393615722656e+01
