0.000000000000000000e+00 6.201318264007568359e+00 8.844569206237792969e+00
1.250000018626451492e-02 6.259110450744628906e+00 8.790960311889648438e+00
2.500000037252902985e-02 6.198421001434326172e+00 8.799949645996093750e+00
3.750000149011611938e-02 6.010985851287841797e+00 8.853206634521484375e+00
5.000000074505805969e-02 5.701984882354736328e+00 8.935306549072265625e+00
6.250000000000000000e-02 5.290071964263916016e+00 9.088168144226074219e+00
7.500000298023223877e-02 4.774975299835205078e+00 9.321113586425781250e+00
8.749999850988388062e-02 4.161918163299560547e+00 9.589140892028808594e+00
1.000000014901161194e-01 3.496559143066406250e+00 9.926351547241210938e+00
1.124999970197677612e-01 2.801422834396362305e+00 1.041269874572753906e+01
1.250000000000000000e-01 2.019600868225097656e+00 1.094656848907470703e+01
1.375000029802322388e-01 1.111444592475891113e+00 1.128003406524658203e+01
1.500000059604644775e-01 1.551807671785354614e-01 1.134739303588867188e+01
1.624999940395355225e-01 -7.428350448608398438e-01 1.133103942871093750e+01
1.749999970197677612e-01 -1.577977180480957031e+00 1.136295318603515625e+01
1.875000000000000000e-01 -2.397230863571166992e+00 1.139693737030029297e+01
2.000000029802322388e-01 -3.188189983367919922e+00 1.139527797698974609e+01
2.125000059604644775e-01 -3.905517816543579102e+00 1.140674018859863281e+01
2.249999940395355225e-01 -4.542529582977294922e+00 1.144113063812255859e+01
2.374999970197677612e-01 -5.103259563446044922e+00 1.145661258697509766e+01
2.500000000000000000e-01 -5.562520980834960938e+00 1.146176242828369141e+01
2.624999880790710449e-01 -5.902363300323486328e+00 1.148878097534179688e+01
2.750000059604644775e-01 -6.131580352783203125e+00 1.151635074615478516e+01
2.874999940395355225e-01 -6.246827125549316406e+00 1.152345275878906250e+01
3.000000119209289551e-01 -6.230817794799804688e+00 1.153857517242431641e+01
3.125000000000000000e-01 -6.089203834533691406e+00 1.156915855407714844e+01
3.249999880790710449e-01 -5.837081432342529297e+00 1.158308315277099609e+01
3.375000059604644775e-01 -5.468542575836181641e+00 1.158625793457031250e+01
3.499999940395355225e-01 -4.983147621154785156e+00 1.160861301422119141e+01
3.625000119209289551e-01 -4.405496597290039062e+00 1.162933444976806641e+01
3.750000000000000000e-01 -3.747893810272216797e+00 1.162443256378173828e+01
3.874999880790710449e-01 -3.005467176437377930e+00 1.162825965881347656e+01
4.000000059604644775e-01 -2.200654506683349609e+00 1.165135478973388672e+01
4.124999940395355225e-01 -1.365699648857116699e+00 1.164451789855957031e+01
4.250000119209289551e-01 -4.897760152816772461e-01 1.162060356140136719e+01
4.375000000000000000e-01 4.320549070835113525e-01 1.164686584472656250e+01
4.499999880790710449e-01 1.323303461074829102e+00 1.164469051361083984e+01
4.625000059604644775e-01 2.101965427398681641e+00 1.140590000152587891e+01
4.749999940395355225e-01 2.801803112030029297e+00 1.089142799377441406e+01
4.875000119209289551e-01 3.512400627136230469e+00 1.030947017669677734e+01
5.000000000000000000e-01 4.231894493103027344e+00 9.839758872985839844e+00
5.124999880790710449e-01 4.877147197723388672e+00 9.482984542846679688e+00
5.249999761581420898e-01 5.399462223052978516e+00 9.205266952514648438e+00
5.375000238418579102e-01 5.801204204559326172e+00 9.019925117492675781e+00
5.500000119209289551e-01 6.079722404479980469e+00 8.907511711120605469e+00
5.625000000000000000e-01 6.228067398071289062e+00 8.825686454772949219e+00
5.749999880790710449e-01 6.254838943481445312e+00 8.787003517150878906e+00
5.874999761581420898e-01 6.161671161651611328e+00 8.811284065246582031e+00
6.000000238418579102e-01 5.940642356872558594e+00 8.871017456054687500e+00
6.125000119209289551e-01 5.603141307830810547e+00 8.966722488403320312e+00
6.250000000000000000e-01 5.164938926696777344e+00 9.143445014953613281e+00
6.374999880790710449e-01 4.621909141540527344e+00 9.389217376708984375e+00
6.499999761581420898e-01 3.989709138870239258e+00 9.666952133178710938e+00
6.625000238418579102e-01 3.317654132843017578e+00 1.003933238983154297e+01
6.750000119209289551e-01 2.607351779937744141e+00 1.055844783782958984e+01
6.875000000000000000e-01 1.791820883750915527e+00 1.106209087371826172e+01
6.999999880790710449e-01 8.591978549957275391e-01 1.131871795654296875e+01
7.124999761581420898e-01 -8.910278975963592529e-02 1.134232139587402344e+01
7.250000238418579102e-01 -9.664999842643737793e-01 1.133440303802490234e+01
7.375000119209289551e-01 -1.794146060943603516e+00 1.137515163421630859e+01
7.500000000000000000e-01 -2.610167264938354492e+00 1.139874172210693359e+01
7.624999880790710449e-01 -3.385199546813964844e+00 1.139494895935058594e+01
7.749999761581420898e-01 -4.080354690551757812e+00 1.141525363922119141e+01
7.875000238418579102e-01 -4.698041439056396484e+00 1.144806575775146484e+01
8.000000119209289551e-01 -5.235251426696777344e+00 1.145714378356933594e+01
8.125000000000000000e-01 -5.663408756256103516e+00 1.146659755706787109e+01
8.249999880790710449e-01 -5.973007202148437500e+00 1.149771595001220703e+01
8.374999761581420898e-01 -6.173740386962890625e+00 1.151964759826660156e+01
8.500000238418579102e-01 -6.255679607391357422e+00 1.152525329589843750e+01
8.625000119209289551e-01 -6.204897880554199219e+00 1.154629325866699219e+01
8.750000000000000000e-01 -6.033443927764892578e+00 1.157536697387695312e+01
8.874999880790710449e-01 -5.751905918121337891e+00 1.158338165283203125e+01
8.999999761581420898e-01 -5.351423740386962891e+00 1.159003734588623047e+01
9.125000238418579102e-01 -4.839024543762207031e+00 1.161608123779296875e+01
9.250000119209289551e-01 -4.240460395812988281e+00 1.162997341156005859e+01
9.375000000000000000e-01 -3.560588121414184570e+00 1.162273120880126953e+01
9.499999880790710449e-01 -2.798038005828857422e+00 1.163409423828125000e+01
9.624999761581420898e-01 -1.983453154563903809e+00 1.165406799316406250e+01
9.750000238418579102e-01 -1.140413880348205566e+00 1.163667964935302734e+01
9.875000119209289551e-01 -2.500696480274200439e-01 1.162184715270996094e+01
1.000000000000000000e+00 6.740855574607849121e-01 1.165727519989013672e+01
1.012500047683715820e+00 1.540138483047485352e+00 1.161175060272216797e+01
1.024999976158142090e+00 2.289701700210571289e+00 1.129162979125976562e+01
1.037500023841857910e+00 2.985459089279174805e+00 1.073442268371582031e+01
1.049999952316284180e+00 3.703771352767944336e+00 1.017231655120849609e+01
1.062500000000000000e+00 4.412168502807617188e+00 9.737260818481445312e+00
1.075000047683715820e+00 5.026823043823242188e+00 9.402092933654785156e+00
1.087499976158142090e+00 5.516583442687988281e+00 9.147150993347167969e+00
1.100000023841857910e+00 5.886939525604248047e+00 8.985428810119628906e+00
1.112499952316284180e+00 6.131237506866455078e+00 8.883659362792968750e+00
1.125000000000000000e+00 6.246462345123291016e+00 8.809742927551269531e+00
1.137500047683715820e+00 6.242355823516845703e+00 8.787817001342773438e+00
1.149999976158142090e+00 6.115912914276123047e+00 8.824857711791992188e+00
1.162500023841857910e+00 5.862195491790771484e+00 8.890932083129882812e+00
1.174999952316284180e+00 5.497509956359863281e+00 9.004200935363769531e+00
1.187500000000000000e+00 5.032423973083496094e+00 9.203762054443359375e+00
1.200000047683715820e+00 4.462378978729248047e+00 9.458750724792480469e+00
1.212499976158142090e+00 3.815049171447753906e+00 9.751245498657226562e+00
1.225000023841857910e+00 3.136624813079833984e+00 1.016397571563720703e+01
1.237499952316284180e+00 2.405639648437500000e+00 1.070368480682373047e+01
1.250000000000000000e+00 1.555134534835815430e+00 1.115881443023681641e+01
1.262500047683715820e+00 6.059834361076354980e-01 1.134001445770263672e+01
1.274999976158142090e+00 -3.277101516723632812e-01 1.133602714538574219e+01
1.287500023841857910e+00 -1.186645865440368652e+00 1.134213924407958984e+01
1.299999952316284180e+00 -2.010024070739746094e+00 1.138563156127929688e+01
1.312500000000000000e+00 -2.820297956466674805e+00 1.139818954467773438e+01
1.325000047683715820e+00 -3.576349496841430664e+00 1.139682292938232422e+01
1.337499976158142090e+00 -4.249895095825195312e+00 1.142480850219726562e+01
1.350000023841857910e+00 -4.848192214965820312e+00 1.145285892486572266e+01
1.362499952316284180e+00 -5.359535694122314453e+00 1.145773792266845703e+01
1.375000000000000000e+00 -5.755941867828369141e+00 1.147335815429687500e+01
1.387500047683715820e+00 -6.036284446716308594e+00 1.150581359863281250e+01
1.399999976158142090e+00 -6.207714080810546875e+00 1.152149486541748047e+01
1.412500023841857910e+00 -6.255135536193847656e+00 1.152844619750976562e+01
1.424999952316284180e+00 -6.170642852783203125e+00 1.155474662780761719e+01
1.437500000000000000e+00 -5.970231056213378906e+00 1.157971477508544922e+01
1.450000047683715820e+00 -5.658372402191162109e+00 1.158357048034667969e+01
1.462499976158142090e+00 -5.226404190063476562e+00 1.159559154510498047e+01
1.475000023841857910e+00 -4.689110755920410156e+00 1.162253475189208984e+01
1.487499952316284180e+00 -4.069860935211181641e+00 1.162873649597167969e+01
1.500000000000000000e+00 -3.367297887802124023e+00 1.162270641326904297e+01
1.512500047683715820e+00 -2.587039232254028320e+00 1.164085578918457031e+01
1.524999976158142090e+00 -1.764632463455200195e+00 1.165352249145507812e+01
1.537500023841857910e+00 -9.116606116294860840e-01 1.162883663177490234e+01
1.549999952316284180e+00 -7.434379775077104568e-03 1.162783718109130859e+01
1.562500000000000000e+00 9.118959903717041016e-01 1.166260910034179688e+01
1.575000047683715820e+00 1.748059868812561035e+00 1.155822467803955078e+01
1.587499976158142090e+00 2.473627090454101562e+00 1.115964603424072266e+01
1.600000023841857910e+00 3.171445369720458984e+00 1.057787609100341797e+01
1.612499952316284180e+00 3.894766330718994141e+00 1.004503154754638672e+01
1.625000000000000000e+00 4.585538864135742188e+00 9.641457557678222656e+00
1.637500047683715820e+00 5.167634963989257812e+00 9.326476097106933594e+00
1.649999976158142090e+00 5.625581741333007812e+00 9.095897674560546875e+00
1.662500023841857910e+00 5.963912010192871094e+00 8.955083847045898438e+00
1.674999952316284180e+00 6.173703670501708984e+00 8.861277580261230469e+00
1.687500000000000000e+00 6.256710052490234375e+00 8.797554969787597656e+00
1.700000047683715820e+00 6.221431255340576172e+00 8.793040275573730469e+00
1.712499976158142090e+00 6.061166763305664062e+00 8.840053558349609375e+00
1.725000023841857910e+00 5.776113033294677734e+00 8.913915634155273438e+00
1.737499952316284180e+00 5.385080814361572266e+00 9.048227310180664062e+00
1.750000000000000000e+00 4.892409324645996094e+00 9.267876625061035156e+00
1.762500047683715820e+00 4.297310352325439453e+00 9.530049324035644531e+00
1.774999976158142090e+00 3.638705015182495117e+00 9.844280242919921875e+00
1.787500023841857910e+00 2.952323913574218750e+00 1.029897975921630859e+01
1.799999952316284180e+00 2.195054769515991211e+00 1.084297370910644531e+01
1.812500000000000000e+00 1.310959815979003906e+00 1.123464298248291016e+01
1.825000047683715820e+00 3.542432487010955811e-01 1.134782791137695312e+01
1.837499976158142090e+00 -5.604521036148071289e-01 1.133170223236083984e+01
1.850000023841857910e+00 -1.404501318931579590e+00 1.135306644439697266e+01
1.862499952316284180e+00 -2.225463151931762695e+00 1.139324188232421875e+01
1.875000000000000000e+00 -3.026537179946899414e+00 1.139650821685791016e+01
1.887500047683715820e+00 -3.761514186859130859e+00 1.140132427215576172e+01
1.899999976158142090e+00 -4.414398670196533203e+00 1.143429374694824219e+01
1.912500023841857910e+00 -4.992453575134277344e+00 1.145558452606201172e+01
1.924999952316284180e+00 -5.475644111633300781e+00 1.145931625366210938e+01
1.937500000000000000e+00 -5.840383052825927734e+00 1.148160457611083984e+01
1.950000047683715820e+00 -6.092212200164794922e+00 1.151240253448486328e+01
1.962499976158142090e+00 -6.233047485351562500e+00 1.152257633209228516e+01
1.975000023841857910e+00 -6.245268344879150391e+00 1.153338146209716797e+01
1.987499952316284180e+00 -6.128464698791503906e+00 1.156310272216796875e+01
2.000000000000000000e+00 -5.899419307708740234e+00 1.158219623565673828e+01
