0.000000000000000000e+00 6.200774192810058594e+00 8.844846725463867188e+00
1.250000018626451492e-02 6.258826732635498047e+00 8.791016578674316406e+00
2.500000037252902985e-02 6.197872161865234375e+00 8.800050735473632812e+00
3.750000149011611938e-02 6.009601593017578125e+00 8.853469848632812500e+00
5.000000074505805969e-02 5.699312686920166016e+00 8.935953140258789062e+00
6.250000000000000000e-02 5.285748481750488281e+00 9.089805603027343750e+00
7.500000298023223877e-02 4.768496513366699219e+00 9.323783874511718750e+00
8.749999850988388062e-02 4.153156757354736328e+00 9.592723846435546875e+00
1.000000014901161194e-01 3.485970020294189453e+00 9.932302474975585938e+00
1.124999970197677612e-01 2.788605213165283203e+00 1.042186737060546875e+01
1.250000000000000000e-01 2.002919197082519531e+00 1.095529747009277344e+01
1.375000029802322388e-01 1.090667366981506348e+00 1.128353404998779297e+01
1.500000059604644775e-01 1.326510459184646606e-01 1.134668254852294922e+01
1.624999940395355225e-01 -7.653848528861999512e-01 1.133078575134277344e+01
1.749999970197677612e-01 -1.601381897926330566e+00 1.136395168304443359e+01
1.875000000000000000e-01 -2.422080516815185547e+00 1.139697933197021484e+01
2.000000029802322388e-01 -3.212982654571533203e+00 1.139484882354736328e+01
2.125000059604644775e-01 -3.928974151611328125e+00 1.140749263763427734e+01
2.249999940395355225e-01 -4.564649581909179688e+00 1.144197654724121094e+01
2.374999970197677612e-01 -5.123267650604248047e+00 1.145651531219482422e+01
2.500000000000000000e-01 -5.578788280487060547e+00 1.146221256256103516e+01
2.624999880790710449e-01 -5.914368152618408203e+00 1.149013805389404297e+01
2.750000059604644775e-01 -6.139220237731933594e+00 1.151694297790527344e+01
2.874999940395355225e-01 -6.248838424682617188e+00 1.152364253997802734e+01
3.000000119209289551e-01 -6.226214408874511719e+00 1.153992938995361328e+01
3.125000000000000000e-01 -6.078344821929931641e+00 1.157053470611572266e+01
3.249999880790710449e-01 -5.819718360900878906e+00 1.158324718475341797e+01
3.375000059604644775e-01 -5.443591117858886719e+00 1.158701038360595703e+01
3.499999940395355225e-01 -4.951005935668945312e+00 1.161044406890869141e+01
3.625000119209289551e-01 -4.367249965667724609e+00 1.162982273101806641e+01
3.750000000000000000e-01 -3.702993392944335938e+00 1.162410068511962891e+01
3.874999880790710449e-01 -2.953844547271728516e+00 1.162977981567382812e+01
4.000000059604644775e-01 -2.144585132598876953e+00 1.165254783630371094e+01
4.124999940395355225e-01 -1.305837988853454590e+00 1.164278030395507812e+01
4.250000119209289551e-01 -4.241552352905273438e-01 1.162075996398925781e+01
4.375000000000000000e-01 5.009669661521911621e-01 1.165034580230712891e+01
4.499999880790710449e-01 1.387515783309936523e+00 1.163728713989257812e+01
4.625000059604644775e-01 2.158831357955932617e+00 1.137400722503662109e+01
4.749999940395355225e-01 2.858085155487060547e+00 1.084376049041748047e+01
4.875000119209289551e-01 3.572589874267578125e+00 1.026563453674316406e+01
5.000000000000000000e-01 4.290691375732421875e+00 9.806222915649414062e+00
5.124999880790710449e-01 4.927587509155273438e+00 9.455880165100097656e+00
5.249999761581420898e-01 5.440039634704589844e+00 9.184930801391601562e+00
5.375000238418579102e-01 5.831891536712646484e+00 9.007518768310546875e+00
5.500000119209289551e-01 6.098948001861572266e+00 8.898941993713378906e+00
5.625000000000000000e-01 6.235485076904296875e+00 8.819542884826660156e+00
5.749999880790710449e-01 6.250848293304443359e+00 8.786802291870117188e+00
5.874999761581420898e-01 6.144917011260986328e+00 8.816269874572753906e+00
6.000000238418579102e-01 5.910569667816162109e+00 8.878482818603515625e+00
6.125000119209289551e-01 5.561412334442138672e+00 8.980860710144042969e+00
6.250000000000000000e-01 5.111465930938720703e+00 9.167414665222167969e+00
6.374999880790710449e-01 4.555935859680175781e+00 9.417870521545410156e+00
6.499999761581420898e-01 3.915495634078979492e+00 9.701629638671875000e+00
6.625000238418579102e-01 3.239347696304321289e+00 1.009158992767333984e+01
6.750000119209289551e-01 2.519248723983764648e+00 1.062248706817626953e+01
6.875000000000000000e-01 1.686448693275451660e+00 1.110760974884033203e+01
6.999999880790710449e-01 7.432267069816589355e-01 1.132998657226562500e+01
7.124999761581420898e-01 -2.011526376008987427e-01 1.133892822265625000e+01
7.250000238418579102e-01 -1.071435689926147461e+00 1.133721542358398438e+01
7.375000119209289551e-01 -1.898473858833312988e+00 1.138017272949218750e+01
7.500000000000000000e-01 -2.713791847229003906e+00 1.139838695526123047e+01
7.624999880790710449e-01 -3.481380462646484375e+00 1.139527988433837891e+01
7.749999761581420898e-01 -4.167000293731689453e+00 1.141977214813232422e+01
7.875000238418579102e-01 -4.776087284088134766e+00 1.145057582855224609e+01
8.000000119209289551e-01 -5.301237583160400391e+00 1.145718765258789062e+01
8.125000000000000000e-01 -5.713515281677246094e+00 1.146981048583984375e+01
8.249999880790710449e-01 -6.007899284362792969e+00 1.150211429595947266e+01
8.374999761581420898e-01 -6.193156719207763672e+00 1.152071285247802734e+01
8.500000238418579102e-01 -6.256226062774658203e+00 1.152678394317626953e+01
8.625000119209289551e-01 -6.186180114746093750e+00 1.155102157592773438e+01
8.750000000000000000e-01 -5.997708797454833984e+00 1.157812118530273438e+01
8.874999880790710449e-01 -5.698080062866210938e+00 1.158351612091064453e+01
8.999999761581420898e-01 -5.278111457824707031e+00 1.159322261810302734e+01
9.125000238418579102e-01 -4.749502182006835938e+00 1.162024974822998047e+01
9.250000119209289551e-01 -4.137132167816162109e+00 1.162956333160400391e+01
9.375000000000000000e-01 -3.441896200180053711e+00 1.162267303466796875e+01
9.499999880790710449e-01 -2.666383028030395508e+00 1.163849353790283203e+01
9.624999761581420898e-01 -1.844942688941955566e+00 1.165434265136718750e+01
9.750000238418579102e-01 -9.939752221107482910e-01 1.163179683685302734e+01
9.875000119209289551e-01 -9.255909174680709839e-02 1.162552165985107422e+01
1.000000000000000000e+00 8.313021063804626465e-01 1.166188907623291016e+01
1.012500047683715820e+00 1.679792046546936035e+00 1.157873058319091797e+01
1.024999976158142090e+00 2.414124727249145508e+00 1.120461750030517578e+01
1.037500023841857910e+00 3.112061977386474609e+00 1.062769889831542969e+01
1.049999952316284180e+00 3.835621833801269531e+00 1.008384895324707031e+01
1.062500000000000000e+00 4.533862590789794922e+00 9.670084953308105469e+00
1.075000047683715820e+00 5.127067089080810547e+00 9.348323822021484375e+00
1.087499976158142090e+00 5.595196247100830078e+00 9.109980583190917969e+00
1.100000023841857910e+00 5.943346977233886719e+00 8.963267326354980469e+00
1.112499952316284180e+00 6.162972450256347656e+00 8.867221832275390625e+00
1.125000000000000000e+00 6.254551410675048828e+00 8.800371170043945312e+00
1.137500047683715820e+00 6.227185249328613281e+00 8.791382789611816406e+00
1.149999976158142090e+00 6.074927806854248047e+00 8.836246490478515625e+00
1.162500023841857910e+00 5.796564102172851562e+00 8.908164024353027344e+00
1.174999952316284180e+00 5.410688400268554688e+00 9.037645339965820312e+00
1.187500000000000000e+00 4.923119068145751953e+00 9.253604888916015625e+00
1.200000047683715820e+00 4.331858634948730469e+00 9.514845848083496094e+00
1.212499976158142090e+00 3.673856019973754883e+00 9.824610710144042969e+00
1.225000023841857910e+00 2.987821578979492188e+00 1.027200031280517578e+01
1.237499952316284180e+00 2.234374523162841797e+00 1.081763362884521484e+01
1.250000000000000000e+00 1.354261159896850586e+00 1.122244167327880859e+01
1.262500047683715820e+00 3.960828185081481934e-01 1.134685993194580078e+01
1.274999976158142090e+00 -5.239833593368530273e-01 1.133177757263183594e+01
1.287500023841857910e+00 -1.371928811073303223e+00 1.135092449188232422e+01
1.299999952316284180e+00 -2.194926023483276367e+00 1.139203262329101562e+01
1.312500000000000000e+00 -2.999187707901000977e+00 1.139644813537597656e+01
1.325000047683715820e+00 -3.738550186157226562e+00 1.140032958984375000e+01
1.337499976158142090e+00 -4.395270824432373047e+00 1.143295955657958984e+01
1.350000023841857910e+00 -4.976892948150634766e+00 1.145515346527099609e+01
1.362499952316284180e+00 -5.464154243469238281e+00 1.145890522003173828e+01
1.375000000000000000e+00 -5.832698822021484375e+00 1.148064231872558594e+01
1.387500047683715820e+00 -6.087536334991455078e+00 1.151179790496826172e+01
1.399999976158142090e+00 -6.231144905090332031e+00 1.152242946624755859e+01
1.412500023841857910e+00 -6.245906829833984375e+00 1.153295707702636719e+01
1.424999952316284180e+00 -6.130830764770507812e+00 1.156262207031250000e+01
1.437500000000000000e+00 -5.902836799621582031e+00 1.158214759826660156e+01
1.450000047683715820e+00 -5.560469627380371094e+00 1.158452224731445312e+01
1.462499976158142090e+00 -5.098285198211669922e+00 1.160239410400390625e+01
1.475000023841857910e+00 -4.537435531616210938e+00 1.162724113464355469e+01
1.487499952316284180e+00 -3.896216154098510742e+00 1.162662506103515625e+01
1.500000000000000000e+00 -3.169874668121337891e+00 1.162506771087646484e+01
1.512500047683715820e+00 -2.373148202896118164e+00 1.164751338958740234e+01
1.524999976158142090e+00 -1.542012691497802734e+00 1.164982318878173828e+01
1.537500023841857910e+00 -6.749739646911621094e-01 1.162308502197265625e+01
1.549999952316284180e+00 2.428991496562957764e-01 1.163822650909423828e+01
1.562500000000000000e+00 1.151141047477722168e+00 1.165812301635742188e+01
1.575000047683715820e+00 1.955754518508911133e+00 1.147913360595703125e+01
1.587499976158142090e+00 2.664892196655273438e+00 1.100711536407470703e+01
1.600000023841857910e+00 3.370763301849365234e+00 1.041779899597167969e+01
1.612499952316284180e+00 4.095609188079833984e+00 9.920542716979980469e+00
1.625000000000000000e+00 4.762555599212646484e+00 9.545289993286132812e+00
1.637500047683715820e+00 5.310027599334716797e+00 9.251404762268066406e+00
1.649999976158142090e+00 5.734968185424804688e+00 9.047725677490234375e+00
1.662500023841857910e+00 6.037904739379882812e+00 8.925351142883300781e+00
1.674999952316284180e+00 6.210175991058349609e+00 8.838596343994140625e+00
1.687500000000000000e+00 6.258352756500244141e+00 8.789239883422851562e+00
1.700000047683715820e+00 6.187194824218750000e+00 8.803351402282714844e+00
1.712499976158142090e+00 5.988212108612060547e+00 8.858924865722656250e+00
1.725000023841857910e+00 5.668736457824707031e+00 8.945321083068847656e+00
1.737499952316284180e+00 5.246882915496826172e+00 9.106735229492187500e+00
1.750000000000000000e+00 4.720737934112548828e+00 9.345177650451660156e+00
1.762500047683715820e+00 4.098964214324951172e+00 9.616836547851562500e+00
1.774999976158142090e+00 3.429542779922485352e+00 9.966958999633789062e+00
1.787500023841857910e+00 2.727837562561035156e+00 1.046777343750000000e+01
1.799999952316284180e+00 1.931680083274841309e+00 1.099329280853271484e+01
1.812500000000000000e+00 1.011066198348999023e+00 1.129732799530029297e+01
1.825000047683715820e+00 5.495478957891464233e-02 1.134532260894775391e+01
1.837499976158142090e+00 -8.364411592483520508e-01 1.133149147033691406e+01
1.850000023841857910e+00 -1.669772505760192871e+00 1.136788845062255859e+01
1.862499952316284180e+00 -2.489588260650634766e+00 1.139775371551513672e+01
1.875000000000000000e+00 -3.275684118270874023e+00 1.139461708068847656e+01
1.887500047683715820e+00 -3.984626531600952148e+00 1.141008758544921875e+01
1.899999976158142090e+00 -4.614159107208251953e+00 1.144430446624755859e+01
1.912500023841857910e+00 -5.165466785430908203e+00 1.145670700073242188e+01
1.924999952316284180e+00 -5.611186504364013672e+00 1.146362590789794922e+01
1.937500000000000000e+00 -5.937119960784912109e+00 1.149299621582031250e+01
1.950000047683715820e+00 -6.152976989746093750e+00 1.151807689666748047e+01
1.962499976158142090e+00 -6.252110004425048828e+00 1.152415370941162109e+01
1.975000023841857910e+00 -6.218419551849365234e+00 1.154232501983642578e+01
1.987499952316284180e+00 -6.061042308807373047e+00 1.157258319854736328e+01
2.000000000000000000e+00 -5.793130874633789062e+00 1.158336162567138672e+01
