0.000000000000000000e+00 6.200229644775390625e+00 8.845234870910644531e+00
1.250000018626451492e-02 6.258543014526367188e+00 8.791182518005371094e+00
2.500000037252902985e-02 6.197324275970458984e+00 8.800261497497558594e+00
3.750000149011611938e-02 6.008215904235839844e+00 8.853841781616210938e+00
5.000000074505805969e-02 5.696636676788330078e+00 8.936711311340332031e+00
6.250000000000000000e-02 5.281417846679687500e+00 9.091556549072265625e+00
7.500000298023223877e-02 4.762006759643554688e+00 9.326564788818359375e+00
8.749999850988388062e-02 4.144387722015380859e+00 9.596423149108886719e+00
1.000000014901161194e-01 3.475378751754760742e+00 9.938393592834472656e+00
1.124999970197677612e-01 2.775766134262084961e+00 1.043115615844726562e+01
1.250000000000000000e-01 1.986189007759094238e+00 1.096404170989990234e+01
1.375000029802322388e-01 1.069866776466369629e+00 1.128699874877929688e+01
1.500000059604644775e-01 1.101585775613784790e-01 1.134602928161621094e+01
1.624999940395355225e-01 -7.878893613815307617e-01 1.133067512512207031e+01
1.749999970197677612e-01 -1.624776124954223633e+00 1.136504364013671875e+01
1.875000000000000000e-01 -2.446901321411132812e+00 1.139707374572753906e+01
2.000000029802322388e-01 -3.237687587738037109e+00 1.139453506469726562e+01
2.125000059604644775e-01 -3.952328681945800781e+00 1.140837192535400391e+01
2.249999940395355225e-01 -4.586665630340576172e+00 1.144288063049316406e+01
2.374999970197677612e-01 -5.143113136291503906e+00 1.145649528503417969e+01
2.500000000000000000e-01 -5.594842910766601562e+00 1.146280670166015625e+01
2.624999880790710449e-01 -5.926163196563720703e+00 1.149158573150634766e+01
2.750000059604644775e-01 -6.146619796752929688e+00 1.151757621765136719e+01
2.874999940395355225e-01 -6.250537872314453125e+00 1.152395725250244141e+01
3.000000119209289551e-01 -6.221292972564697266e+00 1.154142665863037109e+01
3.125000000000000000e-01 -6.067189216613769531e+00 1.157194423675537109e+01
3.249999880790710449e-01 -5.802003860473632812e+00 1.158347511291503906e+01
3.375000059604644775e-01 -5.418256759643554688e+00 1.158794403076171875e+01
3.499999940395355225e-01 -4.918555736541748047e+00 1.161235618591308594e+01
3.625000119209289551e-01 -4.328711986541748047e+00 1.163028907775878906e+01
3.750000000000000000e-01 -3.657742500305175781e+00 1.162392997741699219e+01
3.874999880790710449e-01 -2.901964187622070312e+00 1.163150310516357422e+01
4.000000059604644775e-01 -2.088409185409545898e+00 1.165365505218505859e+01
4.124999940395355225e-01 -1.245767593383789062e+00 1.164105606079101562e+01
4.250000119209289551e-01 -3.582642674446105957e-01 1.162137413024902344e+01
4.375000000000000000e-01 5.696668624877929688e-01 1.165375900268554688e+01
4.499999880790710449e-01 1.450978159904479980e+00 1.162840461730957031e+01
4.625000059604644775e-01 2.215206384658813477e+00 1.134043502807617188e+01
4.749999940395355225e-01 2.914505243301391602e+00 1.079596233367919922e+01
4.875000119209289551e-01 3.632824182510375977e+00 1.022286415100097656e+01
5.000000000000000000e-01 4.348851203918457031e+00 9.773563385009765625e+00
5.124999880790710449e-01 4.977051258087158203e+00 9.429417610168457031e+00
5.249999761581420898e-01 5.479676246643066406e+00 9.165481567382812500e+00
5.375000238418579102e-01 5.861533641815185547e+00 8.995809555053710938e+00
5.500000119209289551e-01 6.117000579833984375e+00 8.890664100646972656e+00
5.625000000000000000e-01 6.241791725158691406e+00 8.813934326171875000e+00
5.749999880790710449e-01 6.245693683624267578e+00 8.787364006042480469e+00
5.874999761581420898e-01 6.126835823059082031e+00 8.821642875671386719e+00
6.000000238418579102e-01 5.879281520843505859e+00 8.886418342590332031e+00
6.125000119209289551e-01 5.518605232238769531e+00 8.996113777160644531e+00
6.250000000000000000e-01 5.056755542755126953e+00 9.192248344421386719e+00
6.374999880790710449e-01 4.488903045654296875e+00 9.446867942810058594e+00
6.499999761581420898e-01 3.840915441513061523e+00 9.737733840942382812e+00
6.625000238418579102e-01 3.160588979721069336e+00 1.014605426788330078e+01
6.750000119209289551e-01 2.429571628570556641e+00 1.068605613708496094e+01
6.875000000000000000e-01 1.579394698143005371e+00 1.114917659759521484e+01
6.999999880790710449e-01 6.272826194763183594e-01 1.133805656433105469e+01
7.124999761581420898e-01 -3.119369149208068848e-01 1.133573913574218750e+01
7.250000238418579102e-01 -1.175705790519714355e+00 1.134101867675781250e+01
7.375000119209289551e-01 -2.002719640731811523e+00 1.138473796844482422e+01
7.500000000000000000e-01 -2.816595554351806641e+00 1.139769363403320312e+01
7.624999880790710449e-01 -3.576059103012084961e+00 1.139633369445800781e+01
7.749999761581420898e-01 -4.252303600311279297e+00 1.142451477050781250e+01
7.875000238418579102e-01 -4.852627277374267578e+00 1.145260524749755859e+01
8.000000119209289551e-01 -5.365019321441650391e+00 1.145749092102050781e+01
8.125000000000000000e-01 -5.761275768280029297e+00 1.147362232208251953e+01
8.249999880790710449e-01 -6.040635108947753906e+00 1.150624942779541016e+01
8.374999761581420898e-01 -6.210019111633300781e+00 1.152154731750488281e+01
8.500000238418579102e-01 -6.253848552703857422e+00 1.152892971038818359e+01
8.625000119209289551e-01 -6.164865016937255859e+00 1.155594062805175781e+01
8.750000000000000000e-01 -5.959490776062011719e+00 1.158034324645996094e+01
8.874999880790710449e-01 -5.641381263732910156e+00 1.158389282226562500e+01
8.999999761581420898e-01 -5.202147960662841797e+00 1.159707260131835938e+01
9.125000238418579102e-01 -4.657983303070068359e+00 1.162397384643554688e+01
9.250000119209289551e-01 -4.031700134277343750e+00 1.162872409820556641e+01
9.375000000000000000e-01 -3.321009874343872070e+00 1.162351036071777344e+01
9.499999880790710449e-01 -2.533552408218383789e+00 1.164306163787841797e+01
9.624999761581420898e-01 -1.705758690834045410e+00 1.165335083007812500e+01
9.750000238418579102e-01 -8.459797501564025879e-01 1.162752819061279297e+01
9.875000119209289551e-01 6.583257764577865601e-02 1.163113307952880859e+01
1.000000000000000000e+00 9.860996603965759277e-01 1.166308879852294922e+01
1.012500047683715820e+00 1.815563917160034180e+00 1.153609943389892578e+01
1.024999976158142090e+00 2.537412881851196289e+00 1.111095619201660156e+01
1.037500023841857910e+00 3.239794492721557617e+00 1.052271270751953125e+01
1.049999952316284180e+00 3.966659307479858398e+00 1.000019836425781250e+01
1.062500000000000000e+00 4.651783943176269531e+00 9.605877876281738281e+00
1.075000047683715820e+00 5.222953319549560547e+00 9.297425270080566406e+00
1.087499976158142090e+00 5.669661998748779297e+00 9.076363563537597656e+00
1.100000023841857910e+00 5.995059013366699219e+00 8.942944526672363281e+00
1.112499952316284180e+00 6.189917564392089844e+00 8.851725578308105469e+00
1.125000000000000000e+00 6.258207798004150391e+00 8.793445587158203125e+00
1.137500047683715820e+00 6.207157135009765625e+00 8.797255516052246094e+00
1.149999976158142090e+00 6.028842926025390625e+00 8.848520278930664062e+00
1.162500023841857910e+00 5.726641178131103516e+00 8.927806854248046875e+00
1.174999952316284180e+00 5.319725990295410156e+00 9.075131416320800781e+00
1.187500000000000000e+00 4.809252738952636719e+00 9.305275917053222656e+00
1.200000047683715820e+00 4.198414325714111328e+00 9.572636604309082031e+00
1.212499976158142090e+00 3.531809568405151367e+00 9.904628753662109375e+00
1.225000023841857910e+00 2.836163997650146484e+00 1.038547515869140625e+01
1.237499952316284180e+00 2.056842327117919922e+00 1.092475891113281250e+01
1.250000000000000000e+00 1.149410009384155273e+00 1.127169036865234375e+01
1.262500047683715820e+00 1.883947849273681641e-01 1.134705543518066406e+01
1.274999976158142090e+00 -7.163567543029785156e-01 1.133029365539550781e+01
1.287500023841857910e+00 -1.556201696395874023e+00 1.136107158660888672e+01
1.299999952316284180e+00 -2.379124641418457031e+00 1.139609813690185547e+01
1.312500000000000000e+00 -3.174508810043334961e+00 1.139485740661621094e+01
1.325000047683715820e+00 -3.896229982376098633e+00 1.140587711334228516e+01
1.337499976158142090e+00 -4.536767005920410156e+00 1.144043827056884766e+01
1.350000023841857910e+00 -5.100437641143798828e+00 1.145626354217529297e+01
1.362499952316284180e+00 -5.561946392059326172e+00 1.146148967742919922e+01
1.375000000000000000e+00 -5.903006076812744141e+00 1.148870754241943359e+01
1.387500047683715820e+00 -6.132480144500732422e+00 1.151635456085205078e+01
1.399999976158142090e+00 -6.246863842010498047e+00 1.152348232269287109e+01
1.412500023841857910e+00 -6.228762149810791016e+00 1.153907394409179688e+01
1.424999952316284180e+00 -6.084256649017333984e+00 1.156982612609863281e+01
1.437500000000000000e+00 -5.828368663787841797e+00 1.158333206176757812e+01
1.450000047683715820e+00 -5.454799175262451172e+00 1.158687305450439453e+01
1.462499976158142090e+00 -4.963844776153564453e+00 1.160994338989257812e+01
1.475000023841857910e+00 -4.380692005157470703e+00 1.162994956970214844e+01
1.487499952316284180e+00 -3.716773986816406250e+00 1.162454032897949219e+01
1.500000000000000000e+00 -2.967517852783203125e+00 1.162971973419189453e+01
1.512500047683715820e+00 -2.157186269760131836e+00 1.165264892578125000e+01
1.524999976158142090e+00 -1.317045927047729492e+00 1.164351081848144531e+01
1.537500023841857910e+00 -4.341343641281127930e-01 1.162114810943603516e+01
1.549999952316284180e+00 4.928276538848876953e-01 1.165034008026123047e+01
1.562500000000000000e+00 1.382023930549621582e+00 1.163834953308105469e+01
1.575000047683715820e+00 2.155643463134765625e+00 1.137630367279052734e+01
1.587499976158142090e+00 2.856359481811523438e+00 1.084573364257812500e+01
1.600000023841857910e+00 3.572175264358520508e+00 1.026642322540283203e+01
1.612499952316284180e+00 4.291675567626953125e+00 9.806082725524902344e+00
1.625000000000000000e+00 4.929614543914794922e+00 9.455076217651367188e+00
1.637500047683715820e+00 5.442601680755615234e+00 9.183869361877441406e+00
1.649999976158142090e+00 5.834460258483886719e+00 9.006679534912109375e+00
1.662500023841857910e+00 6.100839614868164062e+00 8.898206710815429688e+00
1.674999952316284180e+00 6.236158370971679688e+00 8.818927764892578125e+00
1.687500000000000000e+00 6.249888896942138672e+00 8.786972999572753906e+00
1.700000047683715820e+00 6.141651153564453125e+00 8.817276000976562500e+00
1.712499976158142090e+00 5.904466152191162109e+00 8.880023956298828125e+00
1.725000023841857910e+00 5.552391052246093750e+00 8.983957290649414062e+00
1.737499952316284180e+00 5.099131584167480469e+00 9.172897338867187500e+00
1.750000000000000000e+00 4.539813518524169922e+00 9.424757003784179688e+00
1.762500047683715820e+00 3.896405220031738281e+00 9.710583686828613281e+00
1.774999976158142090e+00 3.218124389648437500e+00 1.010581493377685547e+01
1.787500023841857910e+00 2.494076490402221680e+00 1.064023303985595703e+01
1.799999952316284180e+00 1.655052542686462402e+00 1.112004756927490234e+01
1.812500000000000000e+00 7.075404524803161621e-01 1.133257770538330078e+01
1.825000047683715820e+00 -2.368000894784927368e-01 1.133767986297607422e+01
1.837499976158142090e+00 -1.106188774108886719e+00 1.133820247650146484e+01
1.850000023841857910e+00 -1.934325814247131348e+00 1.138164901733398438e+01
1.862499952316284180e+00 -2.750342369079589844e+00 1.139804363250732422e+01
1.875000000000000000e+00 -3.516117572784423828e+00 1.139546298980712891e+01
1.887500047683715820e+00 -4.199150085449218750e+00 1.142143440246582031e+01
1.899999976158142090e+00 -4.805706977844238281e+00 1.145133781433105469e+01
1.912500023841857910e+00 -5.326618671417236328e+00 1.145721721649169922e+01
1.924999952316284180e+00 -5.733008384704589844e+00 1.147125244140625000e+01
1.937500000000000000e+00 -6.021566867828369141e+00 1.150385093688964844e+01
1.950000047683715820e+00 -6.200436592102050781e+00 1.152110099792480469e+01
1.962499976158142090e+00 -6.255382061004638672e+00 1.152766799926757812e+01
1.975000023841857910e+00 -6.176936149597167969e+00 1.155322551727294922e+01
1.987499952316284180e+00 -5.980701923370361328e+00 1.157925701141357422e+01
2.000000000000000000e+00 -5.672392845153808594e+00 1.158374786376953125e+01
