0.000000000000000000e+00 6.199685096740722656e+00 8.845612525939941406e+00
1.250000018626451492e-02 6.258260250091552734e+00 8.791337966918945312e+00
2.500000037252902985e-02 6.196775913238525391e+00 8.800463676452636719e+00
3.750000149011611938e-02 6.006828308105468750e+00 8.854205131530761719e+00
5.000000074505805969e-02 5.693957328796386719e+00 8.937462806701660156e+00
6.250000000000000000e-02 5.277081012725830078e+00 9.093305587768554688e+00
7.500000298023223877e-02 4.755506038665771484e+00 9.329339027404785156e+00
8.749999850988388062e-02 4.135610580444335938e+00 9.600122451782226562e+00
1.000000014901161194e-01 3.464784860610961914e+00 9.944513320922851562e+00
1.124999970197677612e-01 2.762904882431030273e+00 1.044045448303222656e+01
1.250000000000000000e-01 1.969410300254821777e+00 1.097269725799560547e+01
1.375000029802322388e-01 1.049043655395507812e+00 1.129032897949218750e+01
1.500000059604644775e-01 8.770375698804855347e-02 1.134534358978271484e+01
1.624999940395355225e-01 -8.103499412536621094e-01 1.133061790466308594e+01
1.749999970197677612e-01 -1.648160815238952637e+00 1.136613750457763672e+01
1.875000000000000000e-01 -2.471692085266113281e+00 1.139713668823242188e+01
2.000000029802322388e-01 -3.262303829193115234e+00 1.139425468444824219e+01
2.125000059604644775e-01 -3.975581884384155273e+00 1.140929222106933594e+01
2.249999940395355225e-01 -4.608575820922851562e+00 1.144375610351562500e+01
2.374999970197677612e-01 -5.162793159484863281e+00 1.145647239685058594e+01
2.500000000000000000e-01 -5.610684394836425781e+00 1.146346092224121094e+01
2.624999880790710449e-01 -5.937748908996582031e+00 1.149303627014160156e+01
2.750000059604644775e-01 -6.153777122497558594e+00 1.151816844940185547e+01
2.874999940395355225e-01 -6.251924514770507812e+00 1.152431964874267578e+01
3.000000119209289551e-01 -6.216056346893310547e+00 1.154298019409179688e+01
3.125000000000000000e-01 -6.055737018585205078e+00 1.157330036163330078e+01
3.249999880790710449e-01 -5.783934593200683594e+00 1.158369064331054688e+01
3.375000059604644775e-01 -5.392543792724609375e+00 1.158897590637207031e+01
3.499999940395355225e-01 -4.885802745819091797e+00 1.161425304412841797e+01
3.625000119209289551e-01 -4.289881229400634766e+00 1.163064956665039062e+01
3.750000000000000000e-01 -3.612142801284790039e+00 1.162384128570556641e+01
3.874999880790710449e-01 -2.849839448928833008e+00 1.163332271575927734e+01
4.000000059604644775e-01 -2.032129049301147461e+00 1.165456581115722656e+01
4.124999940395355225e-01 -1.185475826263427734e+00 1.163927936553955078e+01
4.250000119209289551e-01 -2.921195030212402344e-01 1.162235641479492188e+01
4.375000000000000000e-01 6.381044387817382812e-01 1.165691184997558594e+01
4.499999880790710449e-01 1.513680338859558105e+00 1.161786079406738281e+01
4.625000059604644775e-01 2.271143913269042969e+00 1.130515766143798828e+01
4.749999940395355225e-01 2.971091032028198242e+00 1.074806594848632812e+01
4.875000119209289551e-01 3.693057298660278320e+00 1.018106555938720703e+01
5.000000000000000000e-01 4.406327724456787109e+00 9.741618156433105469e+00
5.124999880790710449e-01 5.025540351867675781e+00 9.403488159179687500e+00
5.249999761581420898e-01 5.518375873565673828e+00 9.146808624267578125e+00
5.375000238418579102e-01 5.890116691589355469e+00 8.984627723693847656e+00
5.500000119209289551e-01 6.133885860443115234e+00 8.882549285888671875e+00
5.625000000000000000e-01 6.246998786926269531e+00 8.808783531188964844e+00
5.749999880790710449e-01 6.239363193511962891e+00 8.788551330566406250e+00
5.874999761581420898e-01 6.107429027557373047e+00 8.827251434326171875e+00
6.000000238418579102e-01 5.846805572509765625e+00 8.894766807556152344e+00
6.125000119209289551e-01 5.474719047546386719e+00 9.012396812438964844e+00
6.250000000000000000e-01 5.000801086425781250e+00 9.217741966247558594e+00
6.374999880790710449e-01 4.420879364013671875e+00 9.476121902465820312e+00
6.499999761581420898e-01 3.766027212142944336e+00 9.775323867797851562e+00
6.625000238418579102e-01 3.081282138824462891e+00 1.020249462127685547e+01
6.750000119209289551e-01 2.338217973709106445e+00 1.074857902526855469e+01
6.875000000000000000e-01 1.470793724060058594e+00 1.118652725219726562e+01
6.999999880790710449e-01 5.115938186645507812e-01 1.134322452545166016e+01
7.124999761581420898e-01 -4.214485883712768555e-01 1.133296585083007812e+01
7.250000238418579102e-01 -1.279438257217407227e+00 1.134557914733886719e+01
7.375000119209289551e-01 -2.106854677200317383e+00 1.138864517211914062e+01
7.500000000000000000e-01 -2.918451547622680664e+00 1.139673328399658203e+01
7.624999880790710449e-01 -3.669229030609130859e+00 1.139806461334228516e+01
7.749999761581420898e-01 -4.336295604705810547e+00 1.142924880981445312e+01
7.875000238418579102e-01 -4.927582740783691406e+00 1.145409870147705078e+01
8.000000119209289551e-01 -5.426536560058593750e+00 1.145809555053710938e+01
8.125000000000000000e-01 -5.806734561920166016e+00 1.147786426544189453e+01
8.249999880790710449e-01 -6.071209907531738281e+00 1.150994491577148438e+01
8.374999761581420898e-01 -6.224254131317138672e+00 1.152219390869140625e+01
8.500000238418579102e-01 -6.248571395874023438e+00 1.153164768218994141e+01
8.625000119209289551e-01 -6.141022205352783203e+00 1.156081104278564453e+01
8.750000000000000000e-01 -5.918754100799560547e+00 1.158197784423828125e+01
8.874999880790710449e-01 -5.581791877746582031e+00 1.158459186553955078e+01
8.999999761581420898e-01 -5.123651981353759766e+00 1.160139083862304688e+01
9.125000238418579102e-01 -4.564521312713623047e+00 1.162702274322509766e+01
9.250000119209289551e-01 -3.924108743667602539e+00 1.162757301330566406e+01
9.375000000000000000e-01 -3.198038339614868164e+00 1.162522602081298828e+01
9.499999880790710449e-01 -2.399734735488891602e+00 1.164738368988037109e+01
9.624999761581420898e-01 -1.565811872482299805e+00 1.165106201171875000e+01
9.750000238418579102e-01 -6.963397860527038574e-01 1.162426567077636719e+01
9.875000119209289551e-01 2.246565371751785278e-01 1.163815879821777344e+01
1.000000000000000000e+00 1.137952804565429688e+00 1.165943145751953125e+01
1.012500047683715820e+00 1.947701334953308105e+00 1.148353385925292969e+01
1.024999976158142090e+00 2.660187959671020508e+00 1.101199245452880859e+01
1.037500023841857910e+00 3.368602037429809570e+00 1.042046642303466797e+01
1.049999952316284180e+00 4.096276283264160156e+00 9.921032905578613281e+00
1.062500000000000000e+00 4.765657424926757812e+00 9.544253349304199219e+00
1.075000047683715820e+00 5.314568042755126953e+00 9.249491691589355469e+00
1.087499976158142090e+00 5.739937782287597656e+00 9.046008110046386719e+00
1.100000023841857910e+00 6.042001247406005859e+00 8.923951148986816406e+00
1.112499952316284180e+00 6.212175369262695312e+00 8.837240219116210938e+00
1.125000000000000000e+00 6.257439136505126953e+00 8.789052963256835938e+00
1.137500047683715820e+00 6.182167053222656250e+00 8.804972648620605469e+00
1.149999976158142090e+00 5.977786064147949219e+00 8.861578941345214844e+00
1.162500023841857910e+00 5.652589797973632812e+00 8.950274467468261719e+00
1.174999952316284180e+00 5.224519252777099609e+00 9.116336822509765625e+00
1.187500000000000000e+00 4.690962791442871094e+00 9.358159065246582031e+00
1.200000047683715820e+00 4.062624931335449219e+00 9.632806777954101562e+00
1.212499976158142090e+00 3.388902664184570312e+00 9.991882324218750000e+00
1.225000023841857910e+00 2.680799245834350586e+00 1.050231552124023438e+01
1.237499952316284180e+00 1.872938871383666992e+00 1.102228355407714844e+01
1.250000000000000000e+00 9.418880939483642578e-01 1.130704975128173828e+01
1.262500047683715820e+00 -1.613467931747436523e-02 1.134315776824951172e+01
1.274999976158142090e+00 -9.053226113319396973e-01 1.133207988739013672e+01
1.287500023841857910e+00 -1.739950418472290039e+00 1.137133884429931641e+01
1.299999952316284180e+00 -2.562079191207885742e+00 1.139782714843750000e+01
1.312500000000000000e+00 -3.345773458480834961e+00 1.139417362213134766e+01
1.325000047683715820e+00 -4.049568653106689453e+00 1.141300106048583984e+01
1.337499976158142090e+00 -4.674319744110107422e+00 1.144660282135009766e+01
1.350000023841857910e+00 -5.218347549438476562e+00 1.145667171478271484e+01
1.362499952316284180e+00 -5.652861595153808594e+00 1.146568298339843750e+01
1.375000000000000000e+00 -5.967076778411865234e+00 1.149680995941162109e+01
1.387500047683715820e+00 -6.170879840850830078e+00 1.151941299438476562e+01
1.399999976158142090e+00 -6.254643917083740234e+00 1.152521991729736328e+01
1.412500023841857910e+00 -6.204004764556884766e+00 1.154640197753906250e+01
1.424999952316284180e+00 -6.031065940856933594e+00 1.157572174072265625e+01
1.437500000000000000e+00 -5.746577739715576172e+00 1.158376312255859375e+01
1.450000047683715820e+00 -5.341559410095214844e+00 1.159087181091308594e+01
1.462499976158142090e+00 -4.823608398437500000e+00 1.161732578277587891e+01
1.475000023841857910e+00 -4.218826770782470703e+00 1.163056945800781250e+01
1.487499952316284180e+00 -3.531469106674194336e+00 1.162338829040527344e+01
1.500000000000000000e+00 -2.760982751846313477e+00 1.163605880737304688e+01
1.512500047683715820e+00 -1.939543128013610840e+00 1.165508270263671875e+01
1.524999976158142090e+00 -1.089077353477478027e+00 1.163584041595458984e+01
1.537500023841857910e+00 -1.895633339881896973e-01 1.162398719787597656e+01
1.549999952316284180e+00 7.400522828102111816e-01 1.166040229797363281e+01
1.562500000000000000e+00 1.603553891181945801e+00 1.159890079498291016e+01
1.575000047683715820e+00 2.349718332290649414e+00 1.125182437896728516e+01
1.587499976158142090e+00 3.049626827239990234e+00 1.068127059936523438e+01
1.600000023841857910e+00 3.774295330047607422e+00 1.012556838989257812e+01
1.612499952316284180e+00 4.480960369110107422e+00 9.700051307678222656e+00
1.625000000000000000e+00 5.086456298828125000e+00 9.370647430419921875e+00
1.637500047683715820e+00 5.565602779388427734e+00 9.124245643615722656e+00
1.649999976158142090e+00 5.923718929290771484e+00 8.971359252929687500e+00
1.662500023841857910e+00 6.152732372283935547e+00 8.872883796691894531e+00
1.674999952316284180e+00 6.251994609832763672e+00 8.803255081176757812e+00
1.687500000000000000e+00 6.231070518493652344e+00 8.790480613708496094e+00
1.700000047683715820e+00 6.084692478179931641e+00 8.833612442016601562e+00
1.712499976158142090e+00 5.810587406158447266e+00 8.904324531555175781e+00
1.725000023841857910e+00 5.427225112915039062e+00 9.030838966369628906e+00
1.737499952316284180e+00 4.941534519195556641e+00 9.244902610778808594e+00
1.750000000000000000e+00 4.350830078125000000e+00 9.506337165832519531e+00
1.762500047683715820e+00 3.691134452819824219e+00 9.814716339111328125e+00
1.774999976158142090e+00 3.003038883209228516e+00 1.025988292694091797e+01
1.787500023841857910e+00 2.248682498931884766e+00 1.080767154693603516e+01
1.799999952316284180e+00 1.366888165473937988e+00 1.121819305419921875e+01
1.812500000000000000e+00 4.047038257122039795e-01 1.134608364105224609e+01
1.825000047683715820e+00 -5.200511217117309570e-01 1.133126354217529297e+01
1.837499976158142090e+00 -1.371852517127990723e+00 1.135038661956787109e+01
1.850000023841857910e+00 -2.198304653167724609e+00 1.139167022705078125e+01
1.862499952316284180e+00 -3.005701303482055664e+00 1.139598083496093750e+01
1.875000000000000000e+00 -3.747332096099853516e+00 1.140022087097167969e+01
1.887500047683715820e+00 -4.405654907226562500e+00 1.143322944641113281e+01
1.899999976158142090e+00 -4.988159179687500000e+00 1.145506095886230469e+01
1.912500023841857910e+00 -5.474833011627197266e+00 1.145894622802734375e+01
1.924999952316284180e+00 -5.841545104980468750e+00 1.148152542114257812e+01
1.937500000000000000e+00 -6.093895912170410156e+00 1.151250743865966797e+01
1.950000047683715820e+00 -6.233646869659423828e+00 1.152262401580810547e+01
1.962499976158142090e+00 -6.242869853973388672e+00 1.153404808044433594e+01
1.975000023841857910e+00 -6.121755123138427734e+00 1.156426239013671875e+01
1.987499952316284180e+00 -5.887237548828125000e+00 1.158273601531982422e+01
2.000000000000000000e+00 -5.536787986755371094e+00 1.158524227142333984e+01
