0.000000000000000000e+00 6.199130535125732422e+00 8.845899581909179688e+00
1.250000018626451492e-02 6.257967948913574219e+00 8.791402816772460938e+00
2.500000037252902985e-02 6.196218013763427734e+00 8.800573348999023438e+00
3.750000149011611938e-02 6.005429267883300781e+00 8.854476928710937500e+00
5.000000074505805969e-02 5.691266059875488281e+00 8.938125610351562500e+00
6.250000000000000000e-02 5.272728919982910156e+00 9.094968795776367188e+00
7.500000298023223877e-02 4.748987197875976562e+00 9.332024574279785156e+00
8.749999850988388062e-02 4.126820087432861328e+00 9.603736877441406250e+00
1.000000014901161194e-01 3.454183101654052734e+00 9.950573921203613281e+00
1.124999970197677612e-01 2.750017166137695312e+00 1.044966983795166016e+01
1.250000000000000000e-01 1.952580571174621582e+00 1.098116588592529297e+01
1.375000029802322388e-01 1.028198719024658203e+00 1.129342746734619141e+01
1.500000059604644775e-01 6.528840959072113037e-02 1.134452247619628906e+01
1.624999940395355225e-01 -8.327652215957641602e-01 1.133050441741943359e+01
1.749999970197677612e-01 -1.671533226966857910e+00 1.136712169647216797e+01
1.875000000000000000e-01 -2.496446609497070312e+00 1.139705467224121094e+01
2.000000029802322388e-01 -3.286824464797973633e+00 1.139389419555664062e+01
2.125000059604644775e-01 -3.998727798461914062e+00 1.141013622283935547e+01
2.249999940395355225e-01 -4.630372047424316406e+00 1.144448757171630859e+01
2.374999970197677612e-01 -5.182297706604003906e+00 1.145633411407470703e+01
2.500000000000000000e-01 -5.626304149627685547e+00 1.146405982971191406e+01
2.624999880790710449e-01 -5.949117183685302734e+00 1.149437141418457031e+01
2.750000059604644775e-01 -6.160679340362548828e+00 1.151860618591308594e+01
2.874999940395355225e-01 -6.252987384796142578e+00 1.152461433410644531e+01
3.000000119209289551e-01 -6.210497856140136719e+00 1.154446697235107422e+01
3.125000000000000000e-01 -6.043978691101074219e+00 1.157448196411132812e+01
3.249999880790710449e-01 -5.765501022338867188e+00 1.158378314971923828e+01
3.375000059604644775e-01 -5.366447925567626953e+00 1.158998680114746094e+01
3.499999940395355225e-01 -4.852745056152343750e+00 1.161600875854492188e+01
3.625000119209289551e-01 -4.250748157501220703e+00 1.163079643249511719e+01
3.750000000000000000e-01 -3.566190004348754883e+00 1.162373638153076172e+01
3.874999880790710449e-01 -2.797479391098022461e+00 1.163511371612548828e+01
4.000000059604644775e-01 -1.975743651390075684e+00 1.165516471862792969e+01
4.124999940395355225e-01 -1.124949336051940918e+00 1.163737964630126953e+01
4.250000119209289551e-01 -2.257401645183563232e-01 1.162360477447509766e+01
4.375000000000000000e-01 7.062289714813232422e-01 1.165960693359375000e+01
4.499999880790710449e-01 1.575614929199218750e+00 1.160549449920654297e+01
4.625000059604644775e-01 2.326694011688232422e+00 1.126817989349365234e+01
4.749999940395355225e-01 3.027858257293701172e+00 1.070011806488037109e+01
4.875000119209289551e-01 3.753232717514038086e+00 1.014016723632812500e+01
5.000000000000000000e-01 4.463068485260009766e+00 9.710263252258300781e+00
5.124999880790710449e-01 5.073049068450927734e+00 9.378026008605957031e+00
5.249999761581420898e-01 5.556131362915039062e+00 9.128833770751953125e+00
5.375000238418579102e-01 5.917618751525878906e+00 8.973847389221191406e+00
5.500000119209289551e-01 6.149599552154541016e+00 8.874517440795898438e+00
5.625000000000000000e-01 6.251104354858398438e+00 8.804048538208007812e+00
5.749999880790710449e-01 6.231832504272460938e+00 8.790254592895507812e+00
5.874999761581420898e-01 6.086692333221435547e+00 8.832983970642089844e+00
6.000000238418579102e-01 5.813162326812744141e+00 8.903512001037597656e+00
6.125000119209289551e-01 5.429739952087402344e+00 9.029638290405273438e+00
6.250000000000000000e-01 4.943592548370361328e+00 9.243722915649414062e+00
6.374999880790710449e-01 4.351933956146240234e+00 9.505601882934570312e+00
6.499999761581420898e-01 3.690869569778442383e+00 9.814476966857910156e+00
6.625000238418579102e-01 3.001312494277954102e+00 1.026064586639404297e+01
6.750000119209289551e-01 2.245102643966674805e+00 1.080948925018310547e+01
6.875000000000000000e-01 1.360806107521057129e+00 1.121947574615478516e+01
6.999999880790710449e-01 3.963740170001983643e-01 1.134581279754638672e+01
7.124999761581420898e-01 -5.297090411186218262e-01 1.133074569702148438e+01
7.250000238418579102e-01 -1.382750391960144043e+00 1.135060977935791016e+01
7.375000119209289551e-01 -2.210821628570556641e+00 1.139170551300048828e+01
7.500000000000000000e-01 -3.019235849380493164e+00 1.139555549621582031e+01
7.624999880790710449e-01 -3.760893106460571289e+00 1.140035629272460938e+01
7.749999761581420898e-01 -4.418986797332763672e+00 1.143371868133544922e+01
7.875000238418579102e-01 -5.000858783721923828e+00 1.145499992370605469e+01
8.000000119209289551e-01 -5.485736846923828125e+00 1.145899581909179688e+01
8.125000000000000000e-01 -5.849930286407470703e+00 1.148231506347656250e+01
8.249999880790710449e-01 -6.099590778350830078e+00 1.151302433013916016e+01
8.374999761581420898e-01 -6.235784053802490234e+00 1.152267360687255859e+01
8.500000238418579102e-01 -6.240426540374755859e+00 1.153482151031494141e+01
8.625000119209289551e-01 -6.114702701568603516e+00 1.156536102294921875e+01
8.750000000000000000e-01 -5.875441551208496094e+00 1.158297443389892578e+01
8.874999880790710449e-01 -5.519310474395751953e+00 1.158563137054443359e+01
8.999999761581420898e-01 -5.042741775512695312e+00 1.160590744018554688e+01
9.125000238418579102e-01 -4.469136714935302734e+00 1.162918758392333984e+01
9.250000119209289551e-01 -3.814306020736694336e+00 1.162622928619384766e+01
9.375000000000000000e-01 -3.073119163513183594e+00 1.162770652770996094e+01
9.499999880790710449e-01 -2.265085458755493164e+00 1.165102958679199219e+01
9.624999761581420898e-01 -1.424970388412475586e+00 1.164755153656005859e+01
9.750000238418579102e-01 -5.450354814529418945e-01 1.162234115600585938e+01
9.875000119209289551e-01 3.833887875080108643e-01 1.164584445953369141e+01
1.000000000000000000e+00 1.286428928375244141e+00 1.164952945709228516e+01
1.012500047683715820e+00 2.076582431793212891e+00 1.142107009887695312e+01
1.024999976158142090e+00 2.783004522323608398e+00 1.090919589996337891e+01
1.037500023841857910e+00 3.498273611068725586e+00 1.032173156738281250e+01
1.049999952316284180e+00 4.223865985870361328e+00 9.845927238464355469e+00
1.062500000000000000e+00 4.875298500061035156e+00 9.484978675842285156e+00
1.075000047683715820e+00 5.401992797851562500e+00 9.204646110534667969e+00
1.087499976158142090e+00 5.805938720703125000e+00 9.018562316894531250e+00
1.100000023841857910e+00 6.084123611450195312e+00 8.905896186828613281e+00
1.112499952316284180e+00 6.229845523834228516e+00 8.823961257934570312e+00
1.125000000000000000e+00 6.252198696136474609e+00 8.787203788757324219e+00
1.137500047683715820e+00 6.152127742767333984e+00 8.814090728759765625e+00
1.149999976158142090e+00 5.921919345855712891e+00 8.875516891479492188e+00
1.162500023841857910e+00 5.574512004852294922e+00 8.975956916809082031e+00
1.174999952316284180e+00 5.124944210052490234e+00 9.160787582397460938e+00
1.187500000000000000e+00 4.568497180938720703e+00 9.411854743957519531e+00
1.200000047683715820e+00 3.925039529800415039e+00 9.696288108825683594e+00
1.212499976158142090e+00 3.244894266128540039e+00 1.008654212951660156e+01
1.225000023841857910e+00 2.520873069763183594e+00 1.061997795104980469e+01
1.237499952316284180e+00 1.682896733283996582e+00 1.110791873931884766e+01
1.250000000000000000e+00 7.331087589263916016e-01 1.132976818084716797e+01
1.262500047683715820e+00 -2.168800532817840576e-01 1.133752822875976562e+01
1.274999976158142090e+00 -1.091538071632385254e+00 1.133700942993164062e+01
1.287500023841857910e+00 -1.923430800437927246e+00 1.138054656982421875e+01
1.299999952316284180e+00 -2.743128061294555664e+00 1.139755058288574219e+01
1.312500000000000000e+00 -3.512658834457397461e+00 1.139493370056152344e+01
1.325000047683715820e+00 -4.198778152465820312e+00 1.142097377777099609e+01
1.337499976158142090e+00 -4.807715892791748047e+00 1.145102691650390625e+01
1.350000023841857910e+00 -5.330171108245849609e+00 1.145694065093994141e+01
1.362499952316284180e+00 -5.736972808837890625e+00 1.147136402130126953e+01
1.375000000000000000e+00 -6.025042057037353516e+00 1.150418472290039062e+01
1.387500047683715820e+00 -6.202407836914062500e+00 1.152114486694335938e+01
1.399999976158142090e+00 -6.254378318786621094e+00 1.152804565429687500e+01
1.412500023841857910e+00 -6.171974658966064453e+00 1.155428028106689453e+01
1.424999952316284180e+00 -5.971257686614990234e+00 1.157987689971923828e+01
1.437500000000000000e+00 -5.657239437103271484e+00 1.158404445648193359e+01
1.450000047683715820e+00 -5.221100330352783203e+00 1.159638881683349609e+01
1.462499976158142090e+00 -4.677999973297119141e+00 1.162358856201171875e+01
1.475000023841857910e+00 -4.051655769348144531e+00 1.162939739227294922e+01
1.487499952316284180e+00 -3.340431451797485352e+00 1.162386322021484375e+01
1.500000000000000000e+00 -2.551095247268676758e+00 1.164300918579101562e+01
1.512500047683715820e+00 -1.720274925231933594e+00 1.165410518646240234e+01
1.524999976158142090e+00 -8.574756383895874023e-01 1.162851333618164062e+01
1.537500023841857910e+00 5.771565064787864685e-02 1.163149833679199219e+01
1.549999952316284180e+00 9.822452068328857422e-01 1.166371059417724609e+01
1.562500000000000000e+00 1.815610170364379883e+00 1.153674507141113281e+01
1.575000047683715820e+00 2.540301322937011719e+00 1.110953617095947266e+01
1.587499976158142090e+00 3.245501756668090820e+00 1.051895618438720703e+01
1.600000023841857910e+00 3.975198984146118164e+00 9.995659828186035156e+00
1.612499952316284180e+00 4.661873817443847656e+00 9.600962638854980469e+00
1.625000000000000000e+00 5.233170032501220703e+00 9.292377471923828125e+00
1.637500047683715820e+00 5.679095745086669922e+00 9.072484016418457031e+00
1.649999976158142090e+00 6.002385139465332031e+00 8.940225601196289062e+00
1.662500023841857910e+00 6.193778514862060547e+00 8.849307060241699219e+00
1.674999952316284180e+00 6.257891654968261719e+00 8.792540550231933594e+00
1.687500000000000000e+00 6.201537132263183594e+00 8.798942565917968750e+00
1.700000047683715820e+00 6.016459941864013672e+00 8.851649284362792969e+00
1.712499976158142090e+00 5.707229137420654297e+00 8.933329582214355469e+00
1.725000023841857910e+00 5.293091773986816406e+00 9.086167335510253906e+00
1.737499952316284180e+00 4.774081707000732422e+00 9.320755958557128906e+00
1.750000000000000000e+00 4.155403614044189453e+00 9.591079711914062500e+00
1.762500047683715820e+00 3.483973741531372070e+00 9.932413101196289062e+00
1.774999976158142090e+00 2.782060384750366211e+00 1.042545032501220703e+01
1.787500023841857910e+00 1.990178823471069336e+00 1.096104049682617188e+01
1.799999952316284180e+00 1.070266485214233398e+00 1.128615760803222656e+01
1.812500000000000000e+00 1.063269227743148804e-01 1.134526157379150391e+01
1.825000047683715820e+00 -7.952603101730346680e-01 1.133008384704589844e+01
1.837499976158142090e+00 -1.635410904884338379e+00 1.136504554748535156e+01
1.850000023841857910e+00 -2.460820198059082031e+00 1.139669609069824219e+01
1.862499952316284180e+00 -3.253822326660156250e+00 1.139397811889648438e+01
1.875000000000000000e+00 -3.969472885131835938e+00 1.140871715545654297e+01
1.887500047683715820e+00 -4.604374408721923828e+00 1.144331264495849609e+01
1.899999976158142090e+00 -5.160258293151855469e+00 1.145624637603759766e+01
1.912500023841857910e+00 -5.609516620635986328e+00 1.146323108673095703e+01
1.924999952316284180e+00 -5.937419891357421875e+00 1.149287223815917969e+01
1.937500000000000000e+00 -6.153788089752197266e+00 1.151808166503906250e+01
1.950000047683715820e+00 -6.251740455627441406e+00 1.152428245544433594e+01
1.962499976158142090e+00 -6.215092658996582031e+00 1.154313564300537109e+01
1.975000023841857910e+00 -6.053565979003906250e+00 1.157349777221679688e+01
1.987499952316284180e+00 -5.780075550079345703e+00 1.158374881744384766e+01
2.000000000000000000e+00 -5.386400222778320312e+00 1.158926486968994141e+01
