0.000000000000000000e+00 6.198585510253906250e+00 8.846276283264160156e+00
1.250000018626451492e-02 6.257685661315917969e+00 8.791556358337402344e+00
2.500000037252902985e-02 6.195669651031494141e+00 8.800773620605468750e+00
3.750000149011611938e-02 6.004037380218505859e+00 8.854837417602539062e+00
5.000000074505805969e-02 5.688578605651855469e+00 8.938880920410156250e+00
6.250000000000000000e-02 5.268377304077148438e+00 9.096730232238769531e+00
7.500000298023223877e-02 4.742462635040283203e+00 9.334804534912109375e+00
8.749999850988388062e-02 4.118026733398437500e+00 9.607455253601074219e+00
1.000000014901161194e-01 3.443582534790039062e+00 9.956765174865722656e+00
1.124999970197677612e-01 2.737108707427978516e+00 1.045899391174316406e+01
1.250000000000000000e-01 1.935702919960021973e+00 1.098964214324951172e+01
1.375000029802322388e-01 1.007333040237426758e+00 1.129649162292480469e+01
1.500000059604644775e-01 4.291056841611862183e-02 1.134377098083496094e+01
1.624999940395355225e-01 -8.551415205001831055e-01 1.133053970336914062e+01
1.749999970197677612e-01 -1.694901704788208008e+00 1.136820030212402344e+01
1.875000000000000000e-01 -2.521174192428588867e+00 1.139703845977783203e+01
2.000000029802322388e-01 -3.311261653900146484e+00 1.139366722106933594e+01
2.125000059604644775e-01 -4.021781921386718750e+00 1.141111564636230469e+01
2.249999940395355225e-01 -4.652070045471191406e+00 1.144528961181640625e+01
2.374999970197677612e-01 -5.201642036437988281e+00 1.145629882812500000e+01
2.500000000000000000e-01 -5.641721725463867188e+00 1.146482086181640625e+01
2.624999880790710449e-01 -5.960288047790527344e+00 1.149580383300781250e+01
2.750000059604644775e-01 -6.167345046997070312e+00 1.151910877227783203e+01
2.874999940395355225e-01 -6.253746509552001953e+00 1.152506542205810547e+01
3.000000119209289551e-01 -6.204639911651611328e+00 1.154609966278076172e+01
3.125000000000000000e-01 -6.031932353973388672e+00 1.157570457458496094e+01
3.249999880790710449e-01 -5.746716976165771484e+00 1.158397865295410156e+01
3.375000059604644775e-01 -5.339988708496093750e+00 1.159119606018066406e+01
3.499999940395355225e-01 -4.819401741027832031e+00 1.161782932281494141e+01
3.625000119209289551e-01 -4.211322784423828125e+00 1.163095092773437500e+01
3.750000000000000000e-01 -3.519896507263183594e+00 1.162384033203125000e+01
3.874999880790710449e-01 -2.744903564453125000e+00 1.163706970214843750e+01
4.000000059604644775e-01 -1.919256210327148438e+00 1.165565013885498047e+01
4.124999940395355225e-01 -1.064177751541137695e+00 1.163559627532958984e+01
4.250000119209289551e-01 -1.591467410326004028e-01 1.162531375885009766e+01
4.375000000000000000e-01 7.739966511726379395e-01 1.166194057464599609e+01
4.499999880790710449e-01 1.636790752410888672e+00 1.159144115447998047e+01
4.625000059604644775e-01 2.381922006607055664e+00 1.122979545593261719e+01
4.749999940395355225e-01 3.084835052490234375e+00 1.065243530273437500e+01
4.875000119209289551e-01 3.813312292098999023e+00 1.010035419464111328e+01
5.000000000000000000e-01 4.519050598144531250e+00 9.679642677307128906e+00
5.124999880790710449e-01 5.119601726531982422e+00 9.353231430053710938e+00
5.249999761581420898e-01 5.592961788177490234e+00 9.111737251281738281e+00
5.375000238418579102e-01 5.944047451019287109e+00 8.963596343994140625e+00
5.500000119209289551e-01 6.164170742034912109e+00 8.866755485534667969e+00
5.625000000000000000e-01 6.254134654998779297e+00 8.799946784973144531e+00
5.749999880790710449e-01 6.223106861114501953e+00 8.792618751525878906e+00
5.874999761581420898e-01 6.064653396606445312e+00 8.839004516601562500e+00
6.000000238418579102e-01 5.778395652770996094e+00 8.912905693054199219e+00
6.125000119209289551e-01 5.383674621582031250e+00 9.048025131225585938e+00
6.250000000000000000e-01 4.885148048400878906e+00 9.270291328430175781e+00
6.374999880790710449e-01 4.282159805297851562e+00 9.535572052001953125e+00
6.499999761581420898e-01 3.615481615066528320e+00 9.855529785156250000e+00
6.625000238418579102e-01 2.920566797256469727e+00 1.032047367095947266e+01
6.750000119209289551e-01 2.150170087814331055e+00 1.086852169036865234e+01
6.875000000000000000e-01 1.249617218971252441e+00 1.124820804595947266e+01
6.999999880790710449e-01 2.818152308464050293e-01 1.134646224975585938e+01
7.124999761581420898e-01 -6.367737650871276855e-01 1.132946777343750000e+01
7.250000238418579102e-01 -1.485756516456604004e+00 1.135612297058105469e+01
7.375000119209289551e-01 -2.314555883407592773e+00 1.139409255981445312e+01
7.500000000000000000e-01 -3.118852853775024414e+00 1.139453601837158203e+01
7.624999880790710449e-01 -3.851088523864746094e+00 1.140338516235351562e+01
7.749999761581420898e-01 -4.500398635864257812e+00 1.143800830841064453e+01
7.875000238418579102e-01 -5.072380065917968750e+00 1.145561599731445312e+01
8.000000119209289551e-01 -5.542612552642822266e+00 1.146049118041992188e+01
8.125000000000000000e-01 -5.890929222106933594e+00 1.148706531524658203e+01
8.249999880790710449e-01 -6.125761985778808594e+00 1.151567554473876953e+01
8.374999761581420898e-01 -6.244569778442382812e+00 1.152334880828857422e+01
8.500000238418579102e-01 -6.229489326477050781e+00 1.153862857818603516e+01
8.625000119209289551e-01 -6.085969448089599609e+00 1.156966972351074219e+01
8.750000000000000000e-01 -5.829515933990478516e+00 1.158366012573242188e+01
8.874999880790710449e-01 -5.453980445861816406e+00 1.158733463287353516e+01
8.999999761581420898e-01 -4.959557056427001953e+00 1.161065959930419922e+01
9.125000238418579102e-01 -4.371843338012695312e+00 1.163064670562744141e+01
9.250000119209289551e-01 -3.702272653579711914e+00 1.162514972686767578e+01
9.375000000000000000e-01 -2.946430683135986328e+00 1.163108062744140625e+01
9.499999880790710449e-01 -2.129729032516479492e+00 1.165391445159912109e+01
9.624999761581420898e-01 -1.283078789710998535e+00 1.164331817626953125e+01
9.750000238418579102e-01 -3.921296894550323486e-01 1.162228488922119141e+01
9.875000119209289551e-01 5.414571166038513184e-01 1.165352535247802734e+01
1.000000000000000000e+00 1.431223630905151367e+00 1.163240051269531250e+01
1.012500047683715820e+00 2.202708005905151367e+00 1.134937191009521484e+01
1.024999976158142090e+00 2.906338214874267578e+00 1.080433559417724609e+01
1.037500023841857910e+00 3.628484010696411133e+00 1.022728347778320312e+01
1.049999952316284180e+00 4.348883628845214844e+00 9.774660110473632812e+00
1.062500000000000000e+00 4.980637550354003906e+00 9.428202629089355469e+00
1.075000047683715820e+00 5.485320568084716797e+00 9.163230895996093750e+00
1.087499976158142090e+00 5.867586135864257812e+00 8.993851661682128906e+00
1.100000023841857910e+00 6.121443748474121094e+00 8.888754844665527344e+00
1.112499952316284180e+00 6.243051528930664062e+00 8.812391281127929688e+00
1.125000000000000000e+00 6.242436885833740234e+00 8.788045883178710938e+00
1.137500047683715820e+00 6.117019653320312500e+00 8.824454307556152344e+00
1.149999976158142090e+00 5.861460685729980469e+00 8.890838623046875000e+00
1.162500023841857910e+00 5.492473125457763672e+00 9.005393981933593750e+00
1.174999952316284180e+00 5.020920276641845703e+00 9.208142280578613281e+00
1.187500000000000000e+00 4.442240715026855469e+00 9.466494560241699219e+00
1.200000047683715820e+00 3.786146402359008789e+00 9.764394760131835938e+00
1.212499976158142090e+00 3.099338054656982422e+00 1.018851375579833984e+01
1.225000023841857910e+00 2.355633974075317383e+00 1.073588371276855469e+01
1.237499952316284180e+00 1.487295866012573242e+00 1.118031597137451172e+01
1.250000000000000000e+00 5.244822502136230469e-01 1.134200572967529297e+01
1.262500047683715820e+00 -4.135658442974090576e-01 1.133244991302490234e+01
1.274999976158142090e+00 -1.275736451148986816e+00 1.134475421905517578e+01
1.287500023841857910e+00 -2.106659412384033203e+00 1.138806629180908203e+01
1.299999952316284180e+00 -2.921590328216552734e+00 1.139619255065917969e+01
1.312500000000000000e+00 -3.675041675567626953e+00 1.139772701263427734e+01
1.325000047683715820e+00 -4.344066143035888672e+00 1.142927551269531250e+01
1.337499976158142090e+00 -4.936637401580810547e+00 1.145390892028808594e+01
1.350000023841857910e+00 -5.435570716857910156e+00 1.145795345306396484e+01
1.362499952316284180e+00 -5.814477920532226562e+00 1.147847270965576172e+01
1.375000000000000000e+00 -6.076952457427978516e+00 1.151052188873291016e+01
1.387500047683715820e+00 -6.226739883422851562e+00 1.152227306365966797e+01
1.399999976158142090e+00 -6.246133804321289062e+00 1.153247070312500000e+01
1.412500023841857910e+00 -6.133027076721191406e+00 1.156225395202636719e+01
1.424999952316284180e+00 -5.904733180999755859e+00 1.158250522613525391e+01
1.437500000000000000e+00 -5.560251235961914062e+00 1.158512210845947266e+01
1.450000047683715820e+00 -5.093914031982421875e+00 1.160328388214111328e+01
1.462499976158142090e+00 -4.527313232421875000e+00 1.162827110290527344e+01
1.475000023841857910e+00 -3.878964424133300781e+00 1.162740039825439453e+01
1.487499952316284180e+00 -3.144039154052734375e+00 1.162661361694335938e+01
1.500000000000000000e+00 -2.338642358779907227e+00 1.164954566955566406e+01
1.512500047683715820e+00 -1.499114751815795898e+00 1.164998817443847656e+01
1.524999976158142090e+00 -6.218323111534118652e-01 1.162364292144775391e+01
1.537500023841857910e+00 3.061064779758453369e-01 1.164256477355957031e+01
1.549999952316284180e+00 1.217357039451599121e+00 1.165546226501464844e+01
1.562500000000000000e+00 2.018970489501953125e+00 1.145091629028320312e+01
1.575000047683715820e+00 2.729716539382934570e+00 1.095478439331054688e+01
1.587499976158142090e+00 3.443934679031372070e+00 1.036320400238037109e+01
1.600000023841857910e+00 4.172738552093505859e+00 9.876280784606933594e+00
1.612499952316284180e+00 4.833377838134765625e+00 9.508017539978027344e+00
1.625000000000000000e+00 5.370054721832275391e+00 9.221153259277343750e+00
1.637500047683715820e+00 5.782972335815429688e+00 9.028221130371093750e+00
1.649999976158142090e+00 6.070226192474365234e+00 8.912130355834960938e+00
1.662500023841857910e+00 6.224332332611083984e+00 8.828255653381347656e+00
1.674999952316284180e+00 6.253895759582519531e+00 8.787645339965820312e+00
1.687500000000000000e+00 6.160973548889160156e+00 8.811434745788574219e+00
1.700000047683715820e+00 5.937385559082031250e+00 8.871629714965820312e+00
1.712499976158142090e+00 5.594922065734863281e+00 8.968903541564941406e+00
1.725000023841857910e+00 5.149676322937011719e+00 9.149454116821289062e+00
1.737499952316284180e+00 4.597251415252685547e+00 9.399127006530761719e+00
1.750000000000000000e+00 3.955337285995483398e+00 9.681726455688476562e+00
1.762500047683715820e+00 3.274823904037475586e+00 1.006585216522216797e+01
1.774999976158142090e+00 2.552583456039428711e+00 1.059648323059082031e+01
1.787500023841857910e+00 1.718408226966857910e+00 1.109264564514160156e+01
1.799999952316284180e+00 7.691811919212341309e-01 1.132626247406005859e+01
1.812500000000000000e+00 -1.849365234375000000e-01 1.133809185028076172e+01
1.825000047683715820e+00 -1.063983321189880371e+00 1.133575534820556641e+01
1.837499976158142090e+00 -1.898158311843872070e+00 1.137907600402832031e+01
1.850000023841857910e+00 -2.720237255096435547e+00 1.139741802215576172e+01
1.862499952316284180e+00 -3.493432760238647461e+00 1.139452362060546875e+01
1.875000000000000000e+00 -4.183096885681152344e+00 1.141990566253662109e+01
1.887500047683715820e+00 -4.795031547546386719e+00 1.145051956176757812e+01
1.899999976158142090e+00 -5.320703029632568359e+00 1.145678806304931641e+01
1.912500023841857910e+00 -5.730662822723388672e+00 1.147080898284912109e+01
1.924999952316284180e+00 -6.021176338195800781e+00 1.150369358062744141e+01
1.937500000000000000e+00 -6.200537204742431641e+00 1.152108287811279297e+01
1.950000047683715820e+00 -6.254244804382324219e+00 1.152793788909912109e+01
1.962499976158142090e+00 -6.172936916351318359e+00 1.155407428741455078e+01
1.975000023841857910e+00 -5.972635269165039062e+00 1.157991313934326172e+01
1.987499952316284180e+00 -5.658600807189941406e+00 1.158421039581298828e+01
2.000000000000000000e+00 -5.221944808959960938e+00 1.159653472900390625e+01
