0.000000000000000000e+00 6.198030471801757812e+00 8.846664428710937500e+00
1.250000018626451492e-02 6.257394790649414062e+00 8.791721343994140625e+00
2.500000037252902985e-02 6.195111274719238281e+00 8.800983428955078125e+00
3.750000149011611938e-02 6.002635002136230469e+00 8.855208396911621094e+00
5.000000074505805969e-02 5.685879230499267578e+00 8.939647674560546875e+00
6.250000000000000000e-02 5.264011383056640625e+00 9.098504066467285156e+00
7.500000298023223877e-02 4.735920429229736328e+00 9.337593078613281250e+00
8.749999850988388062e-02 4.109220981597900391e+00 9.611186981201171875e+00
1.000000014901161194e-01 3.432974815368652344e+00 9.962996482849121094e+00
1.124999970197677612e-01 2.724173784255981445e+00 1.046833038330078125e+01
1.250000000000000000e-01 1.918775558471679688e+00 1.099802780151367188e+01
1.375000029802322388e-01 9.864491224288940430e-01 1.129942703247070312e+01
1.500000059604644775e-01 2.057477086782455444e-02 1.134299373626708984e+01
1.624999940395355225e-01 -8.774735927581787109e-01 1.133062267303466797e+01
1.749999970197677612e-01 -1.718257904052734375e+00 1.136926746368408203e+01
1.875000000000000000e-01 -2.545861482620239258e+00 1.139698505401611328e+01
2.000000029802322388e-01 -3.335601091384887695e+00 1.139346790313720703e+01
2.125000059604644775e-01 -4.044729709625244141e+00 1.141211700439453125e+01
2.249999940395355225e-01 -4.673652172088623047e+00 1.144604587554931641e+01
2.374999970197677612e-01 -5.220806598663330078e+00 1.145625591278076172e+01
2.500000000000000000e-01 -5.656918525695800781e+00 1.146562576293945312e+01
2.624999880790710449e-01 -5.971242427825927734e+00 1.149721145629882812e+01
2.750000059604644775e-01 -6.173751831054687500e+00 1.151955890655517578e+01
2.874999940395355225e-01 -6.254180431365966797e+00 1.152555561065673828e+01
3.000000119209289551e-01 -6.198465824127197266e+00 1.154775524139404297e+01
3.125000000000000000e-01 -6.019580364227294922e+00 1.157684803009033203e+01
3.249999880790710449e-01 -5.727564334869384766e+00 1.158416652679443359e+01
3.375000059604644775e-01 -5.313156604766845703e+00 1.159248256683349609e+01
3.499999940395355225e-01 -4.785764217376708984e+00 1.161958789825439453e+01
3.625000119209289551e-01 -4.171591281890869141e+00 1.163100528717041016e+01
3.750000000000000000e-01 -3.473257541656494141e+00 1.162404727935791016e+01
3.874999880790710449e-01 -2.692120075225830078e+00 1.163906097412109375e+01
4.000000059604644775e-01 -1.862662434577941895e+00 1.165590858459472656e+01
4.124999940395355225e-01 -1.003150701522827148e+00 1.163386058807373047e+01
4.250000119209289551e-01 -9.236846119165420532e-02 1.162736892700195312e+01
4.375000000000000000e-01 8.413538932800292969e-01 1.166371250152587891e+01
4.499999880790710449e-01 1.697205901145935059e+00 1.157556247711181641e+01
4.625000059604644775e-01 2.436872720718383789e+00 1.119002628326416016e+01
4.749999940395355225e-01 3.142016172409057617e+00 1.060504817962646484e+01
4.875000119209289551e-01 3.873225688934326172e+00 1.006153297424316406e+01
5.000000000000000000e-01 4.574222087860107422e+00 9.649636268615722656e+00
5.124999880790710449e-01 5.165186882019042969e+00 9.329042434692382812e+00
5.249999761581420898e-01 5.628846168518066406e+00 9.095428466796875000e+00
5.375000238418579102e-01 5.969372272491455078e+00 8.953750610351562500e+00
5.500000119209289551e-01 6.177590370178222656e+00 8.859197616577148438e+00
5.625000000000000000e-01 6.256073951721191406e+00 8.796432495117187500e+00
5.749999880790710449e-01 6.213153362274169922e+00 8.795528411865234375e+00
5.874999761581420898e-01 6.041306495666503906e+00 8.845222473144531250e+00
6.000000238418579102e-01 5.742513656616210938e+00 8.922938346862792969e+00
6.125000119209289551e-01 5.336495876312255859e+00 9.067457199096679688e+00
6.250000000000000000e-01 4.825467586517333984e+00 9.297278404235839844e+00
6.374999880790710449e-01 4.211628913879394531e+00 9.566043853759765625e+00
6.499999761581420898e-01 3.539867162704467773e+00 9.898514747619628906e+00
6.625000238418579102e-01 2.838909626007080078e+00 1.038160896301269531e+01
6.750000119209289551e-01 2.053383111953735352e+00 1.092514038085937500e+01
6.875000000000000000e-01 1.137430906295776367e+00 1.127268791198730469e+01
6.999999880790710449e-01 1.680899560451507568e-01 1.134551811218261719e+01
7.124999761581420898e-01 -7.427124977111816406e-01 1.132915401458740234e+01
7.250000238418579102e-01 -1.588539004325866699e+00 1.136181354522705078e+01
7.375000119209289551e-01 -2.417953491210937500e+00 1.139570903778076172e+01
7.500000000000000000e-01 -3.217197179794311523e+00 1.139372444152832031e+01
7.624999880790710449e-01 -3.939833879470825195e+00 1.140697479248046875e+01
7.749999761581420898e-01 -4.580503940582275391e+00 1.144189643859863281e+01
7.875000238418579102e-01 -5.142035007476806641e+00 1.145594024658203125e+01
8.000000119209289551e-01 -5.597134590148925781e+00 1.146252059936523438e+01
8.125000000000000000e-01 -5.929755687713623047e+00 1.149185943603515625e+01
8.249999880790710449e-01 -6.149652481079101562e+00 1.151778507232666016e+01
8.374999761581420898e-01 -6.250545024871826172e+00 1.152423477172851562e+01
8.500000238418579102e-01 -6.215807914733886719e+00 1.154287719726562500e+01
8.625000119209289551e-01 -6.054832458496093750e+00 1.157350254058837891e+01
8.750000000000000000e-01 -5.780905246734619141e+00 1.158405208587646484e+01
8.874999880790710449e-01 -5.385839462280273438e+00 1.158964443206787109e+01
8.999999761581420898e-01 -4.874203205108642578e+00 1.161533355712890625e+01
9.125000238418579102e-01 -4.272608757019042969e+00 1.163130664825439453e+01
9.250000119209289551e-01 -3.587994813919067383e+00 1.162445068359375000e+01
9.375000000000000000e-01 -2.818157434463500977e+00 1.163507747650146484e+01
9.499999880790710449e-01 -1.993733167648315430e+00 1.165569210052490234e+01
9.624999761581420898e-01 -1.139967679977416992e+00 1.163863945007324219e+01
9.750000238418579102e-01 -2.377819269895553589e-01 1.162418174743652344e+01
9.875000119209289551e-01 6.982540488243103027e-01 1.166005325317382812e+01
1.000000000000000000e+00 1.572155594825744629e+00 1.160696029663085938e+01
1.012500047683715820e+00 2.326638936996459961e+00 1.126913642883300781e+01
1.024999976158142090e+00 3.030517101287841797e+00 1.069884777069091797e+01
1.037500023841857910e+00 3.758770704269409180e+00 1.013735866546630859e+01
1.049999952316284180e+00 4.470817565917968750e+00 9.706727027893066406e+00
1.062500000000000000e+00 5.081643104553222656e+00 9.373909950256347656e+00
1.075000047683715820e+00 5.564577579498291016e+00 9.125247001647949219e+00
1.087499976158142090e+00 5.924756526947021484e+00 8.971389770507812500e+00
1.100000023841857910e+00 6.153978824615478516e+00 8.872366905212402344e+00
1.112499952316284180e+00 6.251857757568359375e+00 8.802782058715820312e+00
1.125000000000000000e+00 6.228036403656005859e+00 8.791346549987792969e+00
1.137500047683715820e+00 6.076836585998535156e+00 8.835726737976074219e+00
1.149999976158142090e+00 5.796599864959716797e+00 8.907903671264648438e+00
1.162500023841857910e+00 5.406443595886230469e+00 9.038694381713867188e+00
1.174999952316284180e+00 4.912390708923339844e+00 9.257717132568359375e+00
1.187500000000000000e+00 4.312652587890625000e+00 9.522225379943847656e+00
1.200000047683715820e+00 3.646279573440551758e+00 9.838132858276367188e+00
1.212499976158142090e+00 2.951583385467529297e+00 1.029681873321533203e+01
1.225000023841857910e+00 2.184501409530639648e+00 1.084704399108886719e+01
1.237499952316284180e+00 1.287026405334472656e+00 1.123859977722167969e+01
1.250000000000000000e+00 3.173107206821441650e-01 1.134604358673095703e+01
1.262500047683715820e+00 -6.062412858009338379e-01 1.132937335968017578e+01
1.274999976158142090e+00 -1.458604812622070312e+00 1.135430908203125000e+01
1.287500023841857910e+00 -2.289390325546264648e+00 1.139330196380615234e+01
1.299999952316284180e+00 -3.096804857254028320e+00 1.139450073242187500e+01
1.312500000000000000e+00 -3.832931041717529297e+00 1.140250015258789062e+01
1.325000047683715820e+00 -4.485527515411376953e+00 1.143706417083740234e+01
1.337499976158142090e+00 -5.060641765594482422e+00 1.145539665222167969e+01
1.350000023841857910e+00 -5.534298419952392578e+00 1.146014213562011719e+01
1.362499952316284180e+00 -5.885583400726318359e+00 1.148639106750488281e+01
1.375000000000000000e+00 -6.122695446014404297e+00 1.151539230346679688e+01
1.387500047683715820e+00 -6.243535518646240234e+00 1.152331066131591797e+01
1.399999976158142090e+00 -6.230072975158691406e+00 1.153838920593261719e+01
1.412500023841857910e+00 -6.087409496307373047e+00 1.156952476501464844e+01
1.424999952316284180e+00 -5.831266880035400391e+00 1.158378505706787109e+01
1.437500000000000000e+00 -5.455623149871826172e+00 1.158746337890625000e+01
1.450000047683715820e+00 -4.960517883300781250e+00 1.161079597473144531e+01
1.462499976158142090e+00 -4.371643066406250000e+00 1.163088417053222656e+01
1.475000023841857910e+00 -3.700561761856079102e+00 1.162541675567626953e+01
1.487499952316284180e+00 -2.942874908447265625e+00 1.163147354125976562e+01
1.500000000000000000e+00 -2.124227762222290039e+00 1.165430355072021484e+01
1.512500047683715820e+00 -1.275534391403198242e+00 1.164341163635253906e+01
1.524999976158142090e+00 -3.821450769901275635e-01 1.162271118164062500e+01
1.537500023841857910e+00 5.535582304000854492e-01 1.165441608428955078e+01
1.549999952316284180e+00 1.443874835968017578e+00 1.163081073760986328e+01
1.562500000000000000e+00 2.215164184570312500e+00 1.134213256835937500e+01
1.575000047683715820e+00 2.919913053512573242e+00 1.079320907592773438e+01
1.587499976158142090e+00 3.644016504287719727e+00 1.021674633026123047e+01
1.600000023841857910e+00 4.364785194396972656e+00 9.766076087951660156e+00
1.612499952316284180e+00 4.994927406311035156e+00 9.420745849609375000e+00
1.625000000000000000e+00 5.497382164001464844e+00 9.157535552978515625e+00
1.637500047683715820e+00 5.876930713653564453e+00 8.990320205688476562e+00
1.649999976158142090e+00 6.127142906188964844e+00 8.886086463928222656e+00
1.662500023841857910e+00 6.244735717773437500e+00 8.810646057128906250e+00
1.674999952316284180e+00 6.239816665649414062e+00 8.788609504699707031e+00
1.687500000000000000e+00 6.109166145324707031e+00 8.826725959777832031e+00
1.700000047683715820e+00 5.848056793212890625e+00 8.894286155700683594e+00
1.712499976158142090e+00 5.473905086517333984e+00 9.012303352355957031e+00
1.725000023841857910e+00 4.996629238128662109e+00 9.219140052795410156e+00
1.737499952316284180e+00 4.412036418914794922e+00 9.479372978210449219e+00
1.750000000000000000e+00 3.752223968505859375e+00 9.781560897827148438e+00
1.762500047683715820e+00 3.062553644180297852e+00 1.021479606628417969e+01
1.774999976158142090e+00 2.312150955200195312e+00 1.076478481292724609e+01
1.787500023841857910e+00 1.434709668159484863e+00 1.119687557220458984e+01
1.799999952316284180e+00 4.679054617881774902e-01 1.134358024597167969e+01
1.812500000000000000e+00 -4.678537547588348389e-01 1.133112812042236328e+01
1.825000047683715820e+00 -1.328302979469299316e+00 1.134716415405273438e+01
1.837499976158142090e+00 -2.160377740859985352e+00 1.138968849182128906e+01
1.850000023841857910e+00 -2.974565982818603516e+00 1.139553451538085938e+01
1.862499952316284180e+00 -3.723952293395996094e+00 1.139885520935058594e+01
1.875000000000000000e+00 -4.388763427734375000e+00 1.143169021606445312e+01
1.887500047683715820e+00 -4.976772308349609375e+00 1.145442962646484375e+01
1.899999976158142090e+00 -5.468402862548828125e+00 1.145845317840576172e+01
1.912500023841857910e+00 -5.838673114776611328e+00 1.148100185394287109e+01
1.924999952316284180e+00 -6.092963695526123047e+00 1.151232624053955078e+01
1.937500000000000000e+00 -6.233193874359130859e+00 1.152262020111083984e+01
1.950000047683715820e+00 -6.241168498992919922e+00 1.153442001342773438e+01
1.962499976158142090e+00 -6.117299079895019531e+00 1.156501579284667969e+01
1.975000023841857910e+00 -5.878709316253662109e+00 1.158318424224853516e+01
1.987499952316284180e+00 -5.522426128387451172e+00 1.158592319488525391e+01
2.000000000000000000e+00 -5.044598579406738281e+00 1.160618400573730469e+01
