0.000000000000000000e+00 6.197475433349609375e+00 8.846951484680175781e+00
1.250000018626451492e-02 6.257103919982910156e+00 8.791784286499023438e+00
2.500000037252902985e-02 6.194553375244140625e+00 8.801092147827148438e+00
3.750000149011611938e-02 6.001230239868164062e+00 8.855478286743164062e+00
5.000000074505805969e-02 5.683175563812255859e+00 8.940316200256347656e+00
6.250000000000000000e-02 5.259637832641601562e+00 9.100184440612792969e+00
7.500000298023223877e-02 4.729366779327392578e+00 9.340283393859863281e+00
8.749999850988388062e-02 4.100407123565673828e+00 9.614829063415527344e+00
1.000000014901161194e-01 3.422363758087158203e+00 9.969162940979003906e+00
1.124999970197677612e-01 2.711214065551757812e+00 1.047757720947265625e+01
1.250000000000000000e-01 1.901798963546752930e+00 1.100621986389160156e+01
1.375000029802322388e-01 9.655470848083496094e-01 1.130213356018066406e+01
1.500000059604644775e-01 -1.720690052025020123e-03 1.134209251403808594e+01
1.624999940395355225e-01 -8.997661471366882324e-01 1.133065128326416016e+01
1.749999970197677612e-01 -1.741606950759887695e+00 1.137022113800048828e+01
1.875000000000000000e-01 -2.570513010025024414e+00 1.139679527282714844e+01
2.000000029802322388e-01 -3.359848737716674805e+00 1.139319992065429688e+01
2.125000059604644775e-01 -4.067579746246337891e+00 1.141304111480712891e+01
2.249999940395355225e-01 -4.695126056671142578e+00 1.144666194915771484e+01
2.374999970197677612e-01 -5.239798545837402344e+00 1.145611286163330078e+01
2.500000000000000000e-01 -5.671905040740966797e+00 1.146638011932373047e+01
2.624999880790710449e-01 -5.981990814208984375e+00 1.149849796295166016e+01
2.750000059604644775e-01 -6.179907321929931641e+00 1.151986980438232422e+01
2.874999940395355225e-01 -6.254300117492675781e+00 1.152599716186523438e+01
3.000000119209289551e-01 -6.191988945007324219e+00 1.154933738708496094e+01
3.125000000000000000e-01 -6.006930828094482422e+00 1.157782077789306641e+01
3.249999880790710449e-01 -5.708049774169921875e+00 1.158426475524902344e+01
3.375000059604644775e-01 -5.285963058471679688e+00 1.159375381469726562e+01
3.499999940395355225e-01 -4.751842498779296875e+00 1.162118434906005859e+01
3.625000119209289551e-01 -4.131555080413818359e+00 1.163087844848632812e+01
3.750000000000000000e-01 -3.426281213760375977e+00 1.162427520751953125e+01
3.874999880790710449e-01 -2.639144182205200195e+00 1.164097595214843750e+01
4.000000059604644775e-01 -1.805960178375244141e+00 1.165584564208984375e+01
4.124999940395355225e-01 -9.418585300445556641e-01 1.163211250305175781e+01
4.250000119209289551e-01 -2.543173916637897491e-02 1.162965488433837891e+01
4.375000000000000000e-01 9.082586765289306641e-01 1.166471767425537109e+01
4.499999880790710449e-01 1.756877303123474121e+00 1.155772590637207031e+01
4.625000059604644775e-01 2.491607189178466797e+00 1.114889335632324219e+01
4.749999940395355225e-01 3.199411630630493164e+00 1.055796527862548828e+01
4.875000119209289551e-01 3.932924985885620117e+00 1.002358055114746094e+01
5.000000000000000000e-01 4.628562450408935547e+00 9.620105743408203125e+00
5.124999880790710449e-01 5.209823608398437500e+00 9.305371284484863281e+00
5.249999761581420898e-01 5.663788795471191406e+00 9.079780578613281250e+00
5.375000238418579102e-01 5.993593692779541016e+00 8.944149971008300781e+00
5.500000119209289551e-01 6.189879894256591797e+00 8.851751327514648438e+00
5.625000000000000000e-01 6.256934165954589844e+00 8.793418884277343750e+00
5.749999880790710449e-01 6.201967716217041016e+00 8.798826217651367188e+00
5.874999761581420898e-01 6.016676902770996094e+00 8.851530075073242188e+00
6.000000238418579102e-01 5.705547332763671875e+00 8.933573722839355469e+00
6.125000119209289551e-01 5.288195610046386719e+00 9.087799072265625000e+00
6.250000000000000000e-01 4.764577388763427734e+00 9.324507713317871094e+00
6.374999880790710449e-01 4.140433311462402344e+00 9.597034454345703125e+00
6.499999761581420898e-01 3.464025974273681641e+00 9.943425178527832031e+00
6.625000238418579102e-01 2.756211280822753906e+00 1.044362926483154297e+01
6.750000119209289551e-01 1.954736828804016113e+00 1.097883701324462891e+01
6.875000000000000000e-01 1.024464011192321777e+00 1.129294776916503906e+01
6.999999880790710449e-01 5.533856153488159180e-02 1.134331798553466797e+01
7.124999761581420898e-01 -8.476237058639526367e-01 1.132976627349853516e+01
7.250000238418579102e-01 -1.691172957420349121e+00 1.136737823486328125e+01
7.375000119209289551e-01 -2.520912885665893555e+00 1.139649677276611328e+01
7.500000000000000000e-01 -3.314199686050415039e+00 1.139316368103027344e+01
7.624999880790710449e-01 -4.027175903320312500e+00 1.141093063354492188e+01
7.749999761581420898e-01 -4.659286022186279297e+00 1.144520282745361328e+01
7.875000238418579102e-01 -5.209742069244384766e+00 1.145600414276123047e+01
8.000000119209289551e-01 -5.649318695068359375e+00 1.146501159667968750e+01
8.125000000000000000e-01 -5.966455459594726562e+00 1.149647140502929688e+01
8.249999880790710449e-01 -6.171212196350097656e+00 1.151930427551269531e+01
8.374999761581420898e-01 -6.253690719604492188e+00 1.152536392211914062e+01
8.500000238418579102e-01 -6.199465274810791016e+00 1.154737281799316406e+01
8.625000119209289551e-01 -6.021310806274414062e+00 1.157668590545654297e+01
8.750000000000000000e-01 -5.729566097259521484e+00 1.158421993255615234e+01
8.874999880790710449e-01 -5.314969062805175781e+00 1.159248352050781250e+01
8.999999761581420898e-01 -4.786790370941162109e+00 1.161964225769042969e+01
9.125000238418579102e-01 -4.171399116516113281e+00 1.163115978240966797e+01
9.250000119209289551e-01 -3.471501588821411133e+00 1.162423992156982422e+01
9.375000000000000000e-01 -2.688503265380859375e+00 1.163937664031982422e+01
9.499999880790710449e-01 -1.857119798660278320e+00 1.165611076354980469e+01
9.624999761581420898e-01 -9.954763054847717285e-01 1.163387203216552734e+01
9.750000238418579102e-01 -8.224443346261978149e-02 1.162793922424316406e+01
9.875000119209289551e-01 8.531847000122070312e-01 1.166414833068847656e+01
1.000000000000000000e+00 1.709202647209167480e+00 1.157236289978027344e+01
1.012500047683715820e+00 2.448995590209960938e+00 1.118132686614990234e+01
1.024999976158142090e+00 3.155748605728149414e+00 1.059402561187744141e+01
1.037500023841857910e+00 3.888614654541015625e+00 1.005194282531738281e+01
1.049999952316284180e+00 4.589263916015625000e+00 9.641640663146972656e+00
1.062500000000000000e+00 5.178365707397460938e+00 9.322140693664550781e+00
1.075000047683715820e+00 5.639781951904296875e+00 9.090566635131835938e+00
1.087499976158142090e+00 5.977359771728515625e+00 8.950643539428710938e+00
1.100000023841857910e+00 6.181809425354003906e+00 8.856658935546875000e+00
1.112499952316284180e+00 6.256325721740722656e+00 8.795310020446777344e+00
1.125000000000000000e+00 6.208899497985839844e+00 8.796735763549804688e+00
1.137500047683715820e+00 6.031655311584472656e+00 8.847660064697265625e+00
1.149999976158142090e+00 5.727539539337158203e+00 8.927108764648437500e+00
1.162500023841857910e+00 5.316364288330078125e+00 9.075744628906250000e+00
1.174999952316284180e+00 4.799399852752685547e+00 9.308827400207519531e+00
1.187500000000000000e+00 4.180276393890380859e+00 9.579483985900878906e+00
1.200000047683715820e+00 3.505608558654785156e+00 9.918329238891601562e+00
1.212499976158142090e+00 2.800857067108154297e+00 1.040986919403076172e+01
1.225000023841857910e+00 2.007152557373046875e+00 1.095056056976318359e+01
1.237499952316284180e+00 1.083233118057250977e+00 1.128270149230957031e+01
1.250000000000000000e+00 1.126861572265625000e-01 1.134435081481933594e+01
1.262500047683715820e+00 -7.952504158020019531e-01 1.132913875579833984e+01
1.274999976158142090e+00 -1.640718817710876465e+00 1.136448097229003906e+01
1.287500023841857910e+00 -2.471185922622680664e+00 1.139604663848876953e+01
1.299999952316284180e+00 -3.268236398696899414e+00 1.139323425292968750e+01
1.312500000000000000e+00 -3.986477136611938477e+00 1.140889549255371094e+01
1.325000047683715820e+00 -4.623160839080810547e+00 1.144362926483154297e+01
1.337499976158142090e+00 -5.179271697998046875e+00 1.145588874816894531e+01
1.350000023841857910e+00 -5.626274585723876953e+00 1.146375083923339844e+01
1.362499952316284180e+00 -5.950519084930419922e+00 1.149440193176269531e+01
1.375000000000000000e+00 -6.162071704864501953e+00 1.151865863800048828e+01
1.387500047683715820e+00 -6.252567768096923828e+00 1.152480888366699219e+01
1.399999976158142090e+00 -6.206490039825439453e+00 1.154544353485107422e+01
1.412500023841857910e+00 -6.035285472869873047e+00 1.157544612884521484e+01
1.424999952316284180e+00 -5.750624656677246094e+00 1.158417892456054688e+01
1.437500000000000000e+00 -5.343551158905029297e+00 1.159130764007568359e+01
1.450000047683715820e+00 -4.821430206298828125e+00 1.161802959442138672e+01
1.462499976158142090e+00 -4.210935592651367188e+00 1.163135242462158203e+01
1.475000023841857910e+00 -3.516402006149291992e+00 1.162431430816650391e+01
1.487499952316284180e+00 -2.737691402435302734e+00 1.163779544830322266e+01
1.500000000000000000e+00 -1.908188223838806152e+00 1.165618896484375000e+01
1.512500047683715820e+00 -1.048886179924011230e+00 1.163569641113281250e+01
1.524999976158142090e+00 -1.389439404010772705e-01 1.162645912170410156e+01
1.537500023841857910e+00 7.977957129478454590e-01 1.166311550140380859e+01
1.549999952316284180e+00 1.661054015159606934e+00 1.158579635620117188e+01
1.562500000000000000e+00 2.406273841857910156e+00 1.121299171447753906e+01
1.575000047683715820e+00 3.112228393554687500e+00 1.063031768798828125e+01
1.587499976158142090e+00 3.844191074371337891e+00 1.008083248138427734e+01
1.600000023841857910e+00 4.549530029296875000e+00 9.663482666015625000e+00
1.612499952316284180e+00 5.146436214447021484e+00 9.339228630065917969e+00
1.625000000000000000e+00 5.615329742431640625e+00 9.101712226867675781e+00
1.637500047683715820e+00 5.960631370544433594e+00 8.957289695739746094e+00
1.649999976158142090e+00 6.173261165618896484e+00 8.861665725708007812e+00
1.662500023841857910e+00 6.255279541015625000e+00 8.797453880310058594e+00
1.674999952316284180e+00 6.215351104736328125e+00 8.794831275939941406e+00
1.687500000000000000e+00 6.046161174774169922e+00 8.843864440917968750e+00
1.700000047683715820e+00 5.749149799346923828e+00 8.920907974243164062e+00
1.712499976158142090e+00 5.344146728515625000e+00 9.064030647277832031e+00
1.725000023841857910e+00 4.833828926086425781e+00 9.293251037597656250e+00
1.737499952316284180e+00 4.219921588897705078e+00 9.562151908874511719e+00
1.750000000000000000e+00 3.547116756439208984e+00 9.893864631652832031e+00
1.762500047683715820e+00 2.845172882080078125e+00 1.037635517120361328e+01
1.774999976158142090e+00 2.059041261672973633e+00 1.092144298553466797e+01
1.787500023841857910e+00 1.141821622848510742e+00 1.127136516571044922e+01
1.799999952316284180e+00 1.703082174062728882e-01 1.134513664245605469e+01
1.812500000000000000e+00 -7.426314949989318848e-01 1.132877063751220703e+01
1.825000047683715820e+00 -1.590239405632019043e+00 1.136155223846435547e+01
1.837499976158142090e+00 -2.421345949172973633e+00 1.139543247222900391e+01
1.850000023841857910e+00 -3.221964359283447266e+00 1.139339923858642578e+01
1.862499952316284180e+00 -3.945479869842529297e+00 1.140694999694824219e+01
1.875000000000000000e+00 -4.586754322052001953e+00 1.144194412231445312e+01
1.887500047683715820e+00 -5.148394107818603516e+00 1.145575428009033203e+01
1.899999976158142090e+00 -5.602770805358886719e+00 1.146259975433349609e+01
1.912500023841857910e+00 -5.934178829193115234e+00 1.149230098724365234e+01
1.924999952316284180e+00 -6.152492046356201172e+00 1.151792621612548828e+01
1.937500000000000000e+00 -6.250932216644287109e+00 1.152432441711425781e+01
1.950000047683715820e+00 -6.213056564331054688e+00 1.154356193542480469e+01
1.962499976158142090e+00 -6.048854351043701172e+00 1.157410526275634766e+01
1.975000023841857910e+00 -5.771227359771728516e+00 1.158413028717041016e+01
1.987499952316284180e+00 -5.371702671051025391e+00 1.159022998809814453e+01
2.000000000000000000e+00 -4.855757236480712891e+00 1.161635589599609375e+01
