0.000000000000000000e+00 6.278698921203613281e+00 8.792504310607910156e+00
1.250000018626451492e-02 6.300297737121582031e+00 8.772580146789550781e+00
2.500000037252902985e-02 6.278488159179687500e+00 8.776258468627929688e+00
3.750000149011611938e-02 6.211180210113525391e+00 8.800313949584960938e+00
5.000000074505805969e-02 6.096996784210205078e+00 8.836113929748535156e+00
6.250000000000000000e-02 5.937794208526611328e+00 8.880137443542480469e+00
7.500000298023223877e-02 5.737819194793701172e+00 8.939976692199707031e+00
8.749999850988388062e-02 5.500149250030517578e+00 9.028303146362304688e+00
1.000000014901161194e-01 5.224396705627441406e+00 9.150039672851562500e+00
1.124999970197677612e-01 4.908829689025878906e+00 9.296452522277832031e+00
1.250000000000000000e-01 4.555444240570068359e+00 9.454420089721679688e+00
1.375000029802322388e-01 4.172682762145996094e+00 9.623728752136230469e+00
1.500000059604644775e-01 3.771744728088378906e+00 9.824694633483886719e+00
1.624999940395355225e-01 3.358298301696777344e+00 1.008438873291015625e+01
1.749999970197677612e-01 2.926671981811523438e+00 1.040879154205322266e+01
1.875000000000000000e-01 2.462824583053588867e+00 1.076362037658691406e+01
2.000000029802322388e-01 1.955476760864257812e+00 1.108312797546386719e+01
2.125000059604644775e-01 1.407349586486816406e+00 1.130480098724365234e+01
2.249999940395355225e-01 8.373208045959472656e-01 1.140603160858154297e+01
2.374999970197677612e-01 2.710071206092834473e-01 1.141551303863525391e+01
2.500000000000000000e-01 -2.734828293323516846e-01 1.139105415344238281e+01
2.624999880790710449e-01 -7.939331531524658203e-01 1.138129997253417969e+01
2.750000059604644775e-01 -1.300613641738891602e+00 1.140007305145263672e+01
2.874999940395355225e-01 -1.804606437683105469e+00 1.142992591857910156e+01
3.000000119209289551e-01 -2.307556152343750000e+00 1.144716548919677734e+01
3.125000000000000000e-01 -2.800439834594726562e+00 1.144493675231933594e+01
3.249999880790710449e-01 -3.270865440368652344e+00 1.143619728088378906e+01
3.375000059604644775e-01 -3.711560487747192383e+00 1.143807411193847656e+01
3.499999940395355225e-01 -4.122783184051513672e+00 1.145487785339355469e+01
3.625000119209289551e-01 -4.507650852203369141e+00 1.147562789916992188e+01
3.750000000000000000e-01 -4.865745544433593750e+00 1.148655509948730469e+01
3.874999880790710449e-01 -5.191191196441650391e+00 1.148495006561279297e+01
4.000000059604644775e-01 -5.476494789123535156e+00 1.148088645935058594e+01
4.124999940395355225e-01 -5.717868328094482422e+00 1.148617362976074219e+01
4.250000119209289551e-01 -5.916718959808349609e+00 1.150236797332763672e+01
4.375000000000000000e-01 -6.076144695281982422e+00 1.151976394653320312e+01
4.499999880790710449e-01 -6.196240901947021484e+00 1.152775764465332031e+01
4.625000059604644775e-01 -6.272981166839599609e+00 1.152567672729492188e+01
4.749999940395355225e-01 -6.301640033721923828e+00 1.152314949035644531e+01
4.875000119209289551e-01 -6.281148910522460938e+00 1.152994155883789062e+01
5.000000000000000000e-01 -6.214934349060058594e+00 1.154581832885742188e+01
5.124999880790710449e-01 -6.107447624206542969e+00 1.156080627441406250e+01
5.249999761581420898e-01 -5.959984302520751953e+00 1.156551933288574219e+01
5.375000238418579102e-01 -5.770100116729736328e+00 1.156095123291015625e+01
5.500000119209289551e-01 -5.535253047943115234e+00 1.155758666992187500e+01
5.625000000000000000e-01 -5.256944656372070312e+00 1.156453227996826172e+01
5.749999880790710449e-01 -4.941030502319335938e+00 1.157973098754882812e+01
5.874999761581420898e-01 -4.593715667724609375e+00 1.159156131744384766e+01
6.000000238418579102e-01 -4.217242240905761719e+00 1.159069728851318359e+01
6.125000119209289551e-01 -3.809823036193847656e+00 1.158031082153320312e+01
6.250000000000000000e-01 -3.370189905166625977e+00 1.157363414764404297e+01
6.374999880790710449e-01 -2.902256488800048828e+00 1.158039093017578125e+01
6.499999761581420898e-01 -2.414811134338378906e+00 1.159550189971923828e+01
6.625000238418579102e-01 -1.915832638740539551e+00 1.160255336761474609e+01
6.750000119209289551e-01 -1.406696796417236328e+00 1.159043312072753906e+01
6.875000000000000000e-01 -8.825137019157409668e-01 1.156731319427490234e+01
6.999999880790710449e-01 -3.396108746528625488e-01 1.155613231658935547e+01
7.124999761581420898e-01 2.158356457948684692e-01 1.157162380218505859e+01
7.250000238418579102e-01 7.662075757980346680e-01 1.159717273712158203e+01
7.375000119209289551e-01 1.290830135345458984e+00 1.158329868316650391e+01
7.500000000000000000e-01 1.778722763061523438e+00 1.147353839874267578e+01
7.624999880790710449e-01 2.235685348510742188e+00 1.124076557159423828e+01
7.749999761581420898e-01 2.679594278335571289e+00 1.090705108642578125e+01
7.875000238418579102e-01 3.126999616622924805e+00 1.053210544586181641e+01
8.000000119209289551e-01 3.580969333648681641e+00 1.017935466766357422e+01
8.125000000000000000e-01 4.028885841369628906e+00 9.884854316711425781e+00
8.249999880790710449e-01 4.450839996337890625e+00 9.649600028991699219e+00
8.374999761581420898e-01 4.831256389617919922e+00 9.455561637878417969e+00
8.500000238418579102e-01 5.164988994598388672e+00 9.287958145141601562e+00
8.625000119209289551e-01 5.454780101776123047e+00 9.145211219787597656e+00
8.750000000000000000e-01 5.704244613647460938e+00 9.032457351684570312e+00
8.874999880790710449e-01 5.913156986236572266e+00 8.949730873107910156e+00
8.999999761581420898e-01 6.078243732452392578e+00 8.888382911682128906e+00
9.125000238418579102e-01 6.197052478790283203e+00 8.838530540466308594e+00
9.250000119209289551e-01 6.270148277282714844e+00 8.798317909240722656e+00
9.375000000000000000e-01 6.299561500549316406e+00 8.774511337280273438e+00
9.499999880790710449e-01 6.285767555236816406e+00 8.773856163024902344e+00
9.624999761581420898e-01 6.226904869079589844e+00 8.794815063476562500e+00
9.750000238418579102e-01 6.121216297149658203e+00 8.829030990600585938e+00
9.875000119209289551e-01 5.969915390014648438e+00 8.871312141418457031e+00
1.000000000000000000e+00 5.777042388916015625e+00 8.927315711975097656e+00
1.012500047683715820e+00 5.546155452728271484e+00 9.009710311889648438e+00
1.024999976158142090e+00 5.277481079101562500e+00 9.125653266906738281e+00
1.037500023841857910e+00 4.969182968139648438e+00 9.268652915954589844e+00
1.049999952316284180e+00 4.622228622436523438e+00 9.425121307373046875e+00
1.062500000000000000e+00 4.243958473205566406e+00 9.591404914855957031e+00
1.075000047683715820e+00 3.845628023147583008e+00 9.784457206726074219e+00
1.087499976158142090e+00 3.434525489807128906e+00 1.003203010559082031e+01
1.100000023841857910e+00 3.007120847702026367e+00 1.034596061706542969e+01
1.112499952316284180e+00 2.550231933593750000e+00 1.069958209991455078e+01
1.125000000000000000e+00 2.051104545593261719e+00 1.103082180023193359e+01
1.137500047683715820e+00 1.509397029876708984e+00 1.127349662780761719e+01
1.149999976158142090e+00 9.414520859718322754e-01 1.139588260650634766e+01
1.162500023841857910e+00 3.727226555347442627e-01 1.141810894012451172e+01
1.174999952316284180e+00 -1.763928383588790894e-01 1.139544677734375000e+01
1.187500000000000000e+00 -7.006867527961730957e-01 1.138083648681640625e+01
1.200000047683715820e+00 -1.208897590637207031e+00 1.139506721496582031e+01
1.212499976158142090e+00 -1.712901234626770020e+00 1.142487239837646484e+01
1.225000023841857910e+00 -2.216461896896362305e+00 1.144559001922607422e+01
1.237499952316284180e+00 -2.712130546569824219e+00 1.144638252258300781e+01
1.250000000000000000e+00 -3.187412023544311523e+00 1.143739986419677734e+01
1.262500047683715820e+00 -3.633685827255249023e+00 1.143650817871093750e+01
1.274999976158142090e+00 -4.050025463104248047e+00 1.145107078552246094e+01
1.287500023841857910e+00 -4.439550399780273438e+00 1.147226905822753906e+01
1.299999952316284180e+00 -4.802816390991210938e+00 1.148562431335449219e+01
1.312500000000000000e+00 -5.134789466857910156e+00 1.148582935333251953e+01
1.325000047683715820e+00 -5.427837371826171875e+00 1.148118972778320312e+01
1.337499976158142090e+00 -5.677225112915039062e+00 1.148426246643066406e+01
1.350000023841857910e+00 -5.883558273315429688e+00 1.149895763397216797e+01
1.362499952316284180e+00 -6.050014019012451172e+00 1.151707744598388672e+01
1.375000000000000000e+00 -6.177467346191406250e+00 1.152720546722412109e+01
1.387500047683715820e+00 -6.262491226196289062e+00 1.152644824981689453e+01
1.399999976158142090e+00 -6.300122261047363281e+00 1.152310752868652344e+01
1.412500023841857910e+00 -6.288420200347900391e+00 1.152785587310791016e+01
1.424999952316284180e+00 -6.230154991149902344e+00 1.154263687133789062e+01
1.437500000000000000e+00 -6.129949092864990234e+00 1.155867290496826172e+01
1.450000047683715820e+00 -5.989859580993652344e+00 1.156554985046386719e+01
1.462499976158142090e+00 -5.807943344116210938e+00 1.156205844879150391e+01
1.475000023841857910e+00 -5.581315517425537109e+00 1.155758285522460938e+01
1.487499952316284180e+00 -5.310568332672119141e+00 1.156241989135742188e+01
1.500000000000000000e+00 -5.000972270965576172e+00 1.157682418823242188e+01
1.512500047683715820e+00 -4.659051895141601562e+00 1.159021377563476562e+01
1.524999976158142090e+00 -4.287938117980957031e+00 1.159184551239013672e+01
1.537500023841857910e+00 -3.886335134506225586e+00 1.158235836029052734e+01
1.549999952316284180e+00 -3.452455759048461914e+00 1.157397174835205078e+01
1.562500000000000000e+00 -2.989105463027954102e+00 1.157817173004150391e+01
1.575000047683715820e+00 -2.504495143890380859e+00 1.159282779693603516e+01
1.587499976158142090e+00 -2.007275104522705078e+00 1.160258388519287109e+01
1.600000023841857910e+00 -1.500233769416809082e+00 1.159398174285888672e+01
1.612499952316284180e+00 -9.792289137840270996e-01 1.157135772705078125e+01
1.625000000000000000e+00 -4.396406710147857666e-01 1.155629348754882812e+01
1.637500047683715820e+00 1.145586371421813965e-01 1.156706047058105469e+01
1.649999976158142090e+00 6.674731969833374023e-01 1.159370422363281250e+01
1.662500023841857910e+00 1.198034048080444336e+00 1.159149360656738281e+01
1.674999952316284180e+00 1.692677259445190430e+00 1.150247955322265625e+01
1.687500000000000000e+00 2.154138803482055664e+00 1.129191493988037109e+01
1.700000047683715820e+00 2.598951816558837891e+00 1.097283840179443359e+01
1.712499976158142090e+00 3.044996500015258789e+00 1.060027694702148438e+01
1.725000023841857910e+00 3.498314380645751953e+00 1.023973560333251953e+01
1.737499952316284180e+00 3.948762893676757812e+00 9.933648109436035156e+00
1.750000000000000000e+00 4.376856803894042969e+00 9.688723564147949219e+00
1.762500047683715820e+00 4.765529155731201172e+00 9.488622665405273438e+00
1.774999976158142090e+00 5.107692718505859375e+00 9.316708564758300781e+00
1.787500023841857910e+00 5.405140399932861328e+00 9.169084548950195312e+00
1.799999952316284180e+00 5.661822795867919922e+00 9.050601005554199219e+00
1.812500000000000000e+00 5.878312110900878906e+00 8.962851524353027344e+00
1.825000047683715820e+00 6.051626682281494141e+00 8.898463249206542969e+00
1.837499976158142090e+00 6.178898811340332031e+00 8.846969604492187500e+00
1.850000023841857910e+00 6.260157585144042969e+00 8.804673194885253906e+00
1.862499952316284180e+00 6.297403812408447266e+00 8.777235031127929688e+00
1.875000000000000000e+00 6.291555881500244141e+00 8.772190093994140625e+00
1.887500047683715820e+00 6.241071224212646484e+00 8.789746284484863281e+00
1.899999976158142090e+00 6.143917560577392578e+00 8.822180747985839844e+00
1.912500023841857910e+00 6.000663280487060547e+00 8.862918853759765625e+00
1.924999952316284180e+00 5.815019130706787109e+00 8.915544509887695312e+00
1.937500000000000000e+00 5.590919017791748047e+00 8.992269515991210938e+00
1.950000047683715820e+00 5.329246997833251953e+00 9.102185249328613281e+00
1.962499976158142090e+00 5.028237819671630859e+00 9.241270065307617188e+00
1.975000023841857910e+00 4.687963962554931641e+00 9.396083831787109375e+00
1.987499952316284180e+00 4.314581871032714844e+00 9.559931755065917969e+00
2.000000000000000000e+00 3.919121026992797852e+00 9.746066093444824219e+00
