0.000000000000000000e+00 6.196920394897460938e+00 8.847339630126953125e+00
1.250000018626451492e-02 6.256813526153564453e+00 8.791948318481445312e+00
2.500000037252902985e-02 6.193994522094726562e+00 8.801301956176757812e+00
3.750000149011611938e-02 5.999823093414306641e+00 8.855847358703613281e+00
5.000000074505805969e-02 5.680468082427978516e+00 8.941086769104003906e+00
6.250000000000000000e-02 5.255257129669189453e+00 9.101970672607421875e+00
7.500000298023223877e-02 4.722801208496093750e+00 9.343075752258300781e+00
8.749999850988388062e-02 4.091585636138916016e+00 9.618579864501953125e+00
1.000000014901161194e-01 3.411749124526977539e+00 9.975464820861816406e+00
1.124999970197677612e-01 2.698229074478149414e+00 1.048693180084228516e+01
1.250000000000000000e-01 1.884773254394531250e+00 1.101441669464111328e+01
1.375000029802322388e-01 9.446283578872680664e-01 1.130481338500976562e+01
1.500000059604644775e-01 -2.397507056593894958e-02 1.134127044677734375e+01
1.624999940395355225e-01 -9.220200777053833008e-01 1.133082866668701172e+01
1.749999970197677612e-01 -1.764949321746826172e+00 1.137126255035400391e+01
1.875000000000000000e-01 -2.595127344131469727e+00 1.139667224884033203e+01
2.000000029802322388e-01 -3.384003877639770508e+00 1.139306640625000000e+01
2.125000059604644775e-01 -4.090332508087158203e+00 1.141408729553222656e+01
2.249999940395355225e-01 -4.716490268707275391e+00 1.144733810424804688e+01
2.374999970197677612e-01 -5.258615970611572266e+00 1.145607662200927734e+01
2.500000000000000000e-01 -5.686681747436523438e+00 1.146728706359863281e+01
2.624999880790710449e-01 -5.992534160614013672e+00 1.149986267089843750e+01
2.750000059604644775e-01 -6.185809135437011719e+00 1.152024459838867188e+01
2.874999940395355225e-01 -6.254105091094970703e+00 1.152659511566162109e+01
3.000000119209289551e-01 -6.185211181640625000e+00 1.155104064941406250e+01
3.125000000000000000e-01 -5.993982315063476562e+00 1.157882022857666016e+01
3.249999880790710449e-01 -5.688171386718750000e+00 1.158447933197021484e+01
3.375000059604644775e-01 -5.258413791656494141e+00 1.159520435333251953e+01
3.499999940395355225e-01 -4.717641353607177734e+00 1.162280845642089844e+01
3.625000119209289551e-01 -4.091211795806884766e+00 1.163077926635742188e+01
3.750000000000000000e-01 -3.378972530364990234e+00 1.162472915649414062e+01
3.874999880790710449e-01 -2.585988521575927734e+00 1.164299392700195312e+01
4.000000059604644775e-01 -1.749144673347473145e+00 1.165565872192382812e+01
4.124999940395355225e-01 -8.802933096885681152e-01 1.163058567047119141e+01
4.250000119209289551e-01 4.163153842091560364e-02 1.163233947753906250e+01
4.375000000000000000e-01 9.746673703193664551e-01 1.166504478454589844e+01
4.499999880790710449e-01 1.815822720527648926e+00 1.153810405731201172e+01
4.625000059604644775e-01 2.546179294586181641e+00 1.110671806335449219e+01
4.749999940395355225e-01 3.257017135620117188e+00 1.051148509979248047e+01
4.875000119209289551e-01 3.992352724075317383e+00 9.986674308776855469e+00
5.000000000000000000e-01 4.682044506072998047e+00 9.591224670410156250e+00
5.124999880790710449e-01 5.253520011901855469e+00 9.282444953918457031e+00
5.249999761581420898e-01 5.697784423828125000e+00 9.064976692199707031e+00
5.375000238418579102e-01 6.016703128814697266e+00 8.934955596923828125e+00
5.500000119209289551e-01 6.201051712036132812e+00 8.844647407531738281e+00
5.625000000000000000e-01 6.256713867187500000e+00 8.791130065917968750e+00
5.749999880790710449e-01 6.189538002014160156e+00 8.802670478820800781e+00
5.874999761581420898e-01 5.990784645080566406e+00 8.858138084411621094e+00
6.000000238418579102e-01 5.667514801025390625e+00 8.945079803466796875e+00
6.125000119209289551e-01 5.238759040832519531e+00 9.109205245971679688e+00
6.250000000000000000e-01 4.702506065368652344e+00 9.352121353149414062e+00
6.374999880790710449e-01 4.068655967712402344e+00 9.628881454467773438e+00
6.499999761581420898e-01 3.387934207916259766e+00 9.990523338317871094e+00
6.625000238418579102e-01 2.672338008880615234e+00 1.050637149810791016e+01
6.750000119209289551e-01 1.854253768920898438e+00 1.102944278717041016e+01
6.875000000000000000e-01 9.109437465667724609e-01 1.130938816070556641e+01
6.999999880790710449e-01 -5.632625892758369446e-02 1.134048080444335938e+01
7.124999761581420898e-01 -9.516172409057617188e-01 1.133150959014892578e+01
7.250000238418579102e-01 -1.793706178665161133e+00 1.137283039093017578e+01
7.375000119209289551e-01 -2.623316526412963867e+00 1.139674091339111328e+01
7.500000000000000000e-01 -3.409803152084350586e+00 1.139317607879638672e+01
7.624999880790710449e-01 -4.113155364990234375e+00 1.141533851623535156e+01
7.749999761581420898e-01 -4.736702442169189453e+00 1.144807720184326172e+01
7.875000238418579102e-01 -5.275416851043701172e+00 1.145614624023437500e+01
8.000000119209289551e-01 -5.699186325073242188e+00 1.146815586090087891e+01
8.125000000000000000e-01 -6.001053810119628906e+00 1.150097274780273438e+01
8.249999880790710449e-01 -6.190372943878173828e+00 1.152050590515136719e+01
8.374999761581420898e-01 -6.253993988037109375e+00 1.152703380584716797e+01
8.500000238418579102e-01 -6.180538654327392578e+00 1.155218315124511719e+01
8.625000119209289551e-01 -5.985396862030029297e+00 1.157937049865722656e+01
8.750000000000000000e-01 -5.675456523895263672e+00 1.158452510833740234e+01
8.874999880790710449e-01 -5.241462707519531250e+00 1.159601593017578125e+01
8.999999761581420898e-01 -4.697403907775878906e+00 1.162360382080078125e+01
9.125000238418579102e-01 -4.068164825439453125e+00 1.163054466247558594e+01
9.250000119209289551e-01 -3.352852344512939453e+00 1.162487125396728516e+01
9.375000000000000000e-01 -2.557666778564453125e+00 1.164390087127685547e+01
9.499999880790710449e-01 -1.719856619834899902e+00 1.165530776977539062e+01
9.624999761581420898e-01 -8.494712710380554199e-01 1.162969303131103516e+01
9.750000238418579102e-01 7.413358986377716064e-02 1.163355255126953125e+01
9.875000119209289551e-01 1.005685925483703613e+00 1.166473960876464844e+01
1.000000000000000000e+00 1.842487335205078125e+00 1.152834320068359375e+01
1.012500047683715820e+00 2.570398569107055664e+00 1.108742332458496094e+01
1.024999976158142090e+00 3.282083272933959961e+00 1.049127864837646484e+01
1.037500023841857910e+00 4.017442226409912109e+00 9.971120834350585938e+00
1.049999952316284180e+00 4.703904628753662109e+00 9.579298973083496094e+00
1.062500000000000000e+00 5.270879268646240234e+00 9.273293495178222656e+00
1.075000047683715820e+00 5.710906028747558594e+00 9.059267997741699219e+00
1.087499976158142090e+00 6.025316715240478516e+00 8.931423187255859375e+00
1.100000023841857910e+00 6.205030441284179688e+00 8.841994285583496094e+00
1.112499952316284180e+00 6.256470680236816406e+00 8.790397644042968750e+00
1.125000000000000000e+00 6.184922695159912109e+00 8.804090499877929688e+00
1.137500047683715820e+00 5.981595993041992188e+00 8.860457420349121094e+00
1.149999976158142090e+00 5.654439926147460938e+00 8.949170112609863281e+00
1.162500023841857910e+00 5.222132205963134766e+00 9.116541862487792969e+00
1.174999952316284180e+00 4.682088851928710938e+00 9.361193656921386719e+00
1.187500000000000000e+00 4.045675277709960938e+00 9.639278411865234375e+00
1.200000047683715820e+00 3.364089012145996094e+00 1.000579261779785156e+01
1.212499976158142090e+00 2.646320104598999023e+00 1.052583503723144531e+01
1.225000023841857910e+00 1.823569297790527344e+00 1.104414939880371094e+01
1.237499952316284180e+00 8.772316575050354004e-01 1.131364154815673828e+01
1.250000000000000000e+00 -8.857674896717071533e-02 1.133966064453125000e+01
1.262500047683715820e+00 -9.811493158340454102e-01 1.133226966857910156e+01
1.274999976158142090e+00 -1.822458267211914062e+00 1.137436676025390625e+01
1.287500023841857910e+00 -2.651454687118530273e+00 1.139676761627197266e+01
1.299999952316284180e+00 -3.435497283935546875e+00 1.139332771301269531e+01
1.312500000000000000e+00 -4.135885715484619141e+00 1.141660499572753906e+01
1.325000047683715820e+00 -4.756817817687988281e+00 1.144877719879150391e+01
1.337499976158142090e+00 -5.292077541351318359e+00 1.145622348785400391e+01
1.350000023841857910e+00 -5.711543560028076172e+00 1.146905708312988281e+01
1.362499952316284180e+00 -6.009443283081054688e+00 1.150206184387207031e+01
1.375000000000000000e+00 -6.194787025451660156e+00 1.152074718475341797e+01
1.387500047683715820e+00 -6.253715991973876953e+00 1.152750301361083984e+01
1.399999976158142090e+00 -6.175722599029541016e+00 1.155333042144775391e+01
1.412500023841857910e+00 -5.976677417755126953e+00 1.157988643646240234e+01
1.424999952316284180e+00 -5.662591457366943359e+00 1.158458137512207031e+01
1.437500000000000000e+00 -5.224379062652587891e+00 1.159685325622558594e+01
1.450000047683715820e+00 -4.677070140838623047e+00 1.162436866760253906e+01
1.462499976158142090e+00 -4.045015335083007812e+00 1.163029003143310547e+01
1.475000023841857910e+00 -3.326632261276245117e+00 1.162505340576171875e+01
1.487499952316284180e+00 -2.529298305511474609e+00 1.164479923248291016e+01
1.500000000000000000e+00 -1.690535187721252441e+00 1.165489959716796875e+01
1.512500047683715820e+00 -8.185776472091674805e-01 1.162884140014648438e+01
1.524999976158142090e+00 1.066536083817481995e-01 1.163482475280761719e+01
1.537500023841857910e+00 1.036581039428710938e+00 1.166422939300537109e+01
1.549999952316284180e+00 1.869008660316467285e+00 1.151818466186523438e+01
1.562500000000000000e+00 2.594605922698974609e+00 1.106793498992919922e+01
1.575000047683715820e+00 3.307191848754882812e+00 1.047118663787841797e+01
1.587499976158142090e+00 4.042472362518310547e+00 9.955729484558105469e+00
1.600000023841857910e+00 4.725614070892333984e+00 9.567465782165527344e+00
1.612499952316284180e+00 5.288087844848632812e+00 9.264253616333007812e+00
1.625000000000000000e+00 5.723880290985107422e+00 9.053668975830078125e+00
1.637500047683715820e+00 6.033767700195312500e+00 8.927928924560546875e+00
1.649999976158142090e+00 6.208857059478759766e+00 8.839382171630859375e+00
1.662500023841857910e+00 6.256083965301513672e+00 8.789751052856445312e+00
1.674999952316284180e+00 6.180148601531982422e+00 8.805560111999511719e+00
1.687500000000000000e+00 5.972259044647216797e+00 8.862805366516113281e+00
1.700000047683715820e+00 5.641243934631347656e+00 8.953361511230468750e+00
1.712499976158142090e+00 5.205376625061035156e+00 9.123977661132812500e+00
1.725000023841857910e+00 4.661550998687744141e+00 9.370291709899902344e+00
1.737499952316284180e+00 4.022645950317382812e+00 9.649775505065917969e+00
1.750000000000000000e+00 3.340211868286132812e+00 1.002127265930175781e+01
1.762500047683715820e+00 2.620172023773193359e+00 1.054531002044677734e+01
1.774999976158142090e+00 1.792721986770629883e+00 1.105852699279785156e+01
1.787500023841857910e+00 8.434982895851135254e-01 1.131758022308349609e+01
1.799999952316284180e+00 -1.207250878214836121e-01 1.133882045745849609e+01
1.812500000000000000e+00 -1.010619282722473145e+00 1.133310890197753906e+01
1.825000047683715820e+00 -1.851206064224243164e+00 1.137586975097656250e+01
1.837499976158142090e+00 -2.679539680480957031e+00 1.139675617218017578e+01
1.850000023841857910e+00 -3.461086034774780273e+00 1.139352226257324219e+01
1.862499952316284180e+00 -4.158523559570312500e+00 1.141788291931152344e+01
1.875000000000000000e+00 -4.776835441589355469e+00 1.144943809509277344e+01
1.887500047683715820e+00 -5.308597564697265625e+00 1.145630836486816406e+01
1.899999976158142090e+00 -5.723754882812500000e+00 1.146999073028564453e+01
1.912500023841857910e+00 -6.017703056335449219e+00 1.150312805175781250e+01
1.924999952316284180e+00 -6.199051380157470703e+00 1.152097034454345703e+01
1.937500000000000000e+00 -6.253271579742431641e+00 1.152800178527832031e+01
1.950000047683715820e+00 -6.170764923095703125e+00 1.155447864532470703e+01
1.962499976158142090e+00 -5.967824459075927734e+00 1.158036899566650391e+01
1.975000023841857910e+00 -5.649575233459472656e+00 1.158464908599853516e+01
1.987499952316284180e+00 -5.207164764404296875e+00 1.159771633148193359e+01
2.000000000000000000e+00 -4.656639575958251953e+00 1.162510013580322266e+01
