0.000000000000000000e+00 6.196364879608154297e+00 8.847716331481933594e+00
1.250000018626451492e-02 6.256523609161376953e+00 8.792099952697753906e+00
2.500000037252902985e-02 6.193436145782470703e+00 8.801500320434570312e+00
3.750000149011611938e-02 5.998414516448974609e+00 8.856206893920898438e+00
5.000000074505805969e-02 5.677757263183593750e+00 8.941852569580078125e+00
6.250000000000000000e-02 5.250869750976562500e+00 9.103755950927734375e+00
7.500000298023223877e-02 4.716225147247314453e+00 9.345863342285156250e+00
8.749999850988388062e-02 4.082756996154785156e+00 9.622335433959960938e+00
1.000000014901161194e-01 3.401131868362426758e+00 9.981798171997070312e+00
1.124999970197677612e-01 2.685219287872314453e+00 1.049629020690917969e+01
1.250000000000000000e-01 1.867699503898620605e+00 1.102251625061035156e+01
1.375000029802322388e-01 9.236950278282165527e-01 1.130736637115478516e+01
1.500000059604644775e-01 -4.618659988045692444e-02 1.134043216705322266e+01
1.624999940395355225e-01 -9.442352652549743652e-01 1.133105468750000000e+01
1.749999970197677612e-01 -1.788284063339233398e+00 1.137229061126708984e+01
1.875000000000000000e-01 -2.619701862335205078e+00 1.139652252197265625e+01
2.000000029802322388e-01 -3.408065557479858398e+00 1.139297485351562500e+01
2.125000059604644775e-01 -4.112987995147705078e+00 1.141516113281250000e+01
2.249999940395355225e-01 -4.737742900848388672e+00 1.144798278808593750e+01
2.374999970197677612e-01 -5.277256965637207031e+00 1.145605754852294922e+01
2.500000000000000000e-01 -5.701249122619628906e+00 1.146825218200683594e+01
2.624999880790710449e-01 -6.002872467041015625e+00 1.150121021270751953e+01
2.750000059604644775e-01 -6.191455364227294922e+00 1.152059650421142578e+01
2.874999940395355225e-01 -6.253595829010009766e+00 1.152726078033447266e+01
3.000000119209289551e-01 -6.178136348724365234e+00 1.155276870727539062e+01
3.125000000000000000e-01 -5.980734825134277344e+00 1.157975864410400391e+01
3.249999880790710449e-01 -5.667928695678710938e+00 1.158472824096679688e+01
3.375000059604644775e-01 -5.230514526367187500e+00 1.159673786163330078e+01
3.499999940395355225e-01 -4.683164119720458984e+00 1.162435817718505859e+01
3.625000119209289551e-01 -4.050558567047119141e+00 1.163062286376953125e+01
3.750000000000000000e-01 -3.331338882446289062e+00 1.162531757354736328e+01
3.874999880790710449e-01 -2.532665967941284180e+00 1.164499473571777344e+01
4.000000059604644775e-01 -1.692211031913757324e+00 1.165525341033935547e+01
4.124999940395355225e-01 -8.184499740600585938e-01 1.162921524047851562e+01
4.250000119209289551e-01 1.087858229875564575e-01 1.163528919219970703e+01
4.375000000000000000e-01 1.040538430213928223e+00 1.166448974609375000e+01
4.499999880790710449e-01 1.874064445495605469e+00 1.151658821105957031e+01
4.625000059604644775e-01 2.600641250610351562e+00 1.106353187561035156e+01
4.749999940395355225e-01 3.314821720123291016e+00 1.046559429168701172e+01
4.875000119209289551e-01 4.051452159881591797e+00 9.950676918029785156e+00
5.000000000000000000e-01 4.734648227691650391e+00 9.562865257263183594e+00
5.124999880790710449e-01 5.296286106109619141e+00 9.260175704956054688e+00
5.249999761581420898e-01 5.730824947357177734e+00 9.050879478454589844e+00
5.375000238418579102e-01 6.038695335388183594e+00 8.926016807556152344e+00
5.500000119209289551e-01 6.211119174957275391e+00 8.837802886962890625e+00
5.625000000000000000e-01 6.255409240722656250e+00 8.789466857910156250e+00
5.749999880790710449e-01 6.175853252410888672e+00 8.806902885437011719e+00
5.874999761581420898e-01 5.963651657104492188e+00 8.864960670471191406e+00
6.000000238418579102e-01 5.628432750701904297e+00 8.957413673400878906e+00
6.125000119209289551e-01 5.188169479370117188e+00 9.131514549255371094e+00
6.250000000000000000e-01 4.639293193817138672e+00 9.379971504211425781e+00
6.374999880790710449e-01 3.996379613876342773e+00 9.661632537841796875e+00
6.499999761581420898e-01 3.311551332473754883e+00 1.003972816467285156e+01
6.625000238418579102e-01 2.587160825729370117e+00 1.056934070587158203e+01
6.750000119209289551e-01 1.751986980438232422e+00 1.107654190063476562e+01
6.875000000000000000e-01 7.971020936965942383e-01 1.132217121124267578e+01
6.999999880790710449e-01 -1.668218970298767090e-01 1.133729553222656250e+01
7.124999761581420898e-01 -1.054811477661132812e+00 1.133423709869384766e+01
7.250000238418579102e-01 -1.896160960197448730e+00 1.137790203094482422e+01
7.375000119209289551e-01 -2.725040435791015625e+00 1.139645385742187500e+01
7.500000000000000000e-01 -3.503968715667724609e+00 1.139375877380371094e+01
7.624999880790710449e-01 -4.197812557220458984e+00 1.141997241973876953e+01
7.749999761581420898e-01 -4.812696933746337891e+00 1.145040416717529297e+01
7.875000238418579102e-01 -5.338983058929443359e+00 1.145640754699707031e+01
8.000000119209289551e-01 -5.746767997741699219e+00 1.147181987762451172e+01
8.125000000000000000e-01 -6.033561706542968750e+00 1.150515842437744141e+01
8.249999880790710449e-01 -6.207063198089599609e+00 1.152139949798583984e+01
8.374999761581420898e-01 -6.251461029052734375e+00 1.152922534942626953e+01
8.500000238418579102e-01 -6.159100532531738281e+00 1.155707740783691406e+01
8.625000119209289551e-01 -5.947066307067871094e+00 1.158146381378173828e+01
8.750000000000000000e-01 -5.618549823760986328e+00 1.158504199981689453e+01
8.874999880790710449e-01 -5.165429592132568359e+00 1.160006523132324219e+01
8.999999761581420898e-01 -4.606108665466308594e+00 1.162696933746337891e+01
9.125000238418579102e-01 -3.962853431701660156e+00 1.162954616546630859e+01
9.250000119209289551e-01 -3.232141494750976562e+00 1.162633800506591797e+01
9.375000000000000000e-01 -2.425833940505981445e+00 1.164824676513671875e+01
9.499999880790710449e-01 -1.581864118576049805e+00 1.165323352813720703e+01
9.624999761581420898e-01 -7.018671631813049316e-01 1.162647151947021484e+01
9.750000238418579102e-01 2.309160977602005005e-01 1.164050579071044922e+01
9.875000119209289551e-01 1.155259370803833008e+00 1.166044807434082031e+01
1.000000000000000000e+00 1.972272038459777832e+00 1.147466182708740234e+01
1.012500047683715820e+00 2.691435575485229492e+00 1.098875522613525391e+01
1.024999976158142090e+00 3.409421205520629883e+00 1.039149093627929688e+01
1.037500023841857910e+00 4.144668102264404297e+00 9.894524574279785156e+00
1.049999952316284180e+00 4.814517021179199219e+00 9.519393920898437500e+00
1.062500000000000000e+00 5.359268188476562500e+00 9.227464675903320312e+00
1.075000047683715820e+00 5.777886867523193359e+00 9.031012535095214844e+00
1.087499976158142090e+00 6.068577766418457031e+00 8.913287162780761719e+00
1.100000023841857910e+00 6.223747730255126953e+00 8.828506469726562500e+00
1.112499952316284180e+00 6.252265930175781250e+00 8.788043975830078125e+00
1.125000000000000000e+00 6.156025409698486328e+00 8.812946319580078125e+00
1.137500047683715820e+00 5.926822662353515625e+00 8.874166488647460938e+00
1.149999976158142090e+00 5.577411651611328125e+00 8.974444389343261719e+00
1.162500023841857910e+00 5.123634815216064453e+00 9.160598754882812500e+00
1.174999952316284180e+00 4.560713291168212891e+00 9.414420127868652344e+00
1.187500000000000000e+00 3.909386396408081055e+00 9.702507972717285156e+00
1.200000047683715820e+00 3.221457958221435547e+00 1.010059261322021484e+01
1.212499976158142090e+00 2.487155437469482422e+00 1.064215660095214844e+01
1.225000023841857910e+00 1.634064674377441406e+00 1.112573242187500000e+01
1.237499952316284180e+00 6.704096794128417969e-01 1.133283138275146484e+01
1.250000000000000000e+00 -2.859847545623779297e-01 1.133415222167968750e+01
1.262500047683715820e+00 -1.164617061614990234e+00 1.133843326568603516e+01
1.274999976158142090e+00 -2.003969430923461914e+00 1.138291835784912109e+01
1.287500023841857910e+00 -2.829531431198120117e+00 1.139594650268554688e+01
1.299999952316284180e+00 -3.598372459411621094e+00 1.139518547058105469e+01
1.312500000000000000e+00 -4.281362533569335938e+00 1.142485523223876953e+01
1.325000047683715820e+00 -4.886219024658203125e+00 1.145228767395019531e+01
1.337499976158142090e+00 -5.398679256439208984e+00 1.145697212219238281e+01
1.350000023841857910e+00 -5.790255069732666016e+00 1.147577667236328125e+01
1.362499952316284180e+00 -6.062418460845947266e+00 1.150872707366943359e+01
1.375000000000000000e+00 -6.220506668090820312e+00 1.152202033996582031e+01
1.387500047683715820e+00 -6.246999740600585938e+00 1.153163528442382812e+01
1.399999976158142090e+00 -6.138104915618896484e+00 1.156131649017333984e+01
1.412500023841857910e+00 -5.911486148834228516e+00 1.158271598815917969e+01
1.424999952316284180e+00 -5.567042827606201172e+00 1.158561325073242188e+01
1.437500000000000000e+00 -5.098568439483642578e+00 1.160367107391357422e+01
1.450000047683715820e+00 -4.527714252471923828e+00 1.162905883789062500e+01
1.462499976158142090e+00 -3.873664140701293945e+00 1.162834072113037109e+01
1.475000023841857910e+00 -3.131627082824707031e+00 1.162793159484863281e+01
1.487499952316284180e+00 -2.318445920944213867e+00 1.165117359161376953e+01
1.500000000000000000e+00 -1.470968127250671387e+00 1.165049171447753906e+01
1.512500047683715820e+00 -5.842638015747070312e-01 1.162458133697509766e+01
1.524999976158142090e+00 3.529883027076721191e-01 1.164616203308105469e+01
1.537500023841857910e+00 1.268002748489379883e+00 1.165279006958007812e+01
1.549999952316284180e+00 2.068694353103637695e+00 1.142724132537841797e+01
1.562500000000000000e+00 2.782356262207031250e+00 1.091211318969726562e+01
1.575000047683715820e+00 3.504482984542846680e+00 1.031940841674804688e+01
1.587499976158142090e+00 4.236737251281738281e+00 9.840467453002929688e+00
1.600000023841857910e+00 4.892199993133544922e+00 9.477181434631347656e+00
1.612499952316284180e+00 5.420172691345214844e+00 9.196412086486816406e+00
1.625000000000000000e+00 5.822834014892578125e+00 9.012522697448730469e+00
1.637500047683715820e+00 6.096166610717773438e+00 8.900985717773437500e+00
1.649999976158142090e+00 6.234285831451416016e+00 8.819931030273437500e+00
1.662500023841857910e+00 6.247071743011474609e+00 8.787821769714355469e+00
1.674999952316284180e+00 6.133940219879150391e+00 8.819529533386230469e+00
1.687500000000000000e+00 5.887985706329345703e+00 8.883921623229980469e+00
1.700000047683715820e+00 5.524703979492187500e+00 8.993040084838867188e+00
1.712499976158142090e+00 5.057240486145019531e+00 9.190857887268066406e+00
1.725000023841857910e+00 4.480589389801025391e+00 9.449213027954101562e+00
1.737499952316284180e+00 3.821890115737915039e+00 9.745250701904296875e+00
1.750000000000000000e+00 3.130719423294067383e+00 1.016427612304687500e+01
1.762500047683715820e+00 2.385034322738647461e+00 1.071405792236328125e+01
1.774999976158142090e+00 1.514103055000305176e+00 1.116980648040771484e+01
1.787500023841857910e+00 5.439290404319763184e-01 1.133984184265136719e+01
1.799999952316284180e+00 -4.036562144756317139e-01 1.133139705657958984e+01
1.812500000000000000e+00 -1.273807883262634277e+00 1.134347724914550781e+01
1.825000047683715820e+00 -2.111679077148437500e+00 1.138721179962158203e+01
1.837499976158142090e+00 -2.933039665222167969e+00 1.139516735076904297e+01
1.850000023841857910e+00 -3.691274881362915039e+00 1.139728164672851562e+01
1.862499952316284180e+00 -4.363663673400878906e+00 1.142966747283935547e+01
1.875000000000000000e+00 -4.958232879638671875e+00 1.145367145538330078e+01
1.887500047683715820e+00 -5.456301212310791016e+00 1.145785331726074219e+01
1.899999976158142090e+00 -5.831750392913818359e+00 1.148003959655761719e+01
1.912500023841857910e+00 -6.089427947998046875e+00 1.151186084747314453e+01
1.924999952316284180e+00 -6.231732368469238281e+00 1.152256393432617188e+01
1.937500000000000000e+00 -6.240241527557373047e+00 1.153449153900146484e+01
1.950000047683715820e+00 -6.115190505981445312e+00 1.156537914276123047e+01
1.962499976158142090e+00 -5.873960494995117188e+00 1.158356571197509766e+01
1.975000023841857910e+00 -5.513413906097412109e+00 1.158652400970458984e+01
1.987499952316284180e+00 -5.030009746551513672e+00 1.160745716094970703e+01
2.000000000000000000e+00 -4.447989463806152344e+00 1.163058853149414062e+01
