0.000000000000000000e+00 6.195809841156005859e+00 8.848104476928710938e+00
1.250000018626451492e-02 6.256234169006347656e+00 8.792263031005859375e+00
2.500000037252902985e-02 6.192877769470214844e+00 8.801708221435546875e+00
3.750000149011611938e-02 5.997004032135009766e+00 8.856575965881347656e+00
5.000000074505805969e-02 5.675042152404785156e+00 8.942627906799316406e+00
6.250000000000000000e-02 5.246474742889404297e+00 9.105553627014160156e+00
7.500000298023223877e-02 4.709637165069580078e+00 9.348660469055175781e+00
8.749999850988388062e-02 4.073921680450439453e+00 9.626107215881347656e+00
1.000000014901161194e-01 3.390511035919189453e+00 9.988172531127929688e+00
1.124999970197677612e-01 2.672183275222778320e+00 1.050565624237060547e+01
1.250000000000000000e-01 1.850576996803283691e+00 1.103051853179931641e+01
1.375000029802322388e-01 9.027478694915771484e-01 1.130979537963867188e+01
1.500000059604644775e-01 -6.835538148880004883e-02 1.133957672119140625e+01
1.624999940395355225e-01 -9.664136767387390137e-01 1.133132171630859375e+01
1.749999970197677612e-01 -1.811612486839294434e+00 1.137329578399658203e+01
1.875000000000000000e-01 -2.644235849380493164e+00 1.139633560180664062e+01
2.000000029802322388e-01 -3.432033538818359375e+00 1.139291191101074219e+01
2.125000059604644775e-01 -4.135548114776611328e+00 1.141624355316162109e+01
2.249999940395355225e-01 -4.758883953094482422e+00 1.144857788085937500e+01
2.374999970197677612e-01 -5.295720100402832031e+00 1.145604133605957031e+01
2.500000000000000000e-01 -5.715609073638916016e+00 1.146925640106201172e+01
2.624999880790710449e-01 -6.013005256652832031e+00 1.150252056121826172e+01
2.750000059604644775e-01 -6.196843624114990234e+00 1.152091026306152344e+01
2.874999940395355225e-01 -6.252772808074951172e+00 1.152797603607177734e+01
3.000000119209289551e-01 -6.170767307281494141e+00 1.155449676513671875e+01
3.125000000000000000e-01 -5.967186450958251953e+00 1.158061695098876953e+01
3.249999880790710449e-01 -5.647320747375488281e+00 1.158500099182128906e+01
3.375000059604644775e-01 -5.202271461486816406e+00 1.159833431243896484e+01
3.499999940395355225e-01 -4.648413181304931641e+00 1.162581539154052734e+01
3.625000119209289551e-01 -4.009592533111572266e+00 1.163041114807128906e+01
3.750000000000000000e-01 -3.283385753631591797e+00 1.162603664398193359e+01
3.874999880790710449e-01 -2.479187011718750000e+00 1.164695549011230469e+01
4.000000059604644775e-01 -1.635151028633117676e+00 1.165463638305664062e+01
4.124999940395355225e-01 -7.563229203224182129e-01 1.162803459167480469e+01
4.250000119209289551e-01 1.759955286979675293e-01 1.163846302032470703e+01
4.375000000000000000e-01 1.105835199356079102e+00 1.166295146942138672e+01
4.499999880790710449e-01 1.931630730628967285e+00 1.149318790435791016e+01
4.625000059604644775e-01 2.655043125152587891e+00 1.101947784423828125e+01
4.749999940395355225e-01 3.372810125350952148e+00 1.042038249969482422e+01
4.875000119209289551e-01 4.110167026519775391e+00 9.915570259094238281e+00
5.000000000000000000e-01 4.786355972290039062e+00 9.535029411315917969e+00
5.124999880790710449e-01 5.338129997253417969e+00 9.238604545593261719e+00
5.249999761581420898e-01 5.762900829315185547e+00 9.037476539611816406e+00
5.375000238418579102e-01 6.059566020965576172e+00 8.917323112487792969e+00
5.500000119209289551e-01 6.220094680786132812e+00 8.831274032592773438e+00
5.625000000000000000e-01 6.253014564514160156e+00 8.788457870483398438e+00
5.749999880790710449e-01 6.160905838012695312e+00 8.811498641967773438e+00
5.874999761581420898e-01 5.935302734375000000e+00 8.872047424316406250e+00
6.000000238418579102e-01 5.588310718536376953e+00 8.970647811889648438e+00
6.125000119209289551e-01 5.136411666870117188e+00 9.154675483703613281e+00
6.250000000000000000e-01 4.574984073638916016e+00 9.408046722412109375e+00
6.374999880790710449e-01 3.923678398132324219e+00 9.695461273193359375e+00
6.499999761581420898e-01 3.234817504882812500e+00 1.009102725982666016e+01
6.625000238418579102e-01 2.500557184219360352e+00 1.063212013244628906e+01
6.750000119209289551e-01 1.648017287254333496e+00 1.111987400054931641e+01
6.875000000000000000e-01 6.831683516502380371e-01 1.133160686492919922e+01
6.999999880790710449e-01 -2.760992050170898438e-01 1.133410835266113281e+01
7.124999761581420898e-01 -1.157331347465515137e+00 1.133784866333007812e+01
7.250000238418579102e-01 -1.998537540435791016e+00 1.138243961334228516e+01
7.375000119209289551e-01 -2.825962066650390625e+00 1.139575576782226562e+01
7.500000000000000000e-01 -3.596676826477050781e+00 1.139495754241943359e+01
7.624999880790710449e-01 -4.281181812286376953e+00 1.142467784881591797e+01
7.749999761581420898e-01 -4.887200832366943359e+00 1.145217800140380859e+01
7.875000238418579102e-01 -5.400378704071044922e+00 1.145689773559570312e+01
8.000000119209289551e-01 -5.792105197906494141e+00 1.147591114044189453e+01
8.125000000000000000e-01 -6.063977241516113281e+00 1.150891685485839844e+01
8.249999880790710449e-01 -6.221212387084960938e+00 1.152208423614501953e+01
8.374999761581420898e-01 -6.246115684509277344e+00 1.153195381164550781e+01
8.500000238418579102e-01 -6.135217666625976562e+00 1.156188583374023438e+01
8.625000119209289551e-01 -5.906280994415283203e+00 1.158298206329345703e+01
8.750000000000000000e-01 -5.558836936950683594e+00 1.158590126037597656e+01
8.874999880790710449e-01 -5.086987018585205078e+00 1.160449314117431641e+01
8.999999761581420898e-01 -4.512941837310791016e+00 1.162961292266845703e+01
9.125000238418579102e-01 -3.855415105819702148e+00 1.162837219238281250e+01
9.250000119209289551e-01 -3.109495401382446289e+00 1.162865257263183594e+01
9.375000000000000000e-01 -2.293163061141967773e+00 1.165210056304931641e+01
9.499999880790710449e-01 -1.443020939826965332e+00 1.165004634857177734e+01
9.624999761581420898e-01 -5.526400804519653320e-01 1.162462711334228516e+01
9.750000238418579102e-01 3.875988721847534180e-01 1.164816474914550781e+01
9.875000119209289551e-01 1.301500916481018066e+00 1.165004539489746094e+01
1.000000000000000000e+00 2.098945140838623047e+00 1.141150951385498047e+01
1.012500047683715820e+00 2.812628507614135742e+00 1.088684177398681641e+01
1.024999976158142090e+00 3.537525892257690430e+00 1.029541110992431641e+01
1.037500023841857910e+00 4.269726753234863281e+00 9.821812629699707031e+00
1.049999952316284180e+00 4.920969486236572266e+00 9.461852073669433594e+00
1.062500000000000000e+00 5.443612098693847656e+00 9.184852600097656250e+00
1.075000047683715820e+00 5.840637683868408203e+00 9.005503654479980469e+00
1.087499976158142090e+00 6.107129573822021484e+00 8.896022796630859375e+00
1.100000023841857910e+00 6.238066196441650391e+00 8.816523551940917969e+00
1.112499952316284180e+00 6.243649005889892578e+00 8.788264274597167969e+00
1.125000000000000000e+00 6.122162342071533203e+00 8.822990417480468750e+00
1.137500047683715820e+00 5.867527008056640625e+00 8.889107704162597656e+00
1.149999976158142090e+00 5.496503829956054688e+00 9.003300666809082031e+00
1.162500023841857910e+00 5.020777702331542969e+00 9.207416534423828125e+00
1.174999952316284180e+00 4.435637474060058594e+00 9.468475341796875000e+00
1.187500000000000000e+00 3.771862983703613281e+00 9.770278930664062500e+00
1.200000047683715820e+00 3.077241659164428711e+00 1.020237541198730469e+01
1.212499976158142090e+00 2.322650909423828125e+00 1.075610923767089844e+01
1.225000023841857910e+00 1.439277052879333496e+00 1.119399356842041016e+01
1.237499952316284180e+00 4.641192853450775146e-01 1.134231662750244141e+01
1.250000000000000000e+00 -4.793791174888610840e-01 1.132967472076416016e+01
1.262500047683715820e+00 -1.346362233161926270e+00 1.134694194793701172e+01
1.274999976158142090e+00 -2.185158014297485352e+00 1.138944911956787109e+01
1.287500023841857910e+00 -3.004754543304443359e+00 1.139434623718261719e+01
1.299999952316284180e+00 -3.756814479827880859e+00 1.139899730682373047e+01
1.312500000000000000e+00 -4.423057556152343750e+00 1.143290519714355469e+01
1.325000047683715820e+00 -5.010980129241943359e+00 1.145429515838623047e+01
1.337499976158142090e+00 -5.498806953430175781e+00 1.145870494842529297e+01
1.350000023841857910e+00 -5.862621307373046875e+00 1.148346424102783203e+01
1.362499952316284180e+00 -6.109388351440429688e+00 1.151401233673095703e+01
1.375000000000000000e+00 -6.238908767700195312e+00 1.152305316925048828e+01
1.387500047683715820e+00 -6.232571601867675781e+00 1.153725433349609375e+01
1.399999976158142090e+00 -6.093910217285156250e+00 1.156871509552001953e+01
1.412500023841857910e+00 -5.839515686035156250e+00 1.158417320251464844e+01
1.424999952316284180e+00 -5.463989257812500000e+00 1.158784484863281250e+01
1.437500000000000000e+00 -4.966635704040527344e+00 1.161113262176513672e+01
1.450000047683715820e+00 -4.373468399047851562e+00 1.163172531127929688e+01
1.462499976158142090e+00 -3.696705341339111328e+00 1.162642669677734375e+01
1.475000023841857910e+00 -2.931970357894897461e+00 1.163286399841308594e+01
1.487499952316284180e+00 -2.105705976486206055e+00 1.165570545196533203e+01
1.500000000000000000e+00 -1.248949766159057617e+00 1.164381504058837891e+01
1.512500047683715820e+00 -3.460125923156738281e-01 1.162436771392822266e+01
1.524999976158142090e+00 5.980033278465270996e-01 1.165763473510742188e+01
1.537500023841857910e+00 1.490734100341796875e+00 1.162431621551513672e+01
1.549999952316284180e+00 2.261767864227294922e+00 1.131424331665039062e+01
1.562500000000000000e+00 2.971299409866333008e+00 1.075114727020263672e+01
1.575000047683715820e+00 3.703013896942138672e+00 1.017728996276855469e+01
1.587499976158142090e+00 4.424997329711914062e+00 9.733716964721679688e+00
1.600000023841857910e+00 5.048935413360595703e+00 9.392498016357421875e+00
1.612499952316284180e+00 5.542933940887451172e+00 9.136247634887695312e+00
1.625000000000000000e+00 5.911875724792480469e+00 8.977094650268554688e+00
1.637500047683715820e+00 6.147840976715087891e+00 8.875841140747070312e+00
1.649999976158142090e+00 6.249876022338867188e+00 8.804393768310546875e+00
1.662500023841857910e+00 6.227994441986083984e+00 8.791495323181152344e+00
1.674999952316284180e+00 6.076647758483886719e+00 8.835754394531250000e+00
1.687500000000000000e+00 5.793986797332763672e+00 8.908384323120117188e+00
1.700000047683715820e+00 5.399609088897705078e+00 9.040891647338867188e+00
1.712499976158142090e+00 4.899503231048583984e+00 9.262945175170898438e+00
1.725000023841857910e+00 4.292238235473632812e+00 9.530273437500000000e+00
1.737499952316284180e+00 3.618911743164062500e+00 9.852005004882812500e+00
1.750000000000000000e+00 2.916928052902221680e+00 1.032101345062255859e+01
1.762500047683715820e+00 2.137791633605957031e+00 1.087404632568359375e+01
1.774999976158142090e+00 1.225513100624084473e+00 1.125213718414306641e+01
1.787500023841857910e+00 2.470749616622924805e-01 1.134476661682128906e+01
1.799999952316284180e+00 -6.783722043037414551e-01 1.132781219482421875e+01
1.812500000000000000e+00 -1.534242630004882812e+00 1.135751438140869141e+01
1.825000047683715820e+00 -2.371126890182495117e+00 1.139397048950195312e+01
1.837499976158142090e+00 -3.179982900619506836e+00 1.139301013946533203e+01
1.850000023841857910e+00 -3.912540435791015625e+00 1.140492057800292969e+01
1.862499952316284180e+00 -4.561222553253173828e+00 1.144026374816894531e+01
1.875000000000000000e+00 -5.129785537719726562e+00 1.145531940460205078e+01
1.887500047683715820e+00 -5.590875625610351562e+00 1.146185016632080078e+01
1.899999976158142090e+00 -5.927363395690917969e+00 1.149137687683105469e+01
1.912500023841857910e+00 -6.149079799652099609e+00 1.151770305633544922e+01
1.924999952316284180e+00 -6.249707698822021484e+00 1.152437210083007812e+01
1.937500000000000000e+00 -6.212364196777343750e+00 1.154369449615478516e+01
1.950000047683715820e+00 -6.046981811523437500e+00 1.157451725006103516e+01
1.962499976158142090e+00 -5.766697406768798828e+00 1.158460521697998047e+01
1.975000023841857910e+00 -5.362914085388183594e+00 1.159109497070312500e+01
1.987499952316284180e+00 -4.841600418090820312e+00 1.161765480041503906e+01
2.000000000000000000e+00 -4.229945182800292969e+00 1.163216876983642578e+01
