0.000000000000000000e+00 6.195254325866699219e+00 8.848391532897949219e+00
1.250000018626451492e-02 6.255945682525634766e+00 8.792325019836425781e+00
2.500000037252902985e-02 6.192318916320800781e+00 8.801816940307617188e+00
3.750000149011611938e-02 5.995591163635253906e+00 8.856843948364257812e+00
5.000000074505805969e-02 5.672323703765869141e+00 8.943305969238281250e+00
6.250000000000000000e-02 5.242073059082031250e+00 9.107256889343261719e+00
7.500000298023223877e-02 4.703038215637207031e+00 9.351357460021972656e+00
8.749999850988388062e-02 4.065079212188720703e+00 9.629786491394042969e+00
1.000000014901161194e-01 3.379886865615844727e+00 9.994481086730957031e+00
1.124999970197677612e-01 2.659121513366699219e+00 1.051492595672607422e+01
1.250000000000000000e-01 1.833406925201416016e+00 1.103832149505615234e+01
1.375000029802322388e-01 8.817888498306274414e-01 1.131200218200683594e+01
1.500000059604644775e-01 -9.048020094633102417e-02 1.133861255645751953e+01
1.624999940395355225e-01 -9.885555505752563477e-01 1.133153820037841797e+01
1.749999970197677612e-01 -1.834933519363403320e+00 1.137418556213378906e+01
1.875000000000000000e-01 -2.668726682662963867e+00 1.139602470397949219e+01
2.000000029802322388e-01 -3.455907106399536133e+00 1.139279079437255859e+01
2.125000059604644775e-01 -4.158012390136718750e+00 1.141724300384521484e+01
2.249999940395355225e-01 -4.779911518096923828e+00 1.144903373718261719e+01
2.374999970197677612e-01 -5.314003467559814453e+00 1.145593929290771484e+01
2.500000000000000000e-01 -5.729761600494384766e+00 1.147020435333251953e+01
2.624999880790710449e-01 -6.022933483123779297e+00 1.150369548797607422e+01
2.750000059604644775e-01 -6.201971054077148438e+00 1.152109718322753906e+01
2.874999940395355225e-01 -6.251636028289794922e+00 1.152865219116210938e+01
3.000000119209289551e-01 -6.163105964660644531e+00 1.155612754821777344e+01
3.125000000000000000e-01 -5.953336238861083984e+00 1.158130359649658203e+01
3.249999880790710449e-01 -5.626347064971923828e+00 1.158521175384521484e+01
3.375000059604644775e-01 -5.173690319061279297e+00 1.159989356994628906e+01
3.499999940395355225e-01 -4.613391399383544922e+00 1.162707710266113281e+01
3.625000119209289551e-01 -3.968311309814453125e+00 1.163006114959716797e+01
3.750000000000000000e-01 -3.235121965408325195e+00 1.162679100036621094e+01
3.874999880790710449e-01 -2.425563573837280273e+00 1.164875507354736328e+01
4.000000059604644775e-01 -1.577957391738891602e+00 1.165371894836425781e+01
4.124999940395355225e-01 -6.939111948013305664e-01 1.162697696685791016e+01
4.250000119209289551e-01 2.432200908660888672e-01 1.164171218872070312e+01
4.375000000000000000e-01 1.170522332191467285e+00 1.166022777557373047e+01
4.499999880790710449e-01 1.988553404808044434e+00 1.146781921386718750e+01
4.625000059604644775e-01 2.709431171417236328e+00 1.097459030151367188e+01
4.749999940395355225e-01 3.430959463119506836e+00 1.037581539154052734e+01
4.875000119209289551e-01 4.168442249298095703e+00 9.881206512451171875e+00
5.000000000000000000e-01 4.837156295776367188e+00 9.507597923278808594e+00
5.124999880790710449e-01 5.379061222076416016e+00 9.217639923095703125e+00
5.249999761581420898e-01 5.794001579284667969e+00 9.024621963500976562e+00
5.375000238418579102e-01 6.079313755035400391e+00 8.908736228942871094e+00
5.500000119209289551e-01 6.227991580963134766e+00 8.824989318847656250e+00
5.625000000000000000e-01 6.249522209167480469e+00 8.787989616394042969e+00
5.749999880790710449e-01 6.144689559936523438e+00 8.816304206848144531e+00
5.874999761581420898e-01 5.905764102935791016e+00 8.879331588745117188e+00
6.000000238418579102e-01 5.547156333923339844e+00 8.984723091125488281e+00
6.125000119209289551e-01 5.083473205566406250e+00 9.178503036499023438e+00
6.250000000000000000e-01 4.509634494781494141e+00 9.436236381530761719e+00
6.374999880790710449e-01 3.850620985031127930e+00 9.730424880981445312e+00
6.499999761581420898e-01 3.157656908035278320e+00 1.014424896240234375e+01
6.625000238418579102e-01 2.412416696548461914e+00 1.069416904449462891e+01
6.750000119209289551e-01 1.542455673217773438e+00 1.115914344787597656e+01
6.875000000000000000e-01 5.693665742874145508e-01 1.133795738220214844e+01
6.999999880790710449e-01 -3.841387927532196045e-01 1.133113002777099609e+01
7.124999761581420898e-01 -1.259298920631408691e+00 1.134212112426757812e+01
7.250000238418579102e-01 -2.100809574127197266e+00 1.138624382019042969e+01
7.375000119209289551e-01 -2.925959825515747070e+00 1.139470767974853516e+01
7.500000000000000000e-01 -3.687923908233642578e+00 1.139670944213867188e+01
7.624999880790710449e-01 -4.363288879394531250e+00 1.142922210693359375e+01
7.749999761581420898e-01 -4.960135459899902344e+00 1.145334911346435547e+01
7.875000238418579102e-01 -5.459554672241210938e+00 1.145763492584228516e+01
8.000000119209289551e-01 -5.835242271423339844e+00 1.148024082183837891e+01
8.125000000000000000e-01 -6.092282295227050781e+00 1.151208972930908203e+01
8.249999880790710449e-01 -6.232754230499267578e+00 1.152259922027587891e+01
8.374999761581420898e-01 -6.237997055053710938e+00 1.153512668609619141e+01
8.500000238418579102e-01 -6.108946323394775391e+00 1.156637001037597656e+01
8.625000119209289551e-01 -5.862994670867919922e+00 1.158390903472900391e+01
8.750000000000000000e-01 -5.496329307556152344e+00 1.158713245391845703e+01
8.874999880790710449e-01 -5.006256580352783203e+00 1.160904693603515625e+01
8.999999761581420898e-01 -4.417917728424072266e+00 1.163137817382812500e+01
9.125000238418579102e-01 -3.745815277099609375e+00 1.162715435028076172e+01
9.250000119209289551e-01 -2.985071182250976562e+00 1.163166046142578125e+01
9.375000000000000000e-01 -2.159779071807861328e+00 1.165507411956787109e+01
9.499999880790710449e-01 -1.303179502487182617e+00 1.164591407775878906e+01
9.624999761581420898e-01 -4.018472433090209961e-01 1.162438106536865234e+01
9.750000238418579102e-01 5.436250567436218262e-01 1.165559577941894531e+01
9.875000119209289551e-01 1.444120049476623535e+00 1.163232040405273438e+01
1.000000000000000000e+00 2.222994327545166016e+00 1.133929634094238281e+01
1.012500047683715820e+00 2.934399843215942383e+00 1.078308677673339844e+01
1.024999976158142090e+00 3.666037559509277344e+00 1.020341682434082031e+01
1.037500023841857910e+00 4.392098426818847656e+00 9.752475738525390625e+00
1.049999952316284180e+00 5.023209571838378906e+00 9.406582832336425781e+00
1.062500000000000000e+00 5.523966312408447266e+00 9.145462989807128906e+00
1.075000047683715820e+00 5.899059295654296875e+00 8.982251167297363281e+00
1.087499976158142090e+00 6.140995025634765625e+00 8.879394531250000000e+00
1.100000023841857910e+00 6.248073101043701172e+00 8.806254386901855469e+00
1.112499952316284180e+00 6.230531215667724609e+00 8.790826797485351562e+00
1.125000000000000000e+00 6.083337783813476562e+00 8.833847999572753906e+00
1.137500047683715820e+00 5.803912162780761719e+00 8.905585289001464844e+00
1.149999976158142090e+00 5.411708831787109375e+00 9.035826683044433594e+00
1.162500023841857910e+00 4.913516521453857422e+00 9.256306648254394531e+00
1.174999952316284180e+00 4.307324409484863281e+00 9.523494720458984375e+00
1.187500000000000000e+00 3.633427381515502930e+00 9.843542098999023438e+00
1.200000047683715820e+00 2.930792570114135742e+00 1.031009483337402344e+01
1.212499976158142090e+00 2.152284383773803711e+00 1.086478710174560547e+01
1.225000023841857910e+00 1.240136981010437012e+00 1.124826622009277344e+01
1.237499952316284180e+00 2.595791518688201904e-01 1.134438705444335938e+01
1.250000000000000000e+00 -6.689093708992004395e-01 1.132744407653808594e+01
1.262500047683715820e+00 -1.527024984359741211e+00 1.135673618316650391e+01
1.274999976158142090e+00 -2.365703344345092773e+00 1.139355182647705078e+01
1.287500023841857910e+00 -3.176533699035644531e+00 1.139272785186767578e+01
1.299999952316284180e+00 -3.910911560058593750e+00 1.140456581115722656e+01
1.312500000000000000e+00 -4.561017990112304688e+00 1.144000434875488281e+01
1.325000047683715820e+00 -5.130657672882080078e+00 1.145510768890380859e+01
1.337499976158142090e+00 -5.592322349548339844e+00 1.146173763275146484e+01
1.350000023841857910e+00 -5.928863525390625000e+00 1.149144554138183594e+01
1.362499952316284180e+00 -6.150179386138916016e+00 1.151770591735839844e+01
1.375000000000000000e+00 -6.249736785888671875e+00 1.152438735961914062e+01
1.387500047683715820e+00 -6.210691452026367188e+00 1.154405879974365234e+01
1.399999976158142090e+00 -6.043309688568115234e+00 1.157486534118652344e+01
1.412500023841857910e+00 -5.760532379150390625e+00 1.158467578887939453e+01
1.424999952316284180e+00 -5.353599548339843750e+00 1.159152889251708984e+01
1.437500000000000000e+00 -4.829082489013671875e+00 1.161836338043212891e+01
1.450000047683715820e+00 -4.214279174804687500e+00 1.163227844238281250e+01
1.462499976158142090e+00 -3.514092922210693359e+00 1.162538051605224609e+01
1.475000023841857910e+00 -2.728397846221923828e+00 1.163918590545654297e+01
1.487499952316284180e+00 -1.891381621360778809e+00 1.165735626220703125e+01
1.500000000000000000e+00 -1.023845672607421875e+00 1.163620567321777344e+01
1.512500047683715820e+00 -1.044258996844291687e-01 1.162877178192138672e+01
1.524999976158142090e+00 8.394587039947509766e-01 1.166522789001464844e+01
1.537500023841857910e+00 1.704211115837097168e+00 1.157520389556884766e+01
1.549999952316284180e+00 2.450340509414672852e+00 1.118212413787841797e+01
1.562500000000000000e+00 3.162541389465332031e+00 1.059025382995605469e+01
1.575000047683715820e+00 3.901111602783203125e+00 1.004563713073730469e+01
1.587499976158142090e+00 4.605609416961669922e+00 9.633993148803710938e+00
1.600000023841857910e+00 5.195837497711181641e+00 9.313666343688964844e+00
1.612499952316284180e+00 5.656466007232666016e+00 9.083753585815429688e+00
1.625000000000000000e+00 5.990669250488281250e+00 8.945874214172363281e+00
1.637500047683715820e+00 6.188983440399169922e+00 8.852358818054199219e+00
1.649999976158142090e+00 6.255837440490722656e+00 8.793660163879394531e+00
1.662500023841857910e+00 6.198511123657226562e+00 8.799927711486816406e+00
1.674999952316284180e+00 6.008444786071777344e+00 8.853580474853515625e+00
1.687500000000000000e+00 5.690889358520507812e+00 8.937645912170410156e+00
1.700000047683715820e+00 5.265776634216308594e+00 9.096896171569824219e+00
1.712499976158142090e+00 4.732255935668945312e+00 9.338326454162597656e+00
1.725000023841857910e+00 4.098140716552734375e+00 9.614955902099609375e+00
1.737499952316284180e+00 3.414227724075317383e+00 9.972757339477539062e+00
1.750000000000000000e+00 2.696490287780761719e+00 1.048689174652099609e+01
1.762500047683715820e+00 1.877518653869628906e+00 1.101686191558837891e+01
1.774999976158142090e+00 9.304030537605285645e-01 1.130570030212402344e+01
1.787500023841857910e+00 -4.393000155687332153e-02 1.133978462219238281e+01
1.799999952316284180e+00 -9.459649324417114258e-01 1.133043479919433594e+01
1.812500000000000000e+00 -1.793476700782775879e+00 1.137197399139404297e+01
1.825000047683715820e+00 -2.628181219100952148e+00 1.139600467681884766e+01
1.837499976158142090e+00 -3.418943643569946289e+00 1.139253425598144531e+01
1.850000023841857910e+00 -4.125340461730957031e+00 1.141539859771728516e+01
1.862499952316284180e+00 -4.751042842864990234e+00 1.144807147979736328e+01
1.875000000000000000e+00 -5.290211200714111328e+00 1.145580863952636719e+01
1.887500047683715820e+00 -5.712224006652832031e+00 1.146884059906005859e+01
1.899999976158142090e+00 -6.011124134063720703e+00 1.150216960906982422e+01
1.912500023841857910e+00 -6.195979118347167969e+00 1.152078628540039062e+01
1.924999952316284180e+00 -6.252492904663085938e+00 1.152788734436035156e+01
1.937500000000000000e+00 -6.170479297637939453e+00 1.155446720123291016e+01
1.950000047683715820e+00 -5.966353416442871094e+00 1.158066272735595703e+01
1.962499976158142090e+00 -5.645436286926269531e+00 1.158507728576660156e+01
1.975000023841857910e+00 -5.198822498321533203e+00 1.159859085083007812e+01
1.987499952316284180e+00 -4.643110275268554688e+00 1.162610912322998047e+01
2.000000000000000000e+00 -4.002149581909179688e+00 1.163048839569091797e+01
