0.000000000000000000e+00 6.194698333740234375e+00 8.848778724670410156e+00
1.250000018626451492e-02 6.255657196044921875e+00 8.792486190795898438e+00
2.500000037252902985e-02 6.191760063171386719e+00 8.802023887634277344e+00
3.750000149011611938e-02 5.994176864624023438e+00 8.857211112976074219e+00
5.000000074505805969e-02 5.669601440429687500e+00 8.944085121154785156e+00
6.250000000000000000e-02 5.237663745880126953e+00 9.109066009521484375e+00
7.500000298023223877e-02 4.696427822113037109e+00 9.354157447814941406e+00
8.749999850988388062e-02 4.056230068206787109e+00 9.633578300476074219e+00
1.000000014901161194e-01 3.369259595870971680e+00 1.000092697143554688e+01
1.124999970197677612e-01 2.646033048629760742e+00 1.052429866790771484e+01
1.250000000000000000e-01 1.816188454627990723e+00 1.104612350463867188e+01
1.375000029802322388e-01 8.608184456825256348e-01 1.131418800354003906e+01
1.500000059604644775e-01 -1.125612407922744751e-01 1.133773612976074219e+01
1.624999940395355225e-01 -1.010662913322448730e+00 1.133189582824707031e+01
1.749999970197677612e-01 -1.858248472213745117e+00 1.137514972686767578e+01
1.875000000000000000e-01 -2.693173408508300781e+00 1.139578247070312500e+01
2.000000029802322388e-01 -3.479686260223388672e+00 1.139280605316162109e+01
2.125000059604644775e-01 -4.180382251739501953e+00 1.141835212707519531e+01
2.249999940395355225e-01 -4.800824642181396484e+00 1.144954776763916016e+01
2.374999970197677612e-01 -5.332105636596679688e+00 1.145595550537109375e+01
2.500000000000000000e-01 -5.743708133697509766e+00 1.147129917144775391e+01
2.624999880790710449e-01 -6.032657146453857422e+00 1.150493717193603516e+01
2.750000059604644775e-01 -6.206836223602294922e+00 1.152136421203613281e+01
2.874999940395355225e-01 -6.250187873840332031e+00 1.152949047088623047e+01
3.000000119209289551e-01 -6.155155658721923828e+00 1.155785560607910156e+01
3.125000000000000000e-01 -5.939182281494140625e+00 1.158202266693115234e+01
3.249999880790710449e-01 -5.605007171630859375e+00 1.158556938171386719e+01
3.375000059604644775e-01 -5.144776344299316406e+00 1.160161209106445312e+01
3.499999940395355225e-01 -4.578100204467773438e+00 1.162834072113037109e+01
3.625000119209289551e-01 -3.926710844039916992e+00 1.162978744506835938e+01
3.750000000000000000e-01 -3.186555147171020508e+00 1.162778282165527344e+01
3.874999880790710449e-01 -2.371804237365722656e+00 1.165057754516601562e+01
4.000000059604644775e-01 -1.520620107650756836e+00 1.165271663665771484e+01
4.124999940395355225e-01 -6.312136054039001465e-01 1.162626838684082031e+01
4.250000119209289551e-01 3.104198873043060303e-01 1.164517784118652344e+01
4.375000000000000000e-01 1.234570622444152832e+00 1.165641784667968750e+01
4.499999880790710449e-01 2.044869422912597656e+00 1.144070911407470703e+01
4.625000059604644775e-01 2.763849973678588867e+00 1.092920780181884766e+01
4.749999940395355225e-01 3.489243030548095703e+00 1.033214950561523438e+01
4.875000119209289551e-01 4.226225376129150391e+00 9.847749710083007812e+00
5.000000000000000000e-01 4.887039184570312500e+00 9.480772018432617188e+00
5.124999880790710449e-01 5.419086456298828125e+00 9.197504997253417969e+00
5.249999761581420898e-01 5.824116230010986328e+00 9.012478828430175781e+00
5.375000238418579102e-01 6.097939014434814453e+00 8.900434494018554688e+00
5.500000119209289551e-01 6.234821796417236328e+00 8.819186210632324219e+00
5.625000000000000000e-01 6.244921207427978516e+00 8.788252830505371094e+00
5.749999880790710449e-01 6.127202510833740234e+00 8.821478843688964844e+00
5.874999761581420898e-01 5.875062942504882812e+00 8.887063026428222656e+00
6.000000238418579102e-01 5.504971027374267578e+00 8.999874114990234375e+00
6.125000119209289551e-01 5.029342651367187500e+00 9.203118324279785156e+00
6.250000000000000000e-01 4.443307399749755859e+00 9.464761734008789062e+00
6.374999880790710449e-01 3.777264356613159180e+00 9.766892433166503906e+00
6.499999761581420898e-01 3.079978466033935547e+00 1.019948005676269531e+01
6.625000238418579102e-01 2.322643756866455078e+00 1.075524330139160156e+01
6.750000119209289551e-01 1.435437321662902832e+00 1.119441890716552734e+01
6.875000000000000000e-01 4.559077322483062744e-01 1.134180450439453125e+01
6.999999880790710449e-01 -4.909523427486419678e-01 1.132880592346191406e+01
7.124999761581420898e-01 -1.360831856727600098e+00 1.134708213806152344e+01
7.250000238418579102e-01 -2.202929735183715820e+00 1.138942909240722656e+01
7.375000119209289551e-01 -3.024921655654907227e+00 1.139365959167480469e+01
7.500000000000000000e-01 -3.777722358703613281e+00 1.139920234680175781e+01
7.624999880790710449e-01 -4.444148063659667969e+00 1.143367290496826172e+01
7.749999761581420898e-01 -5.031416416168212891e+00 1.145418739318847656e+01
7.875000238418579102e-01 -5.516478538513183594e+00 1.145891380310058594e+01
8.000000119209289551e-01 -5.876225948333740234e+00 1.148489761352539062e+01
8.125000000000000000e-01 -6.118445873260498047e+00 1.151484775543212891e+01
8.249999880790710449e-01 -6.241631507873535156e+00 1.152328586578369141e+01
8.374999761581420898e-01 -6.227159976959228516e+00 1.153890800476074219e+01
8.500000238418579102e-01 -6.080327510833740234e+00 1.157060241699218750e+01
8.625000119209289551e-01 -5.817153453826904297e+00 1.158455467224121094e+01
8.750000000000000000e-01 -5.431061267852783203e+00 1.158902359008789062e+01
8.874999880790710449e-01 -4.923356056213378906e+00 1.161374855041503906e+01
8.999999761581420898e-01 -4.321025848388671875e+00 1.163246059417724609e+01
9.125000238418579102e-01 -3.634037256240844727e+00 1.162632274627685547e+01
9.250000119209289551e-01 -2.859045267105102539e+00 1.163543605804443359e+01
9.375000000000000000e-01 -2.025761604309082031e+00 1.165713024139404297e+01
9.499999880790710449e-01 -1.162177443504333496e+00 1.164139366149902344e+01
9.624999761581420898e-01 -2.496309280395507812e-01 1.162611865997314453e+01
9.750000238418579102e-01 6.984161138534545898e-01 1.166199016571044922e+01
9.875000119209289551e-01 1.582960009574890137e+00 1.160654067993164062e+01
1.000000000000000000e+00 2.344978809356689453e+00 1.125902271270751953e+01
1.012500047683715820e+00 3.057052850723266602e+00 1.067913055419921875e+01
1.024999976158142090e+00 3.794502258300781250e+00 1.011594867706298828e+01
1.037500023841857910e+00 4.511332988739013672e+00 9.686327934265136719e+00
1.049999952316284180e+00 5.121246814727783203e+00 9.353896141052246094e+00
1.062500000000000000e+00 5.600356578826904297e+00 9.109530448913574219e+00
1.075000047683715820e+00 5.953052997589111328e+00 8.961051940917968750e+00
1.087499976158142090e+00 6.170233249664306641e+00 8.863601684570312500e+00
1.100000023841857910e+00 6.253829956054687500e+00 8.798196792602539062e+00
1.112499952316284180e+00 6.212808132171630859e+00 8.795699119567871094e+00
1.125000000000000000e+00 6.039607048034667969e+00 8.845559120178222656e+00
1.137500047683715820e+00 5.736169338226318359e+00 8.924286842346191406e+00
1.149999976158142090e+00 5.322962760925292969e+00 9.072233200073242188e+00
1.162500023841857910e+00 4.801884651184082031e+00 9.306904792785644531e+00
1.174999952316284180e+00 4.176297664642333984e+00 9.580211639404296875e+00
1.187500000000000000e+00 3.494225978851318359e+00 9.923381805419921875e+00
1.200000047683715820e+00 2.781341552734375000e+00 1.042243957519531250e+01
1.212499976158142090e+00 1.975786685943603516e+00 1.096571826934814453e+01
1.225000023841857910e+00 1.037801861763000488e+00 1.128896522521972656e+01
1.237499952316284180e+00 5.778589844703674316e-02 1.134174346923828125e+01
1.250000000000000000e+00 -8.549833893775939941e-01 1.132836532592773438e+01
1.262500047683715820e+00 -1.707102298736572266e+00 1.136691856384277344e+01
1.274999976158142090e+00 -2.545109272003173828e+00 1.139547061920166016e+01
1.287500023841857910e+00 -3.344407320022583008e+00 1.139207744598388672e+01
1.299999952316284180e+00 -4.060841560363769531e+00 1.141170024871826172e+01
1.312500000000000000e+00 -4.695163726806640625e+00 1.144586086273193359e+01
1.325000047683715820e+00 -5.244800567626953125e+00 1.145549964904785156e+01
1.337499976158142090e+00 -5.679223060607910156e+00 1.146644306182861328e+01
1.350000023841857910e+00 -5.989162445068359375e+00 1.149929237365722656e+01
1.362499952316284180e+00 -6.184526443481445312e+00 1.152015781402587891e+01
1.375000000000000000e+00 -6.252842903137207031e+00 1.152678012847900391e+01
1.387500047683715820e+00 -6.181682586669921875e+00 1.155180454254150391e+01
1.399999976158142090e+00 -5.986349105834960938e+00 1.157960414886474609e+01
1.412500023841857910e+00 -5.674318313598632812e+00 1.158508872985839844e+01
1.424999952316284180e+00 -5.236193180084228516e+00 1.159689903259277344e+01
1.437500000000000000e+00 -4.686324596405029297e+00 1.162477016448974609e+01
1.450000047683715820e+00 -4.049978256225585938e+00 1.163131427764892578e+01
1.462499976158142090e+00 -3.325969219207763672e+00 1.162614440917968750e+01
1.475000023841857910e+00 -2.521697759628295898e+00 1.164613819122314453e+01
1.487499952316284180e+00 -1.675459980964660645e+00 1.165588569641113281e+01
1.500000000000000000e+00 -7.950932383537292480e-01 1.162963771820068359e+01
1.512500047683715820e+00 1.393303722143173218e-01 1.163757038116455078e+01
1.524999976158142090e+00 1.075203657150268555e+00 1.166455364227294922e+01
1.537500023841857910e+00 1.908712983131408691e+00 1.150362682342529297e+01
1.549999952316284180e+00 2.636671304702758789e+00 1.103550052642822266e+01
1.562500000000000000e+00 3.356390476226806641e+00 1.043411159515380859e+01
1.575000047683715820e+00 4.096775054931640625e+00 9.924407958984375000e+00
1.587499976158142090e+00 4.777406215667724609e+00 9.540439605712890625e+00
1.600000023841857910e+00 5.333134651184082031e+00 9.241538047790527344e+00
1.612499952316284180e+00 5.760677814483642578e+00 9.038704872131347656e+00
1.625000000000000000e+00 6.058962821960449219e+00 8.917762756347656250e+00
1.637500047683715820e+00 6.219911098480224609e+00 8.831279754638671875e+00
1.649999976158142090e+00 6.252196311950683594e+00 8.788587570190429688e+00
1.662500023841857910e+00 6.158301830291748047e+00 8.812245368957519531e+00
1.674999952316284180e+00 5.929749488830566406e+00 8.873331069946289062e+00
1.687500000000000000e+00 5.579159736633300781e+00 8.973505020141601562e+00
1.700000047683715820e+00 5.122868061065673828e+00 9.160443305969238281e+00
1.712499976158142090e+00 4.556059360504150391e+00 9.415912628173828125e+00
1.725000023841857910e+00 3.900012254714965820e+00 9.706200599670410156e+00
1.737499952316284180e+00 3.207416534423828125e+00 1.010903358459472656e+01
1.750000000000000000e+00 2.466872215270996094e+00 1.065536022186279297e+01
1.762500047683715820e+00 1.604643702507019043e+00 1.113596820831298828e+01
1.774999976158142090e+00 6.328241825103759766e-01 1.133420276641845703e+01
1.787500023841857910e+00 -3.271990418434143066e-01 1.133214569091796875e+01
1.799999952316284180e+00 -1.208287835121154785e+00 1.133943557739257812e+01
1.812500000000000000e+00 -2.052204608917236328e+00 1.138412284851074219e+01
1.825000047683715820e+00 -2.881004095077514648e+00 1.139485168457031250e+01
1.837499976158142090e+00 -3.649152994155883789e+00 1.139556217193603516e+01
1.850000023841857910e+00 -4.330258846282958984e+00 1.142713260650634766e+01
1.862499952316284180e+00 -4.932435035705566406e+00 1.145274257659912109e+01
1.875000000000000000e+00 -5.438411712646484375e+00 1.145716094970703125e+01
1.887500047683715820e+00 -5.820700645446777344e+00 1.147863674163818359e+01
1.899999976158142090e+00 -6.083244323730468750e+00 1.151108264923095703e+01
1.912500023841857910e+00 -6.229237556457519531e+00 1.152244567871093750e+01
1.924999952316284180e+00 -6.240097045898437500e+00 1.153424930572509766e+01
1.937500000000000000e+00 -6.115468502044677734e+00 1.156534290313720703e+01
1.950000047683715820e+00 -5.873058795928955078e+00 1.158387470245361328e+01
1.962499976158142090e+00 -5.509851455688476562e+00 1.158701419830322266e+01
1.975000023841857910e+00 -5.022325515747070312e+00 1.160834598541259766e+01
1.987499952316284180e+00 -4.435234546661376953e+00 1.163137531280517578e+01
2.000000000000000000e+00 -3.764059543609619141e+00 1.162765598297119141e+01
