0.000000000000000000e+00 6.194132328033447266e+00 8.849166870117187500e+00
1.250000018626451492e-02 6.255359649658203125e+00 8.792648315429687500e+00
2.500000037252902985e-02 6.191191673278808594e+00 8.802231788635253906e+00
3.750000149011611938e-02 5.992751121520996094e+00 8.857579231262207031e+00
5.000000074505805969e-02 5.666866302490234375e+00 8.944869041442871094e+00
6.250000000000000000e-02 5.233239650726318359e+00 9.110881805419921875e+00
7.500000298023223877e-02 4.689799308776855469e+00 9.356958389282226562e+00
8.749999850988388062e-02 4.047368526458740234e+00 9.637379646301269531e+00
1.000000014901161194e-01 3.358623981475830078e+00 1.000740814208984375e+01
1.124999970197677612e-01 2.632914066314697266e+00 1.053367328643798828e+01
1.250000000000000000e-01 1.798920392990112305e+00 1.105382442474365234e+01
1.375000029802322388e-01 8.398380279541015625e-01 1.131625652313232422e+01
1.500000059604644775e-01 -1.345965862274169922e-01 1.133685684204101562e+01
1.624999940395355225e-01 -1.032733678817749023e+00 1.133230018615722656e+01
1.749999970197677612e-01 -1.881552815437316895e+00 1.137609481811523438e+01
1.875000000000000000e-01 -2.717569351196289062e+00 1.139551925659179688e+01
2.000000029802322388e-01 -3.503364086151123047e+00 1.139286327362060547e+01
2.125000059604644775e-01 -4.202651023864746094e+00 1.141947269439697266e+01
2.249999940395355225e-01 -4.821612834930419922e+00 1.145002269744873047e+01
2.374999970197677612e-01 -5.350016117095947266e+00 1.145599174499511719e+01
2.500000000000000000e-01 -5.757440090179443359e+00 1.147243499755859375e+01
2.624999880790710449e-01 -6.042165279388427734e+00 1.150613975524902344e+01
2.750000059604644775e-01 -6.211425781250000000e+00 1.152161312103271484e+01
2.874999940395355225e-01 -6.248417854309082031e+00 1.153039169311523438e+01
3.000000119209289551e-01 -6.146908760070800781e+00 1.155957508087158203e+01
3.125000000000000000e-01 -5.924713611602783203e+00 1.158267688751220703e+01
3.249999880790710449e-01 -5.583292484283447266e+00 1.158597946166992188e+01
3.375000059604644775e-01 -5.115528583526611328e+00 1.160337924957275391e+01
3.499999940395355225e-01 -4.542534828186035156e+00 1.162949848175048828e+01
3.625000119209289551e-01 -3.884784936904907227e+00 1.162950038909912109e+01
3.750000000000000000e-01 -3.137691020965576172e+00 1.162890625000000000e+01
3.874999880790710449e-01 -2.317916154861450195e+00 1.165229797363281250e+01
4.000000059604644775e-01 -1.463128209114074707e+00 1.165154266357421875e+01
4.124999940395355225e-01 -5.682334899902343750e-01 1.162583446502685547e+01
4.250000119209289551e-01 3.775496780872344971e-01 1.164869785308837891e+01
4.375000000000000000e-01 1.297950387001037598e+00 1.165132808685302734e+01
4.499999880790710449e-01 2.100614786148071289e+00 1.141179752349853516e+01
4.625000059604644775e-01 2.818332433700561523e+00 1.088336563110351562e+01
4.749999940395355225e-01 3.547621726989746094e+00 1.028932857513427734e+01
4.875000119209289551e-01 4.283457279205322266e+00 9.815054893493652344e+00
5.000000000000000000e-01 4.935992717742919922e+00 9.454447746276855469e+00
5.124999880790710449e-01 5.458202362060546875e+00 9.178107261657714844e+00
5.249999761581420898e-01 5.853222846984863281e+00 9.000900268554687500e+00
5.375000238418579102e-01 6.115435123443603516e+00 8.892305374145507812e+00
5.500000119209289551e-01 6.240585803985595703e+00 8.813806533813476562e+00
5.625000000000000000e-01 6.239191532135009766e+00 8.789134025573730469e+00
5.749999880790710449e-01 6.108435630798339844e+00 8.826891899108886719e+00
5.874999761581420898e-01 5.843216896057128906e+00 8.895200729370117188e+00
6.000000238418579102e-01 5.461744785308837891e+00 9.016027450561523438e+00
6.125000119209289551e-01 4.974008560180664062e+00 9.228336334228515625e+00
6.250000000000000000e-01 4.376065731048583984e+00 9.493561744689941406e+00
6.374999880790710449e-01 3.703648805618286133e+00 9.804916381835937500e+00
6.499999761581420898e-01 3.001673460006713867e+00 1.025645542144775391e+01
6.625000238418579102e-01 2.231159687042236328e+00 1.081479740142822266e+01
6.750000119209289551e-01 1.327121734619140625e+00 1.122554016113281250e+01
6.875000000000000000e-01 3.429882228374481201e-01 1.134346580505371094e+01
6.999999880790710449e-01 -5.965759158134460449e-01 1.132723903656005859e+01
7.124999761581420898e-01 -1.462032675743103027e+00 1.135245895385742188e+01
7.250000238418579102e-01 -2.304824590682983398e+00 1.139186954498291016e+01
7.375000119209289551e-01 -3.122739315032958984e+00 1.139267349243164062e+01
7.500000000000000000e-01 -3.866089105606079102e+00 1.140230083465576172e+01
7.624999880790710449e-01 -4.523752689361572266e+00 1.143781280517578125e+01
7.749999761581420898e-01 -5.100944042205810547e+00 1.145468711853027344e+01
7.875000238418579102e-01 -5.571124076843261719e+00 1.146069526672363281e+01
8.000000119209289551e-01 -5.915090084075927734e+00 1.148965167999267578e+01
8.125000000000000000e-01 -6.142412185668945312e+00 1.151708602905273438e+01
8.249999880790710449e-01 -6.247788429260253906e+00 1.152416992187500000e+01
8.374999761581420898e-01 -6.213658332824707031e+00 1.154312705993652344e+01
8.500000238418579102e-01 -6.049377441406250000e+00 1.157437324523925781e+01
8.625000119209289551e-01 -5.768696308135986328e+00 1.158495426177978516e+01
8.750000000000000000e-01 -5.363080978393554688e+00 1.159151840209960938e+01
8.874999880790710449e-01 -4.838387489318847656e+00 1.161830711364746094e+01
8.999999761581420898e-01 -4.222231864929199219e+00 1.163280582427978516e+01
9.125000238418579102e-01 -3.520087957382202148e+00 1.162598037719726562e+01
9.250000119209289551e-01 -2.731605291366577148e+00 1.163967800140380859e+01
9.375000000000000000e-01 -1.891140937805175781e+00 1.165799236297607422e+01
9.499999880790710449e-01 -1.019857406616210938e+00 1.163680458068847656e+01
9.624999761581420898e-01 -9.622882306575775146e-02 1.162975788116455078e+01
9.750000238418579102e-01 8.513920903205871582e-01 1.166611289978027344e+01
9.875000119209289551e-01 1.717999577522277832e+00 1.157190895080566406e+01
1.000000000000000000e+00 2.465489864349365234e+00 1.117164421081542969e+01
1.012500047683715820e+00 3.180747032165527344e+00 1.057617473602294922e+01
1.024999976158142090e+00 3.922391176223754883e+00 1.003292751312255859e+01
1.037500023841857910e+00 4.627054691314697266e+00 9.622926712036132812e+00
1.049999952316284180e+00 5.215125560760498047e+00 9.303857803344726562e+00
1.062500000000000000e+00 5.672762870788574219e+00 9.076884269714355469e+00
1.075000047683715820e+00 6.002522945404052734e+00 8.941409111022949219e+00
1.087499976158142090e+00 6.194919586181640625e+00 8.848660469055175781e+00
1.100000023841857910e+00 6.255352020263671875e+00 8.792488098144531250e+00
1.112499952316284180e+00 6.190367698669433594e+00 8.802483558654785156e+00
1.125000000000000000e+00 5.991067409515380859e+00 8.858004570007324219e+00
1.137500047683715820e+00 5.664451122283935547e+00 8.945617675781250000e+00
1.149999976158142090e+00 5.230159282684326172e+00 9.112238883972167969e+00
1.162500023841857910e+00 4.686007976531982422e+00 9.358640670776367188e+00
1.174999952316284180e+00 4.043100357055664062e+00 9.639313697814941406e+00
1.187500000000000000e+00 3.354197502136230469e+00 1.001026630401611328e+01
1.200000047683715820e+00 2.628065347671508789e+00 1.053728389739990234e+01
1.212499976158142090e+00 1.793188095092773438e+00 1.105646800994873047e+01
1.225000023841857910e+00 8.335754275321960449e-01 1.131694793701171875e+01
1.237499952316284180e+00 -1.405444294214248657e-01 1.133669948577880859e+01
1.250000000000000000e+00 -1.038186669349670410e+00 1.133247566223144531e+01
1.262500047683715820e+00 -1.886883139610290527e+00 1.137636280059814453e+01
1.274999976158142090e+00 -2.722758054733276367e+00 1.139550590515136719e+01
1.287500023841857910e+00 -3.508065938949584961e+00 1.139291858673095703e+01
1.299999952316284180e+00 -4.206805706024169922e+00 1.141971397399902344e+01
1.312500000000000000e+00 -4.825271606445312500e+00 1.145012569427490234e+01
1.325000047683715820e+00 -5.352995395660400391e+00 1.145601749420166016e+01
1.337499976158142090e+00 -5.759610176086425781e+00 1.147262763977050781e+01
1.350000023841857910e+00 -6.043604373931884766e+00 1.150632095336914062e+01
1.362499952316284180e+00 -6.212098598480224609e+00 1.152164459228515625e+01
1.375000000000000000e+00 -6.248198509216308594e+00 1.153051185607910156e+01
1.387500047683715820e+00 -6.145865440368652344e+00 1.155978584289550781e+01
1.399999976158142090e+00 -5.922942638397216797e+00 1.158273696899414062e+01
1.412500023841857910e+00 -5.580726623535156250e+00 1.158601188659667969e+01
1.424999952316284180e+00 -5.112201690673828125e+00 1.160356140136718750e+01
1.437500000000000000e+00 -4.538638114929199219e+00 1.162959480285644531e+01
1.450000047683715820e+00 -3.880347490310668945e+00 1.162944030761718750e+01
1.462499976158142090e+00 -3.132694005966186523e+00 1.162899780273437500e+01
1.475000023841857910e+00 -2.312594652175903320e+00 1.165243148803710938e+01
1.487499952316284180e+00 -1.457628726959228516e+00 1.165139007568359375e+01
1.500000000000000000e+00 -5.623874068260192871e-01 1.162577438354492188e+01
1.512500047683715820e+00 3.835752308368682861e-01 1.164898109436035156e+01
1.524999976158142090e+00 1.303442716598510742e+00 1.165079021453857422e+01
1.537500023841857910e+00 2.105311870574951172e+00 1.140923118591308594e+01
1.549999952316284180e+00 2.822835922241210938e+00 1.087952232360839844e+01
1.562500000000000000e+00 3.552332639694213867e+00 1.028587532043457031e+01
1.575000047683715820e+00 4.287937164306640625e+00 9.812480926513671875e+00
1.587499976158142090e+00 4.939712047576904297e+00 9.452426910400390625e+00
1.600000023841857910e+00 5.461094379425048828e+00 9.176670074462890625e+00
1.612499952316284180e+00 5.855311870574951172e+00 9.000061988830566406e+00
1.625000000000000000e+00 6.116649150848388672e+00 8.891720771789550781e+00
1.637500047683715820e+00 6.240965366363525391e+00 8.813439369201660156e+00
1.649999976158142090e+00 6.238784313201904297e+00 8.789205551147460938e+00
1.662500023841857910e+00 6.107173442840576172e+00 8.827249526977539062e+00
1.674999952316284180e+00 5.841144561767578125e+00 8.895737648010253906e+00
1.687500000000000000e+00 5.459001064300537109e+00 9.017080307006835938e+00
1.700000047683715820e+00 4.970566749572753906e+00 9.229913711547851562e+00
1.712499976158142090e+00 4.371983051300048828e+00 9.495318412780761719e+00
1.725000023841857910e+00 3.699288368225097656e+00 9.807233810424804688e+00
1.737499952316284180e+00 2.997106552124023438e+00 1.025983619689941406e+01
1.750000000000000000e+00 2.225888013839721680e+00 1.081816101074218750e+01
1.762500047683715820e+00 1.321018815040588379e+00 1.122717952728271484e+01
1.774999976158142090e+00 3.368007838726043701e-01 1.134351921081542969e+01
1.787500023841857910e+00 -6.022396087646484375e-01 1.132719421386718750e+01
1.799999952316284180e+00 -1.467386245727539062e+00 1.135276508331298828e+01
1.812500000000000000e+00 -2.310123443603515625e+00 1.139198780059814453e+01
1.825000047683715820e+00 -3.127716064453125000e+00 1.139263725280761719e+01
1.837499976158142090e+00 -3.870502710342407227e+00 1.140248107910156250e+01
1.850000023841857910e+00 -4.527666091918945312e+00 1.143801593780517578e+01
1.862499952316284180e+00 -5.104291439056396484e+00 1.145471096038818359e+01
1.875000000000000000e+00 -5.573694705963134766e+00 1.146079826354980469e+01
1.887500047683715820e+00 -5.916882514953613281e+00 1.148987865447998047e+01
1.899999976158142090e+00 -6.143483638763427734e+00 1.151717853546142578e+01
1.912500023841857910e+00 -6.248019218444824219e+00 1.152421569824218750e+01
1.924999952316284180e+00 -6.213004589080810547e+00 1.154332256317138672e+01
1.937500000000000000e+00 -6.047967910766601562e+00 1.157452392578125000e+01
1.950000047683715820e+00 -5.766536235809326172e+00 1.158496189117431641e+01
1.962499976158142090e+00 -5.360111713409423828e+00 1.159163188934326172e+01
1.975000023841857910e+00 -4.834754467010498047e+00 1.161848545074462891e+01
1.987499952316284180e+00 -4.218072891235351562e+00 1.163279533386230469e+01
2.000000000000000000e+00 -3.515356302261352539e+00 1.162596702575683594e+01
