0.000000000000000000e+00 6.193576335906982422e+00 8.849452972412109375e+00
1.250000018626451492e-02 6.255072593688964844e+00 8.792707443237304688e+00
2.500000037252902985e-02 6.190632343292236328e+00 8.802336692810058594e+00
3.750000149011611938e-02 5.991332530975341797e+00 8.857844352722167969e+00
5.000000074505805969e-02 5.664136409759521484e+00 8.945552825927734375e+00
6.250000000000000000e-02 5.228816509246826172e+00 9.112602233886718750e+00
7.500000298023223877e-02 4.683166503906250000e+00 9.359661102294921875e+00
8.749999850988388062e-02 4.038506031036376953e+00 9.641093254089355469e+00
1.000000014901161194e-01 3.347989320755004883e+00 1.001382637023925781e+01
1.124999970197677612e-01 2.619770765304565430e+00 1.054294776916503906e+01
1.250000000000000000e-01 1.781606674194335938e+00 1.106132221221923828e+01
1.375000029802322388e-01 8.188498020172119141e-01 1.131810665130615234e+01
1.500000059604644775e-01 -1.565876603126525879e-01 1.133587169647216797e+01
1.624999940395355225e-01 -1.054773807525634766e+00 1.133264541625976562e+01
1.749999970197677612e-01 -1.904854178428649902e+00 1.137691211700439453e+01
1.875000000000000000e-01 -2.741922616958618164e+00 1.139513015747070312e+01
2.000000029802322388e-01 -3.526952981948852539e+00 1.139286041259765625e+01
2.125000059604644775e-01 -4.224833011627197266e+00 1.142049884796142578e+01
2.249999940395355225e-01 -4.842291831970214844e+00 1.145035839080810547e+01
2.374999970197677612e-01 -5.367752075195312500e+00 1.145595359802246094e+01
2.500000000000000000e-01 -5.770977973937988281e+00 1.147351169586181641e+01
2.624999880790710449e-01 -6.051478385925292969e+00 1.150720405578613281e+01
2.750000059604644775e-01 -6.215758800506591797e+00 1.152174854278564453e+01
2.874999940395355225e-01 -6.246348381042480469e+00 1.153125667572021484e+01
3.000000119209289551e-01 -6.138387680053710938e+00 1.156117916107177734e+01
3.125000000000000000e-01 -5.909946441650390625e+00 1.158316612243652344e+01
3.249999880790710449e-01 -5.561221122741699219e+00 1.158634757995605469e+01
3.375000059604644775e-01 -5.085968494415283203e+00 1.160508823394775391e+01
3.499999940395355225e-01 -4.506708621978759766e+00 1.163045024871826172e+01
3.625000119209289551e-01 -3.842541456222534180e+00 1.162911605834960938e+01
3.750000000000000000e-01 -3.088546991348266602e+00 1.163006114959716797e+01
3.874999880790710449e-01 -2.263912439346313477e+00 1.165380191802978516e+01
4.000000059604644775e-01 -1.405473828315734863e+00 1.165012168884277344e+01
4.124999940395355225e-01 -5.049758553504943848e-01 1.162559986114501953e+01
4.250000119209289551e-01 4.445684254169464111e-01 1.165210342407226562e+01
4.375000000000000000e-01 1.360645532608032227e+00 1.164477252960205078e+01
4.499999880790710449e-01 2.155840873718261719e+00 1.138104152679443359e+01
4.625000059604644775e-01 2.872924566268920898e+00 1.083710289001464844e+01
4.749999940395355225e-01 3.606071949005126953e+00 1.024729061126708984e+01
4.875000119209289551e-01 4.340106010437011719e+00 9.782983779907226562e+00
5.000000000000000000e-01 4.984030723571777344e+00 9.428537368774414062e+00
5.124999880790710449e-01 5.496431350708007812e+00 9.159360885620117188e+00
5.249999761581420898e-01 5.881329059600830078e+00 8.989745140075683594e+00
5.375000238418579102e-01 6.131825923919677734e+00 8.884241104125976562e+00
5.500000119209289551e-01 6.245312690734863281e+00 8.808785438537597656e+00
5.625000000000000000e-01 6.232338905334472656e+00 8.790505409240722656e+00
5.749999880790710449e-01 6.088411808013916016e+00 8.832411766052246094e+00
5.874999761581420898e-01 5.810271739959716797e+00 8.903704643249511719e+00
6.000000238418579102e-01 5.417488098144531250e+00 9.033092498779296875e+00
6.125000119209289551e-01 4.917485713958740234e+00 9.253974914550781250e+00
6.250000000000000000e-01 4.307997703552246094e+00 9.522603988647460938e+00
6.374999880790710449e-01 3.629816532135009766e+00 9.844545364379882812e+00
6.499999761581420898e-01 2.922635793685913086e+00 1.031486701965332031e+01
6.625000238418579102e-01 2.137914180755615234e+00 1.087229728698730469e+01
6.750000119209289551e-01 1.217691659927368164e+00 1.125241661071777344e+01
6.875000000000000000e-01 2.307829856872558594e-01 1.134325599670410156e+01
6.999999880790710449e-01 -7.010751366615295410e-01 1.132646274566650391e+01
7.124999761581420898e-01 -1.562998890876770020e+00 1.135795307159423828e+01
7.250000238418579102e-01 -2.406416654586791992e+00 1.139345836639404297e+01
7.375000119209289551e-01 -3.219336271286010742e+00 1.139179420471191406e+01
7.500000000000000000e-01 -3.953070402145385742e+00 1.140583229064941406e+01
7.624999880790710449e-01 -4.602104663848876953e+00 1.144144439697265625e+01
7.749999761581420898e-01 -5.168648242950439453e+00 1.145486259460449219e+01
7.875000238418579102e-01 -5.623509407043457031e+00 1.146291923522949219e+01
8.000000119209289551e-01 -5.951891422271728516e+00 1.149427413940429688e+01
8.125000000000000000e-01 -6.164145469665527344e+00 1.151873779296875000e+01
8.249999880790710449e-01 -6.251214981079101562e+00 1.152527236938476562e+01
8.374999761581420898e-01 -6.197582244873046875e+00 1.154758262634277344e+01
8.500000238418579102e-01 -6.016123294830322266e+00 1.157750511169433594e+01
8.625000119209289551e-01 -5.717592716217041016e+00 1.158515930175781250e+01
8.750000000000000000e-01 -5.292481422424316406e+00 1.159451770782470703e+01
8.874999880790710449e-01 -4.751459598541259766e+00 1.162243938446044922e+01
8.999999761581420898e-01 -4.121505260467529297e+00 1.163242340087890625e+01
9.125000238418579102e-01 -3.404019117355346680e+00 1.162619781494140625e+01
9.250000119209289551e-01 -2.602950572967529297e+00 1.164404010772705078e+01
9.375000000000000000e-01 -1.755903720855712891e+00 1.165748310089111328e+01
9.499999880790710449e-01 -8.760861754417419434e-01 1.163250732421875000e+01
9.624999761581420898e-01 5.803389847278594971e-02 1.163502693176269531e+01
9.750000238418579102e-01 1.002013325691223145e+00 1.166665267944335938e+01
9.875000119209289551e-01 1.849369406700134277e+00 1.152790546417236328e+01
1.000000000000000000e+00 2.585133552551269531e+00 1.107831954956054688e+01
1.012500047683715820e+00 3.305517196655273438e+00 1.047524356842041016e+01
1.024999976158142090e+00 4.049160957336425781e+00 9.954106330871582031e+00
1.037500023841857910e+00 4.739003181457519531e+00 9.561924934387207031e+00
1.049999952316284180e+00 5.304937362670898438e+00 9.256572723388671875e+00
1.062500000000000000e+00 5.741158962249755859e+00 9.047253608703613281e+00
1.075000047683715820e+00 6.047428131103515625e+00 8.922870635986328125e+00
1.087499976158142090e+00 6.215173721313476562e+00 8.834675788879394531e+00
1.100000023841857910e+00 6.252646446228027344e+00 8.789169311523437500e+00
1.112499952316284180e+00 6.163142204284667969e+00 8.810734748840332031e+00
1.125000000000000000e+00 5.937890052795410156e+00 8.871198654174804688e+00
1.137500047683715820e+00 5.588890075683593750e+00 8.969936370849609375e+00
1.149999976158142090e+00 5.133203506469726562e+00 9.155387878417968750e+00
1.162500023841857910e+00 4.566142082214355469e+00 9.411123275756835938e+00
1.174999952316284180e+00 3.908266782760620117e+00 9.701678276062011719e+00
1.187500000000000000e+00 3.213083267211914062e+00 1.010423660278320312e+01
1.200000047683715820e+00 2.470179796218872070e+00 1.065210819244384766e+01
1.212499976158142090e+00 1.604845046997070312e+00 1.113511371612548828e+01
1.225000023841857910e+00 6.288098692893981934e-01 1.133370113372802734e+01
1.237499952316284180e+00 -3.350153565406799316e-01 1.133126831054687500e+01
1.250000000000000000e+00 -1.219204187393188477e+00 1.133929157257080078e+01
1.262500047683715820e+00 -2.066437721252441406e+00 1.138411998748779297e+01
1.274999976158142090e+00 -2.898005247116088867e+00 1.139420318603515625e+01
1.287500023841857910e+00 -3.667386293411254883e+00 1.139551067352294922e+01
1.299999952316284180e+00 -4.349000453948974609e+00 1.142780780792236328e+01
1.312500000000000000e+00 -4.951028823852539062e+00 1.145272159576416016e+01
1.325000047683715820e+00 -5.454946517944335938e+00 1.145717716217041016e+01
1.337499976158142090e+00 -5.833692073822021484e+00 1.147986030578613281e+01
1.350000023841857910e+00 -6.092196941375732422e+00 1.151200675964355469e+01
1.362499952316284180e+00 -6.232594490051269531e+00 1.152261543273925781e+01
1.375000000000000000e+00 -6.235939025878906250e+00 1.153561878204345703e+01
1.387500047683715820e+00 -6.103544235229492188e+00 1.156724643707275391e+01
1.399999976158142090e+00 -5.852934360504150391e+00 1.158436012268066406e+01
1.412500023841857910e+00 -5.479762077331542969e+00 1.158793926239013672e+01
1.424999952316284180e+00 -4.982139587402343750e+00 1.161084461212158203e+01
1.437500000000000000e+00 -4.386152744293212891e+00 1.163235473632812500e+01
1.450000047683715820e+00 -3.705222129821777344e+00 1.162745857238769531e+01
1.462499976158142090e+00 -2.934842109680175781e+00 1.163377285003662109e+01
1.475000023841857910e+00 -2.101646900177001953e+00 1.165679836273193359e+01
1.487499952316284180e+00 -1.237358808517456055e+00 1.164463615417480469e+01
1.500000000000000000e+00 -3.258378803730010986e-01 1.162587165832519531e+01
1.512500047683715820e+00 6.262680292129516602e-01 1.165999412536621094e+01
1.524999976158142090e+00 1.522986650466918945e+00 1.161958694458007812e+01
1.537500023841857910e+00 2.295733928680419922e+00 1.129350090026855469e+01
1.549999952316284180e+00 3.010459184646606445e+00 1.071954727172851562e+01
1.562500000000000000e+00 3.749165534973144531e+00 1.014733409881591797e+01
1.575000047683715820e+00 4.472746849060058594e+00 9.708406448364257812e+00
1.587499976158142090e+00 5.092318534851074219e+00 9.369892120361328125e+00
1.600000023841857910e+00 5.579926490783691406e+00 9.119355201721191406e+00
1.612499952316284180e+00 5.940061092376708984e+00 8.966447830200195312e+00
1.625000000000000000e+00 6.163836956024169922e+00 8.867254257202148438e+00
1.637500047683715820e+00 6.252447605133056641e+00 8.799783706665039062e+00
1.649999976158142090e+00 6.215323448181152344e+00 8.794966697692871094e+00
1.662500023841857910e+00 6.045181751251220703e+00 8.844030380249023438e+00
1.674999952316284180e+00 5.743291854858398438e+00 8.922066688537597656e+00
1.687500000000000000e+00 5.330362319946289062e+00 9.068766593933105469e+00
1.700000047683715820e+00 4.808807373046875000e+00 9.303396224975585938e+00
1.712499976158142090e+00 4.181534290313720703e+00 9.577449798583984375e+00
1.725000023841857910e+00 3.496812105178833008e+00 9.921072006225585938e+00
1.737499952316284180e+00 2.781190872192382812e+00 1.042162227630615234e+01
1.750000000000000000e+00 1.972221016883850098e+00 1.096682167053222656e+01
1.762500047683715820e+00 1.029714465141296387e+00 1.128956699371337891e+01
1.774999976158142090e+00 4.571299999952316284e-02 1.134079074859619141e+01
1.787500023841857910e+00 -8.698263168334960938e-01 1.132793712615966797e+01
1.799999952316284180e+00 -1.724962592124938965e+00 1.136732769012451172e+01
1.812500000000000000e+00 -2.566070795059204102e+00 1.139505290985107422e+01
1.825000047683715820e+00 -3.366811752319335938e+00 1.139161968231201172e+01
1.837499976158142090e+00 -4.083394050598144531e+00 1.141246128082275391e+01
1.850000023841857910e+00 -4.717515468597412109e+00 1.144634437561035156e+01
1.862499952316284180e+00 -5.265370368957519531e+00 1.145527553558349609e+01
1.875000000000000000e+00 -5.695917606353759766e+00 1.146736812591552734e+01
1.887500047683715820e+00 -6.001331806182861328e+00 1.150077533721923828e+01
1.899999976158142090e+00 -6.191225528717041016e+00 1.152049350738525391e+01
1.912500023841857910e+00 -6.251838684082031250e+00 1.152757740020751953e+01
1.924999952316284180e+00 -6.172049999237060547e+00 1.155401229858398438e+01
1.937500000000000000e+00 -5.968220710754394531e+00 1.158077144622802734e+01
1.950000047683715820e+00 -5.646214008331298828e+00 1.158546733856201172e+01
1.962499976158142090e+00 -5.196969985961914062e+00 1.159912872314453125e+01
1.975000023841857910e+00 -4.637264728546142578e+00 1.162684917449951172e+01
1.987499952316284180e+00 -3.991270780563354492e+00 1.163106441497802734e+01
2.000000000000000000e+00 -3.256320714950561523e+00 1.162731647491455078e+01
