0.000000000000000000e+00 6.193010330200195312e+00 8.849841117858886719e+00
1.250000018626451492e-02 6.254776000976562500e+00 8.792868614196777344e+00
2.500000037252902985e-02 6.190063953399658203e+00 8.802544593811035156e+00
3.750000149011611938e-02 5.989902973175048828e+00 8.858212471008300781e+00
5.000000074505805969e-02 5.661394119262695312e+00 8.946341514587402344e+00
6.250000000000000000e-02 5.224378108978271484e+00 9.114429473876953125e+00
7.500000298023223877e-02 4.676516056060791016e+00 9.362465858459472656e+00
8.749999850988388062e-02 4.029631614685058594e+00 9.644917488098144531e+00
1.000000014901161194e-01 3.337346792221069336e+00 1.002038002014160156e+01
1.124999970197677612e-01 2.606596708297729492e+00 1.055232048034667969e+01
1.250000000000000000e-01 1.764244198799133301e+00 1.106881427764892578e+01
1.375000029802322388e-01 7.978543043136596680e-01 1.131994152069091797e+01
1.500000059604644775e-01 -1.785323023796081543e-01 1.133498668670654297e+01
1.624999940395355225e-01 -1.076779842376708984e+00 1.133313274383544922e+01
1.749999970197677612e-01 -1.928144812583923340e+00 1.137780380249023438e+01
1.875000000000000000e-01 -2.766221284866333008e+00 1.139482116699218750e+01
2.000000029802322388e-01 -3.550439834594726562e+00 1.139299869537353516e+01
2.125000059604644775e-01 -4.246915340423583984e+00 1.142162990570068359e+01
2.249999940395355225e-01 -4.862843036651611328e+00 1.145075416564941406e+01
2.374999970197677612e-01 -5.385293960571289062e+00 1.145604038238525391e+01
2.500000000000000000e-01 -5.784304141998291016e+00 1.147472476959228516e+01
2.624999880790710449e-01 -6.060575485229492188e+00 1.150832653045654297e+01
2.750000059604644775e-01 -6.219812393188476562e+00 1.152197742462158203e+01
2.874999940395355225e-01 -6.243960380554199219e+00 1.153228569030761719e+01
3.000000119209289551e-01 -6.129574298858642578e+00 1.156286621093750000e+01
3.125000000000000000e-01 -5.894860744476318359e+00 1.158369922637939453e+01
3.249999880790710449e-01 -5.538776874542236328e+00 1.158687973022460938e+01
3.375000059604644775e-01 -5.056087017059326172e+00 1.160693073272705078e+01
3.499999940395355225e-01 -4.470609188079833984e+00 1.163139152526855469e+01
3.625000119209289551e-01 -3.799968719482421875e+00 1.162884616851806641e+01
3.750000000000000000e-01 -3.039125680923461914e+00 1.163143825531005859e+01
3.874999880790710449e-01 -2.209794759750366211e+00 1.165526771545410156e+01
4.000000059604644775e-01 -1.347643256187438965e+00 1.164867210388183594e+01
4.124999940395355225e-01 -4.414487779140472412e-01 1.162578010559082031e+01
4.250000119209289551e-01 5.114280581474304199e-01 1.165551948547363281e+01
4.375000000000000000e-01 1.422633171081542969e+00 1.163686847686767578e+01
4.499999880790710449e-01 2.210585594177246094e+00 1.134870243072509766e+01
4.625000059604644775e-01 2.927644968032836914e+00 1.079074859619140625e+01
4.749999940395355225e-01 3.664538860321044922e+00 1.020625877380371094e+01
4.875000119209289551e-01 4.396111488342285156e+00 9.751692771911621094e+00
5.000000000000000000e-01 5.031137466430664062e+00 9.403247833251953125e+00
5.124999880790710449e-01 5.533757686614990234e+00 9.141468048095703125e+00
5.249999761581420898e-01 5.908403396606445312e+00 8.979166030883789062e+00
5.375000238418579102e-01 6.147098541259765625e+00 8.876441001892089844e+00
5.500000119209289551e-01 6.248990535736083984e+00 8.804363250732421875e+00
5.625000000000000000e-01 6.224330902099609375e+00 8.792541503906250000e+00
5.749999880790710449e-01 6.067120552062988281e+00 8.838224411010742188e+00
5.874999761581420898e-01 5.776235580444335938e+00 8.912844657897949219e+00
6.000000238418579102e-01 5.372175216674804688e+00 9.051270484924316406e+00
6.125000119209289551e-01 4.859766006469726562e+00 9.280153274536132812e+00
6.250000000000000000e-01 4.239169120788574219e+00 9.552173614501953125e+00
6.374999880790710449e-01 3.555773973464965820e+00 9.886098861694335938e+00
6.499999761581420898e-01 2.842735052108764648e+00 1.037465476989746094e+01
6.625000238418579102e-01 2.042872428894042969e+00 1.092753124237060547e+01
6.750000119209289551e-01 1.107342720031738281e+00 1.127532577514648438e+01
6.875000000000000000e-01 1.194440871477127075e-01 1.134179878234863281e+01
6.999999880790710449e-01 -8.045296072959899902e-01 1.132676124572753906e+01
7.124999761581420898e-01 -1.663797616958618164e+00 1.136357498168945312e+01
7.250000238418579102e-01 -2.507596254348754883e+00 1.139443874359130859e+01
7.375000119209289551e-01 -3.314628839492797852e+00 1.139135837554931641e+01
7.500000000000000000e-01 -4.038690567016601562e+00 1.140990257263183594e+01
7.624999880790710449e-01 -4.679160118103027344e+00 1.144469451904296875e+01
7.749999761581420898e-01 -5.234425544738769531e+00 1.145503425598144531e+01
7.875000238418579102e-01 -5.673627853393554688e+00 1.146578598022460938e+01
8.000000119209289551e-01 -5.986639022827148438e+00 1.149883651733398438e+01
8.125000000000000000e-01 -6.183562755584716797e+00 1.152006530761718750e+01
8.249999880790710449e-01 -6.251875400543212891e+00 1.152689266204833984e+01
8.374999761581420898e-01 -6.178985118865966797e+00 1.155235671997070312e+01
8.500000238418579102e-01 -5.980538368225097656e+00 1.158016014099121094e+01
8.625000119209289551e-01 -5.663786888122558594e+00 1.158553028106689453e+01
8.750000000000000000e-01 -5.219339847564697266e+00 1.159817409515380859e+01
8.874999880790710449e-01 -4.662631988525390625e+00 1.162617874145507812e+01
8.999999761581420898e-01 -4.018784046173095703e+00 1.163166332244873047e+01
9.125000238418579102e-01 -3.285895824432373047e+00 1.162728595733642578e+01
9.250000119209289551e-01 -2.473258256912231445e+00 1.164843368530273438e+01
9.375000000000000000e-01 -1.619981288909912109e+00 1.165581417083740234e+01
9.499999880790710449e-01 -7.307692766189575195e-01 1.162915229797363281e+01
9.624999761581420898e-01 2.127458304166793823e-01 1.164174270629882812e+01
9.750000238418579102e-01 1.149792075157165527e+00 1.166258049011230469e+01
9.875000119209289551e-01 1.977319955825805664e+00 1.147461223602294922e+01
1.000000000000000000e+00 2.704462528228759766e+00 1.098063278198242188e+01
1.012500047683715820e+00 3.431232452392578125e+00 1.037743473052978516e+01
1.024999976158142090e+00 4.174236774444580078e+00 9.879400253295898438e+00
1.037500023841857910e+00 4.846975803375244141e+00 9.503363609313964844e+00
1.049999952316284180e+00 5.390744686126708984e+00 9.212428092956542969e+00
1.062500000000000000e+00 5.805453777313232422e+00 9.020571708679199219e+00
1.075000047683715820e+00 6.087719440460205078e+00 8.905364990234375000e+00
1.087499976158142090e+00 6.231080055236816406e+00 8.822130203247070312e+00
1.100000023841857910e+00 6.245644569396972656e+00 8.788476943969726562e+00
1.112499952316284180e+00 6.131058692932128906e+00 8.820324897766113281e+00
1.125000000000000000e+00 5.880238533020019531e+00 8.885612487792968750e+00
1.137500047683715820e+00 5.509529113769531250e+00 8.997809410095214844e+00
1.149999976158142090e+00 5.031983852386474609e+00 9.201393127441406250e+00
1.162500023841857910e+00 4.442622661590576172e+00 9.464492797851562500e+00
1.174999952316284180e+00 3.772228717803955078e+00 9.768568038940429688e+00
1.187500000000000000e+00 3.070405244827270508e+00 1.020511341094970703e+01
1.200000047683715820e+00 2.306998729705810547e+00 1.076445007324218750e+01
1.212499976158142090e+00 1.411417961120605469e+00 1.120068264007568359e+01
1.225000023841857910e+00 4.248035252094268799e-01 1.134149742126464844e+01
1.237499952316284180e+00 -5.255449414253234863e-01 1.132732582092285156e+01
1.250000000000000000e+00 -1.398710489273071289e+00 1.134825515747070312e+01
1.262500047683715820e+00 -2.245589494705200195e+00 1.138985347747802734e+01
1.274999976158142090e+00 -3.070216178894042969e+00 1.139256381988525391e+01
1.287500023841857910e+00 -3.822371244430541992e+00 1.140012168884277344e+01
1.299999952316284180e+00 -4.487514495849609375e+00 1.143549156188964844e+01
1.312500000000000000e+00 -5.072009086608886719e+00 1.145412635803222656e+01
1.325000047683715820e+00 -5.550442695617675781e+00 1.145966053009033203e+01
1.337499976158142090e+00 -5.901667118072509766e+00 1.148782157897949219e+01
1.350000023841857910e+00 -6.134790897369384766e+00 1.151634407043457031e+01
1.362499952316284180e+00 -6.245718002319335938e+00 1.152388668060302734e+01
1.375000000000000000e+00 -6.216271400451660156e+00 1.154217433929443359e+01
1.387500047683715820e+00 -6.054894447326660156e+00 1.157380390167236328e+01
1.399999976158142090e+00 -5.776081085205078125e+00 1.158512878417968750e+01
1.412500023841857910e+00 -5.371544837951660156e+00 1.159145450592041016e+01
1.424999952316284180e+00 -4.846487045288085938e+00 1.161820316314697266e+01
1.437500000000000000e+00 -4.228818416595458984e+00 1.163322353363037109e+01
1.450000047683715820e+00 -3.524537086486816406e+00 1.162647533416748047e+01
1.462499976158142090e+00 -2.733119010925292969e+00 1.164012336730957031e+01
1.475000023841857910e+00 -1.889140605926513672e+00 1.165852832794189453e+01
1.487499952316284180e+00 -1.014027357101440430e+00 1.163724231719970703e+01
1.500000000000000000e+00 -8.607459068298339844e-02 1.163070011138916016e+01
1.512500047683715820e+00 8.652149438858032227e-01 1.166689777374267578e+01
1.524999976158142090e+00 1.733392953872680664e+00 1.156792068481445312e+01
1.537500023841857910e+00 2.482080698013305664e+00 1.115986537933349609e+01
1.549999952316284180e+00 3.200462818145751953e+00 1.056081771850585938e+01
1.562500000000000000e+00 3.945147514343261719e+00 1.001927375793457031e+01
1.575000047683715820e+00 4.649698734283447266e+00 9.611102104187011719e+00
1.587499976158142090e+00 5.235296726226806641e+00 9.293500900268554688e+00
1.600000023841857910e+00 5.689642906188964844e+00 9.069725990295410156e+00
1.612499952316284180e+00 6.014598846435546875e+00 8.936695098876953125e+00
1.625000000000000000e+00 6.200752258300781250e+00 8.844768524169921875e+00
1.637500047683715820e+00 6.254473686218261719e+00 8.791385650634765625e+00
1.649999976158142090e+00 6.181454181671142578e+00 8.805176734924316406e+00
1.662500023841857910e+00 5.972595691680908203e+00 8.862551689147949219e+00
1.674999952316284180e+00 5.636726856231689453e+00 8.954125404357910156e+00
1.687500000000000000e+00 5.192949295043945312e+00 9.128385543823242188e+00
1.700000047683715820e+00 4.637901782989501953e+00 9.379526138305664062e+00
1.712499976158142090e+00 3.986393928527832031e+00 9.664749145507812500e+00
1.725000023841857910e+00 3.292548894882202148e+00 1.004990863800048828e+01
1.737499952316284180e+00 2.557182312011718750e+00 1.058875083923339844e+01
1.750000000000000000e+00 1.705782413482666016e+00 1.109425640106201172e+01
1.762500047683715820e+00 7.345725297927856445e-01 1.132577419281005859e+01
1.774999976158142090e+00 -2.381706535816192627e-01 1.133340740203857422e+01
1.787500023841857910e+00 -1.131611227989196777e+00 1.133521556854248047e+01
1.799999952316284180e+00 -1.981942653656005859e+00 1.138030815124511719e+01
1.812500000000000000e+00 -2.818308830261230469e+00 1.139454746246337891e+01
1.825000047683715820e+00 -3.597373962402343750e+00 1.139379787445068359e+01
1.837499976158142090e+00 -4.288390159606933594e+00 1.142407798767089844e+01
1.850000023841857910e+00 -4.899204730987548828e+00 1.145159530639648438e+01
1.862499952316284180e+00 -5.414528369903564453e+00 1.145641231536865234e+01
1.875000000000000000e+00 -5.805359363555908203e+00 1.147681808471679688e+01
1.887500047683715820e+00 -6.074284076690673828e+00 1.150996685028076172e+01
1.899999976158142090e+00 -6.225586414337158203e+00 1.152226638793945312e+01
1.912500023841857910e+00 -6.240645885467529297e+00 1.153371143341064453e+01
1.924999952316284180e+00 -6.118084907531738281e+00 1.156490612030029297e+01
1.937500000000000000e+00 -5.875983238220214844e+00 1.158411407470703125e+01
1.950000047683715820e+00 -5.511749267578125000e+00 1.158739280700683594e+01
1.962499976158142090e+00 -5.021576404571533203e+00 1.160885047912597656e+01
1.975000023841857910e+00 -4.430512905120849609e+00 1.163204288482666016e+01
1.987499952316284180e+00 -3.754285573959350586e+00 1.162828826904296875e+01
2.000000000000000000e+00 -2.987967491149902344e+00 1.163267326354980469e+01
