0.000000000000000000e+00 6.192443847656250000e+00 8.850238800048828125e+00
1.250000018626451492e-02 6.254479885101318359e+00 8.793038368225097656e+00
2.500000037252902985e-02 6.189495086669921875e+00 8.802760124206542969e+00
3.750000149011611938e-02 5.988471508026123047e+00 8.858586311340332031e+00
5.000000074505805969e-02 5.658648014068603516e+00 8.947139739990234375e+00
6.250000000000000000e-02 5.219933032989501953e+00 9.116268157958984375e+00
7.500000298023223877e-02 4.669854640960693359e+00 9.365277290344238281e+00
8.749999850988388062e-02 4.020751953125000000e+00 9.648756980895996094e+00
1.000000014901161194e-01 3.326700925827026367e+00 1.002697181701660156e+01
1.124999970197677612e-01 2.593394517898559570e+00 1.056169128417968750e+01
1.250000000000000000e-01 1.746835112571716309e+00 1.107620143890380859e+01
1.375000029802322388e-01 7.768539190292358398e-01 1.132166385650634766e+01
1.500000059604644775e-01 -2.004299461841583252e-01 1.133410263061523438e+01
1.624999940395355225e-01 -1.098754167556762695e+00 1.133365917205810547e+01
1.749999970197677612e-01 -1.951427936553955078e+00 1.137866401672363281e+01
1.875000000000000000e-01 -2.790468931198120117e+00 1.139448738098144531e+01
2.000000029802322388e-01 -3.573830604553222656e+00 1.139317417144775391e+01
2.125000059604644775e-01 -4.268904209136962891e+00 1.142275524139404297e+01
2.249999940395355225e-01 -4.883272647857666016e+00 1.145110511779785156e+01
2.374999970197677612e-01 -5.402648925781250000e+00 1.145614814758300781e+01
2.500000000000000000e-01 -5.797428131103515625e+00 1.147596359252929688e+01
2.624999880790710449e-01 -6.069466114044189453e+00 1.150939464569091797e+01
2.750000059604644775e-01 -6.223594188690185547e+00 1.152219009399414062e+01
2.874999940395355225e-01 -6.241265773773193359e+00 1.153336620330810547e+01
3.000000119209289551e-01 -6.120481014251708984e+00 1.156451511383056641e+01
3.125000000000000000e-01 -5.879464149475097656e+00 1.158416652679443359e+01
3.249999880790710449e-01 -5.515969753265380859e+00 1.158747100830078125e+01
3.375000059604644775e-01 -5.025898456573486328e+00 1.160879135131835938e+01
3.499999940395355225e-01 -4.434244155883789062e+00 1.163221549987792969e+01
3.625000119209289551e-01 -3.757071256637573242e+00 1.162860012054443359e+01
3.750000000000000000e-01 -2.989442586898803711e+00 1.163292884826660156e+01
3.874999880790710449e-01 -2.155571699142456055e+00 1.165658092498779297e+01
4.000000059604644775e-01 -1.289627075195312500e+00 1.164712047576904297e+01
4.124999940395355225e-01 -3.776632547378540039e-01 1.162628936767578125e+01
4.250000119209289551e-01 5.780841112136840820e-01 1.165876770019531250e+01
4.375000000000000000e-01 1.483903050422668457e+00 1.162744617462158203e+01
4.499999880790710449e-01 2.264900922775268555e+00 1.131476116180419922e+01
4.625000059604644775e-01 2.982523918151855469e+00 1.074434089660644531e+01
4.749999940395355225e-01 3.722985744476318359e+00 1.016615676879882812e+01
4.875000119209289551e-01 4.451439857482910156e+00 9.721055030822753906e+00
5.000000000000000000e-01 5.077324390411376953e+00 9.378505706787109375e+00
5.124999880790710449e-01 5.570191383361816406e+00 9.124341011047363281e+00
5.249999761581420898e-01 5.934444904327392578e+00 8.969027519226074219e+00
5.375000238418579102e-01 6.161272048950195312e+00 8.868824005126953125e+00
5.500000119209289551e-01 6.251634120941162109e+00 8.800481796264648438e+00
5.625000000000000000e-01 6.215164184570312500e+00 8.795114517211914062e+00
5.749999880790710449e-01 6.044582366943359375e+00 8.844224929809570312e+00
5.874999761581420898e-01 5.741140365600585938e+00 8.922595024108886719e+00
6.000000238418579102e-01 5.325802326202392578e+00 9.070447921752929688e+00
6.125000119209289551e-01 4.800871372222900391e+00 9.306703567504882812e+00
6.250000000000000000e-01 4.169667243957519531e+00 9.582279205322265625e+00
6.374999880790710449e-01 3.481526374816894531e+00 9.929580688476562500e+00
6.499999761581420898e-01 2.761848926544189453e+00 1.043542194366455078e+01
6.625000238418579102e-01 1.946031689643859863e+00 1.098001766204833984e+01
6.750000119209289551e-01 9.962859153747558594e-01 1.129431152343750000e+01
6.875000000000000000e-01 9.097339585423469543e-03 1.133939933776855469e+01
6.999999880790710449e-01 -9.070388674736022949e-01 1.132806015014648438e+01
7.124999761581420898e-01 -1.764484167098999023e+00 1.136903572082519531e+01
7.250000238418579102e-01 -2.608257532119750977e+00 1.139477634429931641e+01
7.375000119209289551e-01 -3.408567190170288086e+00 1.139137554168701172e+01
7.500000000000000000e-01 -4.122995853424072266e+00 1.141429328918457031e+01
7.624999880790710449e-01 -4.754883289337158203e+00 1.144741344451904297e+01
7.749999761581420898e-01 -5.298207283020019531e+00 1.145522499084472656e+01
7.875000238418579102e-01 -5.721514701843261719e+00 1.146916294097900391e+01
8.000000119209289551e-01 -6.019358158111572266e+00 1.150311470031738281e+01
8.125000000000000000e-01 -6.200606346130371094e+00 1.152104473114013672e+01
8.249999880790710449e-01 -6.249783039093017578e+00 1.152898693084716797e+01
8.374999761581420898e-01 -6.157947540283203125e+00 1.155719661712646484e+01
8.500000238418579102e-01 -5.942608356475830078e+00 1.158222103118896484e+01
8.625000119209289551e-01 -5.607264518737792969e+00 1.158611106872558594e+01
8.750000000000000000e-01 -5.143772125244140625e+00 1.160228919982910156e+01
8.874999880790710449e-01 -4.571966648101806641e+00 1.162928581237792969e+01
8.999999761581420898e-01 -3.914024353027343750e+00 1.163061237335205078e+01
9.125000238418579102e-01 -3.165830612182617188e+00 1.162919616699218750e+01
9.250000119209289551e-01 -2.342695713043212891e+00 1.165246295928955078e+01
9.375000000000000000e-01 -1.483271002769470215e+00 1.165301227569580078e+01
9.499999880790710449e-01 -5.838718414306640625e-01 1.162705421447753906e+01
9.624999761581420898e-01 3.674284219741821289e-01 1.164922523498535156e+01
9.750000238418579102e-01 1.294333934783935547e+00 1.165261745452880859e+01
9.875000119209289551e-01 2.102229356765747070e+00 1.141212558746337891e+01
1.000000000000000000e+00 2.823976993560791016e+00 1.087994289398193359e+01
1.012500047683715820e+00 3.557651042938232422e+00 1.028331947326660156e+01
1.024999976158142090e+00 4.297089099884033203e+00 9.808365821838378906e+00
1.037500023841857910e+00 4.950875759124755859e+00 9.447108268737792969e+00
1.049999952316284180e+00 5.472622394561767578e+00 9.171489715576171875e+00
1.062500000000000000e+00 5.865566253662109375e+00 8.996413230895996094e+00
1.075000047683715820e+00 6.123415470123291016e+00 8.888632774353027344e+00
1.087499976158142090e+00 6.242742061614990234e+00 8.811241149902343750e+00
1.100000023841857910e+00 6.234276294708251953e+00 8.790237426757812500e+00
1.112499952316284180e+00 6.094116210937500000e+00 8.830881118774414062e+00
1.125000000000000000e+00 5.818318843841552734e+00 8.901529312133789062e+00
1.137500047683715820e+00 5.426376819610595703e+00 9.029360771179199219e+00
1.149999976158142090e+00 4.926455974578857422e+00 9.249597549438476562e+00
1.162500023841857910e+00 4.315899848937988281e+00 9.518868446350097656e+00
1.174999952316284180e+00 3.635308980941772461e+00 9.840914726257324219e+00
1.187500000000000000e+00 2.925532341003417969e+00 1.031186676025390625e+01
1.200000047683715820e+00 2.138032674789428711e+00 1.087149524688720703e+01
1.212499976158142090e+00 1.213846325874328613e+00 1.125263595581054688e+01
1.225000023841857910e+00 2.227100878953933716e-01 1.134258842468261719e+01
1.237499952316284180e+00 -7.123418450355529785e-01 1.132590103149414062e+01
1.250000000000000000e+00 -1.577299356460571289e+00 1.135826969146728516e+01
1.262500047683715820e+00 -2.423970222473144531e+00 1.139326858520507812e+01
1.274999976158142090e+00 -3.238862991333007812e+00 1.139130306243896484e+01
1.287500023841857910e+00 -3.973155498504638672e+00 1.140642070770263672e+01
1.299999952316284180e+00 -4.622346401214599609e+00 1.144208431243896484e+01
1.312500000000000000e+00 -5.187778949737548828e+00 1.145471858978271484e+01
1.325000047683715820e+00 -5.639431476593017578e+00 1.146363449096679688e+01
1.337499976158142090e+00 -5.963743686676025391e+00 1.149579620361328125e+01
1.350000023841857910e+00 -6.171168327331542969e+00 1.151926898956298828e+01
1.362499952316284180e+00 -6.251296520233154297e+00 1.152592086791992188e+01
1.375000000000000000e+00 -6.189507961273193359e+00 1.154969024658203125e+01
1.387500047683715820e+00 -6.000002861022949219e+00 1.157893371582031250e+01
1.399999976158142090e+00 -5.692170619964599609e+00 1.158555603027343750e+01
1.412500023841857910e+00 -5.256371974945068359e+00 1.159653472900390625e+01
1.424999952316284180e+00 -4.705674171447753906e+00 1.162475013732910156e+01
1.437500000000000000e+00 -4.066487312316894531e+00 1.163244438171386719e+01
1.450000047683715820e+00 -3.338423967361450195e+00 1.162712383270263672e+01
1.462499976158142090e+00 -2.528297901153564453e+00 1.164702224731445312e+01
1.475000023841857910e+00 -1.675065994262695312e+00 1.165709590911865234e+01
1.487499952316284180e+00 -7.870944142341613770e-01 1.163084125518798828e+01
1.500000000000000000e+00 1.557244658470153809e-01 1.163965797424316406e+01
1.512500047683715820e+00 1.098338603973388672e+00 1.166508674621582031e+01
1.524999976158142090e+00 1.935043811798095703e+00 1.149395656585693359e+01
1.537500023841857910e+00 2.666556119918823242e+00 1.101271629333496094e+01
1.549999952316284180e+00 3.392998933792114258e+00 1.040738105773925781e+01
1.562500000000000000e+00 4.138299465179443359e+00 9.901157379150390625e+00
1.575000047683715820e+00 4.817784786224365234e+00 9.519582748413085938e+00
1.587499976158142090e+00 5.368901252746582031e+00 9.223837852478027344e+00
1.600000023841857910e+00 5.790107250213623047e+00 9.027099609375000000e+00
1.612499952316284180e+00 6.078737258911132812e+00 8.909538269042968750e+00
1.625000000000000000e+00 6.227741241455078125e+00 8.824879646301269531e+00
1.637500047683715820e+00 6.247003078460693359e+00 8.788599967956542969e+00
1.649999976158142090e+00 6.136918067932128906e+00 8.818638801574707031e+00
1.662500023841857910e+00 5.889927864074707031e+00 8.883167266845703125e+00
1.674999952316284180e+00 5.521802902221679688e+00 8.993249893188476562e+00
1.687500000000000000e+00 5.046426296234130859e+00 9.194647789001464844e+00
1.700000047683715820e+00 4.458680152893066406e+00 9.457417488098144531e+00
1.712499976158142090e+00 3.788145542144775391e+00 9.760214805603027344e+00
1.725000023841857910e+00 3.085536241531372070e+00 1.019373703002929688e+01
1.737499952316284180e+00 2.322738647460937500e+00 1.075354957580566406e+01
1.750000000000000000e+00 1.427884221076965332e+00 1.119532299041748047e+01
1.762500047683715820e+00 4.396251738071441650e-01 1.134084320068359375e+01
1.774999976158142090e+00 -5.139273405075073242e-01 1.132719230651855469e+01
1.787500023841857910e+00 -1.389609098434448242e+00 1.134748268127441406e+01
1.799999952316284180e+00 -2.238305091857910156e+00 1.138942337036132812e+01
1.812500000000000000e+00 -3.064973354339599609e+00 1.139239501953125000e+01
1.825000047683715820e+00 -3.819167613983154297e+00 1.139980983734130859e+01
1.837499976158142090e+00 -4.485936164855957031e+00 1.143524742126464844e+01
1.850000023841857910e+00 -5.071722507476806641e+00 1.145399856567382812e+01
1.862499952316284180e+00 -5.551026821136474609e+00 1.145959377288818359e+01
1.875000000000000000e+00 -5.902588367462158203e+00 1.148790454864501953e+01
1.887500047683715820e+00 -6.135577678680419922e+00 1.151642131805419922e+01
1.899999976158142090e+00 -6.245747566223144531e+00 1.152396583557128906e+01
1.912500023841857910e+00 -6.214901924133300781e+00 1.154255199432373047e+01
1.924999952316284180e+00 -6.051774501800537109e+00 1.157421016693115234e+01
1.937500000000000000e+00 -5.770730018615722656e+00 1.158529376983642578e+01
1.950000047683715820e+00 -5.363311290740966797e+00 1.159193229675292969e+01
1.962499976158142090e+00 -4.835252761840820312e+00 1.161895084381103516e+01
1.975000023841857910e+00 -4.214602947235107422e+00 1.163343906402587891e+01
1.987499952316284180e+00 -3.506829500198364258e+00 1.162671661376953125e+01
2.000000000000000000e+00 -2.711970567703247070e+00 1.164109611511230469e+01
