0.000000000000000000e+00 6.191877365112304688e+00 8.850625991821289062e+00
1.250000018626451492e-02 6.254184246063232422e+00 8.793197631835937500e+00
2.500000037252902985e-02 6.188925743103027344e+00 8.802966117858886719e+00
3.750000149011611938e-02 5.987038135528564453e+00 8.858951568603515625e+00
5.000000074505805969e-02 5.655898571014404297e+00 8.947932243347167969e+00
6.250000000000000000e-02 5.215480804443359375e+00 9.118106842041015625e+00
7.500000298023223877e-02 4.663181781768798828e+00 9.368084907531738281e+00
8.749999850988388062e-02 4.011865615844726562e+00 9.652604103088378906e+00
1.000000014901161194e-01 3.316051006317138672e+00 1.003359699249267578e+01
1.124999970197677612e-01 2.580163240432739258e+00 1.057105541229248047e+01
1.250000000000000000e-01 1.729379057884216309e+00 1.108348083496093750e+01
1.375000029802322388e-01 7.558487057685852051e-01 1.132327461242675781e+01
1.500000059604644775e-01 -2.222819477319717407e-01 1.133322334289550781e+01
1.624999940395355225e-01 -1.120699286460876465e+00 1.133422660827636719e+01
1.749999970197677612e-01 -1.974703907966613770e+00 1.137949943542480469e+01
1.875000000000000000e-01 -2.814663887023925781e+00 1.139414215087890625e+01
2.000000029802322388e-01 -3.597126007080078125e+00 1.139339733123779297e+01
2.125000059604644775e-01 -4.290801048278808594e+00 1.142388725280761719e+01
2.249999940395355225e-01 -4.903580188751220703e+00 1.145142650604248047e+01
2.374999970197677612e-01 -5.419816970825195312e+00 1.145629596710205078e+01
2.500000000000000000e-01 -5.810352325439453125e+00 1.147724342346191406e+01
2.624999880790710449e-01 -6.078149795532226562e+00 1.151042747497558594e+01
2.750000059604644775e-01 -6.227103233337402344e+00 1.152241516113281250e+01
2.874999940395355225e-01 -6.238266468048095703e+00 1.153451919555664062e+01
3.000000119209289551e-01 -6.111109256744384766e+00 1.156614398956298828e+01
3.125000000000000000e-01 -5.863753318786621094e+00 1.158459281921386719e+01
3.249999880790710449e-01 -5.492800235748291016e+00 1.158814334869384766e+01
3.375000059604644775e-01 -4.995407581329345703e+00 1.161067390441894531e+01
3.499999940395355225e-01 -4.397610664367675781e+00 1.163293552398681641e+01
3.625000119209289551e-01 -3.713847875595092773e+00 1.162839984893798828e+01
3.750000000000000000e-01 -2.939508199691772461e+00 1.163452911376953125e+01
3.874999880790710449e-01 -2.101246833801269531e+00 1.165772914886474609e+01
4.000000059604644775e-01 -1.231412768363952637e+00 1.164549636840820312e+01
4.124999940395355225e-01 -3.136318325996398926e-01 1.162713623046875000e+01
4.250000119209289551e-01 6.444918513298034668e-01 1.166176033020019531e+01
4.375000000000000000e-01 1.544449329376220703e+00 1.161643409729003906e+01
4.499999880790710449e-01 2.318837642669677734e+00 1.127929401397705078e+01
4.625000059604644775e-01 3.037581205368041992e+00 1.069798660278320312e+01
4.749999940395355225e-01 3.781365394592285156e+00 1.012697505950927734e+01
4.875000119209289551e-01 4.506054878234863281e+00 9.691017150878906250e+00
5.000000000000000000e-01 5.122597694396972656e+00 9.354310035705566406e+00
5.124999880790710449e-01 5.605731487274169922e+00 9.107952117919921875e+00
5.249999761581420898e-01 5.959443092346191406e+00 8.959262847900390625e+00
5.375000238418579102e-01 6.174355506896972656e+00 8.861380577087402344e+00
5.500000119209289551e-01 6.253246307373046875e+00 8.797148704528808594e+00
5.625000000000000000e-01 6.204824924468994141e+00 8.798167228698730469e+00
5.749999880790710449e-01 6.020811557769775391e+00 8.850393295288085938e+00
5.874999761581420898e-01 5.705008029937744141e+00 8.933007240295410156e+00
6.000000238418579102e-01 5.278354167938232422e+00 9.090583801269531250e+00
6.125000119209289551e-01 4.740822792053222656e+00 9.333550453186035156e+00
6.250000000000000000e-01 4.099573135375976562e+00 9.613037109375000000e+00
6.374999880790710449e-01 3.407056331634521484e+00 9.975053787231445312e+00
6.499999761581420898e-01 2.679849147796630859e+00 1.049682807922363281e+01
6.625000238418579102e-01 1.847414135932922363e+00 1.102941131591796875e+01
6.750000119209289551e-01 8.847374916076660156e-01 1.130957794189453125e+01
6.875000000000000000e-01 -1.001623123884201050e-01 1.133644580841064453e+01
6.999999880790710449e-01 -1.008714556694030762e+00 1.133033752441406250e+01
7.124999761581420898e-01 -1.865089654922485352e+00 1.137417507171630859e+01
7.250000238418579102e-01 -2.708284378051757812e+00 1.139458084106445312e+01
7.375000119209289551e-01 -3.501114845275878906e+00 1.139194202423095703e+01
7.500000000000000000e-01 -4.206025600433349609e+00 1.141888809204101562e+01
7.624999880790710449e-01 -4.829217910766601562e+00 1.144960021972656250e+01
7.749999761581420898e-01 -5.359925270080566406e+00 1.145557689666748047e+01
7.875000238418579102e-01 -5.767205238342285156e+00 1.147301197052001953e+01
8.000000119209289551e-01 -6.050054073333740234e+00 1.150703144073486328e+01
8.125000000000000000e-01 -6.215207576751708984e+00 1.152180767059326172e+01
8.249999880790710449e-01 -6.244957447052001953e+00 1.153161811828613281e+01
8.374999761581420898e-01 -6.134533882141113281e+00 1.156198215484619141e+01
8.500000238418579102e-01 -5.902296543121337891e+00 1.158374595642089844e+01
8.625000119209289551e-01 -5.548018932342529297e+00 1.158705806732177734e+01
8.750000000000000000e-01 -5.065891265869140625e+00 1.160675144195556641e+01
8.874999880790710449e-01 -4.479490756988525391e+00 1.163167953491210938e+01
8.999999761581420898e-01 -3.807183265686035156e+00 1.162949371337890625e+01
9.125000238418579102e-01 -3.043959617614746094e+00 1.163191509246826172e+01
9.250000119209289551e-01 -2.211395502090454102e+00 1.165584468841552734e+01
9.375000000000000000e-01 -1.345636010169982910e+00 1.164930534362792969e+01
9.499999880790710449e-01 -4.354285895824432373e-01 1.162654304504394531e+01
9.624999761581420898e-01 5.215532183647155762e-01 1.165669345855712891e+01
9.750000238418579102e-01 1.435352444648742676e+00 1.163568496704101562e+01
9.875000119209289551e-01 2.224570035934448242e+00 1.134093284606933594e+01
1.000000000000000000e+00 2.944078445434570312e+00 1.077768230438232422e+01
1.012500047683715820e+00 3.684414148330688477e+00 1.019330310821533203e+01
1.024999976158142090e+00 4.417232036590576172e+00 9.740600585937500000e+00
1.037500023841857910e+00 5.050671100616455078e+00 9.393190383911132812e+00
1.049999952316284180e+00 5.550612449645996094e+00 9.133818626403808594e+00
1.062500000000000000e+00 5.921399116516113281e+00 8.974371910095214844e+00
1.075000047683715820e+00 6.154556274414062500e+00 8.872592926025390625e+00
1.087499976158142090e+00 6.250230789184570312e+00 8.802290916442871094e+00
1.100000023841857910e+00 6.218443870544433594e+00 8.794242858886718750e+00
1.112499952316284180e+00 6.052352905273437500e+00 8.842195510864257812e+00
1.125000000000000000e+00 5.752321720123291016e+00 8.919395446777343750e+00
1.137500047683715820e+00 5.339379787445068359e+00 9.064621925354003906e+00
1.149999976158142090e+00 4.816640377044677734e+00 9.299435615539550781e+00
1.162500023841857910e+00 4.186480045318603516e+00 9.574737548828125000e+00
1.174999952316284180e+00 3.497655153274536133e+00 9.919574737548828125e+00
1.187500000000000000e+00 2.777712345123291016e+00 1.042301177978515625e+01
1.200000047683715820e+00 1.963037610054016113e+00 1.097066974639892578e+01
1.212499976158142090e+00 1.013278007507324219e+00 1.129128074645996094e+01
1.225000023841857910e+00 2.345561981201171875e-02 1.133940410614013672e+01
1.237499952316284180e+00 -8.958496451377868652e-01 1.132755470275878906e+01
1.250000000000000000e+00 -1.755406856536865234e+00 1.136828231811523438e+01
1.262500047683715820e+00 -2.601054191589355469e+00 1.139453887939453125e+01
1.274999976158142090e+00 -3.403550624847412109e+00 1.139115047454833984e+01
1.287500023841857910e+00 -4.119932651519775391e+00 1.141394901275634766e+01
1.299999952316284180e+00 -4.753359794616699219e+00 1.144722461700439453e+01
1.312500000000000000e+00 -5.297914981842041016e+00 1.145512104034423828e+01
1.325000047683715820e+00 -5.721974372863769531e+00 1.146914386749267578e+01
1.337499976158142090e+00 -6.020055770874023438e+00 1.150320625305175781e+01
1.350000023841857910e+00 -6.201032161712646484e+00 1.152109527587890625e+01
1.362499952316284180e+00 -6.249268054962158203e+00 1.152917861938476562e+01
1.375000000000000000e+00 -6.155974388122558594e+00 1.155763530731201172e+01
1.387500047683715820e+00 -5.938823699951171875e+00 1.158249473571777344e+01
1.399999976158142090e+00 -5.601047515869140625e+00 1.158634376525878906e+01
1.412500023841857910e+00 -5.134651184082031250e+00 1.160296535491943359e+01
1.424999952316284180e+00 -4.559995174407958984e+00 1.162983322143554688e+01
1.437500000000000000e+00 -3.898951292037963867e+00 1.163068962097167969e+01
1.450000047683715820e+00 -3.147219181060791016e+00 1.162981319427490234e+01
1.462499976158142090e+00 -2.321090459823608398e+00 1.165332508087158203e+01
1.475000023841857910e+00 -1.459119439125061035e+00 1.165269947052001953e+01
1.487499952316284180e+00 -5.562703013420104980e-01 1.162714004516601562e+01
1.500000000000000000e+00 3.978945314884185791e-01 1.165102100372314453e+01
1.512500047683715820e+00 1.323935151100158691e+00 1.164998149871826172e+01
1.524999976158142090e+00 2.129080295562744141e+00 1.139768123626708984e+01
1.537500023841857910e+00 2.851141691207885742e+00 1.085722923278808594e+01
1.549999952316284180e+00 3.587437868118286133e+00 1.026213836669921875e+01
1.562500000000000000e+00 4.326635837554931641e+00 9.791867256164550781e+00
1.575000047683715820e+00 4.976466655731201172e+00 9.433468818664550781e+00
1.587499976158142090e+00 5.493384838104248047e+00 9.161474227905273438e+00
1.600000023841857910e+00 5.881043910980224609e+00 8.990408897399902344e+00
1.612499952316284180e+00 6.132445812225341797e+00 8.884206771850585938e+00
1.625000000000000000e+00 6.245134353637695312e+00 8.808554649353027344e+00
1.637500047683715820e+00 6.229815483093261719e+00 8.791302680969238281e+00
1.649999976158142090e+00 6.081618785858154297e+00 8.834341049194335938e+00
1.662500023841857910e+00 5.797797679901123047e+00 8.906944274902343750e+00
1.674999952316284180e+00 5.398591995239257812e+00 9.040312767028808594e+00
1.687500000000000000e+00 4.890574455261230469e+00 9.265846252441406250e+00
1.700000047683715820e+00 4.272434234619140625e+00 9.537436485290527344e+00
1.712499976158142090e+00 3.587911605834960938e+00 9.867092132568359375e+00
1.725000023841857910e+00 2.873969793319702148e+00 1.035024166107177734e+01
1.737499952316284180e+00 2.076165676116943359e+00 1.090774917602539062e+01
1.750000000000000000e+00 1.141126275062561035e+00 1.126799392700195312e+01
1.762500047683715820e+00 1.484738141298294067e-01 1.134158325195312500e+01
1.774999976158142090e+00 -7.819393873214721680e-01 1.132597351074218750e+01
1.787500023841857910e+00 -1.645643830299377441e+00 1.136201000213623047e+01
1.799999952316284180e+00 -2.493120193481445312e+00 1.139386463165283203e+01
1.812500000000000000e+00 -3.304456472396850586e+00 1.139095401763916016e+01
1.825000047683715820e+00 -4.032485961914062500e+00 1.140921878814697266e+01
1.837499976158142090e+00 -4.676078319549560547e+00 1.144427967071533203e+01
1.850000023841857910e+00 -5.233843326568603516e+00 1.145480918884277344e+01
1.862499952316284180e+00 -5.674619674682617188e+00 1.146571731567382812e+01
1.875000000000000000e+00 -5.988163948059082031e+00 1.149901676177978516e+01
1.887500047683715820e+00 -6.184634208679199219e+00 1.152016830444335938e+01
1.899999976158142090e+00 -6.251168251037597656e+00 1.152719593048095703e+01
1.912500023841857910e+00 -6.175387382507324219e+00 1.155321502685546875e+01
1.924999952316284180e+00 -5.973371028900146484e+00 1.158078002929687500e+01
1.937500000000000000e+00 -5.651875972747802734e+00 1.158591938018798828e+01
1.950000047683715820e+00 -5.201606273651123047e+00 1.159942626953125000e+01
1.962499976158142090e+00 -4.639121532440185547e+00 1.162742424011230469e+01
1.975000023841857910e+00 -3.989169597625732422e+00 1.163184452056884766e+01
1.987499952316284180e+00 -3.249187469482421875e+00 1.162828063964843750e+01
2.000000000000000000e+00 -2.430277347564697266e+00 1.165031719207763672e+01
