0.000000000000000000e+00 6.278385162353515625e+00 8.792684555053710938e+00
1.250000018626451492e-02 6.300131320953369141e+00 8.772615432739257812e+00
2.500000037252902985e-02 6.278156757354736328e+00 8.776312828063964844e+00
3.750000149011611938e-02 6.210351467132568359e+00 8.800511360168457031e+00
5.000000074505805969e-02 6.095332145690917969e+00 8.836497306823730469e+00
6.250000000000000000e-02 5.935000896453857422e+00 8.880802154541015625e+00
7.500000298023223877e-02 5.733659267425537109e+00 8.941210746765136719e+00
8.749999850988388062e-02 5.494374752044677734e+00 9.030491828918457031e+00
1.000000014901161194e-01 5.216699600219726562e+00 9.153361320495605469e+00
1.124999970197677612e-01 4.898913383483886719e+00 9.300743103027343750e+00
1.250000000000000000e-01 4.543190956115722656e+00 9.459517478942871094e+00
1.375000029802322388e-01 4.158239364624023438e+00 9.630080223083496094e+00
1.500000059604644775e-01 3.755341529846191406e+00 9.833519935607910156e+00
1.624999940395355225e-01 3.339871644973754883e+00 1.009688282012939453e+01
1.749999970197677612e-01 2.905622243881225586e+00 1.042474937438964844e+01
1.875000000000000000e-01 2.438234567642211914e+00 1.078064537048339844e+01
2.000000029802322388e-01 1.926745057106018066e+00 1.109740638732910156e+01
2.125000059604644775e-01 1.374779462814331055e+00 1.131322288513183594e+01
2.249999940395355225e-01 8.021323680877685547e-01 1.140817165374755859e+01
2.374999970197677612e-01 2.346630245447158813e-01 1.141385936737060547e+01
2.500000000000000000e-01 -3.101572394371032715e-01 1.138919830322265625e+01
2.624999880790710449e-01 -8.311325311660766602e-01 1.138147544860839844e+01
2.750000059604644775e-01 -1.339119911193847656e+00 1.140197658538818359e+01
2.874999940395355225e-01 -1.844906449317932129e+00 1.143166065216064453e+01
3.000000119209289551e-01 -2.349255084991455078e+00 1.144731140136718750e+01
3.125000000000000000e-01 -2.842439174652099609e+00 1.144384574890136719e+01
3.249999880790710449e-01 -3.312087535858154297e+00 1.143546295166015625e+01
3.375000059604644775e-01 -3.751531600952148438e+00 1.143884754180908203e+01
3.499999940395355225e-01 -4.161562442779541016e+00 1.145674228668212891e+01
3.625000119209289551e-01 -4.545235633850097656e+00 1.147710323333740234e+01
3.750000000000000000e-01 -4.901566982269287109e+00 1.148665142059326172e+01
3.874999880790710449e-01 -5.224201679229736328e+00 1.148417663574218750e+01
4.000000059604644775e-01 -5.505740165710449219e+00 1.148070049285888672e+01
4.124999940395355225e-01 -5.742954254150390625e+00 1.148746204376220703e+01
4.250000119209289551e-01 -5.937704086303710938e+00 1.150451469421386719e+01
4.375000000000000000e-01 -6.092978000640869141e+00 1.152127933502197266e+01
4.499999880790710449e-01 -6.208331108093261719e+00 1.152783012390136719e+01
4.625000059604644775e-01 -6.279351234436035156e+00 1.152504730224609375e+01
4.749999940395355225e-01 -6.301527500152587891e+00 1.152336883544921875e+01
4.875000119209289551e-01 -6.274434566497802734e+00 1.153174495697021484e+01
5.000000000000000000e-01 -6.201947212219238281e+00 1.154829311370849609e+01
5.124999880790710449e-01 -6.088331222534179688e+00 1.156227493286132812e+01
5.249999761581420898e-01 -5.934279918670654297e+00 1.156529331207275391e+01
5.375000238418579102e-01 -5.737010478973388672e+00 1.156013488769531250e+01
5.500000119209289551e-01 -5.494353771209716797e+00 1.155800056457519531e+01
5.625000000000000000e-01 -5.208611488342285156e+00 1.156677436828613281e+01
5.749999880790710449e-01 -4.886097908020019531e+00 1.158239269256591797e+01
5.874999761581420898e-01 -4.532667160034179688e+00 1.159255504608154297e+01
6.000000238418579102e-01 -4.149774074554443359e+00 1.158948135375976562e+01
6.125000119209289551e-01 -3.735300064086914062e+00 1.157867431640625000e+01
6.250000000000000000e-01 -3.288613557815551758e+00 1.157400417327880859e+01
6.374999880790710449e-01 -2.814741611480712891e+00 1.158315944671630859e+01
6.499999761581420898e-01 -2.322942018508911133e+00 1.159818267822265625e+01
6.625000238418579102e-01 -1.820388078689575195e+00 1.160204219818115234e+01
6.750000119209289551e-01 -1.307015657424926758e+00 1.158649921417236328e+01
6.875000000000000000e-01 -7.773730158805847168e-01 1.156370639801025391e+01
6.999999880790710449e-01 -2.291021347045898438e-01 1.155737781524658203e+01
7.124999761581420898e-01 3.290700316429138184e-01 1.157753658294677734e+01
7.250000238418579102e-01 8.777412176132202148e-01 1.159986400604248047e+01
7.375000119209289551e-01 1.396974682807922363e+00 1.157007694244384766e+01
7.500000000000000000e-01 1.878942131996154785e+00 1.143446254730224609e+01
7.624999880790710449e-01 2.332895517349243164e+00 1.117548561096191406e+01
7.749999761581420898e-01 2.777922630310058594e+00 1.082570648193359375e+01
7.875000238418579102e-01 3.228613138198852539e+00 1.044951725006103516e+01
8.000000119209289551e-01 3.684335708618164062e+00 1.010691165924072266e+01
8.125000000000000000e-01 4.129663944244384766e+00 9.825958251953125000e+00
8.249999880790710449e-01 4.544501781463623047e+00 9.601246833801269531e+00
8.374999761581420898e-01 4.915307044982910156e+00 9.413578987121582031e+00
8.500000238418579102e-01 5.239251136779785156e+00 9.250991821289062500e+00
8.625000119209289551e-01 5.519971847534179688e+00 9.114593505859375000e+00
8.750000000000000000e-01 5.760414600372314453e+00 9.009263992309570312e+00
8.874999880790710449e-01 5.959324836730957031e+00 8.932682037353515625e+00
8.999999761581420898e-01 6.113232135772705078e+00 8.874788284301757812e+00
9.125000238418579102e-01 6.220376014709472656e+00 8.826994895935058594e+00
9.250000119209289551e-01 6.281990528106689453e+00 8.790098190307617188e+00
9.375000000000000000e-01 6.299977779388427734e+00 8.771972656250000000e+00
9.499999880790710449e-01 6.274118423461914062e+00 8.777716636657714844e+00
9.624999761581420898e-01 6.202228546142578125e+00 8.803288459777832031e+00
9.750000238418579102e-01 6.083144187927246094e+00 8.839982986450195312e+00
9.875000119209289551e-01 5.919068813323974609e+00 8.885227203369140625e+00
1.000000000000000000e+00 5.714353561401367188e+00 8.947664260864257812e+00
1.012500047683715820e+00 5.471798896789550781e+00 9.039876937866210938e+00
1.024999976158142090e+00 5.190687656402587891e+00 9.165406227111816406e+00
1.037500023841857910e+00 4.869426727294921875e+00 9.314222335815429688e+00
1.049999952316284180e+00 4.510734558105468750e+00 9.473699569702148438e+00
1.062500000000000000e+00 4.123798847198486328e+00 9.646031379699707031e+00
1.075000047683715820e+00 3.719743013381958008e+00 9.853723526000976562e+00
1.087499976158142090e+00 3.303058624267578125e+00 1.012303829193115234e+01
1.100000023841857910e+00 2.866544008255004883e+00 1.045539474487304688e+01
1.112499952316284180e+00 2.395609140396118164e+00 1.081077194213867188e+01
1.125000000000000000e+00 1.880200147628784180e+00 1.112081623077392578e+01
1.137500047683715820e+00 1.325468063354492188e+00 1.132614135742187500e+01
1.149999976158142090e+00 7.522705197334289551e-01 1.141143894195556641e+01
1.162500023841857910e+00 1.862886399030685425e-01 1.141205406188964844e+01
1.174999952316284180e+00 -3.562704026699066162e-01 1.138741874694824219e+01
1.187500000000000000e+00 -8.755952119827270508e-01 1.138226222991943359e+01
1.200000047683715820e+00 -1.383060455322265625e+00 1.140458106994628906e+01
1.212499976158142090e+00 -1.888870596885681152e+00 1.143381309509277344e+01
1.225000023841857910e+00 -2.392741441726684570e+00 1.144766426086425781e+01
1.237499952316284180e+00 -2.884334564208984375e+00 1.144302845001220703e+01
1.250000000000000000e+00 -3.351503133773803711e+00 1.143512535095214844e+01
1.262500047683715820e+00 -3.788278102874755859e+00 1.143992328643798828e+01
1.274999976158142090e+00 -4.195920467376708984e+00 1.145864486694335938e+01
1.287500023841857910e+00 -4.577343940734863281e+00 1.147848606109619141e+01
1.299999952316284180e+00 -4.931055545806884766e+00 1.148681545257568359e+01
1.312500000000000000e+00 -5.250382423400878906e+00 1.148371124267578125e+01
1.325000047683715820e+00 -5.528113365173339844e+00 1.148078536987304688e+01
1.337499976158142090e+00 -5.761510372161865234e+00 1.148863697052001953e+01
1.350000023841857910e+00 -5.952735900878906250e+00 1.150616931915283203e+01
1.362499952316284180e+00 -6.104628086090087891e+00 1.152233123779296875e+01
1.375000000000000000e+00 -6.216340065002441406e+00 1.152785110473632812e+01
1.387500047683715820e+00 -6.283257961273193359e+00 1.152468109130859375e+01
1.399999976158142090e+00 -6.301094532012939453e+00 1.152363777160644531e+01
1.412500023841857910e+00 -6.269863605499267578e+00 1.153297710418701172e+01
1.424999952316284180e+00 -6.193665027618408203e+00 1.154978370666503906e+01
1.437500000000000000e+00 -6.076573371887207031e+00 1.156301975250244141e+01
1.450000047683715820e+00 -5.918902873992919922e+00 1.156503963470458984e+01
1.462499976158142090e+00 -5.717729568481445312e+00 1.155965614318847656e+01
1.475000023841857910e+00 -5.471161842346191406e+00 1.155829811096191406e+01
1.487499952316284180e+00 -5.181942939758300781e+00 1.156801128387451172e+01
1.500000000000000000e+00 -4.856556415557861328e+00 1.158367443084716797e+01
1.512500047683715820e+00 -4.500581741333007812e+00 1.159283256530761719e+01
1.524999976158142090e+00 -4.115047931671142578e+00 1.158867168426513672e+01
1.537500023841857910e+00 -3.697735548019409180e+00 1.157782745361328125e+01
1.549999952316284180e+00 -3.248397350311279297e+00 1.157425212860107422e+01
1.562500000000000000e+00 -2.772579908370971680e+00 1.158445835113525391e+01
1.575000047683715820e+00 -2.279644250869750977e+00 1.159919452667236328e+01
1.587499976158142090e+00 -1.776267409324645996e+00 1.160143470764160156e+01
1.600000023841857910e+00 -1.261722803115844727e+00 1.158448600769042969e+01
1.612499952316284180e+00 -7.304354310035705566e-01 1.156218433380126953e+01
1.625000000000000000e+00 -1.807698756456375122e-01 1.155816078186035156e+01
1.637500047683715820e+00 3.774454593658447266e-01 1.158002376556396484e+01
1.649999976158142090e+00 9.242536425590515137e-01 1.160023212432861328e+01
1.662500023841857910e+00 1.440313696861267090e+00 1.156307601928710938e+01
1.674999952316284180e+00 1.919255375862121582e+00 1.141671943664550781e+01
1.687500000000000000e+00 2.371636629104614258e+00 1.114789295196533203e+01
1.700000047683715820e+00 2.816748142242431641e+00 1.079306507110595703e+01
1.712499976158142090e+00 3.268152713775634766e+00 1.041774654388427734e+01
1.725000023841857910e+00 3.723738193511962891e+00 1.007993698120117188e+01
1.737499952316284180e+00 4.167185306549072266e+00 9.804453849792480469e+00
1.750000000000000000e+00 4.578581333160400391e+00 9.583735466003417969e+00
1.762500047683715820e+00 4.945285797119140625e+00 9.398518562316894531e+00
1.774999976158142090e+00 5.265293598175048828e+00 9.238017082214355469e+00
1.787500023841857910e+00 5.542450904846191406e+00 9.104171752929687500e+00
1.799999952316284180e+00 5.779392719268798828e+00 9.001578330993652344e+00
1.812500000000000000e+00 5.974530220031738281e+00 8.927076339721679688e+00
1.825000047683715820e+00 6.124397277832031250e+00 8.870297431945800781e+00
1.837499976158142090e+00 6.227503299713134766e+00 8.823268890380859375e+00
1.850000023841857910e+00 6.285267829895019531e+00 8.787655830383300781e+00
1.862499952316284180e+00 6.299494266510009766e+00 8.771516799926757812e+00
1.875000000000000000e+00 6.269731998443603516e+00 8.779273986816406250e+00
1.887500047683715820e+00 6.193746566772460938e+00 8.806144714355468750e+00
1.899999976158142090e+00 6.070614814758300781e+00 8.843523979187011719e+00
1.912500023841857910e+00 5.902830600738525391e+00 8.889779090881347656e+00
1.924999952316284180e+00 5.694765090942382812e+00 8.954349517822265625e+00
1.937500000000000000e+00 5.448932647705078125e+00 9.049524307250976562e+00
1.950000047683715820e+00 5.164369583129882812e+00 9.177628517150878906e+00
1.962499976158142090e+00 4.839652538299560547e+00 9.327770233154296875e+00
1.975000023841857910e+00 4.478063106536865234e+00 9.487964630126953125e+00
1.987499952316284180e+00 4.089232921600341797e+00 9.662246704101562500e+00
2.000000000000000000e+00 3.684057235717773438e+00 9.874409675598144531e+00
