0.000000000000000000e+00 6.191310882568359375e+00 8.850913047790527344e+00
1.250000018626451492e-02 6.253889083862304688e+00 8.793256759643554688e+00
2.500000037252902985e-02 6.188356876373291016e+00 8.803071022033691406e+00
3.750000149011611938e-02 5.985602855682373047e+00 8.859216690063476562e+00
5.000000074505805969e-02 5.653145313262939453e+00 8.948626518249511719e+00
6.250000000000000000e-02 5.211021423339843750e+00 9.119849205017089844e+00
7.500000298023223877e-02 4.656498432159423828e+00 9.370792388916015625e+00
8.749999850988388062e-02 4.002974033355712891e+00 9.656362533569335938e+00
1.000000014901161194e-01 3.305397748947143555e+00 1.004015827178955078e+01
1.124999970197677612e-01 2.566903114318847656e+00 1.058031368255615234e+01
1.250000000000000000e-01 1.711877346038818359e+00 1.109055233001708984e+01
1.375000029802322388e-01 7.348411679267883301e-01 1.132467746734619141e+01
1.500000059604644775e-01 -2.440867424011230469e-01 1.133225154876708984e+01
1.624999940395355225e-01 -1.142615199089050293e+00 1.133473300933837891e+01
1.749999970197677612e-01 -1.997972011566162109e+00 1.138020515441894531e+01
1.875000000000000000e-01 -2.838804483413696289e+00 1.139368152618408203e+01
2.000000029802322388e-01 -3.620325326919555664e+00 1.139356517791748047e+01
2.125000059604644775e-01 -4.312606334686279297e+00 1.142491531372070312e+01
2.249999940395355225e-01 -4.923763275146484375e+00 1.145161247253417969e+01
2.374999970197677612e-01 -5.436796665191650391e+00 1.145637702941894531e+01
2.500000000000000000e-01 -5.823077201843261719e+00 1.147845172882080078e+01
2.624999880790710449e-01 -6.086625099182128906e+00 1.151131343841552734e+01
2.750000059604644775e-01 -6.230337142944335938e+00 1.152254295349121094e+01
2.874999940395355225e-01 -6.234963893890380859e+00 1.153563117980957031e+01
3.000000119209289551e-01 -6.101460456848144531e+00 1.156763553619384766e+01
3.125000000000000000e-01 -5.847726821899414062e+00 1.158487319946289062e+01
3.249999880790710449e-01 -5.469271183013916016e+00 1.158879089355468750e+01
3.375000059604644775e-01 -4.964620590209960938e+00 1.161246299743652344e+01
3.499999940395355225e-01 -4.360709667205810547e+00 1.163344573974609375e+01
3.625000119209289551e-01 -3.670299053192138672e+00 1.162815570831298828e+01
3.750000000000000000e-01 -2.889334917068481445e+00 1.163612747192382812e+01
3.874999880790710449e-01 -2.046823978424072266e+00 1.165859889984130859e+01
4.000000059604644775e-01 -1.172990083694458008e+00 1.164372730255126953e+01
4.124999940395355225e-01 -2.493716776371002197e-01 1.162822246551513672e+01
4.250000119209289551e-01 7.106049656867980957e-01 1.166430854797363281e+01
4.375000000000000000e-01 1.604268431663513184e+00 1.160367679595947266e+01
4.499999880790710449e-01 2.372446060180664062e+00 1.124229907989501953e+01
4.625000059604644775e-01 3.092829942703247070e+00 1.065170955657958984e+01
4.749999940395355225e-01 3.839628219604492188e+00 1.008861637115478516e+01
4.875000119209289551e-01 4.559921741485595703e+00 9.661454200744628906e+00
5.000000000000000000e-01 5.166962146759033203e+00 9.330589294433593750e+00
5.124999880790710449e-01 5.640374183654785156e+00 9.092201232910156250e+00
5.249999761581420898e-01 5.983388900756835938e+00 8.949740409851074219e+00
5.375000238418579102e-01 6.186360836029052734e+00 8.854042053222656250e+00
5.500000119209289551e-01 6.253828525543212891e+00 8.794298171997070312e+00
5.625000000000000000e-01 6.193301677703857422e+00 8.801567077636718750e+00
5.749999880790710449e-01 5.995826244354248047e+00 8.856647491455078125e+00
5.874999761581420898e-01 5.667856216430664062e+00 8.944055557250976562e+00
6.000000238418579102e-01 5.229815959930419922e+00 9.111538887023925781e+00
6.125000119209289551e-01 4.679651260375976562e+00 9.360548973083496094e+00
6.250000000000000000e-01 4.028965950012207031e+00 9.644489288330078125e+00
6.374999880790710449e-01 3.332330942153930664e+00 1.002245426177978516e+01
6.499999761581420898e-01 2.596611738204956055e+00 1.055840396881103516e+01
6.625000238418579102e-01 1.747070431709289551e+00 1.107531642913818359e+01
6.750000119209289551e-01 7.729189395904541016e-01 1.132128429412841797e+01
6.875000000000000000e-01 -2.082663625478744507e-01 1.133319282531738281e+01
6.999999880790710449e-01 -1.109672665596008301e+00 1.133342075347900391e+01
7.124999761581420898e-01 -1.965620994567871094e+00 1.137874507904052734e+01
7.250000238418579102e-01 -2.807558298110961914e+00 1.139387226104736328e+01
7.375000119209289551e-01 -3.592251539230346680e+00 1.139301204681396484e+01
7.500000000000000000e-01 -4.287810802459716797e+00 1.142344760894775391e+01
7.624999880790710449e-01 -4.902096748352050781e+00 1.145116806030273438e+01
7.749999761581420898e-01 -5.419523715972900391e+00 1.145609855651855469e+01
7.875000238418579102e-01 -5.810739517211914062e+00 1.147714424133300781e+01
8.000000119209289551e-01 -6.078715324401855469e+00 1.151040267944335938e+01
8.125000000000000000e-01 -6.227302074432373047e+00 1.152236557006835938e+01
8.249999880790710449e-01 -6.237433910369873047e+00 1.153467941284179688e+01
8.374999761581420898e-01 -6.108798980712890625e+00 1.156646251678466797e+01
8.500000238418579102e-01 -5.859558582305908203e+00 1.158469772338867188e+01
8.625000119209289551e-01 -5.486063480377197266e+00 1.158837413787841797e+01
8.750000000000000000e-01 -4.985813140869140625e+00 1.161129570007324219e+01
8.874999880790710449e-01 -4.385210990905761719e+00 1.163321208953857422e+01
8.999999761581420898e-01 -3.698234319686889648e+00 1.162842464447021484e+01
9.125000238418579102e-01 -2.920444011688232422e+00 1.163524913787841797e+01
9.250000119209289551e-01 -2.079453468322753906e+00 1.165822696685791016e+01
9.375000000000000000e-01 -1.206924438476562500e+00 1.164490795135498047e+01
9.499999880790710449e-01 -2.855578660964965820e-01 1.162772846221923828e+01
9.624999761581420898e-01 6.745626330375671387e-01 1.166310405731201172e+01
9.750000238418579102e-01 1.572683215141296387e+00 1.161077976226806641e+01
9.875000119209289551e-01 2.344879388809204102e+00 1.126171207427978516e+01
1.000000000000000000e+00 3.065050125122070312e+00 1.067512512207031250e+01
1.012500047683715820e+00 3.811073541641235352e+00 1.010748863220214844e+01
1.024999976158142090e+00 4.534246921539306641e+00 9.675653457641601562e+00
1.037500023841857910e+00 5.146381855010986328e+00 9.341646194458007812e+00
1.049999952316284180e+00 5.624724864959716797e+00 9.099321365356445312e+00
1.062500000000000000e+00 5.972861766815185547e+00 8.953967094421386719e+00
1.075000047683715820e+00 6.181214809417724609e+00 8.857215881347656250e+00
1.087499976158142090e+00 6.253586292266845703e+00 8.795446395874023438e+00
1.100000023841857910e+00 6.198045730590820312e+00 8.800132751464843750e+00
1.112499952316284180e+00 6.005858421325683594e+00 8.854112625122070312e+00
1.125000000000000000e+00 5.682413578033447266e+00 8.939607620239257812e+00
1.137500047683715820e+00 5.248447418212890625e+00 9.103357315063476562e+00
1.149999976158142090e+00 4.702650070190429688e+00 9.350337028503417969e+00
1.162500023841857910e+00 4.054898262023925781e+00 9.632747650146484375e+00
1.174999952316284180e+00 3.359221935272216797e+00 1.000501632690429688e+01
1.187500000000000000e+00 2.626146554946899414e+00 1.053647994995117188e+01
1.200000047683715820e+00 1.782062768936157227e+00 1.105964183807373047e+01
1.212499976158142090e+00 8.109920024871826172e-01 1.131752586364746094e+01
1.225000023841857910e+00 -1.723109930753707886e-01 1.133414554595947266e+01
1.237499952316284180e+00 -1.076666355133056641e+00 1.133219242095947266e+01
1.250000000000000000e+00 -1.933262467384338379e+00 1.137722396850585938e+01
1.262500047683715820e+00 -2.776226282119750977e+00 1.139403438568115234e+01
1.274999976158142090e+00 -3.564042091369628906e+00 1.139251995086669922e+01
1.287500023841857910e+00 -4.262902736663818359e+00 1.142197227478027344e+01
1.299999952316284180e+00 -4.880293369293212891e+00 1.145067977905273438e+01
1.312500000000000000e+00 -5.402061939239501953e+00 1.145585250854492188e+01
1.325000047683715820e+00 -5.798223495483398438e+00 1.147585964202880859e+01
1.337499976158142090e+00 -6.070637702941894531e+00 1.150944995880126953e+01
1.350000023841857910e+00 -6.224062919616699219e+00 1.152218914031982422e+01
1.362499952316284180e+00 -6.239700317382812500e+00 1.153376579284667969e+01
1.375000000000000000e+00 -6.115967273712158203e+00 1.156526470184326172e+01
1.387500047683715820e+00 -5.871210575103759766e+00 1.158449268341064453e+01
1.399999976158142090e+00 -5.502666950225830078e+00 1.158799552917480469e+01
1.412500023841857910e+00 -5.006863594055175781e+00 1.161012840270996094e+01
1.424999952316284180e+00 -4.409591197967529297e+00 1.163292694091796875e+01
1.437500000000000000e+00 -3.726032257080078125e+00 1.162871646881103516e+01
1.450000047683715820e+00 -2.951460599899291992e+00 1.163440608978271484e+01
1.462499976158142090e+00 -2.112046718597412109e+00 1.165778636932373047e+01
1.475000023841857910e+00 -1.240785002708435059e+00 1.164607429504394531e+01
1.487499952316284180e+00 -3.216724395751953125e-01 1.162734127044677734e+01
1.500000000000000000e+00 6.384258866310119629e-01 1.166178703308105469e+01
1.512500047683715820e+00 1.540893912315368652e+00 1.161741256713867188e+01
1.524999976158142090e+00 2.317237138748168945e+00 1.128075218200683594e+01
1.537500023841857910e+00 3.037328243255615234e+00 1.069859313964843750e+01
1.549999952316284180e+00 3.782490491867065430e+00 1.012658023834228516e+01
1.562500000000000000e+00 4.508399963378906250e+00 9.689984321594238281e+00
1.575000047683715820e+00 5.125605106353759766e+00 9.352833747863769531e+00
1.587499976158142090e+00 5.608891487121582031e+00 9.106591224670410156e+00
1.600000023841857910e+00 5.962130069732666016e+00 8.958256721496582031e+00
1.612499952316284180e+00 6.175870895385742188e+00 8.860430717468261719e+00
1.625000000000000000e+00 6.253162860870361328e+00 8.796701431274414062e+00
1.637500047683715820e+00 6.202589988708496094e+00 8.798770904541015625e+00
1.649999976158142090e+00 6.015697479248046875e+00 8.851610183715820312e+00
1.662500023841857910e+00 5.696815490722656250e+00 8.935280799865722656e+00
1.674999952316284180e+00 5.266916275024414062e+00 9.095307350158691406e+00
1.687500000000000000e+00 4.725493431091308594e+00 9.340157508850097656e+00
1.700000047683715820e+00 4.080767154693603516e+00 9.621129035949707031e+00
1.712499976158142090e+00 3.386073589324951172e+00 9.987847328186035156e+00
1.725000023841857910e+00 2.655512809753417969e+00 1.051456069946289062e+01
1.737499952316284180e+00 1.816850304603576660e+00 1.104354095458984375e+01
1.750000000000000000e+00 8.490516543388366699e-01 1.131338787078857422e+01
1.762500047683715820e+00 -1.362215727567672729e-01 1.133510017395019531e+01
1.774999976158142090e+00 -1.043592095375061035e+00 1.133105373382568359e+01
1.787500023841857910e+00 -1.900897383689880371e+00 1.137564373016357422e+01
1.799999952316284180e+00 -2.744812011718750000e+00 1.139416408538818359e+01
1.812500000000000000e+00 -3.535696506500244141e+00 1.139208889007568359e+01
1.825000047683715820e+00 -4.237881660461425781e+00 1.142049312591552734e+01
1.837499976158142090e+00 -4.858354091644287109e+00 1.145014572143554688e+01
1.850000023841857910e+00 -5.384412765502929688e+00 1.145563507080078125e+01
1.862499952316284180e+00 -5.785529136657714844e+00 1.147460174560546875e+01
1.875000000000000000e+00 -6.062392711639404297e+00 1.150845718383789062e+01
1.887500047683715820e+00 -6.220622062683105469e+00 1.152201080322265625e+01
1.899999976158142090e+00 -6.241761684417724609e+00 1.153289127349853516e+01
1.912500023841857910e+00 -6.122964859008789062e+00 1.156404304504394531e+01
1.924999952316284180e+00 -5.882683753967285156e+00 1.158425903320312500e+01
1.937500000000000000e+00 -5.519081592559814453e+00 1.158765411376953125e+01
1.950000047683715820e+00 -5.027769088745117188e+00 1.160896396636962891e+01
1.962499976158142090e+00 -4.433850765228271484e+00 1.163259029388427734e+01
1.975000023841857910e+00 -3.753693103790283203e+00 1.162902832031250000e+01
1.987499952316284180e+00 -2.982381343841552734e+00 1.163360023498535156e+01
2.000000000000000000e+00 -2.144603013992309570e+00 1.165728187561035156e+01
