0.000000000000000000e+00 6.190744400024414062e+00 8.851310729980468750e+00
1.250000018626451492e-02 6.253594398498535156e+00 8.793425559997558594e+00
2.500000037252902985e-02 6.187787532806396484e+00 8.803284645080566406e+00
3.750000149011611938e-02 5.984165191650390625e+00 8.859589576721191406e+00
5.000000074505805969e-02 5.650387763977050781e+00 8.949432373046875000e+00
6.250000000000000000e-02 5.206553459167480469e+00 9.121706008911132812e+00
7.500000298023223877e-02 4.649802684783935547e+00 9.373608589172363281e+00
8.749999850988388062e-02 3.994075059890747070e+00 9.660239219665527344e+00
1.000000014901161194e-01 3.294738769531250000e+00 1.004685878753662109e+01
1.124999970197677612e-01 2.553611755371093750e+00 1.058966732025146484e+01
1.250000000000000000e-01 1.694328069686889648e+00 1.109761524200439453e+01
1.375000029802322388e-01 7.138306498527526855e-01 1.132607269287109375e+01
1.500000059604644775e-01 -2.658459842205047607e-01 1.133138751983642578e+01
1.624999940395355225e-01 -1.164504885673522949e+00 1.133537292480468750e+01
1.749999970197677612e-01 -2.021233558654785156e+00 1.138097381591796875e+01
1.875000000000000000e-01 -2.862890481948852539e+00 1.139330291748046875e+01
2.000000029802322388e-01 -3.643429994583129883e+00 1.139386844635009766e+01
2.125000059604644775e-01 -4.334321022033691406e+00 1.142603111267089844e+01
2.249999940395355225e-01 -4.943820953369140625e+00 1.145185661315917969e+01
2.374999970197677612e-01 -5.453588008880615234e+00 1.145658683776855469e+01
2.500000000000000000e-01 -5.835604667663574219e+00 1.147977638244628906e+01
2.624999880790710449e-01 -6.094891548156738281e+00 1.151224422454833984e+01
2.750000059604644775e-01 -6.233294010162353516e+00 1.152277183532714844e+01
2.874999940395355225e-01 -6.231360912322998047e+00 1.153689289093017578e+01
3.000000119209289551e-01 -6.091536045074462891e+00 1.156917762756347656e+01
3.125000000000000000e-01 -5.831381797790527344e+00 1.158520603179931641e+01
3.249999880790710449e-01 -5.445384025573730469e+00 1.158960914611816406e+01
3.375000059604644775e-01 -4.933543205261230469e+00 1.161434078216552734e+01
3.499999940395355225e-01 -4.323537826538085938e+00 1.163394260406494141e+01
3.625000119209289551e-01 -3.626423597335815430e+00 1.162806987762451172e+01
3.750000000000000000e-01 -2.838932514190673828e+00 1.163790321350097656e+01
3.874999880790710449e-01 -1.992303252220153809e+00 1.165937519073486328e+01
4.000000059604644775e-01 -1.114346265792846680e+00 1.164204120635986328e+01
4.124999940395355225e-01 -1.849002540111541748e-01 1.162974643707275391e+01
4.250000119209289551e-01 7.763805985450744629e-01 1.166652488708496094e+01
4.375000000000000000e-01 1.663364887237548828e+00 1.158933258056640625e+01
4.499999880790710449e-01 2.425778627395629883e+00 1.120408248901367188e+01
4.625000059604644775e-01 3.148279428482055664e+00 1.060582351684570312e+01
4.749999940395355225e-01 3.897724628448486328e+00 1.005127811431884766e+01
4.875000119209289551e-01 4.613013744354248047e+00 9.632546424865722656e+00
5.000000000000000000e-01 5.210427284240722656e+00 9.307574272155761719e+00
5.124999880790710449e-01 5.674115180969238281e+00 9.077281951904296875e+00
5.249999761581420898e-01 6.006275177001953125e+00 8.940629959106445312e+00
5.375000238418579102e-01 6.197299957275390625e+00 8.847042083740234375e+00
5.500000119209289551e-01 6.253378391265869141e+00 8.792158126831054688e+00
5.625000000000000000e-01 6.180582523345947266e+00 8.805480957031250000e+00
5.749999880790710449e-01 5.969646453857421875e+00 8.863215446472167969e+00
5.874999761581420898e-01 5.629699707031250000e+00 8.956008911132812500e+00
6.000000238418579102e-01 5.180171012878417969e+00 9.133470535278320312e+00
6.125000119209289551e-01 4.617393016815185547e+00 9.387871742248535156e+00
6.250000000000000000e-01 3.957918643951416016e+00 9.676993370056152344e+00
6.374999880790710449e-01 3.257296800613403320e+00 1.007198047637939453e+01
6.499999761581420898e-01 2.512016773223876953e+00 1.061995887756347656e+01
6.625000238418579102e-01 1.645076155662536621e+00 1.111769008636474609e+01
6.750000119209289551e-01 6.610463857650756836e-01 1.132993698120117188e+01
6.875000000000000000e-01 -3.151791095733642578e-01 1.133015346527099609e+01
6.999999880790710449e-01 -1.210033178329467773e+00 1.133739566802978516e+01
7.124999761581420898e-01 -2.066064119338989258e+00 1.138282394409179688e+01
7.250000238418579102e-01 -2.905965328216552734e+00 1.139298248291015625e+01
7.375000119209289551e-01 -3.681974649429321289e+00 1.139480590820312500e+01
7.500000000000000000e-01 -4.368377685546875000e+00 1.142803096771240234e+01
7.624999880790710449e-01 -4.973443984985351562e+00 1.145235347747802734e+01
7.749999761581420898e-01 -5.476961612701416016e+00 1.145708179473876953e+01
7.875000238418579102e-01 -5.852162837982177734e+00 1.148164939880371094e+01
8.000000119209289551e-01 -6.105317115783691406e+00 1.151337528228759766e+01
8.125000000000000000e-01 -6.236830711364746094e+00 1.152303981781005859e+01
8.249999880790710449e-01 -6.227261066436767578e+00 1.153833484649658203e+01
8.374999761581420898e-01 -6.080782890319824219e+00 1.157070446014404297e+01
8.500000238418579102e-01 -5.814342021942138672e+00 1.158537101745605469e+01
8.625000119209289551e-01 -5.421432495117187500e+00 1.159033107757568359e+01
8.750000000000000000e-01 -4.903649806976318359e+00 1.161593914031982422e+01
8.874999880790710449e-01 -4.289110660552978516e+00 1.163408470153808594e+01
8.999999761581420898e-01 -3.587170124053955078e+00 1.162780666351318359e+01
9.125000238418579102e-01 -2.795459747314453125e+00 1.163923454284667969e+01
9.250000119209289551e-01 -1.946918249130249023e+00 1.165960979461669922e+01
9.375000000000000000e-01 -1.066979885101318359e+00 1.164040374755859375e+01
9.499999880790710449e-01 -1.344624757766723633e-01 1.163086700439453125e+01
9.624999761581420898e-01 8.259002566337585449e-01 1.166758918762207031e+01
9.750000238418579102e-01 1.706297755241394043e+00 1.157742118835449219e+01
9.875000119209289551e-01 2.463732719421386719e+00 1.117568302154541016e+01
1.000000000000000000e+00 3.187047719955444336e+00 1.057371807098388672e+01
1.012500047683715820e+00 3.937124013900756836e+00 1.002607917785644531e+01
1.024999976158142090e+00 4.647798061370849609e+00 9.613426208496093750e+00
1.037500023841857910e+00 5.238064289093017578e+00 9.292863845825195312e+00
1.049999952316284180e+00 5.694938182830810547e+00 9.068100929260253906e+00
1.062500000000000000e+00 6.019882202148437500e+00 8.935038566589355469e+00
1.075000047683715820e+00 6.203482151031494141e+00 8.842868804931640625e+00
1.087499976158142090e+00 6.252812385559082031e+00 8.791100502014160156e+00
1.100000023841857910e+00 6.172989368438720703e+00 8.807795524597167969e+00
1.112499952316284180e+00 5.954766273498535156e+00 8.866914749145507812e+00
1.125000000000000000e+00 5.608718395233154297e+00 8.962840080261230469e+00
1.137500047683715820e+00 5.153470039367675781e+00 9.145462989807128906e+00
1.149999976158142090e+00 4.584701061248779297e+00 9.402191162109375000e+00
1.162500023841857910e+00 3.921665430068969727e+00 9.694040298461914062e+00
1.174999952316284180e+00 3.219756364822387695e+00 1.009760284423828125e+01
1.187500000000000000e+00 2.470061540603637695e+00 1.065012550354003906e+01
1.200000047683715820e+00 1.595463037490844727e+00 1.113688182830810547e+01
1.212499976158142090e+00 6.083005666732788086e-01 1.133317375183105469e+01
1.225000023841857910e+00 -3.642512857913970947e-01 1.132900238037109375e+01
1.237499952316284180e+00 -1.255463361740112305e+00 1.133955287933349609e+01
1.250000000000000000e+00 -2.110872983932495117e+00 1.138453769683837891e+01
1.262500047683715820e+00 -2.948853492736816406e+00 1.139263725280761719e+01
1.274999976158142090e+00 -3.720260143280029297e+00 1.139585971832275391e+01
1.287500023841857910e+00 -4.402220249176025391e+00 1.142999458312988281e+01
1.299999952316284180e+00 -5.002788543701171875e+00 1.145277786254882812e+01
1.312500000000000000e+00 -5.499968528747558594e+00 1.145765113830566406e+01
1.325000047683715820e+00 -5.868385791778564453e+00 1.148354625701904297e+01
1.337499976158142090e+00 -6.115414619445800781e+00 1.151442337036132812e+01
1.350000023841857910e+00 -6.239969253540039062e+00 1.152332878112792969e+01
1.362499952316284180e+00 -6.222777843475341797e+00 1.153984165191650391e+01
1.375000000000000000e+00 -6.069706916809082031e+00 1.157216644287109375e+01
1.387500047683715820e+00 -5.796950340270996094e+00 1.158549976348876953e+01
1.399999976158142090e+00 -5.397126197814941406e+00 1.159113121032714844e+01
1.412500023841857910e+00 -4.873496055603027344e+00 1.161751270294189453e+01
1.424999952316284180e+00 -4.254446983337402344e+00 1.163413810729980469e+01
1.437500000000000000e+00 -3.547655582427978516e+00 1.162761020660400391e+01
1.450000047683715820e+00 -2.751831054687500000e+00 1.164060688018798828e+01
1.462499976158142090e+00 -1.901463747024536133e+00 1.165970039367675781e+01
1.475000023841857910e+00 -1.019455432891845703e+00 1.163878917694091797e+01
1.487499952316284180e+00 -8.391962945461273193e-02 1.163218212127685547e+01
1.500000000000000000e+00 8.751804232597351074e-01 1.166831111907958984e+01
1.512500047683715820e+00 1.748849868774414062e+00 1.156455802917480469e+01
1.524999976158142090e+00 2.501601934432983398e+00 1.114668941497802734e+01
1.537500023841857910e+00 3.225929021835327148e+00 1.054182147979736328e+01
1.549999952316284180e+00 3.976415872573852539e+00 1.000128555297851562e+01
1.562500000000000000e+00 4.682227611541748047e+00 9.594536781311035156e+00
1.575000047683715820e+00 5.265331268310546875e+00 9.278421401977539062e+00
1.587499976158142090e+00 5.715401172637939453e+00 9.059191703796386719e+00
1.600000023841857910e+00 6.033091545104980469e+00 8.929541587829589844e+00
1.612499952316284180e+00 6.209293842315673828e+00 8.838796615600585938e+00
1.625000000000000000e+00 6.251894950866699219e+00 8.790252685546875000e+00
1.637500047683715820e+00 6.165006160736083984e+00 8.810221672058105469e+00
1.649999976158142090e+00 5.939529418945312500e+00 8.870694160461425781e+00
1.662500023841857910e+00 5.587444305419921875e+00 8.969933509826660156e+00
1.674999952316284180e+00 5.126448631286621094e+00 9.157673835754394531e+00
1.687500000000000000e+00 4.551733493804931641e+00 9.416566848754882812e+00
1.700000047683715820e+00 3.885323047637939453e+00 9.711400985717773438e+00
1.712499976158142090e+00 3.182107448577880859e+00 1.012371635437011719e+01
1.725000023841857910e+00 2.427734613418579102e+00 1.068011665344238281e+01
1.737499952316284180e+00 1.545502662658691406e+00 1.115517330169677734e+01
1.750000000000000000e+00 5.556149482727050781e-01 1.133582305908203125e+01
1.762500047683715820e+00 -4.130639731884002686e-01 1.132795810699462891e+01
1.774999976158142090e+00 -1.300805926322937012e+00 1.134182834625244141e+01
1.787500023841857910e+00 -2.155655145645141602e+00 1.138611125946044922e+01
1.799999952316284180e+00 -2.991546630859375000e+00 1.139227962493896484e+01
1.812500000000000000e+00 -3.758288145065307617e+00 1.139702701568603516e+01
1.825000047683715820e+00 -4.435849189758300781e+00 1.143191242218017578e+01
1.837499976158142090e+00 -5.031847953796386719e+00 1.145313644409179688e+01
1.850000023841857910e+00 -5.522607803344726562e+00 1.145829963684082031e+01
1.862499952316284180e+00 -5.884276866912841797e+00 1.148546123504638672e+01
1.875000000000000000e+00 -6.125179767608642578e+00 1.151539039611816406e+01
1.887500047683715820e+00 -6.242706298828125000e+00 1.152364730834960938e+01
1.899999976158142090e+00 -6.217916011810302734e+00 1.154140758514404297e+01
1.912500023841857910e+00 -6.058309078216552734e+00 1.157355880737304688e+01
1.924999952316284180e+00 -5.779203414916992188e+00 1.158560180664062500e+01
1.937500000000000000e+00 -5.372468471527099609e+00 1.159201145172119141e+01
1.950000047683715820e+00 -4.843085765838623047e+00 1.161905479431152344e+01
1.962499976158142090e+00 -4.219544887542724609e+00 1.163410568237304688e+01
1.975000023841857910e+00 -3.507881641387939453e+00 1.162748813629150391e+01
1.987499952316284180e+00 -2.708054304122924805e+00 1.164200973510742188e+01
2.000000000000000000e+00 -1.855938792228698730e+00 1.165964412689208984e+01
