0.000000000000000000e+00 6.190177440643310547e+00 8.851697921752929688e+00
1.250000018626451492e-02 6.253300666809082031e+00 8.793583869934082031e+00
2.500000037252902985e-02 6.187218666076660156e+00 8.803489685058593750e+00
3.750000149011611938e-02 5.982726573944091797e+00 8.859954833984375000e+00
5.000000074505805969e-02 5.647626876831054688e+00 8.950233459472656250e+00
6.250000000000000000e-02 5.202080249786376953e+00 9.123560905456542969e+00
7.500000298023223877e-02 4.643097877502441406e+00 9.376420021057128906e+00
8.749999850988388062e-02 3.985172271728515625e+00 9.664122581481933594e+00
1.000000014901161194e-01 3.284077405929565430e+00 1.005359268188476562e+01
1.124999970197677612e-01 2.540292024612426758e+00 1.059900951385498047e+01
1.250000000000000000e-01 1.676734924316406250e+00 1.110456752777099609e+01
1.375000029802322388e-01 6.928213238716125488e-01 1.132736396789550781e+01
1.500000059604644775e-01 -2.875566780567169189e-01 1.133053588867187500e+01
1.624999940395355225e-01 -1.186366558074951172e+00 1.133605194091796875e+01
1.749999970197677612e-01 -2.044485330581665039e+00 1.138171482086181641e+01
1.875000000000000000e-01 -2.886917829513549805e+00 1.139291763305664062e+01
2.000000029802322388e-01 -3.666437864303588867e+00 1.139422035217285156e+01
2.125000059604644775e-01 -4.355943679809570312e+00 1.142714500427246094e+01
2.249999940395355225e-01 -4.963749885559082031e+00 1.145207500457763672e+01
2.374999970197677612e-01 -5.470188617706298828e+00 1.145684242248535156e+01
2.500000000000000000e-01 -5.847935676574707031e+00 1.148113346099853516e+01
2.624999880790710449e-01 -6.102947711944580078e+00 1.151313686370849609e+01
2.750000059604644775e-01 -6.235971927642822266e+00 1.152302455902099609e+01
2.874999940395355225e-01 -6.227458953857421875e+00 1.153822040557861328e+01
3.000000119209289551e-01 -6.081338405609130859e+00 1.157068443298339844e+01
3.125000000000000000e-01 -5.814716815948486328e+00 1.158551406860351562e+01
3.249999880790710449e-01 -5.421142578125000000e+00 1.159051609039306641e+01
3.375000059604644775e-01 -4.902181148529052734e+00 1.161621189117431641e+01
3.499999940395355225e-01 -4.286095619201660156e+00 1.163434123992919922e+01
3.625000119209289551e-01 -3.582226037979125977e+00 1.162806701660156250e+01
3.750000000000000000e-01 -2.788316011428833008e+00 1.163975238800048828e+01
3.874999880790710449e-01 -1.937687516212463379e+00 1.165995597839355469e+01
4.000000059604644775e-01 -1.055473804473876953e+00 1.164037227630615234e+01
4.124999940395355225e-01 -1.202424988150596619e-01 1.163159656524658203e+01
4.250000119209289551e-01 8.417723178863525391e-01 1.166820907592773438e+01
4.375000000000000000e-01 1.721744060516357422e+00 1.157325744628906250e+01
4.499999880790710449e-01 2.478884458541870117e+00 1.116464424133300781e+01
4.625000059604644775e-01 3.203929901123046875e+00 1.056031608581542969e+01
4.749999940395355225e-01 3.955600738525390625e+00 1.001482582092285156e+01
4.875000119209289551e-01 4.665303230285644531e+00 9.604153633117675781e+00
5.000000000000000000e-01 5.252999782562255859e+00 9.285168647766113281e+00
5.124999880790710449e-01 5.706947326660156250e+00 9.063051223754882812e+00
5.249999761581420898e-01 6.028095722198486328e+00 8.931773185729980469e+00
5.375000238418579102e-01 6.207184314727783203e+00 8.840289115905761719e+00
5.500000119209289551e-01 6.251893043518066406e+00 8.790619850158691406e+00
5.625000000000000000e-01 6.166659832000732422e+00 8.809746742248535156e+00
5.749999880790710449e-01 5.942295074462890625e+00 8.870006561279296875e+00
5.874999761581420898e-01 5.590550422668457031e+00 8.968807220458984375e+00
6.000000238418579102e-01 5.129406929016113281e+00 9.156197547912597656e+00
6.125000119209289551e-01 4.554098129272460938e+00 9.415389060974121094e+00
6.250000000000000000e-01 3.886503219604492188e+00 9.710592269897460938e+00
6.374999880790710449e-01 3.181890487670898438e+00 1.012347793579101562e+01
6.499999761581420898e-01 2.425959348678588867e+00 1.068097782135009766e+01
6.625000238418579102e-01 1.541538476943969727e+00 1.115624713897705078e+01
6.750000119209289551e-01 5.493339300155639648e-01 1.133577919006347656e+01
6.875000000000000000e-01 -4.208889603614807129e-01 1.132750415802001953e+01
6.999999880790710449e-01 -1.309908390045166016e+00 1.134202957153320312e+01
7.124999761581420898e-01 -2.166378736495971680e+00 1.138623619079589844e+01
7.250000238418579102e-01 -3.003392934799194336e+00 1.139197158813476562e+01
7.375000119209289551e-01 -3.770292043685913086e+00 1.139723110198974609e+01
7.500000000000000000e-01 -4.447737216949462891e+00 1.143242740631103516e+01
7.624999880790710449e-01 -5.043175220489501953e+00 1.145314216613769531e+01
7.749999761581420898e-01 -5.532211303710937500e+00 1.145852184295654297e+01
7.875000238418579102e-01 -5.891518115997314453e+00 1.148632907867431641e+01
8.000000119209289551e-01 -6.129823207855224609e+00 1.151585102081298828e+01
8.125000000000000000e-01 -6.243747234344482422e+00 1.152387619018554688e+01
8.249999880790710449e-01 -6.214498519897460938e+00 1.154244232177734375e+01
8.374999761581420898e-01 -6.050514221191406250e+00 1.157452011108398438e+01
8.500000238418579102e-01 -5.766598701477050781e+00 1.158581352233886719e+01
8.625000119209289551e-01 -5.354183197021484375e+00 1.159288311004638672e+01
8.750000000000000000e-01 -4.819504261016845703e+00 1.162041568756103516e+01
8.874999880790710449e-01 -4.191161155700683594e+00 1.163427734375000000e+01
8.999999761581420898e-01 -3.474015474319458008e+00 1.162773704528808594e+01
9.125000238418579102e-01 -2.669193983078002930e+00 1.164356517791748047e+01
9.250000119209289551e-01 -1.813796162605285645e+00 1.165978336334228516e+01
9.375000000000000000e-01 -9.256660938262939453e-01 1.163612461090087891e+01
9.499999880790710449e-01 1.756311021745204926e-02 1.163573837280273438e+01
9.624999761581420898e-01 9.750310778617858887e-01 1.166888999938964844e+01
9.750000238418579102e-01 1.836298227310180664e+00 1.153507328033447266e+01
9.875000119209289551e-01 2.581704139709472656e+00 1.108393573760986328e+01
1.000000000000000000e+00 3.310086727142333984e+00 1.047441101074218750e+01
1.012500047683715820e+00 4.062026500701904297e+00 9.948793411254882812e+00
1.024999976158142090e+00 4.757633209228515625e+00 9.553580284118652344e+00
1.037500023841857910e+00 5.325790882110595703e+00 9.246916770935058594e+00
1.049999952316284180e+00 5.761196613311767578e+00 9.039837837219238281e+00
1.062500000000000000e+00 6.062414169311523438e+00 8.917155265808105469e+00
1.075000047683715820e+00 6.221459388732910156e+00 8.829670906066894531e+00
1.087499976158142090e+00 6.247877120971679688e+00 8.789214134216308594e+00
1.100000023841857910e+00 6.143208980560302734e+00 8.816781997680664062e+00
1.112499952316284180e+00 5.899247169494628906e+00 8.880695343017578125e+00
1.125000000000000000e+00 5.531311035156250000e+00 8.989359855651855469e+00
1.137500047683715820e+00 5.054349422454833984e+00 9.190373420715332031e+00
1.149999976158142090e+00 4.463118076324462891e+00 9.454789161682128906e+00
1.162500023841857910e+00 3.787228107452392578e+00 9.759531021118164062e+00
1.174999952316284180e+00 3.078816413879394531e+00 1.019689178466796875e+01
1.187500000000000000e+00 2.308795452117919922e+00 1.076126480102539062e+01
1.200000047683715820e+00 1.403897881507873535e+00 1.120118427276611328e+01
1.212499976158142090e+00 4.064611792564392090e-01 1.134017086029052734e+01
1.225000023841857910e+00 -5.523263216018676758e-01 1.132542610168457031e+01
1.237499952316284180e+00 -1.432889103889465332e+00 1.134874343872070312e+01
1.250000000000000000e+00 -2.288021564483642578e+00 1.138969039916992188e+01
1.262500047683715820e+00 -3.118345975875854492e+00 1.139105510711669922e+01
1.274999976158142090e+00 -3.872260093688964844e+00 1.140104579925537109e+01
1.287500023841857910e+00 -4.537946701049804688e+00 1.143729209899902344e+01
1.299999952316284180e+00 -5.120426177978515625e+00 1.145379829406738281e+01
1.312500000000000000e+00 -5.591505527496337891e+00 1.146081638336181641e+01
1.325000047683715820e+00 -5.932669162750244141e+00 1.149156284332275391e+01
1.337499976158142090e+00 -6.154204845428466797e+00 1.151797962188720703e+01
1.350000023841857910e+00 -6.248531341552734375e+00 1.152502155303955078e+01
1.362499952316284180e+00 -6.198775291442871094e+00 1.154703998565673828e+01
1.375000000000000000e+00 -6.017309665679931641e+00 1.157779598236083984e+01
1.387500047683715820e+00 -5.715823650360107422e+00 1.158600425720214844e+01
1.399999976158142090e+00 -5.284671306610107422e+00 1.159582614898681641e+01
1.412500023841857910e+00 -4.734981060028076172e+00 1.162427234649658203e+01
1.424999952316284180e+00 -4.094430923461914062e+00 1.163365936279296875e+01
1.437500000000000000e+00 -3.363920211791992188e+00 1.162802982330322266e+01
1.450000047683715820e+00 -2.549081087112426758e+00 1.164745330810546875e+01
1.462499976158142090e+00 -1.689351081848144531e+00 1.165852642059326172e+01
1.475000023841857910e+00 -7.946001291275024414e-01 1.163242721557617188e+01
1.487499952316284180e+00 1.558340340852737427e-01 1.164105701446533203e+01
1.500000000000000000e+00 1.106134414672851562e+00 1.166608619689941406e+01
1.512500047683715820e+00 1.948224186897277832e+00 1.148974132537841797e+01
1.524999976158142090e+00 2.684313535690307617e+00 1.099984741210937500e+01
1.537500023841857910e+00 3.416986227035522461e+00 1.039067459106445312e+01
1.549999952316284180e+00 4.167258739471435547e+00 9.885565757751464844e+00
1.562500000000000000e+00 4.847216129302978516e+00 9.504642486572265625e+00
1.575000047683715820e+00 5.395892620086669922e+00 9.210776329040527344e+00
1.587499976158142090e+00 5.812729835510253906e+00 9.018443107604980469e+00
1.600000023841857910e+00 6.093781471252441406e+00 8.903094291687011719e+00
1.612499952316284180e+00 6.233052253723144531e+00 8.819993019104003906e+00
1.625000000000000000e+00 6.241219043731689453e+00 8.789345741271972656e+00
1.637500047683715820e+00 6.116854667663574219e+00 8.824458122253417969e+00
1.649999976158142090e+00 5.853670597076416016e+00 8.892184257507324219e+00
1.662500023841857910e+00 5.469912528991699219e+00 9.011998176574707031e+00
1.674999952316284180e+00 4.976882457733154297e+00 9.225852966308593750e+00
1.687500000000000000e+00 4.370336532592773438e+00 9.494703292846679688e+00
1.700000047683715820e+00 3.687469482421875000e+00 9.811348915100097656e+00
1.712499976158142090e+00 2.974604606628417969e+00 1.027346515655517578e+01
1.725000023841857910e+00 2.188627243041992188e+00 1.083886814117431641e+01
1.737499952316284180e+00 1.264170169830322266e+00 1.123926925659179688e+01
1.750000000000000000e+00 2.645906805992126465e-01 1.134136676788330078e+01
1.762500047683715820e+00 -6.819680929183959961e-01 1.132462406158447266e+01
1.774999976158142090e+00 -1.555490970611572266e+00 1.135585498809814453e+01
1.787500023841857910e+00 -2.409273386001586914e+00 1.139206218719482422e+01
1.799999952316284180e+00 -3.231630325317382812e+00 1.139041042327880859e+01
1.812500000000000000e+00 -3.972393512725830078e+00 1.140555667877197266e+01
1.825000047683715820e+00 -4.626549720764160156e+00 1.144159793853759766e+01
1.837499976158142090e+00 -5.195377826690673828e+00 1.145420646667480469e+01
1.850000023841857910e+00 -5.648077011108398438e+00 1.146375846862792969e+01
1.862499952316284180e+00 -5.971432209014892578e+00 1.149666976928710938e+01
1.875000000000000000e+00 -6.176018238067626953e+00 1.151958084106445312e+01
1.887500047683715820e+00 -6.250300884246826172e+00 1.152658176422119141e+01
1.899999976158142090e+00 -6.180369853973388672e+00 1.155188274383544922e+01
1.912500023841857910e+00 -5.981717109680175781e+00 1.158046340942382812e+01
1.924999952316284180e+00 -5.662350654602050781e+00 1.158624362945556641e+01
1.937500000000000000e+00 -5.212697505950927734e+00 1.159929752349853516e+01
1.950000047683715820e+00 -4.648678779602050781e+00 1.162763214111328125e+01
1.962499976158142090e+00 -3.995859384536743164e+00 1.163263130187988281e+01
1.975000023841857910e+00 -3.252012014389038086e+00 1.162902545928955078e+01
1.987499952316284180e+00 -2.428120851516723633e+00 1.165117835998535156e+01
2.000000000000000000e+00 -1.564284443855285645e+00 1.165623950958251953e+01
