0.000000000000000000e+00 6.189600467681884766e+00 8.852086067199707031e+00
1.250000018626451492e-02 6.252996921539306641e+00 8.793742179870605469e+00
2.500000037252902985e-02 6.186639308929443359e+00 8.803693771362304688e+00
3.750000149011611938e-02 5.981275558471679688e+00 8.860317230224609375e+00
5.000000074505805969e-02 5.644853591918945312e+00 8.951034545898437500e+00
6.250000000000000000e-02 5.197590827941894531e+00 9.125419616699218750e+00
7.500000298023223877e-02 4.636373996734619141e+00 9.379231452941894531e+00
8.749999850988388062e-02 3.976257324218750000e+00 9.668017387390136719e+00
1.000000014901161194e-01 3.273406505584716797e+00 1.006035995483398438e+01
1.124999970197677612e-01 2.526937484741210938e+00 1.060834026336669922e+01
1.250000000000000000e-01 1.659094333648681641e+00 1.111140918731689453e+01
1.375000029802322388e-01 6.718123555183410645e-01 1.132855319976806641e+01
1.500000059604644775e-01 -3.092194497585296631e-01 1.132969951629638672e+01
1.624999940395355225e-01 -1.208200693130493164e+00 1.133676624298095703e+01
1.749999970197677612e-01 -2.067724943161010742e+00 1.138242340087890625e+01
1.875000000000000000e-01 -2.910881757736206055e+00 1.139252567291259766e+01
2.000000029802322388e-01 -3.689344644546508789e+00 1.139461708068847656e+01
2.125000059604644775e-01 -4.377468585968017578e+00 1.142824935913085938e+01
2.249999940395355225e-01 -4.983541011810302734e+00 1.145226383209228516e+01
2.374999970197677612e-01 -5.486590385437011719e+00 1.145713996887207031e+01
2.500000000000000000e-01 -5.860061645507812500e+00 1.148250961303710938e+01
2.624999880790710449e-01 -6.110782623291015625e+00 1.151398086547851562e+01
2.750000059604644775e-01 -6.238359928131103516e+00 1.152329349517822266e+01
2.874999940395355225e-01 -6.223251342773437500e+00 1.153960037231445312e+01
3.000000119209289551e-01 -6.070857048034667969e+00 1.157213973999023438e+01
3.125000000000000000e-01 -5.797719955444335938e+00 1.158579254150390625e+01
3.249999880790710449e-01 -5.396541118621826172e+00 1.159150409698486328e+01
3.375000059604644775e-01 -4.870532035827636719e+00 1.161806106567382812e+01
3.499999940395355225e-01 -4.248373508453369141e+00 1.163464164733886719e+01
3.625000119209289551e-01 -3.537700653076171875e+00 1.162815284729003906e+01
3.750000000000000000e-01 -2.737491369247436523e+00 1.164165592193603516e+01
3.874999880790710449e-01 -1.882971644401550293e+00 1.166033363342285156e+01
4.000000059604644775e-01 -9.963601827621459961e-01 1.163875293731689453e+01
4.124999940395355225e-01 -5.542169138789176941e-02 1.163375949859619141e+01
4.250000119209289551e-01 9.067381024360656738e-01 1.166926765441894531e+01
4.375000000000000000e-01 1.779416918754577637e+00 1.155542850494384766e+01
4.499999880790710449e-01 2.531810760498046875e+00 1.112410259246826172e+01
4.625000059604644775e-01 3.259773492813110352e+00 1.051528549194335938e+01
4.749999940395355225e-01 4.013198375701904297e+00 9.979247093200683594e+00
4.875000119209289551e-01 4.716763019561767578e+00 9.576267242431640625e+00
5.000000000000000000e-01 5.294679164886474609e+00 9.263403892517089844e+00
5.124999880790710449e-01 5.738854408264160156e+00 9.049494743347167969e+00
5.249999761581420898e-01 6.048836708068847656e+00 8.923150062561035156e+00
5.375000238418579102e-01 6.216016769409179688e+00 8.833827018737792969e+00
5.500000119209289551e-01 6.249355792999267578e+00 8.789697647094726562e+00
5.625000000000000000e-01 6.151515960693359375e+00 8.814330101013183594e+00
5.749999880790710449e-01 5.913787364959716797e+00 8.877063751220703125e+00
5.874999761581420898e-01 5.550405025482177734e+00 8.982501029968261719e+00
6.000000238418579102e-01 5.077501296997070312e+00 9.179654121398925781e+00
6.125000119209289551e-01 4.489811420440673828e+00 9.443107604980468750e+00
6.250000000000000000e-01 3.814772129058837891e+00 9.745446205139160156e+00
6.374999880790710449e-01 3.106023311614990234e+00 1.017685699462890625e+01
6.499999761581420898e-01 2.338339805603027344e+00 1.074104022979736328e+01
6.625000238418579102e-01 1.436582326889038086e+00 1.119086456298828125e+01
6.750000119209289551e-01 4.379796683788299561e-01 1.133918476104736328e+01
6.875000000000000000e-01 -5.254146456718444824e-01 1.132546424865722656e+01
6.999999880790710449e-01 -1.409405112266540527e+00 1.134715461730957031e+01
7.124999761581420898e-01 -2.266505002975463867e+00 1.138893318176269531e+01
7.250000238418579102e-01 -3.099737882614135742e+00 1.139098644256591797e+01
7.375000119209289551e-01 -3.857220888137817383e+00 1.140024852752685547e+01
7.500000000000000000e-01 -4.525884151458740234e+00 1.143652057647705078e+01
7.624999880790710449e-01 -5.111198425292968750e+00 1.145362281799316406e+01
7.749999761581420898e-01 -5.585252761840820312e+00 1.146046543121337891e+01
7.875000238418579102e-01 -5.928835868835449219e+00 1.149105072021484375e+01
8.000000119209289551e-01 -6.152173995971679688e+00 1.151783657073974609e+01
8.125000000000000000e-01 -6.248005390167236328e+00 1.152498149871826172e+01
8.249999880790710449e-01 -6.199202060699462891e+00 1.154690074920654297e+01
8.374999761581420898e-01 -6.017992496490478516e+00 1.157781982421875000e+01
8.500000238418579102e-01 -5.716272354125976562e+00 1.158616161346435547e+01
8.625000119209289551e-01 -5.284381389617919922e+00 1.159601783752441406e+01
8.750000000000000000e-01 -4.733455181121826172e+00 1.162454509735107422e+01
8.874999880790710449e-01 -4.091310501098632812e+00 1.163389587402343750e+01
8.999999761581420898e-01 -3.358814477920532227e+00 1.162835311889648438e+01
9.125000238418579102e-01 -2.541823387145996094e+00 1.164798259735107422e+01
9.250000119209289551e-01 -1.680040836334228516e+00 1.165872097015380859e+01
9.375000000000000000e-01 -7.828744053840637207e-01 1.163251018524169922e+01
9.499999880790710449e-01 1.701470762491226196e-01 1.164203166961669922e+01
9.624999761581420898e-01 1.121475458145141602e+00 1.166583061218261719e+01
9.750000238418579102e-01 1.962915420532226562e+00 1.148359584808349609e+01
9.875000119209289551e-01 2.699335098266601562e+00 1.098780441284179688e+01
1.000000000000000000e+00 3.434046745300292969e+00 1.037806034088134766e+01
1.012500047683715820e+00 4.185236930847167969e+00 9.875363349914550781e+00
1.024999976158142090e+00 4.863578796386718750e+00 9.496004104614257812e+00
1.037500023841857910e+00 5.409625053405761719e+00 9.203997611999511719e+00
1.049999952316284180e+00 5.823414802551269531e+00 9.014259338378906250e+00
1.062500000000000000e+00 6.100435733795166016e+00 8.900103569030761719e+00
1.075000047683715820e+00 6.235234260559082031e+00 8.817921638488769531e+00
1.087499976158142090e+00 6.238705158233642578e+00 8.789770126342773438e+00
1.100000023841857910e+00 6.108665943145751953e+00 8.826803207397460938e+00
1.112499952316284180e+00 5.839479923248291016e+00 8.895795822143554688e+00
1.125000000000000000e+00 5.450198650360107422e+00 9.019429206848144531e+00
1.137500047683715820e+00 4.951012134552001953e+00 9.237557411193847656e+00
1.149999976158142090e+00 4.338308334350585938e+00 9.508295059204101562e+00
1.162500023841857910e+00 3.651905298233032227e+00 9.830234527587890625e+00
1.174999952316284180e+00 2.935786485671997070e+00 1.030202007293701172e+01
1.187500000000000000e+00 2.141856908798217773e+00 1.086726570129394531e+01
1.200000047683715820e+00 1.208282232284545898e+00 1.125215435028076172e+01
1.212499976158142090e+00 2.065788805484771729e-01 1.134081459045410156e+01
1.225000023841857910e+00 -7.367725968360900879e-01 1.132443428039550781e+01
1.237499952316284180e+00 -1.609496831893920898e+00 1.135877418518066406e+01
1.250000000000000000e+00 -2.464305877685546875e+00 1.139258003234863281e+01
1.262500047683715820e+00 -3.284215927124023438e+00 1.139006423950195312e+01
1.274999976158142090e+00 -4.020188808441162109e+00 1.140777015686035156e+01
1.287500023841857910e+00 -4.670022487640380859e+00 1.144336414337158203e+01
1.299999952316284180e+00 -5.232770442962646484e+00 1.145426940917968750e+01
1.312500000000000000e+00 -5.676661491394042969e+00 1.146549797058105469e+01
1.325000047683715820e+00 -5.991231441497802734e+00 1.149929904937744141e+01
1.337499976158142090e+00 -6.186735153198242188e+00 1.152028751373291016e+01
1.350000023841857910e+00 -6.249627113342285156e+00 1.152774620056152344e+01
1.362499952316284180e+00 -6.167994976043701172e+00 1.155486583709716797e+01
1.375000000000000000e+00 -5.958760261535644531e+00 1.158189678192138672e+01
1.387500047683715820e+00 -5.627643585205078125e+00 1.158665370941162109e+01
1.399999976158142090e+00 -5.165664672851562500e+00 1.160192394256591797e+01
1.412500023841857910e+00 -4.591629981994628906e+00 1.162971401214599609e+01
1.424999952316284180e+00 -3.929337263107299805e+00 1.163208103179931641e+01
1.437500000000000000e+00 -3.175116777420043945e+00 1.163041210174560547e+01
1.450000047683715820e+00 -2.343910694122314453e+00 1.165383911132812500e+01
1.462499976158142090e+00 -1.475428581237792969e+00 1.165440940856933594e+01
1.475000023841857910e+00 -5.659225583076477051e-01 1.162865447998046875e+01
1.487499952316284180e+00 3.959655463695526123e-01 1.165228843688964844e+01
1.500000000000000000e+00 1.329634904861450195e+00 1.165066909790039062e+01
1.512500047683715820e+00 2.140167474746704102e+00 1.139307689666748047e+01
1.524999976158142090e+00 2.867270946502685547e+00 1.084531688690185547e+01
1.537500023841857910e+00 3.609796762466430664e+00 1.024782657623291016e+01
1.549999952316284180e+00 4.353098869323730469e+00 9.778300285339355469e+00
1.562500000000000000e+00 5.002908229827880859e+00 9.420073509216308594e+00
1.575000047683715820e+00 5.517505168914794922e+00 9.150437355041503906e+00
1.587499976158142090e+00 5.900579929351806641e+00 8.983244895935058594e+00
1.600000023841857910e+00 6.144213199615478516e+00 8.878347396850585938e+00
1.612499952316284180e+00 6.247439861297607422e+00 8.805030822753906250e+00
1.625000000000000000e+00 6.220863819122314453e+00 8.793698310852050781e+00
1.637500047683715820e+00 6.058113574981689453e+00 8.840633392333984375e+00
1.649999976158142090e+00 5.758731842041015625e+00 8.917340278625488281e+00
1.662500023841857910e+00 5.344170093536376953e+00 9.062035560607910156e+00
1.674999952316284180e+00 4.818110466003417969e+00 9.298104286193847656e+00
1.687500000000000000e+00 4.182732582092285156e+00 9.575531005859375000e+00
1.700000047683715820e+00 3.487969398498535156e+00 9.923935890197753906e+00
1.712499976158142090e+00 2.761465549468994141e+00 1.043355274200439453e+01
1.725000023841857910e+00 1.937056422233581543e+00 1.098287105560302734e+01
1.737499952316284180e+00 9.759829640388488770e-01 1.129568672180175781e+01
1.750000000000000000e+00 -2.098751068115234375e-02 1.133707523345947266e+01
1.762500047683715820e+00 -9.439660906791687012e-01 1.132736396789550781e+01
1.774999976158142090e+00 -1.809072375297546387e+00 1.137013912200927734e+01
1.787500023841857910e+00 -2.660378694534301758e+00 1.139366912841796875e+01
1.799999952316284180e+00 -3.463832855224609375e+00 1.139066410064697266e+01
1.812500000000000000e+00 -4.178509712219238281e+00 1.141650676727294922e+01
1.825000047683715820e+00 -4.809658050537109375e+00 1.144840621948242188e+01
1.837499976158142090e+00 -5.347761631011962891e+00 1.145496845245361328e+01
1.850000023841857910e+00 -5.760940074920654297e+00 1.147214317321777344e+01
1.862499952316284180e+00 -6.047352790832519531e+00 1.150660991668701172e+01
1.875000000000000000e+00 -6.214110851287841797e+00 1.152177715301513672e+01
1.887500047683715820e+00 -6.243235111236572266e+00 1.153193759918212891e+01
1.899999976158142090e+00 -6.129964828491210938e+00 1.156284427642822266e+01
1.912500023841857910e+00 -5.893039226531982422e+00 1.158439064025878906e+01
1.924999952316284180e+00 -5.531747817993164062e+00 1.158791923522949219e+01
1.937500000000000000e+00 -5.040848731994628906e+00 1.160878944396972656e+01
1.950000047683715820e+00 -4.445222854614257812e+00 1.163310718536376953e+01
1.962499976158142090e+00 -3.762274503707885742e+00 1.162997150421142578e+01
1.975000023841857910e+00 -2.987067699432373047e+00 1.163436222076416016e+01
1.987499952316284180e+00 -2.144255638122558594e+00 1.165820789337158203e+01
2.000000000000000000e+00 -1.268697857856750488e+00 1.164808177947998047e+01
