0.000000000000000000e+00 6.189033508300781250e+00 8.852382659912109375e+00
1.250000018626451492e-02 6.252704143524169922e+00 8.793809890747070312e+00
2.500000037252902985e-02 6.186069488525390625e+00 8.803807258605957031e+00
3.750000149011611938e-02 5.979832649230957031e+00 8.860589027404785156e+00
5.000000074505805969e-02 5.642085075378417969e+00 8.951747894287109375e+00
6.250000000000000000e-02 5.193101882934570312e+00 9.127192497253417969e+00
7.500000298023223877e-02 4.629646301269531250e+00 9.381951332092285156e+00
8.749999850988388062e-02 3.967343091964721680e+00 9.671832084655761719e+00
1.000000014901161194e-01 3.262735366821289062e+00 1.006706809997558594e+01
1.124999970197677612e-01 2.513555049896240234e+00 1.061756324768066406e+01
1.250000000000000000e-01 1.641410112380981445e+00 1.111803913116455078e+01
1.375000029802322388e-01 6.508055329322814941e-01 1.132954120635986328e+01
1.500000059604644775e-01 -3.308362066745758057e-01 1.132877635955810547e+01
1.624999940395355225e-01 -1.230013132095336914e+00 1.133740901947021484e+01
1.749999970197677612e-01 -2.090959072113037109e+00 1.138299083709716797e+01
1.875000000000000000e-01 -2.934790372848510742e+00 1.139202022552490234e+01
2.000000029802322388e-01 -3.712162494659423828e+00 1.139494895935058594e+01
2.125000059604644775e-01 -4.398910522460937500e+00 1.142923164367675781e+01
2.249999940395355225e-01 -5.003209114074707031e+00 1.145231437683105469e+01
2.374999970197677612e-01 -5.502810001373291016e+00 1.145736789703369141e+01
2.500000000000000000e-01 -5.872003078460693359e+00 1.148379039764404297e+01
2.624999880790710449e-01 -6.118414878845214844e+00 1.151466846466064453e+01
2.750000059604644775e-01 -6.240476608276367188e+00 1.152347660064697266e+01
2.874999940395355225e-01 -6.218759536743164062e+00 1.154092121124267578e+01
3.000000119209289551e-01 -6.060112953186035156e+00 1.157343387603759766e+01
3.125000000000000000e-01 -5.780406951904296875e+00 1.158594131469726562e+01
3.249999880790710449e-01 -5.371599674224853516e+00 1.159246635437011719e+01
3.375000059604644775e-01 -4.838615417480468750e+00 1.161977100372314453e+01
3.499999940395355225e-01 -4.210381984710693359e+00 1.163474273681640625e+01
3.625000119209289551e-01 -3.492861032485961914e+00 1.162823009490966797e+01
3.750000000000000000e-01 -2.686478614807128906e+00 1.164349555969238281e+01
3.874999880790710449e-01 -1.828158617019653320e+00 1.166040325164794922e+01
4.000000059604644775e-01 -9.369993209838867188e-01 1.163711452484130859e+01
4.124999940395355225e-01 9.535400196909904480e-03 1.163611507415771484e+01
4.250000119209289551e-01 9.712411761283874512e-01 1.166950988769531250e+01
4.375000000000000000e-01 1.836407065391540527e+00 1.153573513031005859e+01
4.499999880790710449e-01 2.584615468978881836e+00 1.108248329162597656e+01
4.625000059604644775e-01 3.315812826156616211e+00 1.047071933746337891e+01
4.749999940395355225e-01 4.070480346679687500e+00 9.944417953491210938e+00
4.875000119209289551e-01 4.767391681671142578e+00 9.548778533935546875e+00
5.000000000000000000e-01 5.335491180419921875e+00 9.242208480834960938e+00
5.124999880790710449e-01 5.769845485687255859e+00 9.036488533020019531e+00
5.249999761581420898e-01 6.068515777587890625e+00 8.914640426635742188e+00
5.375000238418579102e-01 6.223829269409179688e+00 8.827598571777343750e+00
5.500000119209289551e-01 6.245778560638427734e+00 8.789298057556152344e+00
5.625000000000000000e-01 6.135167121887207031e+00 8.819102287292480469e+00
5.749999880790710449e-01 5.884166717529296875e+00 8.884344100952148438e+00
5.874999761581420898e-01 5.509283542633056641e+00 8.997037887573242188e+00
6.000000238418579102e-01 5.024460315704345703e+00 9.203674316406250000e+00
6.125000119209289551e-01 4.424607753753662109e+00 9.470959663391113281e+00
6.250000000000000000e-01 3.742787361145019531e+00 9.781617164611816406e+00
6.374999880790710449e-01 3.029610157012939453e+00 1.023188686370849609e+01
6.499999761581420898e-01 2.249086618423461914e+00 1.079962825775146484e+01
6.625000238418579102e-01 1.330361723899841309e+00 1.122138595581054688e+01
6.750000119209289551e-01 3.271679878234863281e-01 1.134044170379638672e+01
6.875000000000000000e-01 -6.288019418716430664e-01 1.132409954071044922e+01
6.999999880790710449e-01 -1.508624076843261719e+00 1.135248756408691406e+01
7.124999761581420898e-01 -2.366375446319580078e+00 1.139079475402832031e+01
7.250000238418579102e-01 -3.194922924041748047e+00 1.139006233215332031e+01
7.375000119209289551e-01 -3.942804813385009766e+00 1.140368366241455078e+01
7.500000000000000000e-01 -4.602821350097656250e+00 1.144010639190673828e+01
7.624999880790710449e-01 -5.177445411682128906e+00 1.145379257202148438e+01
7.749999761581420898e-01 -5.636106967926025391e+00 1.146282672882080078e+01
7.875000238418579102e-01 -5.964168548583984375e+00 1.149558162689208984e+01
8.000000119209289551e-01 -6.172332286834716797e+00 1.151926994323730469e+01
8.125000000000000000e-01 -6.249606132507324219e+00 1.152635002136230469e+01
8.249999880790710449e-01 -6.181461811065673828e+00 1.155149078369140625e+01
8.374999761581420898e-01 -5.983231544494628906e+00 1.158045387268066406e+01
8.500000238418579102e-01 -5.663342952728271484e+00 1.158645820617675781e+01
8.625000119209289551e-01 -5.212132930755615234e+00 1.159958076477050781e+01
8.750000000000000000e-01 -4.645586490631103516e+00 1.162806606292724609e+01
8.874999880790710449e-01 -3.989522218704223633e+00 1.163299274444580078e+01
8.999999761581420898e-01 -3.241660356521606445e+00 1.162963771820068359e+01
9.125000238418579102e-01 -2.413524150848388672e+00 1.165210342407226562e+01
9.250000119209289551e-01 -1.545572757720947266e+00 1.165639209747314453e+01
9.375000000000000000e-01 -6.385492682456970215e-01 1.162987422943115234e+01
9.499999880790710449e-01 3.228475153446197510e-01 1.164914321899414062e+01
9.624999761581420898e-01 1.264835715293884277e+00 1.165716743469238281e+01
9.750000238418579102e-01 2.086503267288208008e+00 1.142304515838623047e+01
9.875000119209289551e-01 2.817118167877197266e+00 1.088858413696289062e+01
1.000000000000000000e+00 3.558701038360595703e+00 1.028520011901855469e+01
1.012500047683715820e+00 4.306258201599121094e+00 9.805349349975585938e+00
1.024999976158142090e+00 4.965561389923095703e+00 9.440580368041992188e+00
1.037500023841857910e+00 5.489641189575195312e+00 9.164142608642578125e+00
1.049999952316284180e+00 5.881520748138427734e+00 8.990927696228027344e+00
1.062500000000000000e+00 6.133986949920654297e+00 8.883669853210449219e+00
1.075000047683715820e+00 6.244908809661865234e+00 8.807829856872558594e+00
1.087499976158142090e+00 6.225229263305664062e+00 8.792540550231933594e+00
1.100000023841857910e+00 6.069396972656250000e+00 8.837546348571777344e+00
1.112499952316284180e+00 5.775672435760498047e+00 8.912550926208496094e+00
1.125000000000000000e+00 5.365360260009765625e+00 9.053052902221679688e+00
1.137500047683715820e+00 4.843473434448242188e+00 9.286377906799316406e+00
1.149999976158142090e+00 4.210770130157470703e+00 9.563046455383300781e+00
1.162500023841857910e+00 3.515877723693847656e+00 9.906923294067382812e+00
1.174999952316284180e+00 2.789950132369995117e+00 1.041149616241455078e+01
1.187500000000000000e+00 1.969004392623901367e+00 1.096553611755371094e+01
1.200000047683715820e+00 1.009739041328430176e+00 1.129001235961914062e+01
1.212499976158142090e+00 9.538480080664157867e-03 1.133735561370849609e+01
1.225000023841857910e+00 -9.180458188056945801e-01 1.132638645172119141e+01
1.237499952316284180e+00 -1.785684704780578613e+00 1.136851406097412109e+01
1.250000000000000000e+00 -2.639198780059814453e+00 1.139333438873291016e+01
1.262500047683715820e+00 -3.446129322052001953e+00 1.139021015167236328e+01
1.274999976158142090e+00 -4.164256572723388672e+00 1.141540527343750000e+01
1.287500023841857910e+00 -4.798285484313964844e+00 1.144782066345214844e+01
1.299999952316284180e+00 -5.339447498321533203e+00 1.145468997955322266e+01
1.312500000000000000e+00 -5.755558013916015625e+00 1.147150039672851562e+01
1.325000047683715820e+00 -6.044177532196044922e+00 1.150610637664794922e+01
1.337499976158142090e+00 -6.212719440460205078e+00 1.152163028717041016e+01
1.350000023841857910e+00 -6.243288516998291016e+00 1.153170490264892578e+01
1.362499952316284180e+00 -6.130764484405517578e+00 1.156261348724365234e+01
1.375000000000000000e+00 -5.893965244293212891e+00 1.158438587188720703e+01
1.387500047683715820e+00 -5.532347202301025391e+00 1.158797264099121094e+01
1.399999976158142090e+00 -5.040577411651611328e+00 1.160888576507568359e+01
1.412500023841857910e+00 -4.443628311157226562e+00 1.163326168060302734e+01
1.424999952316284180e+00 -3.758992433547973633e+00 1.163011169433593750e+01
1.437500000000000000e+00 -2.981750726699829102e+00 1.163468837738037109e+01
1.450000047683715820e+00 -2.136885643005371094e+00 1.165853595733642578e+01
1.462499976158142090e+00 -1.259209156036376953e+00 1.164801597595214844e+01
1.475000023841857910e+00 -3.335160911083221436e-01 1.162866115570068359e+01
1.487499952316284180e+00 6.345186829566955566e-01 1.166296291351318359e+01
1.500000000000000000e+00 1.544614672660827637e+00 1.161802482604980469e+01
1.512500047683715820e+00 2.326405525207519531e+00 1.127627849578857422e+01
1.524999976158142090e+00 3.051893949508666992e+00 1.068812656402587891e+01
1.537500023841857910e+00 3.803059339523315430e+00 1.011456966400146484e+01
1.549999952316284180e+00 4.532286167144775391e+00 9.678107261657714844e+00
1.562500000000000000e+00 5.149237632751464844e+00 9.340986251831054688e+00
1.575000047683715820e+00 5.630292415618896484e+00 9.097481727600097656e+00
1.587499976158142090e+00 5.978659629821777344e+00 8.952196121215820312e+00
1.600000023841857910e+00 6.184594154357910156e+00 8.855185508728027344e+00
1.612499952316284180e+00 6.252657890319824219e+00 8.794737815856933594e+00
1.625000000000000000e+00 6.190524101257324219e+00 8.802455902099609375e+00
1.637500047683715820e+00 5.989026069641113281e+00 8.858291625976562500e+00
1.649999976158142090e+00 5.655289173126220703e+00 8.947601318359375000e+00
1.662500023841857910e+00 5.209980487823486328e+00 9.119688034057617188e+00
1.674999952316284180e+00 4.650427341461181641e+00 9.372798919677734375e+00
1.687500000000000000e+00 3.990565776824951172e+00 9.661097526550292969e+00
1.700000047683715820e+00 3.286783456802368164e+00 1.005093574523925781e+01
1.712499976158142090e+00 2.540294647216796875e+00 1.059811496734619141e+01
1.725000023841857910e+00 1.673107147216796875e+00 1.110528373718261719e+01
1.737499952316284180e+00 6.847184896469116211e-01 1.132720947265625000e+01
1.750000000000000000e+00 -2.992160618305206299e-01 1.132954311370849609e+01
1.762500047683715820e+00 -1.200804114341735840e+00 1.133605098724365234e+01
1.774999976158142090e+00 -2.062172174453735352e+00 1.138186264038085938e+01
1.787500023841857910e+00 -2.907220840454101562e+00 1.139223861694335938e+01
1.799999952316284180e+00 -3.687564134597778320e+00 1.139427185058593750e+01
1.812500000000000000e+00 -4.377185344696044922e+00 1.142796897888183594e+01
1.825000047683715820e+00 -4.984397888183593750e+00 1.145204734802246094e+01
1.837499976158142090e+00 -5.488109111785888672e+00 1.145698261260986328e+01
1.850000023841857910e+00 -5.861680507659912109e+00 1.148256111145019531e+01
1.862499952316284180e+00 -6.112052440643310547e+00 1.151401996612548828e+01
1.875000000000000000e+00 -6.238639354705810547e+00 1.152327442169189453e+01
1.887500047683715820e+00 -6.221838951110839844e+00 1.153991889953613281e+01
1.899999976158142090e+00 -6.067423820495605469e+00 1.157253170013427734e+01
1.912500023841857910e+00 -5.791821002960205078e+00 1.158587265014648438e+01
1.924999952316284180e+00 -5.387479782104492188e+00 1.159188938140869141e+01
1.937500000000000000e+00 -4.858201026916503906e+00 1.161878490447998047e+01
1.950000047683715820e+00 -4.232869148254394531e+00 1.163478088378906250e+01
1.962499976158142090e+00 -3.518500804901123047e+00 1.162827968597412109e+01
1.975000023841857910e+00 -2.714662075042724609e+00 1.164258289337158203e+01
1.987499952316284180e+00 -1.857442259788513184e+00 1.166050910949707031e+01
2.000000000000000000e+00 -9.677307009696960449e-01 1.163808822631835938e+01
