0.000000000000000000e+00 6.188456058502197266e+00 8.852780342102050781e+00
1.250000018626451492e-02 6.252401351928710938e+00 8.793976783752441406e+00
2.500000037252902985e-02 6.185490131378173828e+00 8.804020881652832031e+00
3.750000149011611938e-02 5.978378295898437500e+00 8.860961914062500000e+00
5.000000074505805969e-02 5.639304637908935547e+00 8.952565193176269531e+00
6.250000000000000000e-02 5.188598632812500000e+00 9.129071235656738281e+00
7.500000298023223877e-02 4.622900962829589844e+00 9.384772300720214844e+00
8.749999850988388062e-02 3.958418130874633789e+00 9.675759315490722656e+00
1.000000014901161194e-01 3.252055406570434570e+00 1.007391166687011719e+01
1.124999970197677612e-01 2.500138282775878906e+00 1.062687110900878906e+01
1.250000000000000000e-01 1.623680472373962402e+00 1.112465667724609375e+01
1.375000029802322388e-01 6.298027634620666504e-01 1.133053207397460938e+01
1.500000059604644775e-01 -3.524039387702941895e-01 1.132797241210937500e+01
1.624999940395355225e-01 -1.251799225807189941e+00 1.133818340301513672e+01
1.749999970197677612e-01 -2.114179372787475586e+00 1.138362503051757812e+01
1.875000000000000000e-01 -2.958631992340087891e+00 1.139161109924316406e+01
2.000000029802322388e-01 -3.734879016876220703e+00 1.139542293548583984e+01
2.125000059604644775e-01 -4.420253753662109375e+00 1.143029975891113281e+01
2.249999940395355225e-01 -5.022735595703125000e+00 1.145243740081787109e+01
2.374999970197677612e-01 -5.518829345703125000e+00 1.145774078369140625e+01
2.500000000000000000e-01 -5.883741855621337891e+00 1.148518466949462891e+01
2.624999880790710449e-01 -6.125823497772216797e+00 1.151540851593017578e+01
2.750000059604644775e-01 -6.242300033569335938e+00 1.152378654479980469e+01
2.874999940395355225e-01 -6.213966369628906250e+00 1.154238986968994141e+01
3.000000119209289551e-01 -6.049087047576904297e+00 1.157477283477783203e+01
3.125000000000000000e-01 -5.762758731842041016e+00 1.158617591857910156e+01
3.249999880790710449e-01 -5.346305370330810547e+00 1.159360980987548828e+01
3.375000059604644775e-01 -4.806421279907226562e+00 1.162153911590576172e+01
3.499999940395355225e-01 -4.172106266021728516e+00 1.163485622406005859e+01
3.625000119209289551e-01 -3.447700977325439453e+00 1.162851142883300781e+01
3.750000000000000000e-01 -2.635282516479492188e+00 1.164545345306396484e+01
3.874999880790710449e-01 -1.773240804672241211e+00 1.166036319732666016e+01
4.000000059604644775e-01 -8.773829340934753418e-01 1.163568782806396484e+01
4.124999940395355225e-01 7.459680736064910889e-02 1.163883209228515625e+01
4.250000119209289551e-01 1.035239100456237793e+00 1.166903400421142578e+01
4.375000000000000000e-01 1.892729520797729492e+00 1.151436805725097656e+01
4.499999880790710449e-01 2.637335538864135742e+00 1.104010391235351562e+01
4.625000059604644775e-01 3.372020959854125977e+00 1.042688274383544922e+01
4.749999940395355225e-01 4.127379417419433594e+00 9.910499572753906250e+00
4.875000119209289551e-01 4.817159652709960938e+00 9.521872520446777344e+00
5.000000000000000000e-01 5.375425338745117188e+00 9.221792221069335938e+00
5.124999880790710449e-01 5.799891948699951172e+00 9.024188995361328125e+00
5.249999761581420898e-01 6.087113380432128906e+00 8.906414031982421875e+00
5.375000238418579102e-01 6.230613708496093750e+00 8.821832656860351562e+00
5.500000119209289551e-01 6.241132259368896484e+00 8.789602279663085938e+00
5.625000000000000000e-01 6.117591857910156250e+00 8.824219703674316406e+00
5.749999880790710449e-01 5.853441715240478516e+00 8.892089843750000000e+00
5.874999761581420898e-01 5.467168807983398438e+00 9.012634277343750000e+00
6.000000238418579102e-01 4.970264434814453125e+00 9.228368759155273438e+00
6.125000119209289551e-01 4.358542919158935547e+00 9.499180793762207031e+00
6.250000000000000000e-01 3.670576333999633789e+00 9.819442749023437500e+00
6.374999880790710449e-01 2.952537298202514648e+00 1.028857994079589844e+01
6.499999761581420898e-01 2.158137321472167969e+00 1.085652828216552734e+01
6.625000238418579102e-01 1.223045587539672852e+00 1.124801540374755859e+01
6.750000119209289551e-01 2.170648425817489624e-01 1.134015083312988281e+01
6.875000000000000000e-01 -7.311121225357055664e-01 1.132372760772705078e+01
6.999999880790710449e-01 -1.607639551162719727e+00 1.135804843902587891e+01
7.124999761581420898e-01 -2.465890884399414062e+00 1.139204978942871094e+01
7.250000238418579102e-01 -3.288863658905029297e+00 1.138953971862792969e+01
7.375000119209289551e-01 -4.027066230773925781e+00 1.140765857696533203e+01
7.500000000000000000e-01 -4.678504943847656250e+00 1.144332695007324219e+01
7.624999880790710449e-01 -5.241818428039550781e+00 1.145398235321044922e+01
7.749999761581420898e-01 -5.684771060943603516e+00 1.146581363677978516e+01
7.875000238418579102e-01 -5.997519493103027344e+00 1.150001430511474609e+01
8.000000119209289551e-01 -6.190215587615966797e+00 1.152043151855468750e+01
8.125000000000000000e-01 -6.248525619506835938e+00 1.152826786041259766e+01
8.249999880790710449e-01 -6.161326885223388672e+00 1.155629253387451172e+01
8.374999761581420898e-01 -5.946192741394042969e+00 1.158262252807617188e+01
8.500000238418579102e-01 -5.607770442962646484e+00 1.158705997467041016e+01
8.625000119209289551e-01 -5.137525558471679688e+00 1.160368919372558594e+01
8.750000000000000000e-01 -4.555931091308593750e+00 1.163106250762939453e+01
8.874999880790710449e-01 -3.885738611221313477e+00 1.163196182250976562e+01
8.999999761581420898e-01 -3.122656822204589844e+00 1.163182067871093750e+01
9.125000238418579102e-01 -2.284435510635375977e+00 1.165584468841552734e+01
9.250000119209289551e-01 -1.410270690917968750e+00 1.165316867828369141e+01
9.375000000000000000e-01 -4.926966130733489990e-01 1.162876224517822266e+01
9.499999880790710449e-01 4.751647412776947021e-01 1.165657615661621094e+01
9.624999761581420898e-01 1.404803991317749023e+00 1.164204311370849609e+01
9.750000238418579102e-01 2.207495450973510742e+00 1.135405445098876953e+01
9.875000119209289551e-01 2.935437202453613281e+00 1.078785610198974609e+01
1.000000000000000000e+00 3.683691263198852539e+00 1.019641971588134766e+01
1.012500047683715820e+00 4.424610614776611328e+00 9.738579750061035156e+00
1.024999976158142090e+00 5.063538551330566406e+00 9.387568473815917969e+00
1.037500023841857910e+00 5.565853118896484375e+00 9.127604484558105469e+00
1.049999952316284180e+00 5.935403347015380859e+00 8.969655990600585938e+00
1.062500000000000000e+00 6.163102149963378906e+00 8.868031501770019531e+00
1.075000047683715820e+00 6.250519275665283203e+00 8.799864768981933594e+00
1.087499976158142090e+00 6.207329273223876953e+00 8.797492027282714844e+00
1.100000023841857910e+00 6.025448322296142578e+00 8.849084854125976562e+00
1.112499952316284180e+00 5.707979679107666016e+00 8.931622505187988281e+00
1.125000000000000000e+00 5.276700973510742188e+00 9.090341567993164062e+00
1.137500047683715820e+00 4.731802940368652344e+00 9.336535453796386719e+00
1.149999976158142090e+00 4.081008434295654297e+00 9.619915962219238281e+00
1.162500023841857910e+00 3.379119157791137695e+00 9.990389823913574219e+00
1.174999952316284180e+00 2.640522003173828125e+00 1.052364540100097656e+01
1.187500000000000000e+00 1.790266633033752441e+00 1.105409240722656250e+01
1.200000047683715820e+00 8.095112442970275879e-01 1.131594848632812500e+01
1.212499976158142090e+00 -1.840452551841735840e-01 1.133221149444580078e+01
1.225000023841857910e+00 -1.096736431121826172e+00 1.133143329620361328e+01
1.237499952316284180e+00 -1.961636185646057129e+00 1.137725830078125000e+01
1.250000000000000000e+00 -2.812083005905151367e+00 1.139267349243164062e+01
1.262500047683715820e+00 -3.603884935379028320e+00 1.139214324951171875e+01
1.274999976158142090e+00 -4.304635047912597656e+00 1.142351913452148438e+01
1.287500023841857910e+00 -4.922428607940673828e+00 1.145083904266357422e+01
1.299999952316284180e+00 -5.440129756927490234e+00 1.145585918426513672e+01
1.312500000000000000e+00 -5.828354358673095703e+00 1.147872352600097656e+01
1.325000047683715820e+00 -6.091473102569580078e+00 1.151180267333984375e+01
1.337499976158142090e+00 -6.231834411621093750e+00 1.152274894714355469e+01
1.350000023841857910e+00 -6.229629516601562500e+00 1.153718090057373047e+01
1.362499952316284180e+00 -6.087312698364257812e+00 1.156988048553466797e+01
1.375000000000000000e+00 -5.822717189788818359e+00 1.158575534820556641e+01
1.387500047683715820e+00 -5.429967880249023438e+00 1.159065151214599609e+01
1.399999976158142090e+00 -4.909874439239501953e+00 1.161627578735351562e+01
1.412500023841857910e+00 -4.290984630584716797e+00 1.163495826721191406e+01
1.424999952316284180e+00 -3.583288192749023438e+00 1.162882900238037109e+01
1.437500000000000000e+00 -2.784461736679077148e+00 1.164065265655517578e+01
1.450000047683715820e+00 -1.928325772285461426e+00 1.166082859039306641e+01
1.462499976158142090e+00 -1.040101647377014160e+00 1.164084148406982422e+01
1.475000023841857910e+00 -9.795798361301422119e-02 1.163321018218994141e+01
1.487499952316284180e+00 8.694009780883789062e-01 1.166954135894775391e+01
1.500000000000000000e+00 1.750716686248779297e+00 1.156542587280273438e+01
1.512500047683715820e+00 2.508975028991699219e+00 1.114283561706542969e+01
1.524999976158142090e+00 3.238912582397460938e+00 1.053308582305908203e+01
1.537500023841857910e+00 3.995028257369995117e+00 9.991333961486816406e+00
1.549999952316284180e+00 4.703531265258789062e+00 9.584086418151855469e+00
1.562500000000000000e+00 5.286338806152343750e+00 9.268142700195312500e+00
1.575000047683715820e+00 5.734178543090820312e+00 9.051788330078125000e+00
1.587499976158142090e+00 6.046706676483154297e+00 8.924246788024902344e+00
1.600000023841857910e+00 6.215203762054443359e+00 8.834305763244628906e+00
1.612499952316284180e+00 6.248701095581054688e+00 8.789895057678222656e+00
1.625000000000000000e+00 6.149888992309570312e+00 8.814779281616210938e+00
1.637500047683715820e+00 5.910015106201171875e+00 8.877897262573242188e+00
1.649999976158142090e+00 5.543699741363525391e+00 8.984591484069824219e+00
1.662500023841857910e+00 5.066989898681640625e+00 9.184085845947265625e+00
1.674999952316284180e+00 4.474567413330078125e+00 9.449290275573730469e+00
1.687500000000000000e+00 3.795355558395385742e+00 9.754549026489257812e+00
1.700000047683715820e+00 3.082955360412597656e+00 1.019258975982666016e+01
1.712499976158142090e+00 2.308844327926635742e+00 1.076000690460205078e+01
1.725000023841857910e+00 1.398182749748229980e+00 1.120179748535156250e+01
1.737499952316284180e+00 3.942306637763977051e-01 1.133932685852050781e+01
1.750000000000000000e+00 -5.694798827171325684e-01 1.132425785064697266e+01
1.762500047683715820e+00 -1.454419255256652832e+00 1.134907913208007812e+01
1.774999976158142090e+00 -2.314480066299438477e+00 1.138951778411865234e+01
1.787500023841857910e+00 -3.148040533065795898e+00 1.139012527465820312e+01
1.799999952316284180e+00 -3.902812480926513672e+00 1.140168666839599609e+01
1.812500000000000000e+00 -4.568686008453369141e+00 1.143829917907714844e+01
1.825000047683715820e+00 -5.149641990661621094e+00 1.145352458953857422e+01
1.837499976158142090e+00 -5.615933418273925781e+00 1.146166419982910156e+01
1.850000023841857910e+00 -5.950852394104003906e+00 1.149379730224609375e+01
1.862499952316284180e+00 -6.165094852447509766e+00 1.151876735687255859e+01
1.875000000000000000e+00 -6.248944282531738281e+00 1.152586460113525391e+01
1.887500047683715820e+00 -6.186773300170898438e+00 1.155011081695556641e+01
1.899999976158142090e+00 -5.993081092834472656e+00 1.157986545562744141e+01
1.912500023841857910e+00 -5.677468776702880859e+00 1.158653640747070312e+01
1.924999952316284180e+00 -5.230123043060302734e+00 1.159884929656982422e+01
1.937500000000000000e+00 -4.665865421295166016e+00 1.162754249572753906e+01
1.950000047683715820e+00 -4.011286735534667969e+00 1.163350868225097656e+01
1.962499976158142090e+00 -3.264765024185180664e+00 1.162964820861816406e+01
1.975000023841857910e+00 -2.436662197113037109e+00 1.165172100067138672e+01
1.987499952316284180e+00 -1.567680001258850098e+00 1.165722084045410156e+01
2.000000000000000000e+00 -6.601031422615051270e-01 1.163059997558593750e+01
