0.000000000000000000e+00 6.187878608703613281e+00 8.853168487548828125e+00
1.250000018626451492e-02 6.252099514007568359e+00 8.794134140014648438e+00
2.500000037252902985e-02 6.184910774230957031e+00 8.804224014282226562e+00
3.750000149011611938e-02 5.976922512054443359e+00 8.861324310302734375e+00
5.000000074505805969e-02 5.636520385742187500e+00 8.953374862670898438e+00
6.250000000000000000e-02 5.184087753295898438e+00 9.130947113037109375e+00
7.500000298023223877e-02 4.616145610809326172e+00 9.387587547302246094e+00
8.749999850988388062e-02 3.949488401412963867e+00 9.679694175720214844e+00
1.000000014901161194e-01 3.241371631622314453e+00 1.008078670501708984e+01
1.124999970197677612e-01 2.486690282821655273e+00 1.063616180419921875e+01
1.250000000000000000e-01 1.605907678604125977e+00 1.113115882873535156e+01
1.375000029802322388e-01 6.088054776191711426e-01 1.133142757415771484e+01
1.500000059604644775e-01 -3.739235997200012207e-01 1.132718944549560547e+01
1.624999940395355225e-01 -1.273562431335449219e+00 1.133899116516113281e+01
1.749999970197677612e-01 -2.137388229370117188e+00 1.138422775268554688e+01
1.875000000000000000e-01 -2.982409238815307617e+00 1.139120674133300781e+01
2.000000029802322388e-01 -3.757500171661376953e+00 1.139594650268554688e+01
2.125000059604644775e-01 -4.441506385803222656e+00 1.143135833740234375e+01
2.249999940395355225e-01 -5.042126178741455078e+00 1.145254516601562500e+01
2.374999970197677612e-01 -5.534657001495361328e+00 1.145816707611083984e+01
2.500000000000000000e-01 -5.895288467407226562e+00 1.148659706115722656e+01
2.624999880790710449e-01 -6.133016109466552734e+00 1.151611137390136719e+01
2.750000059604644775e-01 -6.243840217590332031e+00 1.152413654327392578e+01
2.874999940395355225e-01 -6.208884716033935547e+00 1.154391098022460938e+01
3.000000119209289551e-01 -6.037789821624755859e+00 1.157605934143066406e+01
3.125000000000000000e-01 -5.744782447814941406e+00 1.158640956878662109e+01
3.249999880790710449e-01 -5.320670604705810547e+00 1.159484195709228516e+01
3.375000059604644775e-01 -4.773962020874023438e+00 1.162326431274414062e+01
3.499999940395355225e-01 -4.133550643920898438e+00 1.163489818572998047e+01
3.625000119209289551e-01 -3.402230262756347656e+00 1.162891101837158203e+01
3.750000000000000000e-01 -2.583918571472167969e+00 1.164741897583007812e+01
3.874999880790710449e-01 -1.718216180801391602e+00 1.166012191772460938e+01
4.000000059604644775e-01 -8.175061345100402832e-01 1.163440608978271484e+01
4.124999940395355225e-01 1.397307962179183960e-01 1.164177608489990234e+01
4.250000119209289551e-01 1.098698496818542480e+00 1.166764259338378906e+01
4.375000000000000000e-01 1.948413610458374023e+00 1.149123001098632812e+01
4.499999880790710449e-01 2.690020561218261719e+00 1.099698162078857422e+01
4.625000059604644775e-01 3.428384065628051758e+00 1.038373279571533203e+01
4.749999940395355225e-01 4.183853626251220703e+00 9.877348899841308594e+00
4.875000119209289551e-01 4.866064548492431641e+00 9.495436668395996094e+00
5.000000000000000000e-01 5.414495944976806641e+00 9.202063560485839844e+00
5.124999880790710449e-01 5.828991889953613281e+00 9.012450218200683594e+00
5.249999761581420898e-01 6.104640960693359375e+00 8.898347854614257812e+00
5.375000238418579102e-01 6.236389636993408203e+00 8.816456794738769531e+00
5.500000119209289551e-01 6.235414981842041016e+00 8.790484428405761719e+00
5.625000000000000000e-01 6.098802089691162109e+00 8.829541206359863281e+00
5.749999880790710449e-01 5.821646690368652344e+00 8.900248527526855469e+00
5.874999761581420898e-01 5.424063205718994141e+00 9.029193878173828125e+00
6.000000238418579102e-01 4.914921283721923828e+00 9.253550529479980469e+00
6.125000119209289551e-01 4.291694164276123047e+00 9.527730941772460938e+00
6.250000000000000000e-01 3.598170042037963867e+00 9.858945846557617188e+00
6.374999880790710449e-01 2.874695539474487305e+00 1.034660911560058594e+01
6.499999761581420898e-01 2.065459012985229492e+00 1.091124153137207031e+01
6.625000238418579102e-01 1.114821791648864746e+00 1.127072429656982422e+01
6.750000119209289551e-01 1.078126430511474609e-01 1.133860969543457031e+01
6.875000000000000000e-01 -8.324294686317443848e-01 1.132431316375732422e+01
6.999999880790710449e-01 -1.706516504287719727e+00 1.136356067657470703e+01
7.124999761581420898e-01 -2.564954042434692383e+00 1.139266014099121094e+01
7.250000238418579102e-01 -3.381507873535156250e+00 1.138943958282470703e+01
7.375000119209289551e-01 -4.110049247741699219e+00 1.141197395324707031e+01
7.500000000000000000e-01 -4.752902984619140625e+00 1.144604969024658203e+01
7.624999880790710449e-01 -5.304252624511718750e+00 1.145422363281250000e+01
7.749999761581420898e-01 -5.731280326843261719e+00 1.146930122375488281e+01
7.875000238418579102e-01 -6.028910160064697266e+00 1.150415229797363281e+01
8.000000119209289551e-01 -6.205768108367919922e+00 1.152132701873779297e+01
8.125000000000000000e-01 -6.244785308837890625e+00 1.153069210052490234e+01
8.249999880790710449e-01 -6.138871192932128906e+00 1.156107997894287109e+01
8.374999761581420898e-01 -5.906852722167968750e+00 1.158425998687744141e+01
8.500000238418579102e-01 -5.549556255340576172e+00 1.158800792694091797e+01
8.625000119209289551e-01 -5.060676574707031250e+00 1.160812759399414062e+01
8.750000000000000000e-01 -4.464521884918212891e+00 1.163336086273193359e+01
8.874999880790710449e-01 -3.779928445816040039e+00 1.163091564178466797e+01
8.999999761581420898e-01 -3.001948118209838867e+00 1.163476657867431641e+01
9.125000238418579102e-01 -2.154674291610717773e+00 1.165885162353515625e+01
9.250000119209289551e-01 -1.273996114730834961e+00 1.164921569824218750e+01
9.375000000000000000e-01 -3.453973829746246338e-01 1.162932586669921875e+01
9.499999880790710449e-01 6.265693902969360352e-01 1.166336822509765625e+01
9.624999761581420898e-01 1.541195034980773926e+00 1.161944580078125000e+01
9.750000238418579102e-01 2.326406002044677734e+00 1.127722549438476562e+01
9.875000119209289551e-01 3.054582118988037109e+00 1.068683147430419922e+01
1.000000000000000000e+00 3.808595418930053711e+00 1.011179637908935547e+01
1.012500047683715820e+00 4.539904117584228516e+00 9.674605369567871094e+00
1.024999976158142090e+00 5.157542705535888672e+00 9.336996078491210938e+00
1.037500023841857910e+00 5.638270854949951172e+00 9.094245910644531250e+00
1.049999952316284180e+00 5.984989166259765625e+00 8.949959754943847656e+00
1.062500000000000000e+00 6.187869548797607422e+00 8.853174209594726562e+00
1.075000047683715820e+00 6.252099990844726562e+00 8.794136047363281250e+00
1.087499976158142090e+00 6.184920310974121094e+00 8.804221153259277344e+00
1.100000023841857910e+00 5.976942539215087891e+00 8.861318588256835938e+00
1.112499952316284180e+00 5.636548995971679688e+00 8.953366279602050781e+00
1.125000000000000000e+00 5.184124469757080078e+00 9.130930900573730469e+00
1.137500047683715820e+00 4.616190433502197266e+00 9.387567520141601562e+00
1.149999976158142090e+00 3.949538469314575195e+00 9.679671287536621094e+00
1.162500023841857910e+00 3.241423368453979492e+00 1.008075141906738281e+01
1.174999952316284180e+00 2.486748218536376953e+00 1.063611984252929688e+01
1.187500000000000000e+00 1.605976223945617676e+00 1.113113307952880859e+01
1.200000047683715820e+00 6.088782548904418945e-01 1.133142375946044922e+01
1.212499976158142090e+00 -3.738561272621154785e-01 1.132719135284423828e+01
1.225000023841857910e+00 -1.273499846458435059e+00 1.133898735046386719e+01
1.237499952316284180e+00 -2.137326478958129883e+00 1.138422584533691406e+01
1.250000000000000000e+00 -2.982350587844848633e+00 1.139120674133300781e+01
1.262500047683715820e+00 -3.757447957992553711e+00 1.139594459533691406e+01
1.274999976158142090e+00 -4.441460132598876953e+00 1.143135643005371094e+01
1.287500023841857910e+00 -5.042086601257324219e+00 1.145254516601562500e+01
1.299999952316284180e+00 -5.534626007080078125e+00 1.145816612243652344e+01
1.312500000000000000e+00 -5.895267486572265625e+00 1.148659420013427734e+01
1.325000047683715820e+00 -6.133003234863281250e+00 1.151610946655273438e+01
1.337499976158142090e+00 -6.243837356567382812e+00 1.152413558959960938e+01
1.350000023841857910e+00 -6.208892345428466797e+00 1.154390811920166016e+01
1.362499952316284180e+00 -6.037806510925292969e+00 1.157605838775634766e+01
1.375000000000000000e+00 -5.744807720184326172e+00 1.158640956878662109e+01
1.387500047683715820e+00 -5.320705890655517578e+00 1.159484004974365234e+01
1.399999976158142090e+00 -4.774004936218261719e+00 1.162326240539550781e+01
1.412500023841857910e+00 -4.133599758148193359e+00 1.163489818572998047e+01
1.424999952316284180e+00 -3.402286052703857422e+00 1.162891101837158203e+01
1.437500000000000000e+00 -2.583979606628417969e+00 1.164741706848144531e+01
1.450000047683715820e+00 -1.718279242515563965e+00 1.166012287139892578e+01
1.462499976158142090e+00 -8.175727725028991699e-01 1.163440704345703125e+01
1.475000023841857910e+00 1.396606564521789551e-01 1.164177322387695312e+01
1.487499952316284180e+00 1.098632574081420898e+00 1.166764450073242188e+01
1.500000000000000000e+00 1.948357582092285156e+00 1.149125480651855469e+01
1.512500047683715820e+00 2.689968585968017578e+00 1.099702453613281250e+01
1.524999976158142090e+00 3.428329706192016602e+00 1.038377380371093750e+01
1.537500023841857910e+00 4.183800697326660156e+00 9.877379417419433594e+00
1.549999952316284180e+00 4.866020202636718750e+00 9.495460510253906250e+00
1.562500000000000000e+00 5.414461135864257812e+00 9.202080726623535156e+00
1.575000047683715820e+00 5.828967094421386719e+00 9.012460708618164062e+00
1.587499976158142090e+00 6.104626655578613281e+00 8.898354530334472656e+00
1.600000023841857910e+00 6.236384868621826172e+00 8.816461563110351562e+00
1.612499952316284180e+00 6.235420227050781250e+00 8.790483474731445312e+00
1.625000000000000000e+00 6.098816871643066406e+00 8.829536437988281250e+00
1.637500047683715820e+00 5.821671009063720703e+00 8.900241851806640625e+00
1.649999976158142090e+00 5.424095630645751953e+00 9.029181480407714844e+00
1.662500023841857910e+00 4.914962291717529297e+00 9.253532409667968750e+00
1.674999952316284180e+00 4.291742324829101562e+00 9.527709960937500000e+00
1.687500000000000000e+00 3.598220825195312500e+00 9.858917236328125000e+00
1.700000047683715820e+00 2.874749422073364258e+00 1.034656810760498047e+01
1.712499976158142090e+00 2.065522193908691406e+00 1.091120529174804688e+01
1.725000023841857910e+00 1.114893913269042969e+00 1.127071094512939453e+01
1.737499952316284180e+00 1.078834235668182373e-01 1.133861064910888672e+01
1.750000000000000000e+00 -8.323650956153869629e-01 1.132431221008300781e+01
1.762500047683715820e+00 -1.706454515457153320e+00 1.136355686187744141e+01
1.774999976158142090e+00 -2.564893007278442383e+00 1.139265918731689453e+01
1.787500023841857910e+00 -3.381452083587646484e+00 1.138943958282470703e+01
1.799999952316284180e+00 -4.110000133514404297e+00 1.141197109222412109e+01
1.812500000000000000e+00 -4.752859592437744141e+00 1.144604778289794922e+01
1.825000047683715820e+00 -5.304217338562011719e+00 1.145422363281250000e+01
1.837499976158142090e+00 -5.731254577636718750e+00 1.146929931640625000e+01
1.850000023841857910e+00 -6.028892993927001953e+00 1.150415039062500000e+01
1.862499952316284180e+00 -6.205760002136230469e+00 1.152132606506347656e+01
1.875000000000000000e+00 -6.244788169860839844e+00 1.153069019317626953e+01
1.887500047683715820e+00 -6.138883590698242188e+00 1.156107711791992188e+01
1.899999976158142090e+00 -5.906873703002929688e+00 1.158425903320312500e+01
1.912500023841857910e+00 -5.549586772918701172e+00 1.158800697326660156e+01
1.924999952316284180e+00 -5.060715675354003906e+00 1.160812568664550781e+01
1.937500000000000000e+00 -4.464568138122558594e+00 1.163335990905761719e+01
1.950000047683715820e+00 -3.779980897903442383e+00 1.163091659545898438e+01
1.962499976158142090e+00 -3.002007007598876953e+00 1.163476467132568359e+01
1.975000023841857910e+00 -2.154736280441284180e+00 1.165884971618652344e+01
1.987499952316284180e+00 -1.274060726165771484e+00 1.164921855926513672e+01
2.000000000000000000e+00 -3.454662859439849854e-01 1.162932586669921875e+01
