0.000000000000000000e+00 6.187301158905029297e+00 8.853565216064453125e+00
1.250000018626451492e-02 6.251798152923583984e+00 8.794300079345703125e+00
2.500000037252902985e-02 6.184330940246582031e+00 8.804434776306152344e+00
3.750000149011611938e-02 5.975464344024658203e+00 8.861693382263183594e+00
5.000000074505805969e-02 5.633732795715332031e+00 8.954195976257324219e+00
6.250000000000000000e-02 5.179570198059082031e+00 9.132836341857910156e+00
7.500000298023223877e-02 4.609379291534423828e+00 9.390410423278808594e+00
8.749999850988388062e-02 3.940553665161132812e+00 9.683650016784667969e+00
1.000000014901161194e-01 3.230682373046875000e+00 1.008770179748535156e+01
1.124999970197677612e-01 2.473209619522094727e+00 1.064543914794921875e+01
1.250000000000000000e-01 1.588091135025024414e+00 1.113754844665527344e+01
1.375000029802322388e-01 5.878141522407531738e-01 1.133222961425781250e+01
1.500000059604644775e-01 -3.953962028026580811e-01 1.132642650604248047e+01
1.624999940395355225e-01 -1.295304536819458008e+00 1.133982181549072266e+01
1.749999970197677612e-01 -2.160586357116699219e+00 1.138478755950927734e+01
1.875000000000000000e-01 -3.006122350692749023e+00 1.139079475402832031e+01
2.000000029802322388e-01 -3.780027627944946289e+00 1.139650344848632812e+01
2.125000059604644775e-01 -4.462668418884277344e+00 1.143239021301269531e+01
2.249999940395355225e-01 -5.061380386352539062e+00 1.145262145996093750e+01
2.374999970197677612e-01 -5.550292968750000000e+00 1.145863056182861328e+01
2.500000000000000000e-01 -5.906644821166992188e+00 1.148800563812255859e+01
2.624999880790710449e-01 -6.139991283416748047e+00 1.151675891876220703e+01
2.750000059604644775e-01 -6.245095252990722656e+00 1.152451038360595703e+01
2.874999940395355225e-01 -6.203516960144042969e+00 1.154546070098876953e+01
3.000000119209289551e-01 -6.026221275329589844e+00 1.157727527618408203e+01
3.125000000000000000e-01 -5.726475238800048828e+00 1.158663368225097656e+01
3.249999880790710449e-01 -5.294699668884277344e+00 1.159614372253417969e+01
3.375000059604644775e-01 -4.741239547729492188e+00 1.162492370605468750e+01
3.499999940395355225e-01 -4.094711780548095703e+00 1.163486480712890625e+01
3.625000119209289551e-01 -3.356452226638793945e+00 1.162942409515380859e+01
3.750000000000000000e-01 -2.532396554946899414e+00 1.164936733245849609e+01
3.874999880790710449e-01 -1.663077831268310547e+00 1.165967941284179688e+01
4.000000059604644775e-01 -7.573640942573547363e-01 1.163329792022705078e+01
4.124999940395355225e-01 2.049036175012588501e-01 1.164490890502929688e+01
4.250000119209289551e-01 1.161588072776794434e+00 1.166524982452392578e+01
4.375000000000000000e-01 2.003490686416625977e+00 1.146634864807128906e+01
4.499999880790710449e-01 2.742712497711181641e+00 1.095325565338134766e+01
4.625000059604644775e-01 3.484878540039062500e+00 1.034133434295654297e+01
4.749999940395355225e-01 4.239854812622070312e+00 9.844945907592773438e+00
4.875000119209289551e-01 4.914101600646972656e+00 9.469489097595214844e+00
5.000000000000000000e-01 5.452708721160888672e+00 9.183052062988281250e+00
5.124999880790710449e-01 5.857134819030761719e+00 9.001249313354492188e+00
5.249999761581420898e-01 6.121103286743164062e+00 8.890449523925781250e+00
5.375000238418579102e-01 6.241165637969970703e+00 8.811524391174316406e+00
5.500000119209289551e-01 6.228615283966064453e+00 8.791937828063964844e+00
5.625000000000000000e-01 6.078803062438964844e+00 8.835062026977539062e+00
5.749999880790710449e-01 5.788806438446044922e+00 8.908897399902343750e+00
5.874999761581420898e-01 5.379958152770996094e+00 9.046733856201171875e+00
6.000000238418579102e-01 4.858436107635498047e+00 9.279159545898437500e+00
6.125000119209289551e-01 4.224136829376220703e+00 9.556706428527832031e+00
6.250000000000000000e-01 3.525577306747436523e+00 9.900248527526855469e+00
6.374999880790710449e-01 2.795964717864990234e+00 1.040571594238281250e+01
6.499999761581420898e-01 1.971038460731506348e+00 1.096340560913085938e+01
6.625000238418579102e-01 1.005887627601623535e+00 1.128964614868164062e+01
6.750000119209289551e-01 -4.722099984064698219e-04 1.133619880676269531e+01
6.875000000000000000e-01 -9.328521490097045898e-01 1.132586193084716797e+01
6.999999880790710449e-01 -1.805298328399658203e+00 1.136884498596191406e+01
7.124999761581420898e-01 -2.663457155227661133e+00 1.139269733428955078e+01
7.250000238418579102e-01 -3.472815990447998047e+00 1.138983726501464844e+01
7.375000119209289551e-01 -4.191792011260986328e+00 1.141649532318115234e+01
7.500000000000000000e-01 -4.825962066650390625e+00 1.144824314117431641e+01
7.624999880790710449e-01 -5.364684104919433594e+00 1.145461750030517578e+01
7.749999761581420898e-01 -5.775671005249023438e+00 1.147321414947509766e+01
7.875000238418579102e-01 -6.058339595794677734e+00 1.150789356231689453e+01
8.000000119209289551e-01 -6.218925476074218750e+00 1.152204704284667969e+01
8.125000000000000000e-01 -6.238413810729980469e+00 1.153362369537353516e+01
8.249999880790710449e-01 -6.114149570465087891e+00 1.156569766998291016e+01
8.374999761581420898e-01 -5.865169048309326172e+00 1.158541393280029297e+01
8.500000238418579102e-01 -5.488710880279541016e+00 1.158939361572265625e+01
8.625000119209289551e-01 -4.981696128845214844e+00 1.161273097991943359e+01
8.750000000000000000e-01 -4.371360778808593750e+00 1.163491058349609375e+01
8.874999880790710449e-01 -3.672067880630493164e+00 1.163005447387695312e+01
8.999999761581420898e-01 -2.879692792892456055e+00 1.163835716247558594e+01
9.125000238418579102e-01 -2.024313449859619141e+00 1.166089725494384766e+01
9.250000119209289551e-01 -1.136598587036132812e+00 1.164487266540527344e+01
9.375000000000000000e-01 -1.968124061822891235e-01 1.163168144226074219e+01
9.499999880790710449e-01 7.765223979949951172e-01 1.166853427886962891e+01
9.624999761581420898e-01 1.673947453498840332e+00 1.158867454528808594e+01
9.750000238418579102e-01 2.443784713745117188e+00 1.119351005554199219e+01
9.875000119209289551e-01 3.174715757369995117e+00 1.058672523498535156e+01
1.000000000000000000e+00 3.932928800582885742e+00 1.003134250640869141e+01
1.012500047683715820e+00 4.651819705963134766e+00 9.613160133361816406e+00
1.024999976158142090e+00 5.247628211975097656e+00 9.289055824279785156e+00
1.037500023841857910e+00 5.706865310668945312e+00 9.063961029052734375e+00
1.049999952316284180e+00 6.030216693878173828e+00 8.931512832641601562e+00
1.062500000000000000e+00 6.208382129669189453e+00 8.839300155639648438e+00
1.075000047683715820e+00 6.249638080596923828e+00 8.790798187255859375e+00
1.087499976158142090e+00 6.157923221588134766e+00 8.812423706054687500e+00
1.100000023841857910e+00 5.924030303955078125e+00 8.874413490295410156e+00
1.112499952316284180e+00 5.561472415924072266e+00 8.978207588195800781e+00
1.125000000000000000e+00 5.087526798248291016e+00 9.174439430236816406e+00
1.137500047683715820e+00 4.496921539306640625e+00 9.439330101013183594e+00
1.149999976158142090e+00 3.816810131072998047e+00 9.743309974670410156e+00
1.162500023841857910e+00 3.102385997772216797e+00 1.017777729034423828e+01
1.174999952316284180e+00 2.327962636947631836e+00 1.074644374847412109e+01
1.187500000000000000e+00 1.416751384735107422e+00 1.119555664062500000e+01
1.200000047683715820e+00 4.090609848499298096e-01 1.133841800689697266e+01
1.212499976158142090e+00 -5.598710179328918457e-01 1.132376575469970703e+01
1.225000023841857910e+00 -1.448965787887573242e+00 1.134823989868164062e+01
1.237499952316284180e+00 -2.312522172927856445e+00 1.138902378082275391e+01
1.250000000000000000e+00 -3.149446725845336914e+00 1.138970088958740234e+01
1.262500047683715820e+00 -3.906901836395263672e+00 1.140149784088134766e+01
1.274999976158142090e+00 -4.574764251708984375e+00 1.143830966949462891e+01
1.287500023841857910e+00 -5.156844139099121094e+00 1.145333766937255859e+01
1.299999952316284180e+00 -5.622859001159667969e+00 1.146188354492187500e+01
1.312500000000000000e+00 -5.956489086151123047e+00 1.149452304840087891e+01
1.325000047683715820e+00 -6.168550968170166016e+00 1.151906108856201172e+01
1.337499976158142090e+00 -6.248563289642333984e+00 1.152630710601806641e+01
1.350000023841857910e+00 -6.181370735168457031e+00 1.155147838592529297e+01
1.362499952316284180e+00 -5.982289314270019531e+00 1.158079624176025391e+01
1.375000000000000000e+00 -5.660041809082031250e+00 1.158695602416992188e+01
1.387500047683715820e+00 -5.204885482788085938e+00 1.160047817230224609e+01
1.399999976158142090e+00 -4.633315086364746094e+00 1.162912845611572266e+01
1.412500023841857910e+00 -3.971289396286010742e+00 1.163358020782470703e+01
1.424999952316284180e+00 -3.216231107711791992e+00 1.163084983825683594e+01
1.437500000000000000e+00 -2.381005048751831055e+00 1.165392684936523438e+01
1.450000047683715820e+00 -1.506512522697448730e+00 1.165647029876708984e+01
1.462499976158142090e+00 -5.913023948669433594e-01 1.163034915924072266e+01
1.475000023841857910e+00 3.777857124805450439e-01 1.165279579162597656e+01
1.487499952316284180e+00 1.320581912994384766e+00 1.165294647216796875e+01
1.500000000000000000e+00 2.138658761978149414e+00 1.139563655853271484e+01
1.512500047683715820e+00 2.871236324310302734e+00 1.084381866455078125e+01
1.524999976158142090e+00 3.619429826736450195e+00 1.024271488189697266e+01
1.537500023841857910e+00 4.367527008056640625e+00 9.771594047546386719e+00
1.549999952316284180e+00 5.019361495971679688e+00 9.412094116210937500e+00
1.562500000000000000e+00 5.533806324005126953e+00 9.143287658691406250e+00
1.575000047683715820e+00 5.914364337921142578e+00 8.978369712829589844e+00
1.587499976158142090e+00 6.152482509613037109e+00 8.874089241027832031e+00
1.600000023841857910e+00 6.248410224914550781e+00 8.802656173706054688e+00
1.612499952316284180e+00 6.212532043457031250e+00 8.796092033386230469e+00
1.625000000000000000e+00 6.037366867065429688e+00 8.846035003662109375e+00
1.637500047683715820e+00 5.724596977233886719e+00 8.926699638366699219e+00
1.649999976158142090e+00 5.296348571777343750e+00 9.081643104553222656e+00
1.662500023841857910e+00 4.753926277160644531e+00 9.326348304748535156e+00
1.674999952316284180e+00 4.103471279144287109e+00 9.609518051147460938e+00
1.687500000000000000e+00 3.399581670761108398e+00 9.976737976074218750e+00
1.700000047683715820e+00 2.659912347793579102e+00 1.050833702087402344e+01
1.712499976158142090e+00 1.809770703315734863e+00 1.104437923431396484e+01
1.725000023841857910e+00 8.267030119895935059e-01 1.131347942352294922e+01
1.737499952316284180e+00 -1.719126254320144653e-01 1.133191776275634766e+01
1.750000000000000000e+00 -1.089338660240173340e+00 1.133059883117675781e+01
1.762500047683715820e+00 -1.957867264747619629e+00 1.137660408020019531e+01
1.774999976158142090e+00 -2.811788558959960938e+00 1.139224910736083984e+01
1.787500023841857910e+00 -3.606640100479125977e+00 1.139180469512939453e+01
1.799999952316284180e+00 -4.309677600860595703e+00 1.142349720001220703e+01
1.812500000000000000e+00 -4.929066658020019531e+00 1.145071792602539062e+01
1.825000047683715820e+00 -5.447134017944335938e+00 1.145580577850341797e+01
1.837499976158142090e+00 -5.834461212158203125e+00 1.147932910919189453e+01
1.850000023841857910e+00 -6.095898151397705078e+00 1.151232147216796875e+01
1.862499952316284180e+00 -6.233214855194091797e+00 1.152294731140136719e+01
1.875000000000000000e+00 -6.226384162902832031e+00 1.153821659088134766e+01
1.887500047683715820e+00 -6.078904628753662109e+00 1.157116985321044922e+01
1.899999976158142090e+00 -5.808377742767333984e+00 1.158617401123046875e+01
1.912500023841857910e+00 -5.408171176910400391e+00 1.159169006347656250e+01
1.924999952316284180e+00 -4.880492687225341797e+00 1.161821460723876953e+01
1.937500000000000000e+00 -4.254495620727539062e+00 1.163552761077880859e+01
1.950000047683715820e+00 -3.538623809814453125e+00 1.162919998168945312e+01
1.962499976158142090e+00 -2.731769561767578125e+00 1.164291381835937500e+01
1.975000023841857910e+00 -1.869876027107238770e+00 1.166149234771728516e+01
1.987499952316284180e+00 -9.751614928245544434e-01 1.163942527770996094e+01
2.000000000000000000e+00 -2.498186007142066956e-02 1.163610172271728516e+01
