0.000000000000000000e+00 6.186723709106445312e+00 8.853861808776855469e+00
1.250000018626451492e-02 6.251497268676757812e+00 8.794365882873535156e+00
2.500000037252902985e-02 6.183751583099365234e+00 8.804546356201171875e+00
3.750000149011611938e-02 5.974004745483398438e+00 8.861964225769042969e+00
5.000000074505805969e-02 5.630941390991210938e+00 8.954920768737792969e+00
6.250000000000000000e-02 5.175045013427734375e+00 9.134631156921386719e+00
7.500000298023223877e-02 4.602602005004882812e+00 9.393135070800781250e+00
8.749999850988388062e-02 3.931614637374877930e+00 9.687519073486328125e+00
1.000000014901161194e-01 3.219988584518432617e+00 1.009455204010009766e+01
1.124999970197677612e-01 2.459696769714355469e+00 1.065459918975830078e+01
1.250000000000000000e-01 1.570232272148132324e+00 1.114372348785400391e+01
1.375000029802322388e-01 5.668310523033142090e-01 1.133284282684326172e+01
1.500000059604644775e-01 -4.168205261230468750e-01 1.132558822631835938e+01
1.624999940395355225e-01 -1.317025661468505859e+00 1.134057998657226562e+01
1.749999970197677612e-01 -2.183772087097167969e+00 1.138521194458007812e+01
1.875000000000000000e-01 -3.029768466949462891e+00 1.139028644561767578e+01
2.000000029802322388e-01 -3.802460670471191406e+00 1.139700126647949219e+01
2.125000059604644775e-01 -4.483739852905273438e+00 1.143329906463623047e+01
2.249999940395355225e-01 -5.080494880676269531e+00 1.145257568359375000e+01
2.374999970197677612e-01 -5.565736770629882812e+00 1.145903968811035156e+01
2.500000000000000000e-01 -5.917810440063476562e+00 1.148931503295898438e+01
2.624999880790710449e-01 -6.146748065948486328e+00 1.151726150512695312e+01
2.750000059604644775e-01 -6.246065139770507812e+00 1.152482223510742188e+01
2.874999940395355225e-01 -6.197865962982177734e+00 1.154694652557373047e+01
3.000000119209289551e-01 -6.014380455017089844e+00 1.157833003997802734e+01
3.125000000000000000e-01 -5.707836627960205078e+00 1.158676338195800781e+01
3.249999880790710449e-01 -5.268396854400634766e+00 1.159742259979248047e+01
3.375000059604644775e-01 -4.708260059356689453e+00 1.162641716003417969e+01
3.499999940395355225e-01 -4.055587291717529297e+00 1.163466930389404297e+01
3.625000119209289551e-01 -3.310373783111572266e+00 1.162995719909667969e+01
3.750000000000000000e-01 -2.480728149414062500e+00 1.165118026733398438e+01
3.874999880790710449e-01 -1.607820272445678711e+00 1.165894412994384766e+01
4.000000059604644775e-01 -6.969550848007202148e-01 1.163229274749755859e+01
4.124999940395355225e-01 2.700782418251037598e-01 1.164808273315429688e+01
4.250000119209289551e-01 1.223878026008605957e+00 1.166166400909423828e+01
4.375000000000000000e-01 2.057993412017822266e+00 1.143964862823486328e+01
4.499999880790710449e-01 2.795449018478393555e+00 1.090894508361816406e+01
4.625000059604644775e-01 3.541475057601928711e+00 1.029962253570556641e+01
4.749999940395355225e-01 4.295336723327636719e+00 9.813143730163574219e+00
4.875000119209289551e-01 4.961266517639160156e+00 9.443924903869628906e+00
5.000000000000000000e-01 5.490067005157470703e+00 9.164654731750488281e+00
5.124999880790710449e-01 5.884310245513916016e+00 8.990431785583496094e+00
5.249999761581420898e-01 6.136505126953125000e+00 8.882605552673339844e+00
5.375000238418579102e-01 6.244949817657470703e+00 8.806962013244628906e+00
5.500000119209289551e-01 6.220720767974853516e+00 8.793828964233398438e+00
5.625000000000000000e-01 6.057603836059570312e+00 8.840660095214843750e+00
5.749999880790710449e-01 5.754944801330566406e+00 8.917996406555175781e+00
5.874999761581420898e-01 5.334843158721923828e+00 9.065135955810546875e+00
6.000000238418579102e-01 4.800821781158447266e+00 9.305018424987792969e+00
6.125000119209289551e-01 4.155948162078857422e+00 9.586106300354003906e+00
6.250000000000000000e-01 3.452794075012207031e+00 9.943327903747558594e+00
6.374999880790710449e-01 2.716223478317260742e+00 1.046549415588378906e+01
6.499999761581420898e-01 1.874889731407165527e+00 1.101258277893066406e+01
6.625000238418579102e-01 8.964501023292541504e-01 1.130486869812011719e+01
6.750000119209289551e-01 -1.076976209878921509e-01 1.133318614959716797e+01
6.875000000000000000e-01 -1.032485842704772949e+00 1.132824325561523438e+01
6.999999880790710449e-01 -1.904005646705627441e+00 1.137365627288818359e+01
7.124999761581420898e-01 -2.761287450790405273e+00 1.139217758178710938e+01
7.250000238418579102e-01 -3.562762975692749023e+00 1.139070606231689453e+01
7.375000119209289551e-01 -4.272326469421386719e+00 1.142100048065185547e+01
7.500000000000000000e-01 -4.897618293762207031e+00 1.144983005523681641e+01
7.624999880790710449e-01 -5.423060894012451172e+00 1.145518016815185547e+01
7.749999761581420898e-01 -5.817982673645019531e+00 1.147737693786621094e+01
7.875000238418579102e-01 -6.085793972015380859e+00 1.151108551025390625e+01
8.000000119209289551e-01 -6.229628086090087891e+00 1.152262496948242188e+01
8.125000000000000000e-01 -6.229451656341552734e+00 1.153695869445800781e+01
8.249999880790710449e-01 -6.087206840515136719e+00 1.156993293762207031e+01
8.374999761581420898e-01 -5.821094512939453125e+00 1.158608818054199219e+01
8.500000238418579102e-01 -5.425266265869140625e+00 1.159120655059814453e+01
8.625000119209289551e-01 -4.900692462921142578e+00 1.161723995208740234e+01
8.750000000000000000e-01 -4.276433467864990234e+00 1.163563632965087891e+01
8.874999880790710449e-01 -3.562158346176147461e+00 1.162947845458984375e+01
8.999999761581420898e-01 -2.756065368652343750e+00 1.164232826232910156e+01
9.125000238418579102e-01 -1.893385410308837891e+00 1.166172695159912109e+01
9.250000119209289551e-01 -9.979355931282043457e-01 1.164043045043945312e+01
9.375000000000000000e-01 -4.718716070055961609e-02 1.163568592071533203e+01
9.499999880790710449e-01 9.244985580444335938e-01 1.167088508605957031e+01
9.624999761581420898e-01 1.803126096725463867e+00 1.154915142059326172e+01
9.750000238418579102e-01 2.560188531875610352e+00 1.110392665863037109e+01
9.875000119209289551e-01 3.295871257781982422e+00 1.048846149444580078e+01
1.000000000000000000e+00 4.056175231933593750e+00 9.954792022705078125e+00
1.012500047683715820e+00 4.760116577148437500e+00 9.553930282592773438e+00
1.024999976158142090e+00 5.333863258361816406e+00 9.243826866149902344e+00
1.037500023841857910e+00 5.771578788757324219e+00 9.036425590515136719e+00
1.049999952316284180e+00 6.071051120758056641e+00 8.913926124572753906e+00
1.062500000000000000e+00 6.224739551544189453e+00 8.826553344726562500e+00
1.075000047683715820e+00 6.243089675903320312e+00 8.789778709411621094e+00
1.087499976158142090e+00 6.126289367675781250e+00 8.821685791015625000e+00
1.100000023841857910e+00 5.866889476776123047e+00 8.888532638549804688e+00
1.112499952316284180e+00 5.482787609100341797e+00 9.006343841552734375e+00
1.125000000000000000e+00 4.986829757690429688e+00 9.220260620117187500e+00
1.137500047683715820e+00 4.374375343322753906e+00 9.491796493530273438e+00
1.149999976158142090e+00 3.683173179626464844e+00 9.811722755432128906e+00
1.162500023841857910e+00 2.961441040039062500e+00 1.028061485290527344e+01
1.174999952316284180e+00 2.163665533065795898e+00 1.085195827484130859e+01
1.187500000000000000e+00 1.223468184471130371e+00 1.124683380126953125e+01
1.200000047683715820e+00 2.111413478851318359e-01 1.133906173706054688e+01
1.212499976158142090e+00 -7.423256039619445801e-01 1.132280445098876953e+01
1.225000023841857910e+00 -1.623662471771240234e+00 1.135812473297119141e+01
1.237499952316284180e+00 -2.486813306808471680e+00 1.139151287078857422e+01
1.250000000000000000e+00 -3.312922477722167969e+00 1.138880538940429688e+01
1.262500047683715820e+00 -4.052409172058105469e+00 1.140835857391357422e+01
1.274999976158142090e+00 -4.704463005065917969e+00 1.144385814666748047e+01
1.287500023841857910e+00 -5.266291141510009766e+00 1.145367813110351562e+01
1.299999952316284180e+00 -5.704864978790283203e+00 1.146698474884033203e+01
1.312500000000000000e+00 -6.012153625488281250e+00 1.150184631347656250e+01
1.325000047683715820e+00 -6.197836875915527344e+00 1.152084064483642578e+01
1.337499976158142090e+00 -6.245963096618652344e+00 1.152957057952880859e+01
1.350000023841857910e+00 -6.147373199462890625e+00 1.155925846099853516e+01
1.362499952316284180e+00 -5.920693397521972656e+00 1.158391761779785156e+01
1.375000000000000000e+00 -5.568299770355224609e+00 1.158794212341308594e+01
1.387500047683715820e+00 -5.082928657531738281e+00 1.160714149475097656e+01
1.399999976158142090e+00 -4.488019943237304688e+00 1.163325119018554688e+01
1.412500023841857910e+00 -3.803863048553466797e+00 1.163165569305419922e+01
1.424999952316284180e+00 -3.025565147399902344e+00 1.163467502593994141e+01
1.437500000000000000e+00 -2.176117420196533203e+00 1.165897750854492188e+01
1.450000047683715820e+00 -1.292572736740112305e+00 1.165043354034423828e+01
1.462499976158142090e+00 -3.613309264183044434e-01 1.162987709045410156e+01
1.475000023841857910e+00 6.145252585411071777e-01 1.166351318359375000e+01
1.487499952316284180e+00 1.534169793128967285e+00 1.162147998809814453e+01
1.500000000000000000e+00 2.323290109634399414e+00 1.128021430969238281e+01
1.512500047683715820e+00 3.054146528244018555e+00 1.068808841705322266e+01
1.524999976158142090e+00 3.810908555984497070e+00 1.011107635498046875e+01
1.537500023841857910e+00 4.544609069824218750e+00 9.672624588012695312e+00
1.549999952316284180e+00 5.163501262664794922e+00 9.334174156188964844e+00
1.562500000000000000e+00 5.644449710845947266e+00 9.091746330261230469e+00
1.575000047683715820e+00 5.990075111389160156e+00 8.948119163513183594e+00
1.587499976158142090e+00 6.190488815307617188e+00 8.851440429687500000e+00
1.600000023841857910e+00 6.251420974731445312e+00 8.793622970581054688e+00
1.612499952316284180e+00 6.179716587066650391e+00 8.805768966674804688e+00
1.625000000000000000e+00 5.965828418731689453e+00 8.863991737365722656e+00
1.637500047683715820e+00 5.619291305541992188e+00 8.958670616149902344e+00
1.649999976158142090e+00 5.160161495208740234e+00 9.141309738159179688e+00
1.662500023841857910e+00 4.584325313568115234e+00 9.401125907897949219e+00
1.674999952316284180e+00 3.911354541778564453e+00 9.697091102600097656e+00
1.687500000000000000e+00 3.199006795883178711e+00 1.010903263092041016e+01
1.700000047683715820e+00 2.436095714569091797e+00 1.067133140563964844e+01
1.712499976158142090e+00 1.542296886444091797e+00 1.115379047393798828e+01
1.725000023841857910e+00 5.374266505241394043e-01 1.133414840698242188e+01
1.737499952316284180e+00 -4.439615607261657715e-01 1.132507038116455078e+01
1.750000000000000000e+00 -1.342283368110656738e+00 1.134192276000976562e+01
1.762500047683715820e+00 -2.208734750747680664e+00 1.138598251342773438e+01
1.774999976158142090e+00 -3.053401947021484375e+00 1.139009380340576172e+01
1.787500023841857910e+00 -3.823401927947998047e+00 1.139777660369873047e+01
1.799999952316284180e+00 -4.502234458923339844e+00 1.143430423736572266e+01
1.812500000000000000e+00 -5.096294403076171875e+00 1.145270919799804688e+01
1.825000047683715820e+00 -5.577793121337890625e+00 1.145953941345214844e+01
1.837499976158142090e+00 -5.926111221313476562e+00 1.149039363861083984e+01
1.850000023841857910e+00 -6.151556968688964844e+00 1.151766490936279297e+01
1.862499952316284180e+00 -6.246767044067382812e+00 1.152509880065917969e+01
1.875000000000000000e+00 -6.194338321685791016e+00 1.154792785644531250e+01
1.887500047683715820e+00 -6.007258892059326172e+00 1.157893276214599609e+01
1.899999976158142090e+00 -5.697025775909423828e+00 1.158681201934814453e+01
1.912500023841857910e+00 -5.253729343414306641e+00 1.159811973571777344e+01
1.924999952316284180e+00 -4.690592765808105469e+00 1.162712574005126953e+01
1.937500000000000000e+00 -4.035375118255615234e+00 1.163446617126464844e+01
1.950000047683715820e+00 -3.287394285202026367e+00 1.163017463684082031e+01
1.962499976158142090e+00 -2.455889463424682617e+00 1.165193843841552734e+01
1.975000023841857910e+00 -1.582131505012512207e+00 1.165843200683593750e+01
1.987499952316284180e+00 -6.697126626968383789e-01 1.163179111480712891e+01
2.000000000000000000e+00 2.984662950038909912e-01 1.164938068389892578e+01
