0.000000000000000000e+00 6.186145782470703125e+00 8.854260444641113281e+00
1.250000018626451492e-02 6.251196861267089844e+00 8.794531822204589844e+00
2.500000037252902985e-02 6.183171272277832031e+00 8.804759025573730469e+00
3.750000149011611938e-02 5.972542762756347656e+00 8.862335205078125000e+00
5.000000074505805969e-02 5.628146171569824219e+00 8.955747604370117188e+00
6.250000000000000000e-02 5.170512676239013672e+00 9.136530876159667969e+00
7.500000298023223877e-02 4.595814228057861328e+00 9.395958900451660156e+00
8.749999850988388062e-02 3.922670841217041016e+00 9.691501617431640625e+00
1.000000014901161194e-01 3.209289312362670898e+00 1.010153579711914062e+01
1.124999970197677612e-01 2.446150302886962891e+00 1.066383647918701172e+01
1.250000000000000000e-01 1.552330613136291504e+00 1.114988040924072266e+01
1.375000029802322388e-01 5.458564162254333496e-01 1.133346557617187500e+01
1.500000059604644775e-01 -4.381978511810302734e-01 1.132487487792968750e+01
1.624999940395355225e-01 -1.338727712631225586e+00 1.134146213531494141e+01
1.749999970197677612e-01 -2.206945180892944336e+00 1.138569736480712891e+01
1.875000000000000000e-01 -3.053347826004028320e+00 1.138988208770751953e+01
2.000000029802322388e-01 -3.824800729751586914e+00 1.139763736724853516e+01
2.125000059604644775e-01 -4.504720687866210938e+00 1.143428421020507812e+01
2.249999940395355225e-01 -5.099469184875488281e+00 1.145261287689208984e+01
2.374999970197677612e-01 -5.580989360809326172e+00 1.145959568023681641e+01
2.500000000000000000e-01 -5.928787708282470703e+00 1.149072265625000000e+01
2.624999880790710449e-01 -6.153283596038818359e+00 1.151782131195068359e+01
2.750000059604644775e-01 -6.246748924255371094e+00 1.152527523040771484e+01
2.874999940395355225e-01 -6.191934108734130859e+00 1.154856300354003906e+01
3.000000119209289551e-01 -6.002267360687255859e+00 1.157941913604736328e+01
3.125000000000000000e-01 -5.688864707946777344e+00 1.158700656890869141e+01
3.249999880790710449e-01 -5.241767406463623047e+00 1.159887504577636719e+01
3.375000059604644775e-01 -4.675024032592773438e+00 1.162793827056884766e+01
3.499999940395355225e-01 -4.016173839569091797e+00 1.163452625274658203e+01
3.625000119209289551e-01 -3.264000177383422852e+00 1.163071727752685547e+01
3.750000000000000000e-01 -2.428921937942504883e+00 1.165304374694824219e+01
3.874999880790710449e-01 -1.552434086799621582e+00 1.165812969207763672e+01
4.000000059604644775e-01 -6.362782120704650879e-01 1.163161659240722656e+01
4.124999940395355225e-01 3.352169096469879150e-01 1.165144252777099609e+01
4.250000119209289551e-01 1.285543799400329590e+00 1.165699768066406250e+01
4.375000000000000000e-01 2.111960411071777344e+00 1.141136932373046875e+01
4.499999880790710449e-01 2.848265171051025391e+00 1.086437511444091797e+01
4.625000059604644775e-01 3.598141193389892578e+00 1.025883102416992188e+01
4.749999940395355225e-01 4.350256443023681641e+00 9.782106399536132812e+00
4.875000119209289551e-01 5.007558822631835938e+00 9.418955802917480469e+00
5.000000000000000000e-01 5.526573181152343750e+00 9.147081375122070312e+00
5.124999880790710449e-01 5.910506725311279297e+00 8.980159759521484375e+00
5.249999761581420898e-01 6.150854587554931641e+00 8.875023841857910156e+00
5.375000238418579102e-01 6.247746944427490234e+00 8.803001403808593750e+00
5.500000119209289551e-01 6.211717605590820312e+00 8.796323776245117188e+00
5.625000000000000000e-01 6.035214424133300781e+00 8.846526145935058594e+00
5.749999880790710449e-01 5.720083236694335938e+00 8.927805900573730469e+00
5.874999761581420898e-01 5.288704395294189453e+00 9.084570884704589844e+00
6.000000238418579102e-01 4.742098331451416016e+00 9.331264495849609375e+00
6.125000119209289551e-01 4.087204933166503906e+00 9.616246223449707031e+00
6.250000000000000000e-01 3.379797697067260742e+00 9.988436698913574219e+00
6.374999880790710449e-01 2.635350465774536133e+00 1.052580547332763672e+01
6.499999761581420898e-01 1.777050733566284180e+00 1.105867671966552734e+01
6.625000238418579102e-01 7.867177724838256836e-01 1.131682872772216797e+01
6.750000119209289551e-01 -2.138015627861022949e-01 1.133010101318359375e+01
6.875000000000000000e-01 -1.131443500518798828e+00 1.133157730102539062e+01
6.999999880790710449e-01 -2.002638578414916992e+00 1.137806510925292969e+01
7.124999761581420898e-01 -2.858334302902221680e+00 1.139142608642578125e+01
7.250000238418579102e-01 -3.651341199874877930e+00 1.139228057861328125e+01
7.375000119209289551e-01 -4.351678848266601562e+00 1.142556571960449219e+01
7.500000000000000000e-01 -4.967799663543701172e+00 1.145105361938476562e+01
7.624999880790710449e-01 -5.479343891143798828e+00 1.145620918273925781e+01
7.749999761581420898e-01 -5.858258247375488281e+00 1.148189163208007812e+01
7.875000238418579102e-01 -6.111245155334472656e+00 1.151389408111572266e+01
8.000000119209289551e-01 -6.237824440002441406e+00 1.152338218688964844e+01
8.125000000000000000e-01 -6.217952251434326172e+00 1.154085159301757812e+01
8.249999880790710449e-01 -6.058072566986083984e+00 1.157387638092041016e+01
8.374999761581420898e-01 -5.774580478668212891e+00 1.158660221099853516e+01
8.500000238418579102e-01 -5.359272480010986328e+00 1.159368705749511719e+01
8.625000119209289551e-01 -4.817762851715087891e+00 1.162168216705322266e+01
8.750000000000000000e-01 -4.179706573486328125e+00 1.163580513000488281e+01
8.874999880790710449e-01 -3.450224161148071289e+00 1.162956047058105469e+01
8.999999761581420898e-01 -2.631241798400878906e+00 1.164666366577148438e+01
9.125000238418579102e-01 -1.761874794960021973e+00 1.166146278381347656e+01
9.250000119209289551e-01 -8.578853607177734375e-01 1.163651084899902344e+01
9.375000000000000000e-01 1.031535491347312927e-01 1.164132022857666016e+01
9.499999880790710449e-01 1.070015430450439453e+00 1.166949462890625000e+01
9.624999761581420898e-01 1.928922414779663086e+00 1.150086498260498047e+01
9.750000238418579102e-01 2.676151990890502930e+00 1.100993156433105469e+01
9.875000119209289551e-01 3.417954444885253906e+00 1.039307785034179688e+01
1.000000000000000000e+00 4.177818775177001953e+00 9.882083892822265625e+00
1.012500047683715820e+00 4.864636898040771484e+00 9.497010231018066406e+00
1.024999976158142090e+00 5.416314125061035156e+00 9.201680183410644531e+00
1.037500023841857910e+00 5.832333564758300781e+00 9.011554718017578125e+00
1.049999952316284180e+00 6.107489109039306641e+00 8.897210121154785156e+00
1.062500000000000000e+00 6.237031459808349609e+00 8.815421104431152344e+00
1.075000047683715820e+00 6.232380390167236328e+00 8.791208267211914062e+00
1.087499976158142090e+00 6.090010643005371094e+00 8.831944465637207031e+00
1.100000023841857910e+00 5.805704593658447266e+00 8.904250144958496094e+00
1.112499952316284180e+00 5.400478839874267578e+00 9.038131713867187500e+00
1.125000000000000000e+00 4.882006645202636719e+00 9.268055915832519531e+00
1.137500047683715820e+00 4.249005794525146484e+00 9.545503616333007812e+00
1.149999976158142090e+00 3.548832654953002930e+00 9.885991096496582031e+00
1.162500023841857910e+00 2.817898273468017578e+00 1.038820362091064453e+01
1.174999952316284180e+00 1.993578553199768066e+00 1.095041465759277344e+01
1.187500000000000000e+00 1.027200579643249512e+00 1.128542137145996094e+01
1.200000047683715820e+00 1.598750054836273193e-02 1.133583354949951172e+01
1.212499976158142090e+00 -9.216645956039428711e-01 1.132493686676025391e+01
1.225000023841857910e+00 -1.797960519790649414e+00 1.136784934997558594e+01
1.237499952316284180e+00 -2.659668922424316406e+00 1.139215850830078125e+01
1.250000000000000000e+00 -3.472469568252563477e+00 1.138932609558105469e+01
1.262500047683715820e+00 -4.194164752960205078e+00 1.141619014739990234e+01
1.274999976158142090e+00 -4.830352783203125000e+00 1.144799613952636719e+01
1.287500023841857910e+00 -5.370068073272705078e+00 1.145436573028564453e+01
1.299999952316284180e+00 -5.780776500701904297e+00 1.147350597381591797e+01
1.312500000000000000e+00 -6.062308311462402344e+00 1.150829029083251953e+01
1.325000047683715820e+00 -6.220557212829589844e+00 1.152209949493408203e+01
1.337499976158142090e+00 -6.236106395721435547e+00 1.153431701660156250e+01
1.350000023841857910e+00 -6.107173442840576172e+00 1.156684494018554688e+01
1.362499952316284180e+00 -5.852861881256103516e+00 1.158579254150390625e+01
1.375000000000000000e+00 -5.469576835632324219e+00 1.159010314941406250e+01
1.387500047683715820e+00 -4.955299854278564453e+00 1.161446571350097656e+01
1.399999976158142090e+00 -4.338183403015136719e+00 1.163557624816894531e+01
1.412500023841857910e+00 -3.631194114685058594e+00 1.163018131256103516e+01
1.424999952316284180e+00 -2.830889225006103516e+00 1.164029121398925781e+01
1.437500000000000000e+00 -1.969681739807128906e+00 1.166182518005371094e+01
1.450000047683715820e+00 -1.075890183448791504e+00 1.164340591430664062e+01
1.462499976158142090e+00 -1.281583756208419800e-01 1.163383865356445312e+01
1.475000023841857910e+00 8.478425145149230957e-01 1.167055130004882812e+01
1.487499952316284180e+00 1.739011406898498535e+00 1.157054233551025391e+01
1.500000000000000000e+00 2.504245758056640625e+00 1.114837455749511719e+01
1.512500047683715820e+00 3.239420652389526367e+00 1.053451061248779297e+01
1.524999976158142090e+00 4.001069068908691406e+00 9.989240646362304688e+00
1.537500023841857910e+00 4.713837146759033203e+00 9.579644203186035156e+00
1.549999952316284180e+00 5.298598766326904297e+00 9.262487411499023438e+00
1.562500000000000000e+00 5.746310234069824219e+00 9.047285079956054688e+00
1.575000047683715820e+00 6.055883884429931641e+00 8.920732498168945312e+00
1.587499976158142090e+00 6.218954086303710938e+00 8.831192970275878906e+00
1.600000023841857910e+00 6.245388031005859375e+00 8.790028572082519531e+00
1.612499952316284180e+00 6.136715412139892578e+00 8.818676948547363281e+00
1.625000000000000000e+00 5.884685039520263672e+00 8.884061813354492188e+00
1.637500047683715820e+00 5.506046772003173828e+00 8.997648239135742188e+00
1.649999976158142090e+00 5.015212535858154297e+00 9.207119941711425781e+00
1.662500023841857910e+00 4.407067775726318359e+00 9.477605819702148438e+00
1.674999952316284180e+00 3.716766357421875000e+00 9.793679237365722656e+00
1.687500000000000000e+00 2.995209693908691406e+00 1.025512599945068359e+01
1.700000047683715820e+00 2.201325416564941406e+00 1.082816886901855469e+01
1.712499976158142090e+00 1.265069961547851562e+00 1.123654747009277344e+01
1.725000023841857910e+00 2.506685853004455566e-01 1.133891868591308594e+01
1.737499952316284180e+00 -7.083104252815246582e-01 1.132239532470703125e+01
1.750000000000000000e+00 -1.592998862266540527e+00 1.135605812072753906e+01
1.762500047683715820e+00 -2.458281278610229492e+00 1.139097118377685547e+01
1.774999976158142090e+00 -3.288197517395019531e+00 1.138861465454101562e+01
1.787500023841857910e+00 -4.032025814056396484e+00 1.140709877014160156e+01
1.799999952316284180e+00 -4.687680244445800781e+00 1.144304084777832031e+01
1.812500000000000000e+00 -5.253377437591552734e+00 1.145349788665771484e+01
1.825000047683715820e+00 -5.696067333221435547e+00 1.146626472473144531e+01
1.837499976158142090e+00 -6.006689071655273438e+00 1.150111579895019531e+01
1.850000023841857910e+00 -6.195218563079833984e+00 1.152071380615234375e+01
1.862499952316284180e+00 -6.246068954467773438e+00 1.152931213378906250e+01
1.875000000000000000e+00 -6.149458408355712891e+00 1.155882358551025391e+01
1.887500047683715820e+00 -5.923955440521240234e+00 1.158390712738037109e+01
1.899999976158142090e+00 -5.572371959686279297e+00 1.158804702758789062e+01
1.912500023841857910e+00 -5.087215900421142578e+00 1.160708236694335938e+01
1.924999952316284180e+00 -4.491784572601318359e+00 1.163339900970458984e+01
1.937500000000000000e+00 -3.806715726852416992e+00 1.163196754455566406e+01
1.950000047683715820e+00 -3.027143239974975586e+00 1.163492965698242188e+01
1.962499976158142090e+00 -2.176028966903686523e+00 1.165928459167480469e+01
1.975000023841857910e+00 -1.290646433830261230e+00 1.165072059631347656e+01
1.987499952316284180e+00 -3.573276996612548828e-01 1.163027858734130859e+01
2.000000000000000000e+00 6.205515861511230469e-01 1.166410350799560547e+01
