0.000000000000000000e+00 6.278061866760253906e+00 8.792964935302734375e+00
1.250000018626451492e-02 6.299955844879150391e+00 8.772749900817871094e+00
2.500000037252902985e-02 6.277815818786621094e+00 8.776465415954589844e+00
3.750000149011611938e-02 6.209510803222656250e+00 8.800807952880859375e+00
5.000000074505805969e-02 6.093653678894042969e+00 8.836980819702148438e+00
6.250000000000000000e-02 5.932190895080566406e+00 8.881568908691406250e+00
7.500000298023223877e-02 5.729478359222412109e+00 8.942553520202636719e+00
8.749999850988388062e-02 5.488574504852294922e+00 9.032794952392578125e+00
1.000000014901161194e-01 5.208970546722412109e+00 9.156797409057617188e+00
1.124999970197677612e-01 4.888958454132080078e+00 9.305140495300292969e+00
1.250000000000000000e-01 4.530900955200195312e+00 9.464724540710449219e+00
1.375000029802322388e-01 4.143768787384033203e+00 9.636572837829589844e+00
1.500000059604644775e-01 3.738917827606201172e+00 9.842536926269531250e+00
1.624999940395355225e-01 3.321412324905395508e+00 1.010959339141845703e+01
1.749999970197677612e-01 2.884504079818725586e+00 1.044086074829101562e+01
1.875000000000000000e-01 2.413534641265869141e+00 1.079765605926513672e+01
2.000000029802322388e-01 1.897892594337463379e+00 1.111147212982177734e+01
2.125000059604644775e-01 1.342134118080139160e+00 1.132133293151855469e+01
2.249999940395355225e-01 7.669560313224792480e-01 1.141008186340332031e+01
2.374999970197677612e-01 1.984098255634307861e-01 1.141219806671142578e+01
2.500000000000000000e-01 -3.467198014259338379e-01 1.138754749298095703e+01
2.624999880790710449e-01 -8.682610988616943359e-01 1.138191318511962891e+01
2.750000059604644775e-01 -1.377608537673950195e+00 1.140402984619140625e+01
2.874999940395355225e-01 -1.885190725326538086e+00 1.143339252471923828e+01
3.000000119209289551e-01 -2.390867710113525391e+00 1.144741344451904297e+01
3.125000000000000000e-01 -2.884249210357666016e+00 1.144282054901123047e+01
3.249999880790710449e-01 -3.353049755096435547e+00 1.143493938446044922e+01
3.375000059604644775e-01 -3.791231155395507812e+00 1.143986129760742188e+01
3.499999940395355225e-01 -4.200082302093505859e+00 1.145872879028320312e+01
3.625000119209289551e-01 -4.582531929016113281e+00 1.147855567932128906e+01
3.750000000000000000e-01 -4.937006950378417969e+00 1.148670673370361328e+01
3.874999880790710449e-01 -5.256714344024658203e+00 1.148349666595458984e+01
4.000000059604644775e-01 -5.534412384033203125e+00 1.148076343536376953e+01
4.124999940395355225e-01 -5.767457485198974609e+00 1.148900508880615234e+01
4.250000119209289551e-01 -5.958117485046386719e+00 1.150675868988037109e+01
4.375000000000000000e-01 -6.109200477600097656e+00 1.152272891998291016e+01
4.499999880790710449e-01 -6.219700336456298828e+00 1.152784633636474609e+01
4.625000059604644775e-01 -6.284877300262451172e+00 1.152454853057861328e+01
4.749999940395355225e-01 -6.300515174865722656e+00 1.152389717102050781e+01
4.875000119209289551e-01 -6.266849994659423828e+00 1.153382587432861328e+01
5.000000000000000000e-01 -6.188136577606201172e+00 1.155081653594970703e+01
5.124999880790710449e-01 -6.068365097045898438e+00 1.156359672546386719e+01
5.249999761581420898e-01 -5.907615661621093750e+00 1.156497955322265625e+01
5.375000238418579102e-01 -5.702857017517089844e+00 1.155950736999511719e+01
5.500000119209289551e-01 -5.452396392822265625e+00 1.155881595611572266e+01
5.625000000000000000e-01 -5.159339904785156250e+00 1.156931686401367188e+01
5.749999880790710449e-01 -4.830348491668701172e+00 1.158500289916992188e+01
5.874999761581420898e-01 -4.470808029174804688e+00 1.159325408935546875e+01
6.000000238418579102e-01 -4.081388473510742188e+00 1.158812713623046875e+01
6.125000119209289551e-01 -3.659790039062500000e+00 1.157735061645507812e+01
6.250000000000000000e-01 -3.206168413162231445e+00 1.157496356964111328e+01
6.374999880790710449e-01 -2.726641893386840820e+00 1.158625411987304688e+01
6.499999761581420898e-01 -2.230727672576904297e+00 1.160056018829345703e+01
6.625000238418579102e-01 -1.724582672119140625e+00 1.160088253021240234e+01
6.750000119209289551e-01 -1.206734776496887207e+00 1.158236503601074219e+01
6.875000000000000000e-01 -6.714872121810913086e-01 1.156088161468505859e+01
6.999999880790710449e-01 -1.181544363498687744e-01 1.155989933013916016e+01
7.124999761581420898e-01 4.419363439083099365e-01 1.158375549316406250e+01
7.250000238418579102e-01 9.879927039146423340e-01 1.160044956207275391e+01
7.375000119209289551e-01 1.501402020454406738e+00 1.155217742919921875e+01
7.500000000000000000e-01 1.977798461914062500e+00 1.138969898223876953e+01
7.624999880790710449e-01 2.429626464843750000e+00 1.110593605041503906e+01
7.749999761581420898e-01 2.876509428024291992e+00 1.074322700500488281e+01
7.875000238418579102e-01 3.330485343933105469e+00 1.036886787414550781e+01
8.000000119209289551e-01 3.787161588668823242e+00 1.003789901733398438e+01
8.125000000000000000e-01 4.228789329528808594e+00 9.770191192626953125e+00
8.249999880790710449e-01 4.635704994201660156e+00 9.554947853088378906e+00
8.374999761581420898e-01 4.996678829193115234e+00 9.373008728027343750e+00
8.500000238418579102e-01 5.310988426208496094e+00 9.215610504150390625e+00
8.625000119209289551e-01 5.582744121551513672e+00 9.085975646972656250e+00
8.750000000000000000e-01 5.813996315002441406e+00 8.987992286682128906e+00
8.874999880790710449e-01 6.002581596374511719e+00 8.916913032531738281e+00
8.999999761581420898e-01 6.145099163055419922e+00 8.861894607543945312e+00
9.125000238418579102e-01 6.240585327148437500e+00 8.816245079040527344e+00
9.250000119209289551e-01 6.290780067443847656e+00 8.783292770385742188e+00
9.375000000000000000e-01 6.297241687774658203e+00 8.771288871765136719e+00
9.499999880790710449e-01 6.259055137634277344e+00 8.783155441284179688e+00
9.624999761581420898e-01 6.173943996429443359e+00 8.812649726867675781e+00
9.750000238418579102e-01 6.041547298431396484e+00 8.851613998413085938e+00
9.875000119209289551e-01 5.864976406097412109e+00 8.900576591491699219e+00
1.000000000000000000e+00 5.648581027984619141e+00 8.970600128173828125e+00
1.012500047683715820e+00 5.394206523895263672e+00 9.073022842407226562e+00
1.024999976158142090e+00 5.100407123565673828e+00 9.207266807556152344e+00
1.037500023841857910e+00 4.766319751739501953e+00 9.360708236694335938e+00
1.049999952316284180e+00 4.396668910980224609e+00 9.523369789123535156e+00
1.062500000000000000e+00 4.002104759216308594e+00 9.703969955444335938e+00
1.075000047683715820e+00 3.592769145965576172e+00 9.929067611694335938e+00
1.087499976158142090e+00 3.169769048690795898e+00 1.022051048278808594e+01
1.100000023841857910e+00 2.722573757171630859e+00 1.056735515594482422e+01
1.112499952316284180e+00 2.236398696899414062e+00 1.091731643676757812e+01
1.125000000000000000e+00 1.705100536346435547e+00 1.119964694976806641e+01
1.137500047683715820e+00 1.139512777328491211e+00 1.136575222015380859e+01
1.149999976158142090e+00 5.638988614082336426e-01 1.141778087615966797e+01
1.162500023841857910e+00 2.540759975090622902e-03 1.140352058410644531e+01
1.174999952316284180e+00 -5.334448218345642090e-01 1.138208675384521484e+01
1.187500000000000000e+00 -1.049136042594909668e+00 1.138723754882812500e+01
1.200000047683715820e+00 -1.557093620300292969e+00 1.141500091552734375e+01
1.212499976158142090e+00 -2.064661741256713867e+00 1.144078636169433594e+01
1.225000023841857910e+00 -2.567491531372070312e+00 1.144738292694091797e+01
1.237499952316284180e+00 -3.053380250930786133e+00 1.143938446044921875e+01
1.250000000000000000e+00 -3.511598825454711914e+00 1.143476390838623047e+01
1.262500047683715820e+00 -3.939014196395874023e+00 1.144542312622070312e+01
1.274999976158142090e+00 -4.338331222534179688e+00 1.146646308898925781e+01
1.287500023841857910e+00 -4.711388587951660156e+00 1.148309040069580078e+01
1.299999952316284180e+00 -5.054497718811035156e+00 1.148640155792236328e+01
1.312500000000000000e+00 -5.360009670257568359e+00 1.148175716400146484e+01
1.325000047683715820e+00 -5.621908187866210938e+00 1.148220252990722656e+01
1.337499976158142090e+00 -5.839554786682128906e+00 1.149467086791992188e+01
1.350000023841857910e+00 -6.016030788421630859e+00 1.151326084136962891e+01
1.362499952316284180e+00 -6.153122425079345703e+00 1.152592945098876953e+01
1.375000000000000000e+00 -6.248216629028320312e+00 1.152715396881103516e+01
1.387500047683715820e+00 -6.296172618865966797e+00 1.152341365814208984e+01
1.399999976158142090e+00 -6.294075012207031250e+00 1.152611637115478516e+01
1.412500023841857910e+00 -6.243894100189208984e+00 1.153955078125000000e+01
1.424999952316284180e+00 -6.150361061096191406e+00 1.155639839172363281e+01
1.437500000000000000e+00 -6.016314029693603516e+00 1.156541442871093750e+01
1.450000047683715820e+00 -5.840383052825927734e+00 1.156326389312744141e+01
1.462499976158142090e+00 -5.619438648223876953e+00 1.155815219879150391e+01
1.475000023841857910e+00 -5.353293418884277344e+00 1.156129646301269531e+01
1.487499952316284180e+00 -5.046716690063476562e+00 1.157491016387939453e+01
1.500000000000000000e+00 -4.706518173217773438e+00 1.158934688568115234e+01
1.512500047683715820e+00 -4.336577892303466797e+00 1.159285163879394531e+01
1.524999976158142090e+00 -3.936036109924316406e+00 1.158422374725341797e+01
1.537500023841857910e+00 -3.502806425094604492e+00 1.157494926452636719e+01
1.549999952316284180e+00 -3.039027690887451172e+00 1.157762718200683594e+01
1.562500000000000000e+00 -2.552637815475463867e+00 1.159189414978027344e+01
1.575000047683715820e+00 -2.052769184112548828e+00 1.160295104980468750e+01
1.587499976158142090e+00 -1.543026924133300781e+00 1.159607601165771484e+01
1.600000023841857910e+00 -1.019633173942565918e+00 1.157380676269531250e+01
1.612499952316284180e+00 -4.775209128856658936e-01 1.155729389190673828e+01
1.625000000000000000e+00 8.015330135822296143e-02 1.156634426116943359e+01
1.637500047683715820e+00 6.378454566001892090e-01 1.159319019317626953e+01
1.649999976158142090e+00 1.173942685127258301e+00 1.159392547607421875e+01
1.662500023841857910e+00 1.673813462257385254e+00 1.150924491882324219e+01
1.674999952316284180e+00 2.139422655105590820e+00 1.130192756652832031e+01
1.687500000000000000e+00 2.587349176406860352e+00 1.098334217071533203e+01
1.700000047683715820e+00 3.036136865615844727e+00 1.060869598388671875e+01
1.712499976158142090e+00 3.492443323135375977e+00 1.024498748779296875e+01
1.725000023841857910e+00 3.946201086044311523e+00 9.936065673828125000e+00
1.737499952316284180e+00 4.377517223358154297e+00 9.689114570617675781e+00
1.750000000000000000e+00 4.768870353698730469e+00 9.487556457519531250e+00
1.762500047683715820e+00 5.113003253936767578e+00 9.314531326293945312e+00
1.774999976158142090e+00 5.411780834197998047e+00 9.166260719299316406e+00
1.787500023841857910e+00 5.669210433959960938e+00 9.047728538513183594e+00
1.799999952316284180e+00 5.885775566101074219e+00 8.960297584533691406e+00
1.812500000000000000e+00 6.058383464813232422e+00 8.896152496337890625e+00
1.825000047683715820e+00 6.184197425842285156e+00 8.844714164733886719e+00
1.837499976158142090e+00 6.263398647308349609e+00 8.802712440490722656e+00
1.850000023841857910e+00 6.298053741455078125e+00 8.776299476623535156e+00
1.862499952316284180e+00 6.288956642150878906e+00 8.772913932800292969e+00
1.875000000000000000e+00 6.234403133392333984e+00 8.792072296142578125e+00
1.887500047683715820e+00 6.132423400878906250e+00 8.825585365295410156e+00
1.899999976158142090e+00 5.983899593353271484e+00 8.867383956909179688e+00
1.912500023841857910e+00 5.792805194854736328e+00 8.922212600708007812e+00
1.924999952316284180e+00 5.562968254089355469e+00 9.002826690673828125e+00
1.937500000000000000e+00 5.294902324676513672e+00 9.117362976074218750e+00
1.950000047683715820e+00 4.986745357513427734e+00 9.260116577148437500e+00
1.962499976158142090e+00 4.639167308807373047e+00 9.417235374450683594e+00
1.975000023841857910e+00 4.259321212768554688e+00 9.584066390991210938e+00
1.987499952316284180e+00 3.858682632446289062e+00 9.776969909667968750e+00
2.000000000000000000e+00 3.445030689239501953e+00 1.002422523498535156e+01
