0.000000000000000000e+00 6.185567855834960938e+00 8.854646682739257812e+00
1.250000018626451492e-02 6.250896930694580078e+00 8.794687271118164062e+00
2.500000037252902985e-02 6.182591438293457031e+00 8.804960250854492188e+00
3.750000149011611938e-02 5.971078872680664062e+00 8.862695693969726562e+00
5.000000074505805969e-02 5.625347137451171875e+00 8.956569671630859375e+00
6.250000000000000000e-02 5.165972232818603516e+00 9.138428688049316406e+00
7.500000298023223877e-02 4.589015483856201172e+00 9.398778915405273438e+00
8.749999850988388062e-02 3.913722038269042969e+00 9.695493698120117188e+00
1.000000014901161194e-01 3.198584079742431641e+00 1.010855197906494141e+01
1.124999970197677612e-01 2.432569980621337891e+00 1.067305183410644531e+01
1.250000000000000000e-01 1.534386873245239258e+00 1.115592193603515625e+01
1.375000029802322388e-01 5.248914361000061035e-01 1.133400440216064453e+01
1.500000059604644775e-01 -4.595284759998321533e-01 1.132419109344482422e+01
1.624999940395355225e-01 -1.360411882400512695e+00 1.134237098693847656e+01
1.749999970197677612e-01 -2.230105161666870117e+00 1.138615131378173828e+01
1.875000000000000000e-01 -3.076858282089233398e+00 1.138949012756347656e+01
2.000000029802322388e-01 -3.847048044204711914e+00 1.139832019805908203e+01
2.125000059604644775e-01 -4.525610446929931641e+00 1.143525314331054688e+01
2.249999940395355225e-01 -5.118300914764404297e+00 1.145264244079589844e+01
2.374999970197677612e-01 -5.596050262451171875e+00 1.146020984649658203e+01
2.500000000000000000e-01 -5.939576625823974609e+00 1.149213600158691406e+01
2.624999880790710449e-01 -6.159596920013427734e+00 1.151835060119628906e+01
2.750000059604644775e-01 -6.247146129608154297e+00 1.152578353881835938e+01
2.874999940395355225e-01 -6.185723781585693359e+00 1.155021476745605469e+01
3.000000119209289551e-01 -5.989881038665771484e+00 1.158045196533203125e+01
3.125000000000000000e-01 -5.669557571411132812e+00 1.158727741241455078e+01
3.249999880790710449e-01 -5.214815139770507812e+00 1.160040187835693359e+01
3.375000059604644775e-01 -4.641534805297851562e+00 1.162938308715820312e+01
3.499999940395355225e-01 -3.976469278335571289e+00 1.163434696197509766e+01
3.625000119209289551e-01 -3.217338562011718750e+00 1.163160419464111328e+01
3.750000000000000000e-01 -2.376987457275390625e+00 1.165483665466308594e+01
3.874999880790710449e-01 -1.496911406517028809e+00 1.165714740753173828e+01
4.000000059604644775e-01 -5.753350257873535156e-01 1.163119125366210938e+01
4.124999940395355225e-01 4.002807736396789551e-01 1.165482902526855469e+01
4.250000119209289551e-01 1.346564173698425293e+00 1.165106773376464844e+01
4.375000000000000000e-01 2.165431499481201172e+00 1.138145732879638672e+01
4.499999880790710449e-01 2.901191234588623047e+00 1.081956100463867188e+01
4.625000059604644775e-01 3.654840230941772461e+00 1.021887493133544922e+01
4.749999940395355225e-01 4.404572963714599609e+00 9.751690864562988281e+00
4.875000119209289551e-01 5.052980422973632812e+00 9.394485473632812500e+00
5.000000000000000000e-01 5.562228202819824219e+00 9.130219459533691406e+00
5.124999880790710449e-01 5.935715198516845703e+00 8.970276832580566406e+00
5.249999761581420898e-01 6.164160728454589844e+00 8.867600440979003906e+00
5.375000238418579102e-01 6.249560832977294922e+00 8.799559593200683594e+00
5.500000119209289551e-01 6.201594829559326172e+00 8.799274444580078125e+00
5.625000000000000000e-01 6.011651039123535156e+00 8.852552413940429688e+00
5.749999880790710449e-01 5.684239864349365234e+00 8.938281059265136719e+00
5.874999761581420898e-01 5.241526126861572266e+00 9.104897499084472656e+00
6.000000238418579102e-01 4.682292461395263672e+00 9.357744216918945312e+00
6.125000119209289551e-01 4.017981529235839844e+00 9.647156715393066406e+00
6.250000000000000000e-01 3.306551456451416016e+00 1.003549480438232422e+01
6.374999880790710449e-01 2.553229331970214844e+00 1.058619022369384766e+01
6.499999761581420898e-01 1.677586197853088379e+00 1.110134506225585938e+01
6.625000238418579102e-01 6.768985986709594727e-01 1.132571601867675781e+01
6.750000119209289551e-01 -3.187485039234161377e-01 1.132714653015136719e+01
6.875000000000000000e-01 -1.229838132858276367e+00 1.133565902709960938e+01
6.999999880790710449e-01 -2.101175785064697266e+00 1.138187789916992188e+01
7.124999761581420898e-01 -2.954489946365356445e+00 1.139048671722412109e+01
7.250000238418579102e-01 -3.738555431365966797e+00 1.139447307586669922e+01
7.375000119209289551e-01 -4.429864406585693359e+00 1.142997550964355469e+01
7.500000000000000000e-01 -5.036427497863769531e+00 1.145189094543457031e+01
7.624999880790710449e-01 -5.533508300781250000e+00 1.145768737792968750e+01
7.749999761581420898e-01 -5.896539211273193359e+00 1.148655509948730469e+01
7.875000238418579102e-01 -6.134654998779296875e+00 1.151622486114501953e+01
8.000000119209289551e-01 -6.243474006652832031e+00 1.152434921264648438e+01
8.125000000000000000e-01 -6.203975677490234375e+00 1.154513931274414062e+01
8.249999880790710449e-01 -6.026762485504150391e+00 1.157735347747802734e+01
8.374999761581420898e-01 -5.725580215454101562e+00 1.158699893951416016e+01
8.500000238418579102e-01 -5.290798664093017578e+00 1.159674167633056641e+01
8.625000119209289551e-01 -4.732990741729736328e+00 1.162579536437988281e+01
8.750000000000000000e-01 -4.081137657165527344e+00 1.163543319702148438e+01
8.874999880790710449e-01 -3.336319923400878906e+00 1.163032722473144531e+01
8.999999761581420898e-01 -2.505394220352172852e+00 1.165100765228271484e+01
9.125000238418579102e-01 -1.629726171493530273e+00 1.166001415252685547e+01
9.250000119209289551e-01 -7.163655161857604980e-01 1.163342475891113281e+01
9.375000000000000000e-01 2.538131177425384521e-01 1.164807796478271484e+01
9.499999880790710449e-01 1.212655901908874512e+00 1.166314315795898438e+01
9.624999761581420898e-01 2.051639795303344727e+00 1.144378089904785156e+01
9.750000238418579102e-01 2.792156219482421875e+00 1.091274642944335938e+01
9.875000119209289551e-01 3.540752649307250977e+00 1.030109405517578125e+01
1.000000000000000000e+00 4.297364234924316406e+00 9.812782287597656250e+00
1.012500047683715820e+00 4.965293884277343750e+00 9.442273139953613281e+00
1.024999976158142090e+00 5.495031356811523438e+00 9.162623405456542969e+00
1.037500023841857910e+00 5.889041900634765625e+00 8.988892555236816406e+00
1.049999952316284180e+00 6.139562129974365234e+00 8.881160736083984375e+00
1.062500000000000000e+00 6.245331287384033203e+00 8.806078910827636719e+00
1.075000047683715820e+00 6.217420101165771484e+00 8.794805526733398438e+00
1.087499976158142090e+00 6.049125194549560547e+00 8.842918395996093750e+00
1.100000023841857910e+00 5.740654945373535156e+00 8.921897888183593750e+00
1.112499952316284180e+00 5.314483165740966797e+00 9.073456764221191406e+00
1.125000000000000000e+00 4.773105144500732422e+00 9.317214012145996094e+00
1.137500047683715820e+00 4.121310710906982422e+00 9.600935935974121094e+00
1.149999976158142090e+00 3.413821458816528320e+00 9.966672897338867188e+00
1.162500023841857910e+00 2.671004533767700195e+00 1.049871540069580078e+01
1.174999952316284180e+00 1.817689657211303711e+00 1.103954982757568359e+01
1.187500000000000000e+00 8.291502594947814941e-01 1.131213283538818359e+01
1.200000047683715820e+00 -1.757920831441879272e-01 1.133079147338867188e+01
1.212499976158142090e+00 -1.098468065261840820e+00 1.133000469207763672e+01
1.225000023841857910e+00 -1.972033619880676270e+00 1.137644767761230469e+01
1.237499952316284180e+00 -2.830494880676269531e+00 1.139139556884765625e+01
1.250000000000000000e+00 -3.627927780151367188e+00 1.139155673980712891e+01
1.262500047683715820e+00 -4.332343578338623047e+00 1.142426204681396484e+01
1.274999976158142090e+00 -4.952127933502197266e+00 1.145066642761230469e+01
1.287500023841857910e+00 -5.467903614044189453e+00 1.145585823059082031e+01
1.299999952316284180e+00 -5.850781440734863281e+00 1.148098850250244141e+01
1.312500000000000000e+00 -6.106896400451660156e+00 1.151345634460449219e+01
1.325000047683715820e+00 -6.236433506011962891e+00 1.152330017089843750e+01
1.337499976158142090e+00 -6.219172477722167969e+00 1.154041385650634766e+01
1.350000023841857910e+00 -6.060972213745117188e+00 1.157358932495117188e+01
1.362499952316284180e+00 -5.778589248657226562e+00 1.158673095703125000e+01
1.375000000000000000e+00 -5.364005088806152344e+00 1.159368228912353516e+01
1.387500047683715820e+00 -4.822449684143066406e+00 1.162165451049804688e+01
1.399999976158142090e+00 -4.183738231658935547e+00 1.163607788085937500e+01
1.412500023841857910e+00 -3.453289985656738281e+00 1.162984657287597656e+01
1.424999952316284180e+00 -2.632899045944213867e+00 1.164690494537353516e+01
1.437500000000000000e+00 -1.761799812316894531e+00 1.166178703308105469e+01
1.450000047683715820e+00 -8.559235930442810059e-01 1.163682460784912109e+01
1.462499976158142090e+00 1.072172522544860840e-01 1.164184856414794922e+01
1.475000023841857910e+00 1.075782537460327148e+00 1.166967582702636719e+01
1.487499952316284180e+00 1.935461759567260742e+00 1.149847221374511719e+01
1.500000000000000000e+00 2.683568000793457031e+00 1.100426101684570312e+01
1.512500047683715820e+00 3.427060127258300781e+00 1.038655471801757812e+01
1.524999976158142090e+00 4.188049793243408203e+00 9.876455307006835938e+00
1.537500023841857910e+00 4.874435424804687500e+00 9.491936683654785156e+00
1.549999952316284180e+00 5.424884319305419922e+00 9.197546958923339844e+00
1.562500000000000000e+00 5.839170455932617188e+00 9.008955001831054688e+00
1.575000047683715820e+00 6.111718654632568359e+00 8.895256996154785156e+00
1.587499976158142090e+00 6.238199710845947266e+00 8.814125061035156250e+00
1.600000023841857910e+00 6.230122089385986328e+00 8.791733741760253906e+00
1.612499952316284180e+00 6.083428859710693359e+00 8.833760261535644531e+00
1.625000000000000000e+00 5.794525623321533203e+00 8.907173156738281250e+00
1.637500047683715820e+00 5.384901046752929688e+00 9.044283866882324219e+00
1.649999976158142090e+00 4.861330509185791016e+00 9.277320861816406250e+00
1.662500023841857910e+00 4.223470211029052734e+00 9.556352615356445312e+00
1.674999952316284180e+00 3.520560026168823242e+00 9.902113914489746094e+00
1.687500000000000000e+00 2.786227464675903320e+00 1.041176414489746094e+01
1.700000047683715820e+00 1.954445958137512207e+00 1.097111606597900391e+01
1.712499976158142090e+00 9.810953140258789062e-01 1.129242038726806641e+01
1.725000023841857910e+00 -3.068760968744754791e-02 1.133446788787841797e+01
1.737499952316284180e+00 -9.660336375236511230e-01 1.132572937011718750e+01
1.750000000000000000e+00 -1.842766404151916504e+00 1.137002182006835938e+01
1.762500047683715820e+00 -2.705091238021850586e+00 1.139191150665283203e+01
1.774999976158142090e+00 -3.515132188796997070e+00 1.138961029052734375e+01
1.787500023841857910e+00 -4.233037471771240234e+00 1.141832828521728516e+01
1.799999952316284180e+00 -4.865551948547363281e+00 1.144881343841552734e+01
1.812500000000000000e+00 -5.399256229400634766e+00 1.145463275909423828e+01
1.825000047683715820e+00 -5.802240371704101562e+00 1.147563171386718750e+01
1.837499976158142090e+00 -6.076397418975830078e+00 1.151000976562500000e+01
1.850000023841857910e+00 -6.226068973541259766e+00 1.152247524261474609e+01
1.862499952316284180e+00 -6.231220722198486328e+00 1.153617572784423828e+01
1.875000000000000000e+00 -6.092508792877197266e+00 1.156923389434814453e+01
1.887500047683715820e+00 -5.828636169433593750e+00 1.158628368377685547e+01
1.899999976158142090e+00 -5.434329032897949219e+00 1.159127140045166016e+01
1.912500023841857910e+00 -4.909830570220947266e+00 1.161713886260986328e+01
1.924999952316284180e+00 -4.284325122833251953e+00 1.163610839843750000e+01
1.937500000000000000e+00 -3.568157672882080078e+00 1.163007926940917969e+01
1.950000047683715820e+00 -2.759336948394775391e+00 1.164281177520751953e+01
1.962499976158142090e+00 -1.893226623535156250e+00 1.166236400604248047e+01
1.975000023841857910e+00 -9.940374493598937988e-01 1.164103126525878906e+01
1.987499952316284180e+00 -3.908187150955200195e-02 1.163667964935302734e+01
2.000000000000000000e+00 9.362348914146423340e-01 1.167159843444824219e+01
