0.000000000000000000e+00 6.184989452362060547e+00 8.855044364929199219e+00
1.250000018626451492e-02 6.250597953796386719e+00 8.794851303100585938e+00
2.500000037252902985e-02 6.182011127471923828e+00 8.805170059204101562e+00
3.750000149011611938e-02 5.969613552093505859e+00 8.863063812255859375e+00
5.000000074505805969e-02 5.622544765472412109e+00 8.957401275634765625e+00
6.250000000000000000e-02 5.161425113677978516e+00 9.140337944030761719e+00
7.500000298023223877e-02 4.582206726074218750e+00 9.401605606079101562e+00
8.749999850988388062e-02 3.904769659042358398e+00 9.699506759643554688e+00
1.000000014901161194e-01 3.187874078750610352e+00 1.011560630798339844e+01
1.124999970197677612e-01 2.418956279754638672e+00 1.068224716186523438e+01
1.250000000000000000e-01 1.516402482986450195e+00 1.116184711456298828e+01
1.375000029802322388e-01 5.039386153221130371e-01 1.133445835113525391e+01
1.500000059604644775e-01 -4.808112382888793945e-01 1.132353401184082031e+01
1.624999940395355225e-01 -1.382077813148498535e+00 1.134329605102539062e+01
1.749999970197677612e-01 -2.253250360488891602e+00 1.138656139373779297e+01
1.875000000000000000e-01 -3.100298404693603516e+00 1.138910102844238281e+01
2.000000029802322388e-01 -3.869202852249145508e+00 1.139903259277343750e+01
2.125000059604644775e-01 -4.546408653259277344e+00 1.143618679046630859e+01
2.249999940395355225e-01 -5.136988162994384766e+00 1.145265102386474609e+01
2.374999970197677612e-01 -5.610919475555419922e+00 1.146086215972900391e+01
2.500000000000000000e-01 -5.950178146362304688e+00 1.149353027343750000e+01
2.624999880790710449e-01 -6.165685653686523438e+00 1.151883125305175781e+01
2.750000059604644775e-01 -6.247256755828857422e+00 1.152632904052734375e+01
2.874999940395355225e-01 -6.179238319396972656e+00 1.155187702178955078e+01
3.000000119209289551e-01 -5.977221488952636719e+00 1.158140850067138672e+01
3.125000000000000000e-01 -5.649915695190429688e+00 1.158756351470947266e+01
3.249999880790710449e-01 -5.187546253204345703e+00 1.160198402404785156e+01
3.375000059604644775e-01 -4.607795238494873047e+00 1.163073635101318359e+01
3.499999940395355225e-01 -3.936471223831176758e+00 1.163413524627685547e+01
3.625000119209289551e-01 -3.170397281646728516e+00 1.163261318206787109e+01
3.750000000000000000e-01 -2.324933528900146484e+00 1.165654182434082031e+01
3.874999880790710449e-01 -1.441243648529052734e+00 1.165601444244384766e+01
4.000000059604644775e-01 -5.141306519508361816e-01 1.163103866577148438e+01
4.124999940395355225e-01 4.652281701564788818e-01 1.165818214416503906e+01
4.250000119209289551e-01 1.406920909881591797e+00 1.164380455017089844e+01
4.375000000000000000e-01 2.218448400497436523e+00 1.134998130798339844e+01
4.499999880790710449e-01 2.954252243041992188e+00 1.077463436126708984e+01
4.625000059604644775e-01 3.711531877517700195e+00 1.017978477478027344e+01
4.749999940395355225e-01 4.458249092102050781e+00 9.721878051757812500e+00
4.875000119209289551e-01 5.097534179687500000e+00 9.370547294616699219e+00
5.000000000000000000e-01 5.597030162811279297e+00 9.114082336425781250e+00
5.124999880790710449e-01 5.959926128387451172e+00 8.960762023925781250e+00
5.249999761581420898e-01 6.176433086395263672e+00 8.860370635986328125e+00
5.375000238418579102e-01 6.250391960144042969e+00 8.796678543090820312e+00
5.500000119209289551e-01 6.190339565277099609e+00 8.802659988403320312e+00
5.625000000000000000e-01 5.986930370330810547e+00 8.858765602111816406e+00
5.749999880790710449e-01 5.647431373596191406e+00 8.949500083923339844e+00
5.874999761581420898e-01 5.193295478820800781e+00 9.126079559326171875e+00
6.000000238418579102e-01 4.621441364288330078e+00 9.384435653686523438e+00
6.125000119209289551e-01 3.948348999023437500e+00 9.678990364074707031e+00
6.250000000000000000e-01 3.233003139495849609e+00 1.008449363708496094e+01
6.374999880790710449e-01 2.469752311706542969e+00 1.064627075195312500e+01
6.499999761581420898e-01 1.576586842536926270e+00 1.114039516448974609e+01
6.625000238418579102e-01 5.671964287757873535e-01 1.133184719085693359e+01
6.750000119209289551e-01 -4.225283861160278320e-01 1.132457160949707031e+01
6.875000000000000000e-01 -1.327777385711669922e+00 1.134034156799316406e+01
6.999999880790710449e-01 -2.199574470520019531e+00 1.138501739501953125e+01
7.124999761581420898e-01 -3.049652814865112305e+00 1.138949203491210938e+01
7.250000238418579102e-01 -3.824422359466552734e+00 1.139724826812744141e+01
7.375000119209289551e-01 -4.506886482238769531e+00 1.143410491943359375e+01
7.500000000000000000e-01 -5.103420734405517578e+00 1.145241165161132812e+01
7.624999880790710449e-01 -5.585543632507324219e+00 1.145964527130126953e+01
7.749999761581420898e-01 -5.932862281799316406e+00 1.149123096466064453e+01
7.875000238418579102e-01 -6.155973911285400391e+00 1.151808166503906250e+01
8.000000119209289551e-01 -6.246548175811767578e+00 1.152561092376708984e+01
8.125000000000000000e-01 -6.187588214874267578e+00 1.154970264434814453e+01
8.249999880790710449e-01 -5.993277549743652344e+00 1.158029079437255859e+01
8.374999761581420898e-01 -5.674056529998779297e+00 1.158740615844726562e+01
8.500000238418579102e-01 -5.219930171966552734e+00 1.160031604766845703e+01
8.625000119209289551e-01 -4.646444797515869141e+00 1.162941932678222656e+01
8.750000000000000000e-01 -3.980681419372558594e+00 1.163466262817382812e+01
8.874999880790710449e-01 -3.220530509948730469e+00 1.163184833526611328e+01
8.999999761581420898e-01 -2.378680229187011719e+00 1.165508842468261719e+01
9.125000238418579102e-01 -1.496846795082092285e+00 1.165748596191406250e+01
9.250000119209289551e-01 -5.733473300933837891e-01 1.163154411315917969e+01
9.375000000000000000e-01 4.043342769145965576e-01 1.165537929534912109e+01
9.499999880790710449e-01 1.352088093757629395e+00 1.165078830718994141e+01
9.624999761581420898e-01 2.171677350997924805e+00 1.137825012207031250e+01
9.750000238418579102e-01 2.908602476119995117e+00 1.081371402740478516e+01
9.875000119209289551e-01 3.663948535919189453e+00 1.021292972564697266e+01
1.000000000000000000e+00 4.414361476898193359e+00 9.746554374694824219e+00
1.012500047683715820e+00 5.062061786651611328e+00 9.389807701110839844e+00
1.024999976158142090e+00 5.570041179656982422e+00 9.126726150512695312e+00
1.037500023841857910e+00 5.941615581512451172e+00 8.968091964721679688e+00
1.049999952316284180e+00 6.167327404022216797e+00 8.865813255310058594e+00
1.062500000000000000e+00 6.249683856964111328e+00 8.798802375793457031e+00
1.075000047683715820e+00 6.198111057281494141e+00 8.800342559814453125e+00
1.087499976158142090e+00 6.003718376159667969e+00 8.854564666748046875e+00
1.100000023841857910e+00 5.671893119812011719e+00 8.941953659057617188e+00
1.112499952316284180e+00 5.224707603454589844e+00 9.112159729003906250e+00
1.125000000000000000e+00 4.660265445709228516e+00 9.367344856262207031e+00
1.137500047683715820e+00 3.991792440414428711e+00 9.658898353576660156e+00
1.149999976158142090e+00 3.277985572814941406e+00 1.005409717559814453e+01
1.162500023841857910e+00 2.520011425018310547e+00 1.061004543304443359e+01
1.174999952316284180e+00 1.636272788047790527e+00 1.111764049530029297e+01
1.187500000000000000e+00 6.305621862411499023e-01 1.132843208312988281e+01
1.200000047683715820e+00 -3.638724386692047119e-01 1.132579708099365234e+01
1.212499976158142090e+00 -1.273370981216430664e+00 1.133752059936523438e+01
1.225000023841857910e+00 -2.145844459533691406e+00 1.138326072692871094e+01
1.237499952316284180e+00 -2.998698472976684570e+00 1.138990974426269531e+01
1.250000000000000000e+00 -3.779278278350830078e+00 1.139561176300048828e+01
1.262500047683715820e+00 -4.467053890228271484e+00 1.143192195892333984e+01
1.274999976158142090e+00 -5.069410800933837891e+00 1.145211601257324219e+01
1.287500023841857910e+00 -5.559636116027832031e+00 1.145855522155761719e+01
1.299999952316284180e+00 -5.915081977844238281e+00 1.148890495300292969e+01
1.312500000000000000e+00 -6.145760059356689453e+00 1.151723289489746094e+01
1.325000047683715820e+00 -6.245251655578613281e+00 1.152497959136962891e+01
1.337499976158142090e+00 -6.195422172546386719e+00 1.154756355285644531e+01
1.350000023841857910e+00 -6.008866310119628906e+00 1.157905197143554688e+01
1.362499952316284180e+00 -5.697668552398681641e+00 1.158728027343750000e+01
1.375000000000000000e+00 -5.251850605010986328e+00 1.159873676300048828e+01
1.387500047683715820e+00 -4.684756278991699219e+00 1.162798309326171875e+01
1.399999976158142090e+00 -4.024523258209228516e+00 1.163514900207519531e+01
1.412500023841857910e+00 -3.270334243774414062e+00 1.163122558593750000e+01
1.424999952316284180e+00 -2.432294368743896484e+00 1.165354061126708984e+01
1.437500000000000000e+00 -1.552299976348876953e+00 1.165880012512207031e+01
1.450000047683715820e+00 -6.323134303092956543e-01 1.163230419158935547e+01
1.462499976158142090e+00 3.433360159397125244e-01 1.165254497528076172e+01
1.475000023841857910e+00 1.296702742576599121e+00 1.165665817260742188e+01
1.487499952316284180e+00 2.124566078186035156e+00 1.140528392791748047e+01
1.500000000000000000e+00 2.863078117370605469e+00 1.085269927978515625e+01
1.512500047683715820e+00 3.616374254226684570e+00 1.024667072296142578e+01
1.524999976158142090e+00 4.370050430297851562e+00 9.771632194519042969e+00
1.537500023841857910e+00 5.026040077209472656e+00 9.409412384033203125e+00
1.549999952316284180e+00 5.542540073394775391e+00 9.139802932739257812e+00
1.562500000000000000e+00 5.922739505767822266e+00 8.975625038146972656e+00
1.575000047683715820e+00 6.157669067382812500e+00 8.871362686157226562e+00
1.587499976158142090e+00 6.248472690582275391e+00 8.801215171813964844e+00
1.600000023841857910e+00 6.205328464508056641e+00 8.798230171203613281e+00
1.612499952316284180e+00 6.019970893859863281e+00 8.850453376770019531e+00
1.625000000000000000e+00 5.695926666259765625e+00 8.934746742248535156e+00
1.637500047683715820e+00 5.255666732788085938e+00 9.098594665527343750e+00
1.649999976158142090e+00 4.698666572570800781e+00 9.350337028503417969e+00
1.662500023841857910e+00 4.035084724426269531e+00 9.639196395874023438e+00
1.674999952316284180e+00 3.322838544845581055e+00 1.002443313598632812e+01
1.687500000000000000e+00 2.569754123687744141e+00 1.057365798950195312e+01
1.700000047683715820e+00 1.695435047149658203e+00 1.109360599517822266e+01
1.712499976158142090e+00 6.939985752105712891e-01 1.132414340972900391e+01
1.725000023841857910e+00 -3.048387765884399414e-01 1.132717609405517578e+01
1.737499952316284180e+00 -1.218840837478637695e+00 1.133486366271972656e+01
1.750000000000000000e+00 -2.092070341110229492e+00 1.138129711151123047e+01
1.762500047683715820e+00 -2.947448492050170898e+00 1.139033031463623047e+01
1.774999976158142090e+00 -3.733766317367553711e+00 1.139413070678710938e+01
1.787500023841857910e+00 -4.426912784576416016e+00 1.142964935302734375e+01
1.799999952316284180e+00 -5.034969329833984375e+00 1.145175075531005859e+01
1.812500000000000000e+00 -5.533195972442626953e+00 1.145759010314941406e+01
1.825000047683715820e+00 -5.896832942962646484e+00 1.148656654357910156e+01
1.837499976158142090e+00 -6.135049819946289062e+00 1.151627635955810547e+01
1.850000023841857910e+00 -6.243367195129394531e+00 1.152442741394042969e+01
1.862499952316284180e+00 -6.202733039855957031e+00 1.154547214508056641e+01
1.875000000000000000e+00 -6.023989677429199219e+00 1.157769393920898438e+01
1.887500047683715820e+00 -5.720753192901611328e+00 1.158717155456542969e+01
1.899999976158142090e+00 -5.283299446105957031e+00 1.159725475311279297e+01
1.912500023841857910e+00 -4.722726821899414062e+00 1.162643623352050781e+01
1.924999952316284180e+00 -4.068001270294189453e+00 1.163557624816894531e+01
1.937500000000000000e+00 -3.319799661636352539e+00 1.163074398040771484e+01
1.950000047683715820e+00 -2.485766649246215820e+00 1.165191650390625000e+01
1.962499976158142090e+00 -1.607612848281860352e+00 1.165994167327880859e+01
1.975000023841857910e+00 -6.910250186920166016e-01 1.163329887390136719e+01
1.987499952316284180e+00 2.822675406932830811e-01 1.164973258972167969e+01
2.000000000000000000e+00 1.240777373313903809e+00 1.166147041320800781e+01
