0.000000000000000000e+00 6.184401512145996094e+00 8.855342864990234375e+00
1.250000018626451492e-02 6.250288963317871094e+00 8.794917106628417969e+00
2.500000037252902985e-02 6.181421279907226562e+00 8.805280685424804688e+00
3.750000149011611938e-02 5.968136787414550781e+00 8.863332748413085938e+00
5.000000074505805969e-02 5.619730472564697266e+00 8.958136558532714844e+00
6.250000000000000000e-02 5.156863212585449219e+00 9.142152786254882812e+00
7.500000298023223877e-02 4.575380802154541016e+00 9.404332160949707031e+00
8.749999850988388062e-02 3.895807504653930664e+00 9.703433036804199219e+00
1.000000014901161194e-01 3.177154064178466797e+00 1.012259292602539062e+01
1.124999970197677612e-01 2.405305624008178711e+00 1.069131660461425781e+01
1.250000000000000000e-01 1.498376488685607910e+00 1.116755390167236328e+01
1.375000029802322388e-01 4.829986393451690674e-01 1.133473300933837891e+01
1.500000059604644775e-01 -5.020453929901123047e-01 1.132280731201171875e+01
1.624999940395355225e-01 -1.403723955154418945e+00 1.134414196014404297e+01
1.749999970197677612e-01 -2.276375293731689453e+00 1.138683414459228516e+01
1.875000000000000000e-01 -3.123661279678344727e+00 1.138862323760986328e+01
2.000000029802322388e-01 -3.891258239746093750e+00 1.139968204498291016e+01
2.125000059604644775e-01 -4.567107200622558594e+00 1.143699264526367188e+01
2.249999940395355225e-01 -5.155519962310791016e+00 1.145254898071289062e+01
2.374999970197677612e-01 -5.625588417053222656e+00 1.146146297454833984e+01
2.500000000000000000e-01 -5.960583209991455078e+00 1.149481201171875000e+01
2.624999880790710449e-01 -6.171538352966308594e+00 1.151917457580566406e+01
2.750000059604644775e-01 -6.247070789337158203e+00 1.152682304382324219e+01
2.874999940395355225e-01 -6.172470092773437500e+00 1.155345535278320312e+01
3.000000119209289551e-01 -5.964278221130371094e+00 1.158220100402832031e+01
3.125000000000000000e-01 -5.629928588867187500e+00 1.158778381347656250e+01
3.249999880790710449e-01 -5.159958362579345703e+00 1.160352516174316406e+01
3.375000059604644775e-01 -4.573800086975097656e+00 1.163189888000488281e+01
3.499999940395355225e-01 -3.896172285079956055e+00 1.163380622863769531e+01
3.625000119209289551e-01 -3.123180627822875977e+00 1.163364505767822266e+01
3.750000000000000000e-01 -2.272764682769775391e+00 1.165804100036621094e+01
3.874999880790710449e-01 -1.385419368743896484e+00 1.165464782714843750e+01
4.000000059604644775e-01 -4.526713192462921143e-01 1.163107585906982422e+01
4.124999940395355225e-01 5.300164818763732910e-01 1.166132831573486328e+01
4.250000119209289551e-01 1.466598153114318848e+00 1.163503551483154297e+01
4.375000000000000000e-01 2.271051645278930664e+00 1.131690597534179688e+01
4.499999880790710449e-01 3.007463932037353516e+00 1.072960281372070312e+01
4.625000059604644775e-01 3.768167018890380859e+00 1.014145660400390625e+01
4.749999940395355225e-01 4.511243343353271484e+00 9.692529678344726562e+00
4.875000119209289551e-01 5.141216278076171875e+00 9.347050666809082031e+00
5.000000000000000000e-01 5.630966663360595703e+00 9.098552703857421875e+00
5.124999880790710449e-01 5.983121395111083984e+00 8.951467514038085938e+00
5.249999761581420898e-01 6.187672138214111328e+00 8.853247642517089844e+00
5.375000238418579102e-01 6.250230312347412109e+00 8.794270515441894531e+00
5.500000119209289551e-01 6.177932739257812500e+00 8.806334495544433594e+00
5.625000000000000000e-01 5.961063385009765625e+00 8.865078926086425781e+00
5.749999880790710449e-01 5.609661102294921875e+00 8.961407661437988281e+00
5.874999761581420898e-01 5.143988609313964844e+00 9.147952079772949219e+00
6.000000238418579102e-01 4.559580802917480469e+00 9.411212921142578125e+00
6.125000119209289551e-01 3.878367185592651367e+00 9.711785316467285156e+00
6.250000000000000000e-01 3.159080743789672852e+00 1.013526916503906250e+01
6.374999880790710449e-01 2.384818315505981445e+00 1.070554924011230469e+01
6.499999761581420898e-01 1.474164485931396484e+00 1.117559051513671875e+01
6.625000238418579102e-01 4.578035473823547363e-01 1.133547306060791016e+01
6.750000119209289551e-01 -5.251570343971252441e-01 1.132248783111572266e+01
6.875000000000000000e-01 -1.425359964370727539e+00 1.134536838531494141e+01
6.999999880790710449e-01 -2.297770738601684570e+00 1.138735485076904297e+01
7.124999761581420898e-01 -3.143728017807006836e+00 1.138848972320556641e+01
7.250000238418579102e-01 -3.908961772918701172e+00 1.140046119689941406e+01
7.375000119209289551e-01 -4.582728862762451172e+00 1.143776988983154297e+01
7.500000000000000000e-01 -5.168689727783203125e+00 1.145262622833251953e+01
7.624999880790710449e-01 -5.635443210601806641e+00 1.146201610565185547e+01
7.749999761581420898e-01 -5.967249393463134766e+00 1.149570941925048828e+01
7.875000238418579102e-01 -6.175136089324951172e+00 1.151942539215087891e+01
8.000000119209289551e-01 -6.247025012969970703e+00 1.152716445922851562e+01
8.125000000000000000e-01 -6.168846607208251953e+00 1.155433654785156250e+01
8.249999880790710449e-01 -5.957593917846679688e+00 1.158257865905761719e+01
8.374999761581420898e-01 -5.619974613189697266e+00 1.158787631988525391e+01
8.500000238418579102e-01 -5.146755218505859375e+00 1.160423851013183594e+01
8.625000119209289551e-01 -4.558163166046142578e+00 1.163234519958496094e+01
8.750000000000000000e-01 -3.878287315368652344e+00 1.163358306884765625e+01
8.874999880790710449e-01 -3.102963209152221680e+00 1.163404083251953125e+01
8.999999761581420898e-01 -2.251229286193847656e+00 1.165854072570800781e+01
9.125000238418579102e-01 -1.363113045692443848e+00 1.165397262573242188e+01
9.250000119209289551e-01 -4.288661479949951172e-01 1.163106346130371094e+01
9.375000000000000000e-01 5.542182326316833496e-01 1.166236782073974609e+01
9.499999880790710449e-01 1.488082408905029297e+00 1.163139724731445312e+01
9.624999761581420898e-01 2.289504051208496094e+00 1.130477237701416016e+01
9.750000238418579102e-01 3.025788068771362305e+00 1.071401214599609375e+01
9.875000119209289551e-01 3.787136554718017578e+00 1.012868118286132812e+01
1.000000000000000000e+00 4.528415203094482422e+00 9.682967185974121094e+00
1.012500047683715820e+00 5.154951095581054688e+00 9.339638710021972656e+00
1.024999976158142090e+00 5.641331672668457031e+00 9.093841552734375000e+00
1.037500023841857910e+00 5.989969253540039062e+00 8.948683738708496094e+00
1.049999952316284180e+00 6.190856456756591797e+00 8.851172447204589844e+00
1.062500000000000000e+00 6.250091552734375000e+00 8.793671607971191406e+00
1.075000047683715820e+00 6.174355030059814453e+00 8.807415008544921875e+00
1.087499976158142090e+00 5.953907489776611328e+00 8.866842269897460938e+00
1.100000023841857910e+00 5.599524497985839844e+00 8.964737892150878906e+00
1.112499952316284180e+00 5.131039619445800781e+00 9.153800010681152344e+00
1.125000000000000000e+00 4.543718338012695312e+00 9.418105125427246094e+00
1.137500047683715820e+00 3.860908508300781250e+00 9.720214843750000000e+00
1.149999976158142090e+00 3.140978813171386719e+00 1.014805412292480469e+01
1.162500023841857910e+00 2.364240646362304688e+00 1.071971988677978516e+01
1.174999952316284180e+00 1.449880838394165039e+00 1.118341445922851562e+01
1.187500000000000000e+00 4.326352775096893311e-01 1.133610439300537109e+01
1.200000047683715820e+00 -5.482113957405090332e-01 1.132220554351806641e+01
1.212499976158142090e+00 -1.446983575820922852e+00 1.134660816192626953e+01
1.225000023841857910e+00 -2.319153785705566406e+00 1.138784122467041016e+01
1.237499952316284180e+00 -3.163741827011108398e+00 1.138836574554443359e+01
1.250000000000000000e+00 -3.926608800888061523e+00 1.140125942230224609e+01
1.262500047683715820e+00 -4.598299980163574219e+00 1.143852710723876953e+01
1.274999976158142090e+00 -5.181785583496093750e+00 1.145269870758056641e+01
1.287500023841857910e+00 -5.645214080810546875e+00 1.146258831024169922e+01
1.299999952316284180e+00 -5.973842144012451172e+00 1.149659729003906250e+01
1.312500000000000000e+00 -6.178651809692382812e+00 1.151966381072998047e+01
1.325000047683715820e+00 -6.246885776519775391e+00 1.152752304077148438e+01
1.337499976158142090e+00 -6.165143013000488281e+00 1.155521774291992188e+01
1.350000023841857910e+00 -5.950834274291992188e+00 1.158293628692626953e+01
1.362499952316284180e+00 -5.609935283660888672e+00 1.158797740936279297e+01
1.375000000000000000e+00 -5.133481979370117188e+00 1.160496234893798828e+01
1.387500047683715820e+00 -4.542472839355468750e+00 1.163276863098144531e+01
1.399999976158142090e+00 -3.860342502593994141e+00 1.163335895538330078e+01
1.412500023841857910e+00 -3.082697391510009766e+00 1.163445854187011719e+01
1.424999952316284180e+00 -2.229675292968750000e+00 1.165901851654052734e+01
1.437500000000000000e+00 -1.340778827667236328e+00 1.165328025817871094e+01
1.450000047683715820e+00 -4.050239622592926025e-01 1.163109779357910156e+01
1.462499976158142090e+00 5.783896446228027344e-01 1.166337966918945312e+01
1.475000023841857910e+00 1.509475708007812500e+00 1.162756156921386719e+01
1.487499952316284180e+00 2.307915210723876953e+00 1.129246234893798828e+01
1.500000000000000000e+00 3.044137001037597656e+00 1.069843578338623047e+01
1.512500047683715820e+00 3.806096315383911133e+00 1.011600112915039062e+01
1.524999976158142090e+00 4.545512199401855469e+00 9.673462867736816406e+00
1.537500023841857910e+00 5.168599605560302734e+00 9.332284927368164062e+00
1.549999952316284180e+00 5.651614665985107422e+00 9.089197158813476562e+00
1.562500000000000000e+00 5.996725559234619141e+00 8.945925712585449219e+00
1.575000047683715820e+00 6.193954944610595703e+00 8.849119186401367188e+00
1.587499976158142090e+00 6.249872207641601562e+00 8.793121337890625000e+00
1.600000023841857910e+00 6.170687675476074219e+00 8.808522224426269531e+00
1.612499952316284180e+00 5.946669578552246094e+00 8.868624687194824219e+00
1.625000000000000000e+00 5.589321136474609375e+00 8.968130111694335938e+00
1.637500047683715820e+00 5.118017196655273438e+00 9.159697532653808594e+00
1.649999976158142090e+00 4.527794837951660156e+00 9.425010681152343750e+00
1.662500023841857910e+00 3.843432664871215820e+00 9.728723526000976562e+00
1.674999952316284180e+00 3.122847318649291992e+00 1.016094589233398438e+01
1.687500000000000000e+00 2.343571424484252930e+00 1.073382186889648438e+01
1.700000047683715820e+00 1.425527334213256836e+00 1.119102668762207031e+01
1.712499976158142090e+00 4.074958860874176025e-01 1.133663177490234375e+01
1.725000023841857910e+00 -5.712090730667114258e-01 1.132196426391601562e+01
1.737499952316284180e+00 -1.468595623970031738e+00 1.134785938262939453e+01
1.750000000000000000e+00 -2.340523481369018555e+00 1.138829421997070312e+01
1.762500047683715820e+00 -3.183702230453491211e+00 1.138825321197509766e+01
1.774999976158142090e+00 -3.944199562072753906e+00 1.140207767486572266e+01
1.787500023841857910e+00 -4.613820552825927734e+00 1.143926525115966797e+01
1.799999952316284180e+00 -5.194807052612304688e+00 1.145276832580566406e+01
1.812500000000000000e+00 -5.654900550842285156e+00 1.146318054199218750e+01
1.825000047683715820e+00 -5.980361461639404297e+00 1.149747657775878906e+01
1.837499976158142090e+00 -6.182084560394287109e+00 1.151988887786865234e+01
1.850000023841857910e+00 -6.246652603149414062e+00 1.152789688110351562e+01
1.862499952316284180e+00 -6.161360263824462891e+00 1.155609989166259766e+01
1.875000000000000000e+00 -5.943998813629150391e+00 1.158327674865722656e+01
1.887500047683715820e+00 -5.599811553955078125e+00 1.158808898925781250e+01
1.899999976158142090e+00 -5.120138645172119141e+00 1.160569667816162109e+01
1.912500023841857910e+00 -4.526729583740234375e+00 1.163317108154296875e+01
1.924999952316284180e+00 -3.842337608337402344e+00 1.163313484191894531e+01
1.937500000000000000e+00 -3.062383890151977539e+00 1.163489627838134766e+01
1.950000047683715820e+00 -2.208103656768798828e+00 1.165947341918945312e+01
1.962499976158142090e+00 -1.318416237831115723e+00 1.165257072448730469e+01
1.975000023841857910e+00 -3.811455070972442627e-01 1.163117790222167969e+01
1.987499952316284180e+00 6.025285124778747559e-01 1.166435813903808594e+01
2.000000000000000000e+00 1.530778050422668457e+00 1.162352561950683594e+01
