0.000000000000000000e+00 6.183823108673095703e+00 8.855739593505859375e+00
1.250000018626451492e-02 6.249990463256835938e+00 8.795081138610839844e+00
2.500000037252902985e-02 6.180840492248535156e+00 8.805489540100097656e+00
3.750000149011611938e-02 5.966666698455810547e+00 8.863699913024902344e+00
5.000000074505805969e-02 5.616920471191406250e+00 8.958973884582519531e+00
6.250000000000000000e-02 5.152301311492919922e+00 9.144072532653808594e+00
7.500000298023223877e-02 4.568550586700439453e+00 9.407160758972167969e+00
8.749999850988388062e-02 3.886846065521240234e+00 9.707477569580078125e+00
1.000000014901161194e-01 3.166431427001953125e+00 1.012971591949462891e+01
1.124999970197677612e-01 2.391622066497802734e+00 1.070046138763427734e+01
1.250000000000000000e-01 1.480310797691345215e+00 1.117324352264404297e+01
1.375000029802322388e-01 4.620715081691741943e-01 1.133502864837646484e+01
1.500000059604644775e-01 -5.232353806495666504e-01 1.132221221923828125e+01
1.624999940395355225e-01 -1.425358295440673828e+00 1.134510326385498047e+01
1.749999970197677612e-01 -2.299489498138427734e+00 1.138716793060302734e+01
1.875000000000000000e-01 -3.146958351135253906e+00 1.138825798034667969e+01
2.000000029802322388e-01 -3.913230657577514648e+00 1.140046691894531250e+01
2.125000059604644775e-01 -4.587721824645996094e+00 1.143787002563476562e+01
2.249999940395355225e-01 -5.173913002014160156e+00 1.145254039764404297e+01
2.374999970197677612e-01 -5.640076160430908203e+00 1.146221351623535156e+01
2.500000000000000000e-01 -5.970812320709228516e+00 1.149618053436279297e+01
2.624999880790710449e-01 -6.177172183990478516e+00 1.151958560943603516e+01
2.750000059604644775e-01 -6.246608257293701172e+00 1.152746963500976562e+01
2.874999940395355225e-01 -6.165441036224365234e+00 1.155514430999755859e+01
3.000000119209289551e-01 -5.951067924499511719e+00 1.158302783966064453e+01
3.125000000000000000e-01 -5.609613418579101562e+00 1.158814048767089844e+01
3.249999880790710449e-01 -5.132071018218994141e+00 1.160521602630615234e+01
3.375000059604644775e-01 -4.539563655853271484e+00 1.163306522369384766e+01
3.499999940395355225e-01 -3.855580329895019531e+00 1.163357162475585938e+01
3.625000119209289551e-01 -3.075703859329223633e+00 1.163489532470703125e+01
3.750000000000000000e-01 -2.220491886138916016e+00 1.165951824188232422e+01
3.874999880790710449e-01 -1.329429864883422852e+00 1.165326976776123047e+01
4.000000059604644775e-01 -3.909644186496734619e-01 1.163151359558105469e+01
4.124999940395355225e-01 5.946081876754760742e-01 1.166439533233642578e+01
4.250000119209289551e-01 1.525594234466552734e+00 1.162489986419677734e+01
4.375000000000000000e-01 2.323296546936035156e+00 1.128250885009765625e+01
4.499999880790710449e-01 3.060854434967041016e+00 1.068477344512939453e+01
4.625000059604644775e-01 3.824715614318847656e+00 1.010409164428710938e+01
4.749999940395355225e-01 4.563540935516357422e+00 9.663816452026367188e+00
4.875000119209289551e-01 5.184051036834716797e+00 9.324214935302734375e+00
5.000000000000000000e-01 5.664052963256835938e+00 9.083814620971679688e+00
5.124999880790710449e-01 6.005314826965332031e+00 8.942553520202636719e+00
5.249999761581420898e-01 6.197910308837890625e+00 8.846452713012695312e+00
5.375000238418579102e-01 6.249092578887939453e+00 8.792542457580566406e+00
5.500000119209289551e-01 6.164384841918945312e+00 8.810452461242675781e+00
5.625000000000000000e-01 5.934089660644531250e+00 8.871717453002929688e+00
5.749999880790710449e-01 5.570953845977783203e+00 8.974251747131347656e+00
5.874999761581420898e-01 5.093607425689697266e+00 9.170650482177734375e+00
6.000000238418579102e-01 4.496773242950439453e+00 9.438277244567871094e+00
6.125000119209289551e-01 3.808102846145629883e+00 9.745895385742187500e+00
6.250000000000000000e-01 3.084710597991943359e+00 1.018793010711669922e+01
6.374999880790710449e-01 2.298348188400268555e+00 1.076383209228515625e+01
6.499999761581420898e-01 1.370456099510192871e+00 1.120705413818359375e+01
6.625000238418579102e-01 3.488975763320922852e-01 1.133716011047363281e+01
6.750000119209289551e-01 -6.266787052154541016e-01 1.132125473022460938e+01
6.875000000000000000e-01 -1.522682428359985352e+00 1.135076904296875000e+01
6.999999880790710449e-01 -2.395698308944702148e+00 1.138908767700195312e+01
7.124999761581420898e-01 -3.236650466918945312e+00 1.138780975341796875e+01
7.250000238418579102e-01 -3.992221832275390625e+00 1.140423679351806641e+01
7.375000119209289551e-01 -4.657386302947998047e+00 1.144109916687011719e+01
7.500000000000000000e-01 -5.232174396514892578e+00 1.145284938812255859e+01
7.624999880790710449e-01 -5.683241367340087891e+00 1.146499633789062500e+01
7.749999761581420898e-01 -5.999740123748779297e+00 1.150008106231689453e+01
7.875000238418579102e-01 -6.192099571228027344e+00 1.152053260803222656e+01
8.000000119209289551e-01 -6.244925498962402344e+00 1.152927589416503906e+01
8.125000000000000000e-01 -6.147834300994873047e+00 1.155911254882812500e+01
8.249999880790710449e-01 -5.919703006744384766e+00 1.158442878723144531e+01
8.374999761581420898e-01 -5.563338279724121094e+00 1.158873844146728516e+01
8.500000238418579102e-01 -5.071393013000488281e+00 1.160859489440917969e+01
8.625000119209289551e-01 -4.468184471130371094e+00 1.163468742370605469e+01
8.750000000000000000e-01 -3.773929595947265625e+00 1.163258934020996094e+01
8.874999880790710449e-01 -2.983761548995971680e+00 1.163705539703369141e+01
8.999999761581420898e-01 -2.123145818710327148e+00 1.166132068634033203e+01
9.125000238418579102e-01 -1.228386878967285156e+00 1.164995288848876953e+01
9.250000119209289551e-01 -2.830296456813812256e-01 1.163236999511718750e+01
9.375000000000000000e-01 7.029510140419006348e-01 1.166835212707519531e+01
9.499999880790710449e-01 1.620534658432006836e+00 1.160441017150878906e+01
9.624999761581420898e-01 2.405649185180664062e+00 1.122438240051269531e+01
9.750000238418579102e-01 3.143913507461547852e+00 1.061502170562744141e+01
9.875000119209289551e-01 3.909872531890869141e+00 1.004857158660888672e+01
1.000000000000000000e+00 4.639225006103515625e+00 9.621946334838867188e+00
1.012500047683715820e+00 5.244030475616455078e+00 9.292137145996093750e+00
1.024999976158142090e+00 5.708890438079833984e+00 9.064042091369628906e+00
1.037500023841857910e+00 6.034066200256347656e+00 8.930541992187500000e+00
1.049999952316284180e+00 6.210262775421142578e+00 8.837632179260253906e+00
1.062500000000000000e+00 6.246553421020507812e+00 8.790989875793457031e+00
1.075000047683715820e+00 6.146104335784912109e+00 8.815908432006835938e+00
1.087499976158142090e+00 5.899869441986083984e+00 8.880146026611328125e+00
1.100000023841857910e+00 5.523630142211914062e+00 8.990804672241210938e+00
1.112499952316284180e+00 5.033401966094970703e+00 9.198135375976562500e+00
1.125000000000000000e+00 4.423810005187988281e+00 9.469677925109863281e+00
1.137500047683715820e+00 3.729048252105712891e+00 9.786062240600585938e+00
1.149999976158142090e+00 3.002299070358276367e+00 1.024816799163818359e+01
1.162500023841857910e+00 2.203164815902709961e+00 1.082546901702880859e+01
1.174999952316284180e+00 1.259323835372924805e+00 1.123654556274414062e+01
1.187500000000000000e+00 2.364411652088165283e-01 1.133749198913574219e+01
1.200000047683715820e+00 -7.290260791778564453e-01 1.132118320465087891e+01
1.212499976158142090e+00 -1.619830608367919922e+00 1.135652446746826172e+01
1.225000023841857910e+00 -2.491570234298706055e+00 1.139035415649414062e+01
1.237499952316284180e+00 -3.325212478637695312e+00 1.138767814636230469e+01
1.250000000000000000e+00 -4.070100784301757812e+00 1.140832996368408203e+01
1.262500047683715820e+00 -4.725996017456054688e+00 1.144390106201171875e+01
1.274999976158142090e+00 -5.288878440856933594e+00 1.145317173004150391e+01
1.287500023841857910e+00 -5.724720954895019531e+00 1.146815967559814453e+01
1.299999952316284180e+00 -6.027187824249267578e+00 1.150373363494873047e+01
1.312500000000000000e+00 -6.205305576324462891e+00 1.152128791809082031e+01
1.325000047683715820e+00 -6.241353988647460938e+00 1.153143882751464844e+01
1.337499976158142090e+00 -6.128646373748779297e+00 1.156301021575927734e+01
1.350000023841857910e+00 -5.886781692504882812e+00 1.158548164367675781e+01
1.362499952316284180e+00 -5.515346050262451172e+00 1.158960151672363281e+01
1.375000000000000000e+00 -5.009354591369628906e+00 1.161209392547607422e+01
1.387500047683715820e+00 -4.395731925964355469e+00 1.163584899902343750e+01
1.399999976158142090e+00 -3.691052675247192383e+00 1.163171577453613281e+01
1.412500023841857910e+00 -2.890929698944091797e+00 1.163957977294921875e+01
1.424999952316284180e+00 -2.025465250015258789e+00 1.166255760192871094e+01
1.437500000000000000e+00 -1.126697897911071777e+00 1.164648056030273438e+01
1.450000047683715820e+00 -1.744492948055267334e-01 1.163418006896972656e+01
1.462499976158142090e+00 8.104022145271301270e-01 1.167119312286376953e+01
1.475000023841857910e+00 1.713641285896301270e+00 1.157963180541992188e+01
1.487499952316284180e+00 2.487445354461669922e+00 1.116320419311523438e+01
1.500000000000000000e+00 3.227502822875976562e+00 1.054605960845947266e+01
1.512500047683715820e+00 3.994595050811767578e+00 9.994935035705566406e+00
1.524999976158142090e+00 4.713273048400878906e+00 9.581157684326171875e+00
1.537500023841857910e+00 5.302286148071289062e+00 9.261332511901855469e+00
1.549999952316284180e+00 5.752032756805419922e+00 9.045515060424804688e+00
1.562500000000000000e+00 6.060953617095947266e+00 8.918931961059570312e+00
1.575000047683715820e+00 6.220907211303710938e+00 8.829351425170898438e+00
1.587499976158142090e+00 6.242358684539794922e+00 8.790418624877929688e+00
1.600000023841857910e+00 6.125991821289062500e+00 8.821786880493164062e+00
1.612499952316284180e+00 5.864050388336181641e+00 8.889065742492675781e+00
1.625000000000000000e+00 5.474948406219482422e+00 9.008679389953613281e+00
1.637500047683715820e+00 4.971673965454101562e+00 9.226406097412109375e+00
1.649999976158142090e+00 4.349757671356201172e+00 9.501427650451660156e+00
1.662500023841857910e+00 3.649730205535888672e+00 9.828172683715820312e+00
1.674999952316284180e+00 2.919056177139282227e+00 1.031018257141113281e+01
1.687500000000000000e+00 2.106015682220458984e+00 1.088488769531250000e+01
1.700000047683715820e+00 1.147123217582702637e+00 1.126177215576171875e+01
1.712499976158142090e+00 1.248606815934181213e-01 1.133644771575927734e+01
1.725000023841857910e+00 -8.303638100624084473e-01 1.132206153869628906e+01
1.737499952316284180e+00 -1.716862320899963379e+00 1.136219882965087891e+01
1.750000000000000000e+00 -2.587010860443115234e+00 1.139102649688720703e+01
1.762500047683715820e+00 -3.412601947784423828e+00 1.138795280456542969e+01
1.774999976158142090e+00 -4.146898746490478516e+00 1.141265392303466797e+01
1.787500023841857910e+00 -4.793512344360351562e+00 1.144625854492187500e+01
1.799999952316284180e+00 -5.343975543975830078e+00 1.145359706878662109e+01
1.812500000000000000e+00 -5.764539241790771484e+00 1.147166347503662109e+01
1.825000047683715820e+00 -6.053153991699218750e+00 1.150708103179931641e+01
1.837499976158142090e+00 -6.216749191284179688e+00 1.152192211151123047e+01
1.850000023841857910e+00 -6.235913276672363281e+00 1.153396415710449219e+01
1.862499952316284180e+00 -6.107906818389892578e+00 1.156676101684570312e+01
1.875000000000000000e+00 -5.852278709411621094e+00 1.158623218536376953e+01
1.887500047683715820e+00 -5.465648651123046875e+00 1.159077930450439453e+01
1.899999976158142090e+00 -4.946011543273925781e+00 1.161563205718994141e+01
1.912500023841857910e+00 -4.322198390960693359e+00 1.163655185699462891e+01
1.924999952316284180e+00 -3.606947898864746094e+00 1.163104438781738281e+01
1.937500000000000000e+00 -2.797285079956054688e+00 1.164239215850830078e+01
1.950000047683715820e+00 -1.927461862564086914e+00 1.166316318511962891e+01
1.962499976158142090e+00 -1.024305343627929688e+00 1.164301490783691406e+01
1.975000023841857910e+00 -6.532821804285049438e-02 1.163691139221191406e+01
1.987499952316284180e+00 9.167685508728027344e-01 1.167250442504882812e+01
2.000000000000000000e+00 1.804959893226623535e+00 1.155043125152587891e+01
