0.000000000000000000e+00 6.183234691619873047e+00 8.856137275695800781e+00
1.250000018626451492e-02 6.249682903289794922e+00 8.795245170593261719e+00
2.500000037252902985e-02 6.180250167846679688e+00 8.805699348449707031e+00
3.750000149011611938e-02 5.965186595916748047e+00 8.864068031311035156e+00
5.000000074505805969e-02 5.614098548889160156e+00 8.959815979003906250e+00
6.250000000000000000e-02 5.147724151611328125e+00 9.145998001098632812e+00
7.500000298023223877e-02 4.561703681945800781e+00 9.409990310668945312e+00
8.749999850988388062e-02 3.877876520156860352e+00 9.711535453796386719e+00
1.000000014901161194e-01 3.155699729919433594e+00 1.013687133789062500e+01
1.124999970197677612e-01 2.377901792526245117e+00 1.070957660675048828e+01
1.250000000000000000e-01 1.462205648422241211e+00 1.117881393432617188e+01
1.375000029802322388e-01 4.411608278751373291e-01 1.133524990081787109e+01
1.500000059604644775e-01 -5.443761944770812988e-01 1.132165050506591797e+01
1.624999940395355225e-01 -1.446973562240600586e+00 1.134608078002929688e+01
1.749999970197677612e-01 -2.322580575942993164e+00 1.138746356964111328e+01
1.875000000000000000e-01 -3.170175075531005859e+00 1.138790702819824219e+01
2.000000029802322388e-01 -3.935104131698608398e+00 1.140128326416015625e+01
2.125000059604644775e-01 -4.608235359191894531e+00 1.143871307373046875e+01
2.249999940395355225e-01 -5.192147254943847656e+00 1.145252418518066406e+01
2.374999970197677612e-01 -5.654364109039306641e+00 1.146300888061523438e+01
2.500000000000000000e-01 -5.980845451354980469e+00 1.149752807617187500e+01
2.624999880790710449e-01 -6.182565689086914062e+00 1.151996421813964844e+01
2.750000059604644775e-01 -6.245849609375000000e+00 1.152817153930664062e+01
2.874999940395355225e-01 -6.158134937286376953e+00 1.155684089660644531e+01
3.000000119209289551e-01 -5.937571525573730469e+00 1.158379268646240234e+01
3.125000000000000000e-01 -5.588953971862792969e+00 1.158854389190673828e+01
3.249999880790710449e-01 -5.103876113891601562e+00 1.160695552825927734e+01
3.375000059604644775e-01 -4.505074501037597656e+00 1.163413429260253906e+01
3.499999940395355225e-01 -3.814684629440307617e+00 1.163334465026855469e+01
3.625000119209289551e-01 -3.027970790863037109e+00 1.163626003265380859e+01
3.750000000000000000e-01 -2.168117284774780273e+00 1.166086101531982422e+01
3.874999880790710449e-01 -1.273264646530151367e+00 1.165180301666259766e+01
4.000000059604644775e-01 -3.290238082408905029e-01 1.163226318359375000e+01
4.124999940395355225e-01 6.589562892913818359e-01 1.166720867156982422e+01
4.250000119209289551e-01 1.583896517753601074e+00 1.161324501037597656e+01
4.375000000000000000e-01 2.375219106674194336e+00 1.124677848815917969e+01
4.499999880790710449e-01 3.114422082901000977e+00 1.064015197753906250e+01
4.625000059604644775e-01 3.881116390228271484e+00 1.006757926940917969e+01
4.749999940395355225e-01 4.615099430084228516e+00 9.635612487792968750e+00
4.875000119209289551e-01 5.226025581359863281e+00 9.301959037780761719e+00
5.000000000000000000e-01 5.696263790130615234e+00 9.069746971130371094e+00
5.124999880790710449e-01 6.026480674743652344e+00 8.933885574340820312e+00
5.249999761581420898e-01 6.207138538360595703e+00 8.839915275573730469e+00
5.375000238418579102e-01 6.246953010559082031e+00 8.791404724121093750e+00
5.500000119209289551e-01 6.149670124053955078e+00 8.814876556396484375e+00
5.625000000000000000e-01 5.906015396118164062e+00 8.878620147705078125e+00
5.749999880790710449e-01 5.531298637390136719e+00 8.987975120544433594e+00
5.874999761581420898e-01 5.042128086090087891e+00 9.194004058837890625e+00
6.000000238418579102e-01 4.433063983917236328e+00 9.465544700622558594e+00
6.125000119209289551e-01 3.737594604492187500e+00 9.781360626220703125e+00
6.250000000000000000e-01 3.009793996810913086e+00 1.024223136901855469e+01
6.374999880790710449e-01 2.210271596908569336e+00 1.082061958312988281e+01
6.499999761581420898e-01 1.265615940093994141e+00 1.123466873168945312e+01
6.625000238418579102e-01 2.406426221132278442e-01 1.133718395233154297e+01
6.750000119209289551e-01 -7.271483540534973145e-01 1.132088184356689453e+01
6.875000000000000000e-01 -1.619812011718750000e+00 1.135626888275146484e+01
6.999999880790710449e-01 -2.493257522583007812e+00 1.139014911651611328e+01
7.124999761581420898e-01 -3.328342676162719727e+00 1.138747310638427734e+01
7.250000238418579102e-01 -4.074222564697265625e+00 1.140837860107421875e+01
7.375000119209289551e-01 -4.730806827545166016e+00 1.144394397735595703e+01
7.500000000000000000e-01 -5.293785572052001953e+00 1.145309448242187500e+01
7.624999880790710449e-01 -5.728943347930908203e+00 1.146845245361328125e+01
7.749999761581420898e-01 -6.030324935913085938e+00 1.150414752960205078e+01
7.875000238418579102e-01 -6.206782341003417969e+00 1.152139759063720703e+01
8.000000119209289551e-01 -6.240247249603271484e+00 1.153188228607177734e+01
8.125000000000000000e-01 -6.124590396881103516e+00 1.156380367279052734e+01
8.249999880790710449e-01 -5.879550457000732422e+00 1.158579158782958984e+01
8.374999761581420898e-01 -5.504137516021728516e+00 1.159000778198242188e+01
8.500000238418579102e-01 -4.993936061859130859e+00 1.161314678192138672e+01
8.625000119209289551e-01 -4.376502513885498047e+00 1.163631439208984375e+01
8.750000000000000000e-01 -3.667578458786010742e+00 1.163178348541259766e+01
8.874999880790710449e-01 -2.863074779510498047e+00 1.164068222045898438e+01
8.999999761581420898e-01 -1.994489550590515137e+00 1.166313362121582031e+01
9.125000238418579102e-01 -1.092524647712707520e+00 1.164567184448242188e+01
9.250000119209289551e-01 -1.360279619693756104e-01 1.163541507720947266e+01
9.375000000000000000e-01 8.500117063522338867e-01 1.167223262786865234e+01
9.499999880790710449e-01 1.749446749687194824e+00 1.156918048858642578e+01
9.624999761581420898e-01 2.520639896392822266e+00 1.113800907135009766e+01
9.750000238418579102e-01 3.263032436370849609e+00 1.051767253875732422e+01
9.875000119209289551e-01 4.031650543212890625e+00 9.972373008728027344e+00
1.000000000000000000e+00 4.746534347534179688e+00 9.563191413879394531e+00
1.012500047683715820e+00 5.329343318939208984e+00 9.247385025024414062e+00
1.024999976158142090e+00 5.772640705108642578e+00 9.037014007568359375e+00
1.037500023841857910e+00 6.073858737945556641e+00 8.913306236267089844e+00
1.049999952316284180e+00 6.225620746612548828e+00 8.825346946716308594e+00
1.062500000000000000e+00 6.238997459411621094e+00 8.790664672851562500e+00
1.075000047683715820e+00 6.113305091857910156e+00 8.825437545776367188e+00
1.087499976158142090e+00 5.841763973236083984e+00 8.894683837890625000e+00
1.100000023841857910e+00 5.444205284118652344e+00 9.020284652709960938e+00
1.112499952316284180e+00 4.931726455688476562e+00 9.244549751281738281e+00
1.125000000000000000e+00 4.300942897796630859e+00 9.522185325622558594e+00
1.137500047683715820e+00 3.596457004547119141e+00 9.857249259948730469e+00
1.149999976158142090e+00 2.861299991607666016e+00 1.035325908660888672e+01
1.162500023841857910e+00 2.036451101303100586e+00 1.092477893829345703e+01
1.174999952316284180e+00 1.065613985061645508e+00 1.127706432342529297e+01
1.187500000000000000e+00 4.285999014973640442e-02 1.133471012115478516e+01
1.200000047683715820e+00 -9.067277312278747559e-01 1.132308483123779297e+01
1.212499976158142090e+00 -1.792269706726074219e+00 1.136620712280273438e+01
1.225000023841857910e+00 -2.662563800811767578e+00 1.139097118377685547e+01
1.237499952316284180e+00 -3.482805967330932617e+00 1.138831996917724609e+01
1.250000000000000000e+00 -4.209928035736083984e+00 1.141618061065673828e+01
1.262500047683715820e+00 -4.849908351898193359e+00 1.144777870178222656e+01
1.274999976158142090e+00 -5.390336990356445312e+00 1.145401000976562500e+01
1.287500023841857910e+00 -5.798283100128173828e+00 1.147494602203369141e+01
1.299999952316284180e+00 -6.075114727020263672e+00 1.150979232788085938e+01
1.312500000000000000e+00 -6.225410461425781250e+00 1.152248859405517578e+01
1.325000047683715820e+00 -6.228751182556152344e+00 1.153672695159912109e+01
1.337499976158142090e+00 -6.086152553558349609e+00 1.157026290893554688e+01
1.350000023841857910e+00 -5.816510677337646484e+00 1.158687305450439453e+01
1.362499952316284180e+00 -5.413948059082031250e+00 1.159248447418212891e+01
1.375000000000000000e+00 -4.879908561706542969e+00 1.161939525604248047e+01
1.387500047683715820e+00 -4.244503498077392578e+00 1.163706874847412109e+01
1.399999976158142090e+00 -3.516599655151367188e+00 1.163093090057373047e+01
1.412500023841857910e+00 -2.695682764053344727e+00 1.164592838287353516e+01
1.424999952316284180e+00 -1.819834709167480469e+00 1.166337871551513672e+01
1.437500000000000000e+00 -9.095090031623840332e-01 1.163974285125732422e+01
1.450000047683715820e+00 5.853229016065597534e-02 1.164137077331542969e+01
1.462499976158142090e+00 1.037429571151733398e+00 1.167192554473876953e+01
1.475000023841857910e+00 1.909440755844116211e+00 1.151107692718505859e+01
1.487499952316284180e+00 2.665148019790649414e+00 1.102146911621093750e+01
1.500000000000000000e+00 3.413214206695556641e+00 1.039900493621826172e+01
1.512500047683715820e+00 4.180044651031494141e+00 9.882761955261230469e+00
1.524999976158142090e+00 4.872558116912841797e+00 9.494038581848144531e+00
1.537500023841857910e+00 5.427300930023193359e+00 9.197064399719238281e+00
1.549999952316284180e+00 5.843554496765136719e+00 9.007810592651367188e+00
1.562500000000000000e+00 6.115352153778076172e+00 8.893768310546875000e+00
1.575000047683715820e+00 6.238814830780029297e+00 8.812856674194335938e+00
1.587499976158142090e+00 6.225704669952392578e+00 8.792892456054687500e+00
1.600000023841857910e+00 6.071162223815917969e+00 8.837050437927246094e+00
1.612499952316284180e+00 5.772682189941406250e+00 8.912799835205078125e+00
1.625000000000000000e+00 5.352767944335937500e+00 9.056861877441406250e+00
1.637500047683715820e+00 4.816528320312500000e+00 9.296971321105957031e+00
1.649999976158142090e+00 4.165928363800048828e+00 9.580500602722167969e+00
1.662500023841857910e+00 3.454578876495361328e+00 9.940100669860839844e+00
1.674999952316284180e+00 2.709364652633666992e+00 1.046815013885498047e+01
1.687500000000000000e+00 1.856349825859069824e+00 1.101956367492675781e+01
1.700000047683715820e+00 8.634795546531677246e-01 1.130683135986328125e+01
1.712499976158142090e+00 -1.515105962753295898e-01 1.133008193969726562e+01
1.725000023841857910e+00 -1.083697915077209473e+00 1.132823181152343750e+01
1.737499952316284180e+00 -1.964527964591979980e+00 1.137504386901855469e+01
1.750000000000000000e+00 -2.829935789108276367e+00 1.139043521881103516e+01
1.762500047683715820e+00 -3.633429765701293945e+00 1.139078426361083984e+01
1.774999976158142090e+00 -4.342372417449951172e+00 1.142411613464355469e+01
1.787500023841857910e+00 -4.965260505676269531e+00 1.145028591156005859e+01
1.799999952316284180e+00 -5.481591701507568359e+00 1.145571231842041016e+01
1.812500000000000000e+00 -5.862545013427734375e+00 1.148215103149414062e+01
1.825000047683715820e+00 -6.115142822265625000e+00 1.151427459716796875e+01
1.837499976158142090e+00 -6.238249301910400391e+00 1.152367210388183594e+01
1.850000023841857910e+00 -6.211524486541748047e+00 1.154259300231933594e+01
1.862499952316284180e+00 -6.042932987213134766e+00 1.157585430145263672e+01
1.875000000000000000e+00 -5.748299121856689453e+00 1.158738994598388672e+01
1.887500047683715820e+00 -5.318529605865478516e+00 1.159610557556152344e+01
1.899999976158142090e+00 -4.762070178985595703e+00 1.162521648406982422e+01
1.912500023841857910e+00 -4.108985900878906250e+00 1.163659000396728516e+01
1.924999952316284180e+00 -3.361827135086059570e+00 1.163120365142822266e+01
1.937500000000000000e+00 -2.526232004165649414e+00 1.165143203735351562e+01
1.950000047683715820e+00 -1.644081950187683105e+00 1.166148757934570312e+01
1.962499976158142090e+00 -7.239792346954345703e-01 1.163496685028076172e+01
1.975000023841857910e+00 2.538535296916961670e-01 1.164944076538085938e+01
1.987499952316284180e+00 1.220274686813354492e+00 1.166393280029296875e+01
2.000000000000000000e+00 2.064438581466674805e+00 1.143888568878173828e+01
