0.000000000000000000e+00 6.182645797729492188e+00 8.856545448303222656e+00
1.250000018626451492e-02 6.249375343322753906e+00 8.795419692993164062e+00
2.500000037252902985e-02 6.179659843444824219e+00 8.805918693542480469e+00
3.750000149011611938e-02 5.963704109191894531e+00 8.864445686340332031e+00
5.000000074505805969e-02 5.611273288726806641e+00 8.960667610168457031e+00
6.250000000000000000e-02 5.143140316009521484e+00 9.147935867309570312e+00
7.500000298023223877e-02 4.554846286773681641e+00 9.412825584411621094e+00
8.749999850988388062e-02 3.868902444839477539e+00 9.715614318847656250e+00
1.000000014901161194e-01 3.144961118698120117e+00 1.014406394958496094e+01
1.124999970197677612e-01 2.364145994186401367e+00 1.071866512298583984e+01
1.250000000000000000e-01 1.444061756134033203e+00 1.118426704406738281e+01
1.375000029802322388e-01 4.202661514282226562e-01 1.133539676666259766e+01
1.500000059604644775e-01 -5.654712915420532227e-01 1.132112121582031250e+01
1.624999940395355225e-01 -1.468575119972229004e+00 1.134706878662109375e+01
1.749999970197677612e-01 -2.345653533935546875e+00 1.138771724700927734e+01
1.875000000000000000e-01 -3.193317174911499023e+00 1.138756752014160156e+01
2.000000029802322388e-01 -3.956887722015380859e+00 1.140212440490722656e+01
2.125000059604644775e-01 -4.628655910491943359e+00 1.143951702117919922e+01
2.249999940395355225e-01 -5.210229873657226562e+00 1.145249843597412109e+01
2.374999970197677612e-01 -5.668462276458740234e+00 1.146384239196777344e+01
2.500000000000000000e-01 -5.990694046020507812e+00 1.149884605407714844e+01
2.624999880790710449e-01 -6.187726974487304688e+00 1.152030467987060547e+01
2.750000059604644775e-01 -6.244804859161376953e+00 1.152891826629638672e+01
2.874999940395355225e-01 -6.150563240051269531e+00 1.155852699279785156e+01
3.000000119209289551e-01 -5.923796653747558594e+00 1.158448696136474609e+01
3.125000000000000000e-01 -5.567957401275634766e+00 1.158898735046386719e+01
3.249999880790710449e-01 -5.075385570526123047e+00 1.160872459411621094e+01
3.375000059604644775e-01 -4.470338344573974609e+00 1.163509654998779297e+01
3.499999940395355225e-01 -3.773488044738769531e+00 1.163313293457031250e+01
3.625000119209289551e-01 -2.979993581771850586e+00 1.163772773742675781e+01
3.750000000000000000e-01 -2.115646362304687500e+00 1.166205120086669922e+01
3.874999880790710449e-01 -1.216912984848022461e+00 1.165027141571044922e+01
4.000000059604644775e-01 -2.668619751930236816e-01 1.163332748413085938e+01
4.124999940395355225e-01 7.230223417282104492e-01 1.166968441009521484e+01
4.250000119209289551e-01 1.641510367393493652e+00 1.160002422332763672e+01
4.375000000000000000e-01 2.426872491836547852e+00 1.120980739593505859e+01
4.499999880790710449e-01 3.168179035186767578e+00 1.059583568572998047e+01
4.625000059604644775e-01 3.937329769134521484e+00 1.003191280364990234e+01
4.749999940395355225e-01 4.665903091430664062e+00 9.607909202575683594e+00
4.875000119209289551e-01 5.267157554626464844e+00 9.280315399169921875e+00
5.000000000000000000e-01 5.727602005004882812e+00 9.056337356567382812e+00
5.124999880790710449e-01 6.046626567840576172e+00 8.925447463989257812e+00
5.249999761581420898e-01 6.215378761291503906e+00 8.833681106567382812e+00
5.375000238418579102e-01 6.243814945220947266e+00 8.790864944458007812e+00
5.500000119209289551e-01 6.133794307708740234e+00 8.819580078125000000e+00
5.625000000000000000e-01 5.876872539520263672e+00 8.885836601257324219e+00
5.749999880790710449e-01 5.490704059600830078e+00 9.002613067626953125e+00
5.874999761581420898e-01 4.989550113677978516e+00 9.217942237854003906e+00
6.000000238418579102e-01 4.368521690368652344e+00 9.493060111999511719e+00
6.125000119209289551e-01 3.666882514953613281e+00 9.818324089050292969e+00
6.250000000000000000e-01 2.934231281280517578e+00 1.029799938201904297e+01
6.374999880790710449e-01 2.120542287826538086e+00 1.087553215026855469e+01
6.499999761581420898e-01 1.159814953804016113e+00 1.125847911834716797e+01
6.625000238418579102e-01 1.331781148910522461e-01 1.133592128753662109e+01
6.750000119209289551e-01 -8.266472220420837402e-01 1.132142925262451172e+01
6.875000000000000000e-01 -1.716811180114746094e+00 1.136169338226318359e+01
6.999999880790710449e-01 -2.590356111526489258e+00 1.139059543609619141e+01
7.124999761581420898e-01 -3.418764591217041016e+00 1.138757324218750000e+01
7.250000238418579102e-01 -4.155008792877197266e+00 1.141277217864990234e+01
7.375000119209289551e-01 -4.802951812744140625e+00 1.144627761840820312e+01
7.500000000000000000e-01 -5.353469848632812500e+00 1.145347118377685547e+01
7.624999880790710449e-01 -5.772593498229980469e+00 1.147232151031494141e+01
7.749999761581420898e-01 -6.059011936187744141e+00 1.150782012939453125e+01
7.875000238418579102e-01 -6.219132900238037109e+00 1.152211952209472656e+01
8.000000119209289551e-01 -6.233031272888183594e+00 1.153497791290283203e+01
8.125000000000000000e-01 -6.099172115325927734e+00 1.156827163696289062e+01
8.249999880790710449e-01 -5.837100982666015625e+00 1.158673572540283203e+01
8.374999761581420898e-01 -5.442403793334960938e+00 1.159175968170166016e+01
8.500000238418579102e-01 -4.914494514465332031e+00 1.161772918701171875e+01
8.625000119209289551e-01 -4.283108711242675781e+00 1.163722801208496094e+01
8.750000000000000000e-01 -3.559237718582153320e+00 1.163135051727294922e+01
8.874999880790710449e-01 -2.741072177886962891e+00 1.164475059509277344e+01
8.999999761581420898e-01 -1.865282177925109863e+00 1.166383934020996094e+01
9.125000238418579102e-01 -9.553933739662170410e-01 1.164151382446289062e+01
9.250000119209289551e-01 1.187434978783130646e-02 1.164008808135986328e+01
9.375000000000000000e-01 9.949144124984741211e-01 1.167294120788574219e+01
9.499999880790710449e-01 1.874954581260681152e+00 1.152539730072021484e+01
9.624999761581420898e-01 2.635008096694946289e+00 1.104682064056396484e+01
9.750000238418579102e-01 3.383095741271972656e+00 1.042282390594482422e+01
9.875000119209289551e-01 4.151979923248291016e+00 9.899855613708496094e+00
1.000000000000000000e+00 4.850189208984375000e+00 9.506604194641113281e+00
1.012500047683715820e+00 5.410961627960205078e+00 9.205557823181152344e+00
1.024999976158142090e+00 5.832516670227050781e+00 9.012486457824707031e+00
1.037500023841857910e+00 6.109359264373779297e+00 8.896817207336425781e+00
1.049999952316284180e+00 6.237026214599609375e+00 8.814606666564941406e+00
1.062500000000000000e+00 6.227356433868408203e+00 8.792610168457031250e+00
1.075000047683715820e+00 6.075973987579345703e+00 8.835783958435058594e+00
1.087499976158142090e+00 5.779780387878417969e+00 8.910857200622558594e+00
1.100000023841857910e+00 5.361220359802246094e+00 9.053268432617187500e+00
1.112499952316284180e+00 4.826028823852539062e+00 9.292536735534667969e+00
1.125000000000000000e+00 4.175592422485351562e+00 9.576104164123535156e+00
1.137500047683715820e+00 3.463236093521118164e+00 9.934513092041015625e+00
1.149999976158142090e+00 2.717263698577880859e+00 1.046179103851318359e+01
1.162500023841857910e+00 1.864018440246582031e+00 1.101547241210937500e+01
1.174999952316284180e+00 8.699006438255310059e-01 1.130573844909667969e+01
1.187500000000000000e+00 -1.474783122539520264e-01 1.132987308502197266e+01
1.200000047683715820e+00 -1.081874370574951172e+00 1.132788181304931641e+01
1.212499976158142090e+00 -1.964483261108398438e+00 1.137479972839355469e+01
1.225000023841857910e+00 -2.831563472747802734e+00 1.139020442962646484e+01
1.237499952316284180e+00 -3.636383771896362305e+00 1.139064693450927734e+01
1.250000000000000000e+00 -4.346263885498046875e+00 1.142418098449707031e+01
1.262500047683715820e+00 -4.969735145568847656e+00 1.145022583007812500e+01
1.274999976158142090e+00 -5.485926628112792969e+00 1.145572185516357422e+01
1.287500023841857910e+00 -5.866102695465087891e+00 1.148254108428955078e+01
1.299999952316284180e+00 -6.117548942565917969e+00 1.151452636718750000e+01
1.312500000000000000e+00 -6.238721370697021484e+00 1.152380466461181641e+01
1.325000047683715820e+00 -6.209294319152832031e+00 1.154323768615722656e+01
1.337499976158142090e+00 -6.037825584411621094e+00 1.157647132873535156e+01
1.350000023841857910e+00 -5.739821910858154297e+00 1.158757591247558594e+01
1.362499952316284180e+00 -5.305946826934814453e+00 1.159681606292724609e+01
1.375000000000000000e+00 -4.745554924011230469e+00 1.162615585327148438e+01
1.387500047683715820e+00 -4.088666915893554688e+00 1.163668918609619141e+01
1.399999976158142090e+00 -3.337099790573120117e+00 1.163165187835693359e+01
1.412500023841857910e+00 -2.497648715972900391e+00 1.165262699127197266e+01
1.424999952316284180e+00 -1.612690448760986328e+00 1.166126728057861328e+01
1.437500000000000000e+00 -6.888023614883422852e-01 1.163464260101318359e+01
1.450000047683715820e+00 2.925876379013061523e-01 1.165155887603759766e+01
1.462499976158142090e+00 1.257802367210388184e+00 1.166144084930419922e+01
1.475000023841857910e+00 2.097809791564941406e+00 1.142169284820556641e+01
1.487499952316284180e+00 2.842843770980834961e+00 1.087191390991210938e+01
1.500000000000000000e+00 3.600656032562255859e+00 1.025972270965576172e+01
1.512500047683715820e+00 4.360692024230957031e+00 9.778428077697753906e+00
1.524999976158142090e+00 5.023015022277832031e+00 9.412020683288574219e+00
1.537500023841857910e+00 5.543823719024658203e+00 9.139900207519531250e+00
1.549999952316284180e+00 5.925904273986816406e+00 8.974951744079589844e+00
1.562500000000000000e+00 6.160036087036132812e+00 8.870156288146972656e+00
1.575000047683715820e+00 6.247915267944335938e+00 8.800572395324707031e+00
1.587499976158142090e+00 6.199622154235839844e+00 8.799967765808105469e+00
1.600000023841857910e+00 6.006363391876220703e+00 8.853845596313476562e+00
1.612499952316284180e+00 5.673118591308593750e+00 8.941248893737792969e+00
1.625000000000000000e+00 5.222557544708251953e+00 9.112489700317382812e+00
1.637500047683715820e+00 4.652840614318847656e+00 9.369942665100097656e+00
1.649999976158142090e+00 3.977858304977416992e+00 9.664316177368164062e+00
1.662500023841857910e+00 3.257811784744262695e+00 1.006604862213134766e+01
1.674999952316284180e+00 2.491489410400390625e+00 1.062903404235839844e+01
1.687500000000000000e+00 1.595017910003662109e+00 1.113210391998291016e+01
1.700000047683715820e+00 5.782524943351745605e-01 1.132989788055419922e+01
1.712499976158142090e+00 -4.203700423240661621e-01 1.132329654693603516e+01
1.725000023841857910e+00 -1.333023428916931152e+00 1.133944225311279297e+01
1.737499952316284180e+00 -2.211658000946044922e+00 1.138436126708984375e+01
1.750000000000000000e+00 -3.067614555358886719e+00 1.138839530944824219e+01
1.762500047683715820e+00 -3.846068143844604492e+00 1.139722824096679688e+01
1.774999976158142090e+00 -4.530956745147705078e+00 1.143467998504638672e+01
1.787500023841857910e+00 -5.128048419952392578e+00 1.145200920104980469e+01
1.799999952316284180e+00 -5.607205390930175781e+00 1.146026039123535156e+01
1.812500000000000000e+00 -5.949470520019531250e+00 1.149327564239501953e+01
1.825000047683715820e+00 -6.165910243988037109e+00 1.151881790161132812e+01
1.837499976158142090e+00 -6.246039867401123047e+00 1.152659416198730469e+01
1.850000023841857910e+00 -6.174191474914550781e+00 1.155299377441406250e+01
1.862499952316284180e+00 -5.966666221618652344e+00 1.158234691619873047e+01
1.875000000000000000e+00 -5.631551742553710938e+00 1.158823966979980469e+01
1.887500047683715820e+00 -5.159212589263916016e+00 1.160408687591552734e+01
1.899999976158142090e+00 -4.569222450256347656e+00 1.163268184661865234e+01
1.912500023841857910e+00 -3.886661767959594727e+00 1.163449764251708984e+01
1.924999952316284180e+00 -3.107597112655639648e+00 1.163481044769287109e+01
1.937500000000000000e+00 -2.250916719436645508e+00 1.165945339202880859e+01
1.950000047683715820e+00 -1.357311129570007324e+00 1.165483283996582031e+01
1.962499976158142090e+00 -4.168611168861389160e-01 1.163219738006591797e+01
1.975000023841857910e+00 5.723907947540283203e-01 1.166420078277587891e+01
1.987499952316284180e+00 1.509585738182067871e+00 1.162866020202636719e+01
2.000000000000000000e+00 2.312469720840454102e+00 1.129083442687988281e+01
