0.000000000000000000e+00 6.182056903839111328e+00 8.856942176818847656e+00
1.250000018626451492e-02 6.249068737030029297e+00 8.795581817626953125e+00
2.500000037252902985e-02 6.179069042205810547e+00 8.806125640869140625e+00
3.750000149011611938e-02 5.962219238281250000e+00 8.864810943603515625e+00
5.000000074505805969e-02 5.608443737030029297e+00 8.961514472961425781e+00
6.250000000000000000e-02 5.138548374176025391e+00 9.149870872497558594e+00
7.500000298023223877e-02 4.547978401184082031e+00 9.415657043457031250e+00
8.749999850988388062e-02 3.859924554824829102e+00 9.719706535339355469e+00
1.000000014901161194e-01 3.134215593338012695e+00 1.015128898620605469e+01
1.124999970197677612e-01 2.350353717803955078e+00 1.072772312164306641e+01
1.250000000000000000e-01 1.425879120826721191e+00 1.118960189819335938e+01
1.375000029802322388e-01 3.993884027004241943e-01 1.133547496795654297e+01
1.500000059604644775e-01 -5.865210890769958496e-01 1.132062911987304688e+01
1.624999940395355225e-01 -1.490163564682006836e+00 1.134807109832763672e+01
1.749999970197677612e-01 -2.368707180023193359e+00 1.138793754577636719e+01
1.875000000000000000e-01 -3.216383934020996094e+00 1.138725185394287109e+01
2.000000029802322388e-01 -3.978582382202148438e+00 1.140300369262695312e+01
2.125000059604644775e-01 -4.648982524871826172e+00 1.144029521942138672e+01
2.249999940395355225e-01 -5.228159427642822266e+00 1.145248126983642578e+01
2.374999970197677612e-01 -5.682372093200683594e+00 1.146473217010498047e+01
2.500000000000000000e-01 -6.000357627868652344e+00 1.150014877319335938e+01
2.624999880790710449e-01 -6.192654132843017578e+00 1.152062988281250000e+01
2.750000059604644775e-01 -6.243475437164306641e+00 1.152972984313964844e+01
2.874999940395355225e-01 -6.142727851867675781e+00 1.156021595001220703e+01
3.000000119209289551e-01 -5.909741401672363281e+00 1.158512973785400391e+01
3.125000000000000000e-01 -5.546624660491943359e+00 1.158949375152587891e+01
3.249999880790710449e-01 -5.046605110168457031e+00 1.161053085327148438e+01
3.375000059604644775e-01 -4.435356140136718750e+00 1.163596248626708984e+01
3.499999940395355225e-01 -3.731989622116088867e+00 1.163295745849609375e+01
3.625000119209289551e-01 -2.931782484054565430e+00 1.163929843902587891e+01
3.750000000000000000e-01 -2.063082456588745117e+00 1.166308307647705078e+01
3.874999880790710449e-01 -1.160364747047424316e+00 1.164870357513427734e+01
4.000000059604644775e-01 -2.044952213764190674e-01 1.163470458984375000e+01
4.124999940395355225e-01 7.867652177810668945e-01 1.167173862457275391e+01
4.250000119209289551e-01 1.698439717292785645e+00 1.158519554138183594e+01
4.375000000000000000e-01 2.478303909301757812e+00 1.117168998718261719e+01
4.499999880790710449e-01 3.222127199172973633e+00 1.055190467834472656e+01
4.625000059604644775e-01 3.993308305740356445e+00 9.997056961059570312e+00
4.749999940395355225e-01 4.715933799743652344e+00 9.580672264099121094e+00
4.875000119209289551e-01 5.307453632354736328e+00 9.259283065795898438e+00
5.000000000000000000e-01 5.758058547973632812e+00 9.043536186218261719e+00
5.124999880790710449e-01 6.065750598907470703e+00 8.917191505432128906e+00
5.249999761581420898e-01 6.222641468048095703e+00 8.827755928039550781e+00
5.375000238418579102e-01 6.239669799804687500e+00 8.790893554687500000e+00
5.500000119209289551e-01 6.116755485534667969e+00 8.824507713317871094e+00
5.625000000000000000e-01 5.846686363220214844e+00 8.893398284912109375e+00
5.749999880790710449e-01 5.449167251586914062e+00 9.018169403076171875e+00
5.874999761581420898e-01 4.935870647430419922e+00 9.242378234863281250e+00
6.000000238418579102e-01 4.303213596343994141e+00 9.520871162414550781e+00
6.125000119209289551e-01 3.595990657806396484e+00 9.856899261474609375e+00
6.250000000000000000e-01 2.857912778854370117e+00 1.035500812530517578e+01
6.374999880790710449e-01 2.029133796691894531e+00 1.092820453643798828e+01
6.499999761581420898e-01 1.053236365318298340e+00 1.127858638763427734e+01
6.625000238418579102e-01 2.662233076989650726e-02 1.133374118804931641e+01
6.750000119209289551e-01 -9.252665042877197266e-01 1.132291221618652344e+01
6.875000000000000000e-01 -1.813719391822814941e+00 1.136688899993896484e+01
6.999999880790710449e-01 -2.686889886856079102e+00 1.139052200317382812e+01
7.124999761581420898e-01 -3.507883071899414062e+00 1.138819885253906250e+01
7.250000238418579102e-01 -4.234613895416259766e+00 1.141731262207031250e+01
7.375000119209289551e-01 -4.873764038085937500e+00 1.144812297821044922e+01
7.500000000000000000e-01 -5.411174774169921875e+00 1.145410251617431641e+01
7.624999880790710449e-01 -5.814229488372802734e+00 1.147654438018798828e+01
7.749999761581420898e-01 -6.085786819458007812e+00 1.151106452941894531e+01
7.875000238418579102e-01 -6.229096889495849609e+00 1.152283573150634766e+01
8.000000119209289551e-01 -6.223320484161376953e+00 1.153855991363525391e+01
8.125000000000000000e-01 -6.071616649627685547e+00 1.157242202758789062e+01
8.249999880790710449e-01 -5.792307853698730469e+00 1.158738136291503906e+01
8.374999761581420898e-01 -5.378179550170898438e+00 1.159405899047851562e+01
8.500000238418579102e-01 -4.833164215087890625e+00 1.162219047546386719e+01
8.625000119209289551e-01 -4.187974452972412109e+00 1.163750076293945312e+01
8.750000000000000000e-01 -3.448932170867919922e+00 1.163146018981933594e+01
8.874999880790710449e-01 -2.617923021316528320e+00 1.164905261993408203e+01
8.999999761581420898e-01 -1.735502719879150391e+00 1.166338443756103516e+01
9.125000238418579102e-01 -8.168855905532836914e-01 1.163788414001464844e+01
9.250000119209289551e-01 1.603375971317291260e-01 1.164611148834228516e+01
9.375000000000000000e-01 1.137220025062561035e+00 1.166939735412597656e+01
9.499999880790710449e-01 1.997301816940307617e+00 1.147300434112548828e+01
9.624999761581420898e-01 2.749239444732666016e+00 1.095206356048583984e+01
9.750000238418579102e-01 3.503932952880859375e+00 1.033111667633056641e+01
9.875000119209289551e-01 4.270379543304443359e+00 9.830701828002929688e+00
1.000000000000000000e+00 4.950096130371093750e+00 9.452144622802734375e+00
1.012500047683715820e+00 5.488932132720947266e+00 9.166751861572265625e+00
1.024999976158142090e+00 5.888433456420898438e+00 8.990102767944335938e+00
1.037500023841857910e+00 6.140600681304931641e+00 8.880972862243652344e+00
1.049999952316284180e+00 6.244544029235839844e+00 8.805664062500000000e+00
1.062500000000000000e+00 6.211539268493652344e+00 8.796618461608886719e+00
1.075000047683715820e+00 6.034162044525146484e+00 8.846792221069335938e+00
1.087499976158142090e+00 5.714083671569824219e+00 8.929088592529296875e+00
1.100000023841857910e+00 5.274598598480224609e+00 9.089656829833984375e+00
1.112499952316284180e+00 4.716397762298583984e+00 9.341632843017578125e+00
1.125000000000000000e+00 4.048249721527099609e+00 9.632115364074707031e+00
1.137500047683715820e+00 3.329305410385131836e+00 1.001829338073730469e+01
1.149999976158142090e+00 2.569451093673706055e+00 1.057182312011718750e+01
1.162500023841857910e+00 1.686054944992065430e+00 1.109575271606445312e+01
1.174999952316284180e+00 6.733909249305725098e-01 1.132388973236083984e+01
1.187500000000000000e+00 -3.342143595218658447e-01 1.132483959197998047e+01
1.200000047683715820e+00 -1.255082726478576660e+00 1.133514499664306641e+01
1.212499976158142090e+00 -2.136446952819824219e+00 1.138166904449462891e+01
1.225000023841857910e+00 -2.997993946075439453e+00 1.138874340057373047e+01
1.237499952316284180e+00 -3.785934925079345703e+00 1.139477729797363281e+01
1.250000000000000000e+00 -4.479208469390869141e+00 1.143172931671142578e+01
1.262500047683715820e+00 -5.085102081298828125e+00 1.145154857635498047e+01
1.274999976158142090e+00 -5.575513839721679688e+00 1.145869350433349609e+01
1.287500023841857910e+00 -5.928373336791992188e+00 1.149044704437255859e+01
1.299999952316284180e+00 -6.154311180114746094e+00 1.151793193817138672e+01
1.312500000000000000e+00 -6.245059490203857422e+00 1.152577972412109375e+01
1.325000047683715820e+00 -6.183257102966308594e+00 1.155064964294433594e+01
1.337499976158142090e+00 -5.983715057373046875e+00 1.158132457733154297e+01
1.350000023841857910e+00 -5.656531333923339844e+00 1.158819770812988281e+01
1.362499952316284180e+00 -5.191658020019531250e+00 1.160253620147705078e+01
1.375000000000000000e+00 -4.606603622436523438e+00 1.163174533843994141e+01
1.387500047683715820e+00 -3.928040027618408203e+00 1.163527488708496094e+01
1.399999976158142090e+00 -3.152848958969116211e+00 1.163425159454345703e+01
1.412500023841857910e+00 -2.297456741333007812e+00 1.165864467620849609e+01
1.424999952316284180e+00 -1.403699278831481934e+00 1.165656471252441406e+01
1.437500000000000000e+00 -4.644496440887451172e-01 1.163259220123291016e+01
1.450000047683715820e+00 5.260161161422729492e-01 1.166258335113525391e+01
1.462499976158142090e+00 1.470315098762512207e+00 1.163590049743652344e+01
1.475000023841857910e+00 2.280235052108764648e+00 1.131280899047851562e+01
1.487499952316284180e+00 3.021930932998657227e+00 1.071927070617675781e+01
1.500000000000000000e+00 3.788643360137939453e+00 1.012949562072753906e+01
1.512500047683715820e+00 4.535011291503906250e+00 9.680749893188476562e+00
1.524999976158142090e+00 5.164593696594238281e+00 9.335404396057128906e+00
1.537500023841857910e+00 5.651903152465820312e+00 9.089855194091796875e+00
1.549999952316284180e+00 5.998810768127441406e+00 8.945686340332031250e+00
1.562500000000000000e+00 6.195242404937744141e+00 8.848291397094726562e+00
1.575000047683715820e+00 6.248295783996582031e+00 8.793184280395507812e+00
1.587499976158142090e+00 6.163813591003417969e+00 8.810714721679687500e+00
1.600000023841857910e+00 5.931961536407470703e+00 8.872239112854003906e+00
1.612499952316284180e+00 5.565753936767578125e+00 8.975785255432128906e+00
1.625000000000000000e+00 5.083993911743164062e+00 9.174619674682617188e+00
1.637500047683715820e+00 4.481298923492431641e+00 9.444489479064941406e+00
1.649999976158142090e+00 3.786983966827392578e+00 9.755671501159667969e+00
1.662500023841857910e+00 3.058430433273315430e+00 1.020579433441162109e+01
1.674999952316284180e+00 2.263390779495239258e+00 1.078575134277343750e+01
1.687500000000000000e+00 1.323678016662597656e+00 1.121904373168945312e+01
1.700000047683715820e+00 2.949733734130859375e-01 1.133654212951660156e+01
1.712499976158142090e+00 -6.816523671150207520e-01 1.132021236419677734e+01
1.725000023841857910e+00 -1.580086112022399902e+00 1.135339736938476562e+01
1.737499952316284180e+00 -2.457503795623779297e+00 1.138930320739746094e+01
1.750000000000000000e+00 -3.298592567443847656e+00 1.138704872131347656e+01
1.762500047683715820e+00 -4.050832271575927734e+00 1.140674591064453125e+01
1.774999976158142090e+00 -4.712596893310546875e+00 1.144296169281005859e+01
1.787500023841857910e+00 -5.280755519866943359e+00 1.145278453826904297e+01
1.799999952316284180e+00 -5.720802783966064453e+00 1.146765708923339844e+01
1.812500000000000000e+00 -6.025721073150634766e+00 1.150353813171386719e+01
1.825000047683715820e+00 -6.204753398895263672e+00 1.152133083343505859e+01
1.837499976158142090e+00 -6.239948272705078125e+00 1.153178501129150391e+01
1.850000023841857910e+00 -6.124705791473388672e+00 1.156381702423095703e+01
1.862499952316284180e+00 -5.878934860229492188e+00 1.158604812622070312e+01
1.875000000000000000e+00 -5.501760482788085938e+00 1.159038448333740234e+01
1.887500047683715820e+00 -4.988779544830322266e+00 1.161380100250244141e+01
1.899999976158142090e+00 -4.367919921875000000e+00 1.163687610626220703e+01
1.912500023841857910e+00 -3.654795408248901367e+00 1.163223361968994141e+01
1.924999952316284180e+00 -2.845502376556396484e+00 1.164178466796875000e+01
1.937500000000000000e+00 -1.972539186477661133e+00 1.166390895843505859e+01
1.950000047683715820e+00 -1.065885782241821289e+00 1.164548778533935547e+01
1.962499976158142090e+00 -1.036842614412307739e-01 1.163696765899658203e+01
1.975000023841857910e+00 8.854659795761108398e-01 1.167335414886474609e+01
1.987499952316284180e+00 1.783258438110351562e+00 1.155904674530029297e+01
2.000000000000000000e+00 2.553636789321899414e+00 1.111303234100341797e+01
