0.000000000000000000e+00 6.181468009948730469e+00 8.857240676879882812e+00
1.250000018626451492e-02 6.248762607574462891e+00 8.795644760131835938e+00
2.500000037252902985e-02 6.178478240966796875e+00 8.806234359741210938e+00
3.750000149011611938e-02 5.960732936859130859e+00 8.865077018737792969e+00
5.000000074505805969e-02 5.605611324310302734e+00 8.962263107299804688e+00
6.250000000000000000e-02 5.133949756622314453e+00 9.151710510253906250e+00
7.500000298023223877e-02 4.541100978851318359e+00 9.418388366699218750e+00
8.749999850988388062e-02 3.850943803787231445e+00 9.723713874816894531e+00
1.000000014901161194e-01 3.123463869094848633e+00 1.015844440460205078e+01
1.124999970197677612e-01 2.336525917053222656e+00 1.073664569854736328e+01
1.250000000000000000e-01 1.407660007476806641e+00 1.119471549987792969e+01
1.375000029802322388e-01 3.785299956798553467e-01 1.133538532257080078e+01
1.500000059604644775e-01 -6.075249910354614258e-01 1.132007408142089844e+01
1.624999940395355225e-01 -1.511739253997802734e+00 1.134898281097412109e+01
1.749999970197677612e-01 -2.391739845275878906e+00 1.138802146911621094e+01
1.875000000000000000e-01 -3.239373683929443359e+00 1.138685894012451172e+01
2.000000029802322388e-01 -4.000187397003173828e+00 1.140381145477294922e+01
2.125000059604644775e-01 -4.669214248657226562e+00 1.144094085693359375e+01
2.249999940395355225e-01 -5.245934009552001953e+00 1.145236778259277344e+01
2.374999970197677612e-01 -5.696093082427978516e+00 1.146556663513183594e+01
2.500000000000000000e-01 -6.009836673736572266e+00 1.150132465362548828e+01
2.624999880790710449e-01 -6.197344303131103516e+00 1.152083301544189453e+01
2.750000059604644775e-01 -6.241861820220947266e+00 1.153049945831298828e+01
2.874999940395355225e-01 -6.134631633758544922e+00 1.156179618835449219e+01
3.000000119209289551e-01 -5.895404338836669922e+00 1.158561706542968750e+01
3.125000000000000000e-01 -5.524957180023193359e+00 1.158995914459228516e+01
3.249999880790710449e-01 -5.017539978027343750e+00 1.161226081848144531e+01
3.375000059604644775e-01 -4.400127887725830078e+00 1.163662624359130859e+01
3.499999940395355225e-01 -3.690190076828002930e+00 1.163272380828857422e+01
3.625000119209289551e-01 -2.883348703384399414e+00 1.164085769653320312e+01
3.750000000000000000e-01 -2.010428667068481445e+00 1.166384315490722656e+01
3.874999880790710449e-01 -1.103610873222351074e+00 1.164702415466308594e+01
4.000000059604644775e-01 -1.419434845447540283e-01 1.163628959655761719e+01
4.124999940395355225e-01 8.501442074775695801e-01 1.167318630218505859e+01
4.250000119209289551e-01 1.754693150520324707e+00 1.156863498687744141e+01
4.375000000000000000e-01 2.529558658599853516e+00 1.113243103027343750e+01
4.499999880790710449e-01 3.276260852813720703e+00 1.050834083557128906e+01
4.625000059604644775e-01 4.049003124237060547e+00 9.962894439697265625e+00
4.749999940395355225e-01 4.765174388885498047e+00 9.553798675537109375e+00
4.875000119209289551e-01 5.346919059753417969e+00 9.238791465759277344e+00
5.000000000000000000e-01 5.787624835968017578e+00 9.031224250793457031e+00
5.124999880790710449e-01 6.083852767944335938e+00 8.909009933471679688e+00
5.249999761581420898e-01 6.228937625885009766e+00 8.822091102600097656e+00
5.375000238418579102e-01 6.234508037567138672e+00 8.791391372680664062e+00
5.500000119209289551e-01 6.098555564880371094e+00 8.829542160034179688e+00
5.625000000000000000e-01 5.815481662750244141e+00 8.901270866394042969e+00
5.749999880790710449e-01 5.406682968139648438e+00 9.034560203552246094e+00
5.874999761581420898e-01 4.881093502044677734e+00 9.267143249511718750e+00
6.000000238418579102e-01 4.237211227416992188e+00 9.548955917358398438e+00
6.125000119209289551e-01 3.524930477142333984e+00 9.897091865539550781e+00
6.250000000000000000e-01 2.780725240707397461e+00 1.041290092468261719e+01
6.374999880790710449e-01 1.936043143272399902e+00 1.097819805145263672e+01
6.499999761581420898e-01 9.460746049880981445e-01 1.129504489898681641e+01
6.625000238418579102e-01 -7.892967015504837036e-02 1.133089256286621094e+01
6.750000119209289551e-01 -1.023106217384338379e+00 1.132520103454589844e+01
6.875000000000000000e-01 -1.910555362701416016e+00 1.137161254882812500e+01
6.999999880790710449e-01 -2.782751083374023438e+00 1.138993453979492188e+01
7.124999761581420898e-01 -3.595680713653564453e+00 1.138929557800292969e+01
7.250000238418579102e-01 -4.313065528869628906e+00 1.142177200317382812e+01
7.375000119209289551e-01 -4.943175792694091797e+00 1.144940471649169922e+01
7.500000000000000000e-01 -5.466860771179199219e+00 1.145497322082519531e+01
7.624999880790710449e-01 -5.853892326354980469e+00 1.148091793060302734e+01
7.749999761581420898e-01 -6.110622882843017578e+00 1.151373863220214844e+01
7.875000238418579102e-01 -6.236625671386718750e+00 1.152355194091796875e+01
8.000000119209289551e-01 -6.211168766021728516e+00 1.154246520996093750e+01
8.125000000000000000e-01 -6.041946887969970703e+00 1.157605457305908203e+01
8.249999880790710449e-01 -5.745125770568847656e+00 1.158774566650390625e+01
8.374999761581420898e-01 -5.311525344848632812e+00 1.159681320190429688e+01
8.500000238418579102e-01 -4.750030994415283203e+00 1.162626266479492188e+01
8.625000119209289551e-01 -4.091060638427734375e+00 1.163712978363037109e+01
8.750000000000000000e-01 -3.336713314056396484e+00 1.163212966918945312e+01
8.874999880790710449e-01 -2.493792772293090820e+00 1.165324115753173828e+01
8.999999761581420898e-01 -1.605091333389282227e+00 1.166169357299804688e+01
9.125000238418579102e-01 -6.769354939460754395e-01 1.163506698608398438e+01
9.250000119209289551e-01 3.089567422866821289e-01 1.165293216705322266e+01
9.375000000000000000e-01 1.276560425758361816e+00 1.166045570373535156e+01
9.499999880790710449e-01 2.116831302642822266e+00 1.141211700439453125e+01
9.624999761581420898e-01 2.863753318786621094e+00 1.085492324829101562e+01
9.750000238418579102e-01 3.625268697738647461e+00 1.024290466308593750e+01
9.875000119209289551e-01 4.386404991149902344e+00 9.764486312866210938e+00
1.000000000000000000e+00 5.046219348907470703e+00 9.399783134460449219e+00
1.012500047683715820e+00 5.563279628753662109e+00 9.130927085876464844e+00
1.024999976158142090e+00 5.940307617187500000e+00 8.969421386718750000e+00
1.037500023841857910e+00 6.167643547058105469e+00 8.865713119506835938e+00
1.049999952316284180e+00 6.248213768005371094e+00 8.798668861389160156e+00
1.062500000000000000e+00 6.191452980041503906e+00 8.802350044250488281e+00
1.075000047683715820e+00 5.987965583801269531e+00 8.858353614807128906e+00
1.087499976158142090e+00 5.644810676574707031e+00 8.949727058410644531e+00
1.100000023841857910e+00 5.184241294860839844e+00 9.129120826721191406e+00
1.112499952316284180e+00 4.603015422821044922e+00 9.391425132751464844e+00
1.125000000000000000e+00 3.919389486312866211e+00 9.690973281860351562e+00
1.137500047683715820e+00 3.194403648376464844e+00 1.010855960845947266e+01
1.149999976158142090e+00 2.417173385620117188e+00 1.068102741241455078e+01
1.162500023841857910e+00 1.503024935722351074e+00 1.116423511505126953e+01
1.174999952316284180e+00 4.772691428661346436e-01 1.133317184448242188e+01
1.187500000000000000e+00 -5.172616243362426758e-01 1.132098579406738281e+01
1.200000047683715820e+00 -1.426954627037048340e+00 1.134403705596923828e+01
1.212499976158142090e+00 -2.307944059371948242e+00 1.138635444641113281e+01
1.225000023841857910e+00 -3.161337137222290039e+00 1.138722133636474609e+01
1.237499952316284180e+00 -3.931555271148681641e+00 1.140046024322509766e+01
1.250000000000000000e+00 -4.608762264251708984e+00 1.143819999694824219e+01
1.262500047683715820e+00 -5.195613384246826172e+00 1.145209217071533203e+01
1.274999976158142090e+00 -5.659078121185302734e+00 1.146299457550048828e+01
1.287500023841857910e+00 -5.985251903533935547e+00 1.149800205230712891e+01
1.299999952316284180e+00 -6.185153961181640625e+00 1.152009010314941406e+01
1.312500000000000000e+00 -6.244347095489501953e+00 1.152872180938720703e+01
1.325000047683715820e+00 -6.150932788848876953e+00 1.155835628509521484e+01
1.337499976158142090e+00 -5.923767089843750000e+00 1.158461284637451172e+01
1.350000023841857910e+00 -5.566524505615234375e+00 1.158923530578613281e+01
1.362499952316284180e+00 -5.071487426757812500e+00 1.160920619964599609e+01
1.375000000000000000e+00 -4.463236808776855469e+00 1.163559341430664062e+01
1.387500047683715820e+00 -3.762450456619262695e+00 1.163346481323242188e+01
1.399999976158142090e+00 -2.964318037033081055e+00 1.163861465454101562e+01
1.412500023841857910e+00 -2.095585346221923828e+00 1.166286659240722656e+01
1.424999952316284180e+00 -1.192364335060119629e+00 1.165004825592041016e+01
1.437500000000000000e+00 -2.367179542779922485e-01 1.163441848754882812e+01
1.450000047683715820e+00 7.569057345390319824e-01 1.167124938964843750e+01
1.462499976158142090e+00 1.674378395080566406e+00 1.159214019775390625e+01
1.475000023841857910e+00 2.458560943603515625e+00 1.118705463409423828e+01
1.487499952316284180e+00 3.203221321105957031e+00 1.056778526306152344e+01
1.500000000000000000e+00 3.975599765777587891e+00 1.000849056243896484e+01
1.512500047683715820e+00 4.701828479766845703e+00 9.588665962219238281e+00
1.524999976158142090e+00 5.297436237335205078e+00 9.264667510986328125e+00
1.537500023841857910e+00 5.751442909240722656e+00 9.046426773071289062e+00
1.549999952316284180e+00 6.062092304229736328e+00 8.918840408325195312e+00
1.562500000000000000e+00 6.221279144287109375e+00 8.828734397888183594e+00
1.575000047683715820e+00 6.239879608154296875e+00 8.790924072265625000e+00
1.587499976158142090e+00 6.118075370788574219e+00 8.824051856994628906e+00
1.600000023841857910e+00 5.848476886749267578e+00 8.892824172973632812e+00
1.612499952316284180e+00 5.450756549835205078e+00 9.017353057861328125e+00
1.625000000000000000e+00 4.936818122863769531e+00 9.241702079772949219e+00
1.637500047683715820e+00 4.303017139434814453e+00 9.520681381225585938e+00
1.649999976158142090e+00 3.594347953796386719e+00 9.857410430908203125e+00
1.662500023841857910e+00 2.854723215103149414e+00 1.035691261291503906e+01
1.674999952316284180e+00 2.023704051971435547e+00 1.093079948425292969e+01
1.687500000000000000e+00 1.045034885406494141e+00 1.127957439422607422e+01
1.700000047683715820e+00 1.655922085046768188e-02 1.133311080932617188e+01
1.712499976158142090e+00 -9.362970590591430664e-01 1.132278347015380859e+01
1.725000023841857910e+00 -1.826158285140991211e+00 1.136721992492675781e+01
1.737499952316284180e+00 -2.700709819793701172e+00 1.139018917083740234e+01
1.750000000000000000e+00 -3.521891117095947266e+00 1.138808059692382812e+01
1.762500047683715820e+00 -4.248238563537597656e+00 1.141786670684814453e+01
1.774999976158142090e+00 -4.886785507202148438e+00 1.144820976257324219e+01
1.787500023841857910e+00 -5.422406196594238281e+00 1.145408821105957031e+01
1.799999952316284180e+00 -5.822730064392089844e+00 1.147733783721923828e+01
1.812500000000000000e+00 -6.091393947601318359e+00 1.151162242889404297e+01
1.825000047683715820e+00 -6.230886459350585938e+00 1.152293491363525391e+01
1.837499976158142090e+00 -6.220227718353271484e+00 1.153947830200195312e+01
1.850000023841857910e+00 -6.063719749450683594e+00 1.157342815399169922e+01
1.862499952316284180e+00 -5.779282093048095703e+00 1.158752822875976562e+01
1.875000000000000000e+00 -5.359071254730224609e+00 1.159485244750976562e+01
1.887500047683715820e+00 -4.808397769927978516e+00 1.162351989746093750e+01
1.899999976158142090e+00 -4.158127307891845703e+00 1.163754558563232422e+01
1.912500023841857910e+00 -3.413287162780761719e+00 1.163172435760498047e+01
1.924999952316284180e+00 -2.577206134796142578e+00 1.165057468414306641e+01
1.937500000000000000e+00 -1.691487431526184082e+00 1.166308784484863281e+01
1.950000047683715820e+00 -7.684824466705322266e-01 1.163695907592773438e+01
1.962499976158142090e+00 2.132234871387481689e-01 1.164863491058349609e+01
1.975000023841857910e+00 1.188382029533386230e+00 1.166696548461914062e+01
1.987499952316284180e+00 2.042197465896606445e+00 1.145147132873535156e+01
2.000000000000000000e+00 2.792754650115966797e+00 1.091555404663085938e+01
