0.000000000000000000e+00 6.180879116058349609e+00 8.857638359069824219e+00
1.250000018626451492e-02 6.248456478118896484e+00 8.795807838439941406e+00
2.500000037252902985e-02 6.177887439727783203e+00 8.806442260742187500e+00
3.750000149011611938e-02 5.959245204925537109e+00 8.865444183349609375e+00
5.000000074505805969e-02 5.602775573730468750e+00 8.963115692138671875e+00
6.250000000000000000e-02 5.129343509674072266e+00 9.153656005859375000e+00
7.500000298023223877e-02 4.534214019775390625e+00 9.421220779418945312e+00
8.749999850988388062e-02 3.841960191726684570e+00 9.727838516235351562e+00
1.000000014901161194e-01 3.112705707550048828e+00 1.016573238372802734e+01
1.124999970197677612e-01 2.322662115097045898e+00 1.074563598632812500e+01
1.250000000000000000e-01 1.389405012130737305e+00 1.119981098175048828e+01
1.375000029802322388e-01 3.576921522617340088e-01 1.133533096313476562e+01
1.500000059604644775e-01 -6.284832954406738281e-01 1.131965637207031250e+01
1.624999940395355225e-01 -1.533302545547485352e+00 1.135000324249267578e+01
1.749999970197677612e-01 -2.414750337600708008e+00 1.138816833496093750e+01
1.875000000000000000e-01 -3.262285232543945312e+00 1.138658714294433594e+01
2.000000029802322388e-01 -4.021704196929931641e+00 1.140474605560302734e+01
2.125000059604644775e-01 -4.689350128173828125e+00 1.144165134429931641e+01
2.249999940395355225e-01 -5.263552188873291016e+00 1.145236110687255859e+01
2.374999970197677612e-01 -5.709626674652099609e+00 1.146654701232910156e+01
2.500000000000000000e-01 -6.019131183624267578e+00 1.150257205963134766e+01
2.624999880790710449e-01 -6.201796531677246094e+00 1.152112007141113281e+01
2.750000059604644775e-01 -6.239965438842773438e+00 1.153142833709716797e+01
2.874999940395355225e-01 -6.126276969909667969e+00 1.156346130371093750e+01
3.000000119209289551e-01 -5.880783557891845703e+00 1.158615112304687500e+01
3.125000000000000000e-01 -5.502955913543701172e+00 1.159058856964111328e+01
3.249999880790710449e-01 -4.988196849822998047e+00 1.161410427093505859e+01
3.375000059604644775e-01 -4.364652633666992188e+00 1.163728618621826172e+01
3.499999940395355225e-01 -3.648089170455932617e+00 1.163264083862304688e+01
3.625000119209289551e-01 -2.834702968597412109e+00 1.164259147644042969e+01
3.750000000000000000e-01 -1.957685947418212891e+00 1.166452121734619141e+01
3.874999880790710449e-01 -1.046642184257507324e+00 1.164546108245849609e+01
4.000000059604644775e-01 -7.922814041376113892e-02 1.163826751708984375e+01
4.124999940395355225e-01 9.131208658218383789e-01 1.167414093017578125e+01
4.250000119209289551e-01 1.810284137725830078e+00 1.155052280426025391e+01
4.375000000000000000e-01 2.580682039260864258e+00 1.109234142303466797e+01
4.499999880790710449e-01 3.330570936203002930e+00 1.046541881561279297e+01
4.625000059604644775e-01 4.104367733001708984e+00 9.929597854614257812e+00
4.749999940395355225e-01 4.813612461090087891e+00 9.527481079101562500e+00
4.875000119209289551e-01 5.385560035705566406e+00 9.219055175781250000e+00
5.000000000000000000e-01 5.816291332244873047e+00 9.019563674926757812e+00
5.124999880790710449e-01 6.100935935974121094e+00 8.901087760925292969e+00
5.249999761581420898e-01 6.234275817871093750e+00 8.816918373107910156e+00
5.375000238418579102e-01 6.228318214416503906e+00 8.792538642883300781e+00
5.500000119209289551e-01 6.079199314117431641e+00 8.834861755371093750e+00
5.625000000000000000e-01 5.783281803131103516e+00 8.909711837768554688e+00
5.749999880790710449e-01 5.363241672515869141e+00 9.051982879638671875e+00
5.874999761581420898e-01 4.825227260589599609e+00 9.292369842529296875e+00
6.000000238418579102e-01 4.170587062835693359e+00 9.577610969543457031e+00
6.125000119209289551e-01 3.453696966171264648e+00 9.939185142517089844e+00
6.250000000000000000e-01 2.702552318572998047e+00 1.047158813476562500e+01
6.374999880790710449e-01 1.841290712356567383e+00 1.102541351318359375e+01
6.499999761581420898e-01 8.385276794433593750e-01 1.130826187133789062e+01
6.625000238418579102e-01 -1.834094971418380737e-01 1.132789707183837891e+01
6.750000119209289551e-01 -1.120272636413574219e+00 1.132842445373535156e+01
6.875000000000000000e-01 -2.007318258285522461e+00 1.137594223022460938e+01
6.999999880790710449e-01 -2.877834081649780273e+00 1.138915443420410156e+01
7.124999761581420898e-01 -3.682153463363647461e+00 1.139108467102050781e+01
7.250000238418579102e-01 -4.390383720397949219e+00 1.142622947692871094e+01
7.375000119209289551e-01 -5.011115074157714844e+00 1.145037841796875000e+01
7.500000000000000000e-01 -5.520500659942626953e+00 1.145635795593261719e+01
7.624999880790710449e-01 -5.891621589660644531e+00 1.148553562164306641e+01
7.749999761581420898e-01 -6.133481979370117188e+00 1.151604175567626953e+01
7.875000238418579102e-01 -6.241682529449462891e+00 1.152458381652832031e+01
8.000000119209289551e-01 -6.196635723114013672e+00 1.154681682586669922e+01
8.125000000000000000e-01 -6.010172367095947266e+00 1.157929992675781250e+01
8.249999880790710449e-01 -5.695515155792236328e+00 1.158816432952880859e+01
8.374999761581420898e-01 -5.242517471313476562e+00 1.160019588470458984e+01
8.500000238418579102e-01 -4.665162563323974609e+00 1.162999820709228516e+01
8.625000119209289551e-01 -3.992322921752929688e+00 1.163645362854003906e+01
8.750000000000000000e-01 -3.222661018371582031e+00 1.163362789154052734e+01
8.874999880790710449e-01 -2.368829965591430664e+00 1.165725517272949219e+01
8.999999761581420898e-01 -1.473953247070312500e+00 1.165907955169677734e+01
9.125000238418579102e-01 -5.355294942855834961e-01 1.163359928131103516e+01
9.250000119209289551e-01 4.572772681713104248e-01 1.166012859344482422e+01
9.375000000000000000e-01 1.412658810615539551e+00 1.164535713195800781e+01
9.499999880790710449e-01 2.233967304229736328e+00 1.134340190887451172e+01
9.624999761581420898e-01 2.978882551193237305e+00 1.075685405731201172e+01
9.750000238418579102e-01 3.746743440628051758e+00 1.015863990783691406e+01
9.875000119209289551e-01 4.499668121337890625e+00 9.701093673706054688e+00
1.000000000000000000e+00 5.138570785522460938e+00 9.349842071533203125e+00
1.012500047683715820e+00 5.634003162384033203e+00 9.098250389099121094e+00
1.024999976158142090e+00 5.988066673278808594e+00 8.950290679931640625e+00
1.037500023841857910e+00 6.190567970275878906e+00 8.851352691650390625e+00
1.049999952316284180e+00 6.248042106628417969e+00 8.793990135192871094e+00
1.062500000000000000e+00 6.167015075683593750e+00 8.809708595275878906e+00
1.075000047683715820e+00 5.937518119812011719e+00 8.870769500732421875e+00
1.087499976158142090e+00 5.572054386138916016e+00 8.973369598388671875e+00
1.100000023841857910e+00 5.090047836303710938e+00 9.171485900878906250e+00
1.112499952316284180e+00 4.486157417297363281e+00 9.441982269287109375e+00
1.125000000000000000e+00 3.789422988891601562e+00 9.753819465637207031e+00
1.137500047683715820e+00 3.058097600936889648e+00 1.020514106750488281e+01
1.149999976158142090e+00 2.259856462478637695e+00 1.078722763061523438e+01
1.162500023841857910e+00 1.315645933151245117e+00 1.122042846679687500e+01
1.174999952316284180e+00 2.826137542724609375e-01 1.133582019805908203e+01
1.187500000000000000e+00 -6.967858076095581055e-01 1.131952762603759766e+01
1.200000047683715820e+00 -1.598009228706359863e+00 1.135385513305664062e+01
1.212499976158142090e+00 -2.478595018386840820e+00 1.138900566101074219e+01
1.225000023841857910e+00 -3.321176767349243164e+00 1.138653469085693359e+01
1.237499952316284180e+00 -4.073408603668212891e+00 1.140752601623535156e+01
1.250000000000000000e+00 -4.734817981719970703e+00 1.144344043731689453e+01
1.262500047683715820e+00 -5.300891876220703125e+00 1.145260715484619141e+01
1.274999976158142090e+00 -5.736698150634765625e+00 1.146878433227539062e+01
1.287500023841857910e+00 -6.036824703216552734e+00 1.150490760803222656e+01
1.299999952316284180e+00 -6.209793567657470703e+00 1.152157783508300781e+01
1.312500000000000000e+00 -6.236618041992187500e+00 1.153306961059570312e+01
1.325000047683715820e+00 -6.112591266632080078e+00 1.156599330902099609e+01
1.337499976158142090e+00 -5.857841491699218750e+00 1.158667469024658203e+01
1.350000023841857910e+00 -5.469794273376464844e+00 1.159139633178710938e+01
1.362499952316284180e+00 -4.945876598358154297e+00 1.161647415161132812e+01
1.375000000000000000e+00 -4.315497398376464844e+00 1.163769817352294922e+01
1.387500047683715820e+00 -3.591801166534423828e+00 1.163225936889648438e+01
1.399999976158142090e+00 -2.772112131118774414e+00 1.164453411102294922e+01
1.412500023841857910e+00 -1.892291426658630371e+00 1.166470909118652344e+01
1.424999952316284180e+00 -9.781383275985717773e-01 1.164322185516357422e+01
1.437500000000000000e+00 -6.331120152026414871e-03 1.164048385620117188e+01
1.450000047683715820e+00 9.833348989486694336e-01 1.167400550842285156e+01
1.462499976158142090e+00 1.870092391967773438e+00 1.152845096588134766e+01
1.475000023841857910e+00 2.634748220443725586e+00 1.104844284057617188e+01
1.487499952316284180e+00 3.386861085891723633e+00 1.042121410369873047e+01
1.500000000000000000e+00 4.159769058227539062e+00 9.896371841430664062e+00
1.512500047683715820e+00 4.860376358032226562e+00 9.501797676086425781e+00
1.524999976158142090e+00 5.421750545501708984e+00 9.200607299804687500e+00
1.537500023841857910e+00 5.842226982116699219e+00 9.008978843688964844e+00
1.549999952316284180e+00 6.115707874298095703e+00 8.893872261047363281e+00
1.562500000000000000e+00 6.238445758819580078e+00 8.812569618225097656e+00
1.575000047683715820e+00 6.222449779510498047e+00 8.793822288513183594e+00
1.587499976158142090e+00 6.062376499176025391e+00 8.839362144470214844e+00
1.600000023841857910e+00 5.756484985351562500e+00 8.916966438293457031e+00
1.612499952316284180e+00 5.328056335449218750e+00 9.066567420959472656e+00
1.625000000000000000e+00 4.780999660491943359e+00 9.312325477600097656e+00
1.637500047683715820e+00 4.119414329528808594e+00 9.599994659423828125e+00
1.649999976158142090e+00 3.400349378585815430e+00 9.972105026245117188e+00
1.662500023841857910e+00 2.644533395767211914e+00 1.051517105102539062e+01
1.674999952316284180e+00 1.772071719169616699e+00 1.105771446228027344e+01
1.687500000000000000e+00 7.624793052673339844e-01 1.131594944000244141e+01
1.700000047683715820e+00 -2.550553977489471436e-01 1.132605075836181641e+01
1.712499976158142090e+00 -1.185898780822753906e+00 1.133122253417968750e+01
1.725000023841857910e+00 -2.071770668029785156e+00 1.137866210937500000e+01
1.737499952316284180e+00 -2.939630985260009766e+00 1.138868904113769531e+01
1.750000000000000000e+00 -3.737107753753662109e+00 1.139267349243164062e+01
1.762500047683715820e+00 -4.438734054565429688e+00 1.142904376983642578e+01
1.774999976158142090e+00 -5.052637577056884766e+00 1.145088672637939453e+01
1.787500023841857910e+00 -5.552363872528076172e+00 1.145748519897460938e+01
1.799999952316284180e+00 -5.913510799407958984e+00 1.148835945129394531e+01
1.812500000000000000e+00 -6.146209239959716797e+00 1.151719093322753906e+01
1.825000047683715820e+00 -6.243663787841796875e+00 1.152529907226562500e+01
1.837499976158142090e+00 -6.187479496002197266e+00 1.154938030242919922e+01
1.850000023841857910e+00 -5.991571426391601562e+00 1.158082962036132812e+01
1.862499952316284180e+00 -5.667176246643066406e+00 1.158833789825439453e+01
1.875000000000000000e+00 -5.204101085662841797e+00 1.160213851928710938e+01
1.887500047683715820e+00 -4.619040489196777344e+00 1.163166141510009766e+01
1.899999976158142090e+00 -3.939462184906005859e+00 1.163584995269775391e+01
1.912500023841857910e+00 -3.162606716156005859e+00 1.163455677032470703e+01
1.924999952316284180e+00 -2.304408550262451172e+00 1.165897178649902344e+01
1.937500000000000000e+00 -1.407257199287414551e+00 1.165725517272949219e+01
1.950000047683715820e+00 -4.643861353397369385e-01 1.163323497772216797e+01
1.962499976158142090e+00 5.300797820091247559e-01 1.166337013244628906e+01
1.975000023841857910e+00 1.477555513381958008e+00 1.163533020019531250e+01
1.987499952316284180e+00 2.289430618286132812e+00 1.130760288238525391e+01
2.000000000000000000e+00 3.033742189407348633e+00 1.071011543273925781e+01
