0.000000000000000000e+00 6.180289745330810547e+00 8.858045578002929688e+00
1.250000018626451492e-02 6.248151302337646484e+00 8.795980453491210938e+00
2.500000037252902985e-02 6.177296161651611328e+00 8.806659698486328125e+00
3.750000149011611938e-02 5.957755088806152344e+00 8.865818977355957031e+00
5.000000074505805969e-02 5.599935054779052734e+00 8.963980674743652344e+00
6.250000000000000000e-02 5.124729633331298828e+00 9.155613899230957031e+00
7.500000298023223877e-02 4.527315139770507812e+00 9.424059867858886719e+00
8.749999850988388062e-02 3.832972049713134766e+00 9.731984138488769531e+00
1.000000014901161194e-01 3.101938962936401367e+00 1.017305660247802734e+01
1.124999970197677612e-01 2.308760166168212891e+00 1.075459098815917969e+01
1.250000000000000000e-01 1.371112704277038574e+00 1.120478630065917969e+01
1.375000029802322388e-01 3.368735909461975098e-01 1.133521175384521484e+01
1.500000059604644775e-01 -6.493986845016479492e-01 1.131927299499511719e+01
1.624999940395355225e-01 -1.554856061935424805e+00 1.135102367401123047e+01
1.749999970197677612e-01 -2.437738656997680664e+00 1.138827323913574219e+01
1.875000000000000000e-01 -3.285119533538818359e+00 1.138633155822753906e+01
2.000000029802322388e-01 -4.043134212493896484e+00 1.140569591522216797e+01
2.125000059604644775e-01 -4.709390640258789062e+00 1.144231605529785156e+01
2.249999940395355225e-01 -5.281013011932373047e+00 1.145235252380371094e+01
2.374999970197677612e-01 -5.722973823547363281e+00 1.146755790710449219e+01
2.500000000000000000e-01 -6.028241157531738281e+00 1.150377655029296875e+01
2.624999880790710449e-01 -6.206008434295654297e+00 1.152138328552246094e+01
2.750000059604644775e-01 -6.237786293029785156e+00 1.153240585327148438e+01
2.874999940395355225e-01 -6.117664813995361328e+00 1.156509780883789062e+01
3.000000119209289551e-01 -5.865876674652099609e+00 1.158662891387939453e+01
3.125000000000000000e-01 -5.480620861053466797e+00 1.159127712249755859e+01
3.249999880790710449e-01 -4.958578586578369141e+00 1.161594867706298828e+01
3.375000059604644775e-01 -4.328927993774414062e+00 1.163784217834472656e+01
3.499999940395355225e-01 -3.605686426162719727e+00 1.163261890411376953e+01
3.625000119209289551e-01 -2.785854101181030273e+00 1.164438819885253906e+01
3.750000000000000000e-01 -1.904852271080017090e+00 1.166501235961914062e+01
3.874999880790710449e-01 -9.894478917121887207e-01 1.164394664764404297e+01
4.000000059604644775e-01 -1.637122035026550293e-02 1.164052772521972656e+01
4.124999940395355225e-01 9.756599068641662598e-01 1.167442035675048828e+01
4.250000119209289551e-01 1.865231871604919434e+00 1.153075599670410156e+01
4.375000000000000000e-01 2.631719350814819336e+00 1.105143737792968750e+01
4.499999880790710449e-01 3.385045289993286133e+00 1.042310810089111328e+01
4.625000059604644775e-01 4.159356594085693359e+00 9.897043228149414062e+00
4.749999940395355225e-01 4.861239433288574219e+00 9.501625061035156250e+00
4.875000119209289551e-01 5.423383235931396484e+00 9.199996948242187500e+00
5.000000000000000000e-01 5.844048023223876953e+00 9.008426666259765625e+00
5.124999880790710449e-01 6.117003440856933594e+00 8.893325805664062500e+00
5.249999761581420898e-01 6.238664627075195312e+00 8.812180519104003906e+00
5.375000238418579102e-01 6.221088409423828125e+00 8.794219970703125000e+00
5.500000119209289551e-01 6.058692932128906250e+00 8.840358734130859375e+00
5.625000000000000000e-01 5.750107765197753906e+00 8.918688774108886719e+00
5.749999880790710449e-01 5.318830966949462891e+00 9.070328712463378906e+00
5.874999761581420898e-01 4.768285274505615234e+00 9.317900657653808594e+00
6.000000238418579102e-01 4.103413105010986328e+00 9.606849670410156250e+00
6.125000119209289551e-01 3.382269859313964844e+00 9.983135223388671875e+00
6.250000000000000000e-01 2.623277664184570312e+00 1.053065204620361328e+01
6.374999880790710449e-01 1.744918584823608398e+00 1.106948757171630859e+01
6.499999761581420898e-01 7.307921648025512695e-01 1.131838607788085938e+01
6.625000238418579102e-01 -2.867769896984100342e-01 1.132494544982910156e+01
6.750000119209289551e-01 -1.216875076293945312e+00 1.133237457275390625e+01
6.875000000000000000e-01 -2.103988885879516602e+00 1.137967967987060547e+01
6.999999880790710449e-01 -2.972039222717285156e+00 1.138820838928222656e+01
7.124999761581420898e-01 -3.767313003540039062e+00 1.139345455169677734e+01
7.250000238418579102e-01 -4.466579914093017578e+00 1.143046569824218750e+01
7.375000119209289551e-01 -5.077506065368652344e+00 1.145101165771484375e+01
7.500000000000000000e-01 -5.572082519531250000e+00 1.145819854736328125e+01
7.624999880790710449e-01 -5.927454471588134766e+00 1.149017333984375000e+01
7.749999761581420898e-01 -6.154317378997802734e+00 1.151788616180419922e+01
7.875000238418579102e-01 -6.244242668151855469e+00 1.152591705322265625e+01
8.000000119209289551e-01 -6.179784774780273438e+00 1.155140686035156250e+01
8.125000000000000000e-01 -5.976286888122558594e+00 1.158201122283935547e+01
8.249999880790710449e-01 -5.643442630767822266e+00 1.158866691589355469e+01
8.374999761581420898e-01 -5.171243190765380859e+00 1.160403919219970703e+01
8.500000238418579102e-01 -4.578607082366943359e+00 1.163317298889160156e+01
8.625000119209289551e-01 -3.891716480255126953e+00 1.163554096221923828e+01
8.750000000000000000e-01 -3.106878995895385742e+00 1.163587284088134766e+01
8.874999880790710449e-01 -2.243158340454101562e+00 1.166074085235595703e+01
8.999999761581420898e-01 -1.341965794563293457e+00 1.165564632415771484e+01
9.125000238418579102e-01 -3.927161097526550293e-01 1.163364410400390625e+01
9.250000119209289551e-01 6.048132777214050293e-01 1.166683483123779297e+01
9.375000000000000000e-01 1.545343399047851562e+00 1.162318325042724609e+01
9.499999880790710449e-01 2.349192857742309570e+00 1.126746463775634766e+01
9.624999761581420898e-01 3.094857454299926758e+00 1.065893554687500000e+01
9.750000238418579102e-01 3.867935657501220703e+00 1.007829952239990234e+01
9.875000119209289551e-01 4.609848022460937500e+00 9.640156745910644531e+00
1.000000000000000000e+00 5.227193355560302734e+00 9.302394866943359375e+00
1.012500047683715820e+00 5.701073169708251953e+00 9.068512916564941406e+00
1.024999976158142090e+00 6.031657218933105469e+00 8.932309150695800781e+00
1.037500023841857910e+00 6.209464550018310547e+00 8.837997436523437500e+00
1.049999952316284180e+00 6.244003295898437500e+00 8.791625976562500000e+00
1.062500000000000000e+00 6.138165950775146484e+00 8.818303108215332031e+00
1.075000047683715820e+00 5.882980346679687500e+00 8.884171485900878906e+00
1.087499976158142090e+00 5.495859622955322266e+00 9.000226974487304688e+00
1.100000023841857910e+00 4.991938591003417969e+00 9.216191291809082031e+00
1.112499952316284180e+00 4.366185665130615234e+00 9.493300437927246094e+00
1.125000000000000000e+00 3.658658266067504883e+00 9.821484565734863281e+00
1.137500047683715820e+00 2.919809818267822266e+00 1.030709362030029297e+01
1.149999976158142090e+00 2.097100019454956055e+00 1.088794898986816406e+01
1.162500023841857910e+00 1.124845623970031738e+00 1.126417732238769531e+01
1.174999952316284180e+00 9.032732993364334106e-02 1.133387851715087891e+01
1.187500000000000000e+00 -8.731613159179687500e-01 1.132089042663574219e+01
1.200000047683715820e+00 -1.768627047538757324e+00 1.136355304718017578e+01
1.212499976158142090e+00 -2.647905111312866211e+00 1.138975906372070312e+01
1.225000023841857910e+00 -3.477229356765747070e+00 1.138713455200195312e+01
1.237499952316284180e+00 -4.211682319641113281e+00 1.141533565521240234e+01
1.250000000000000000e+00 -4.857159137725830078e+00 1.144720172882080078e+01
1.262500047683715820e+00 -5.400623798370361328e+00 1.145353889465332031e+01
1.274999976158142090e+00 -5.808527946472167969e+00 1.147570419311523438e+01
1.287500023841857910e+00 -6.083086490631103516e+00 1.151067924499511719e+01
1.299999952316284180e+00 -6.227951049804687500e+00 1.152277755737304688e+01
1.312500000000000000e+00 -6.222014427185058594e+00 1.153873538970947266e+01
1.325000047683715820e+00 -6.068440437316894531e+00 1.157290649414062500e+01
1.337499976158142090e+00 -5.785745143890380859e+00 1.158775901794433594e+01
1.350000023841857910e+00 -5.366456985473632812e+00 1.159490013122558594e+01
1.362499952316284180e+00 -4.815249443054199219e+00 1.162357234954833984e+01
1.375000000000000000e+00 -4.163306713104248047e+00 1.163807106018066406e+01
1.387500047683715820e+00 -3.416127681732177734e+00 1.163227939605712891e+01
1.399999976158142090e+00 -2.576898574829101562e+00 1.165116882324218750e+01
1.412500023841857910e+00 -1.687574148178100586e+00 1.166369152069091797e+01
1.424999952316284180e+00 -7.605602145195007324e-01 1.163751125335693359e+01
1.437500000000000000e+00 2.255317568778991699e-01 1.164990043640136719e+01
1.450000047683715820e+00 1.203588366508483887e+00 1.166673278808593750e+01
1.462499976158142090e+00 2.058232784271240234e+00 1.144423580169677734e+01
1.475000023841857910e+00 2.810621500015258789e+00 1.090134429931640625e+01
1.487499952316284180e+00 3.572338342666625977e+00 1.028198814392089844e+01
1.500000000000000000e+00 4.339422702789306641e+00 9.792043685913085938e+00
1.512500047683715820e+00 5.010274410247802734e+00 9.419938087463378906e+00
1.524999976158142090e+00 5.537701606750488281e+00 9.143541336059570312e+00
1.537500023841857910e+00 5.923976421356201172e+00 8.976301193237304688e+00
1.549999952316284180e+00 6.159766674041748047e+00 8.870428085327148438e+00
1.562500000000000000e+00 6.246957302093505859e+00 8.800602912902832031e+00
1.575000047683715820e+00 6.195710182189941406e+00 8.801176071166992188e+00
1.587499976158142090e+00 5.996897697448730469e+00 8.856152534484863281e+00
1.600000023841857910e+00 5.656503200531005859e+00 8.945977210998535156e+00
1.612499952316284180e+00 5.197398662567138672e+00 9.123002052307128906e+00
1.625000000000000000e+00 4.616871356964111328e+00 9.385065078735351562e+00
1.637500047683715820e+00 3.932005405426025391e+00 9.684585571289062500e+00
1.649999976158142090e+00 3.204598188400268555e+00 1.010074615478515625e+01
1.662500023841857910e+00 2.425639629364013672e+00 1.067432498931884766e+01
1.674999952316284180e+00 1.509315490722656250e+00 1.116143417358398438e+01
1.687500000000000000e+00 4.796104133129119873e-01 1.133243751525878906e+01
1.700000047683715820e+00 -5.190934538841247559e-01 1.132035446166992188e+01
1.712499976158142090e+00 -1.432263135910034180e+00 1.134381294250488281e+01
1.725000023841857910e+00 -2.316629886627197266e+00 1.138609409332275391e+01
1.737499952316284180e+00 -3.172681093215942383e+00 1.138672924041748047e+01
1.750000000000000000e+00 -3.944355010986328125e+00 1.140068912506103516e+01
1.762500047683715820e+00 -4.622468471527099609e+00 1.143855476379394531e+01
1.774999976158142090e+00 -5.209069252014160156e+00 1.145193195343017578e+01
1.787500023841857910e+00 -5.670424938201904297e+00 1.146360397338867188e+01
1.799999952316284180e+00 -5.993626594543457031e+00 1.149912643432617188e+01
1.812500000000000000e+00 -6.189566612243652344e+00 1.152041053771972656e+01
1.825000047683715820e+00 -6.242762565612792969e+00 1.152955913543701172e+01
1.837499976158142090e+00 -6.142472743988037109e+00 1.156019783020019531e+01
1.850000023841857910e+00 -5.908212184906005859e+00 1.158542919158935547e+01
1.862499952316284180e+00 -5.542249679565429688e+00 1.158995628356933594e+01
1.875000000000000000e+00 -5.037837982177734375e+00 1.161146926879882812e+01
1.887500047683715820e+00 -4.421274662017822266e+00 1.163677978515625000e+01
1.899999976158142090e+00 -3.711468696594238281e+00 1.163347816467285156e+01
1.912500023841857910e+00 -2.903848648071289062e+00 1.164084243774414062e+01
1.924999952316284180e+00 -2.028410196304321289e+00 1.166429805755615234e+01
1.937500000000000000e+00 -1.118677496910095215e+00 1.164824962615966797e+01
1.950000047683715820e+00 -1.540861725807189941e-01 1.163675117492675781e+01
1.962499976158142090e+00 8.422125577926635742e-01 1.167377090454101562e+01
1.975000023841857910e+00 1.751310586929321289e+00 1.157051277160644531e+01
1.987499952316284180e+00 2.529379844665527344e+00 1.113358116149902344e+01
2.000000000000000000e+00 3.278752326965332031e+00 1.050729942321777344e+01
