0.000000000000000000e+00 6.277738571166992188e+00 8.793146133422851562e+00
1.250000018626451492e-02 6.299780845642089844e+00 8.772785186767578125e+00
2.500000037252902985e-02 6.277474880218505859e+00 8.776518821716308594e+00
3.750000149011611938e-02 6.208668708801269531e+00 8.801005363464355469e+00
5.000000074505805969e-02 6.091970443725585938e+00 8.837365150451660156e+00
6.250000000000000000e-02 5.929372787475585938e+00 8.882239341735839844e+00
7.500000298023223877e-02 5.725285530090332031e+00 8.943803787231445312e+00
8.749999850988388062e-02 5.482756137847900391e+00 9.035012245178222656e+00
1.000000014901161194e-01 5.201215744018554688e+00 9.160145759582519531e+00
1.124999970197677612e-01 4.878972530364990234e+00 9.309443473815917969e+00
1.250000000000000000e-01 4.518580436706542969e+00 9.469840049743652344e+00
1.375000029802322388e-01 4.129276752471923828e+00 9.643005371093750000e+00
1.500000059604644775e-01 3.722477912902832031e+00 9.851547241210937500e+00
1.624999940395355225e-01 3.302923202514648438e+00 1.012231922149658203e+01
1.749999970197677612e-01 2.863318204879760742e+00 1.045691776275634766e+01
1.875000000000000000e-01 2.388725519180297852e+00 1.081444263458251953e+01
2.000000029802322388e-01 1.868922233581542969e+00 1.112511825561523438e+01
2.125000059604644775e-01 1.309418439865112305e+00 1.132893276214599609e+01
2.249999940395355225e-01 7.317970395088195801e-01 1.141157531738281250e+01
2.374999970197677612e-01 1.622492223978042603e-01 1.141034698486328125e+01
2.500000000000000000e-01 -3.831744492053985596e-01 1.138591289520263672e+01
2.624999880790710449e-01 -9.053264260292053223e-01 1.138241004943847656e+01
2.750000059604644775e-01 -1.416086077690124512e+00 1.140602207183837891e+01
2.874999940395355225e-01 -1.925461173057556152e+00 1.143491649627685547e+01
3.000000119209289551e-01 -2.432391881942749023e+00 1.144728088378906250e+01
3.125000000000000000e-01 -2.925869464874267578e+00 1.144168090820312500e+01
3.249999880790710449e-01 -3.393757104873657227e+00 1.143444061279296875e+01
3.375000059604644775e-01 -3.830669879913330078e+00 1.144091510772705078e+01
3.499999940395355225e-01 -4.238352298736572266e+00 1.146062755584716797e+01
3.625000119209289551e-01 -4.619545459747314453e+00 1.147978115081787109e+01
3.750000000000000000e-01 -4.972065925598144531e+00 1.148653316497802734e+01
3.874999880790710449e-01 -5.288730144500732422e+00 1.148273468017578125e+01
4.000000059604644775e-01 -5.562520503997802734e+00 1.148088550567626953e+01
4.124999940395355225e-01 -5.791394233703613281e+00 1.149059295654296875e+01
4.250000119209289551e-01 -5.977972984313964844e+00 1.150887680053710938e+01
4.375000000000000000e-01 -6.124816417694091797e+00 1.152390193939208984e+01
4.499999880790710449e-01 -6.230346202850341797e+00 1.152762222290039062e+01
4.625000059604644775e-01 -6.289562225341796875e+00 1.152400875091552734e+01
4.749999940395355225e-01 -6.298618793487548828e+00 1.152453899383544922e+01
4.875000119209289551e-01 -6.258419036865234375e+00 1.153595733642578125e+01
5.000000000000000000e-01 -6.173519134521484375e+00 1.155315208435058594e+01
5.124999880790710449e-01 -6.047552585601806641e+00 1.156456375122070312e+01
5.249999761581420898e-01 -5.879989147186279297e+00 1.156440830230712891e+01
5.375000238418579102e-01 -5.667648315429687500e+00 1.155890941619873047e+01
5.500000119209289551e-01 -5.409408092498779297e+00 1.155983638763427734e+01
5.625000000000000000e-01 -5.109166145324707031e+00 1.157191085815429688e+01
5.749999880790710449e-01 -4.773806571960449219e+00 1.158730506896972656e+01
5.874999761581420898e-01 -4.408136844635009766e+00 1.159345340728759766e+01
6.000000238418579102e-01 -4.012077808380126953e+00 1.158650112152099609e+01
6.125000119209289551e-01 -3.583309173583984375e+00 1.157621097564697266e+01
6.250000000000000000e-01 -3.122906208038330078e+00 1.157630348205566406e+01
6.374999880790710449e-01 -2.638018846511840820e+00 1.158936977386474609e+01
6.499999761581420898e-01 -2.138192415237426758e+00 1.160232925415039062e+01
6.625000238418579102e-01 -1.628386259078979492e+00 1.159889411926269531e+01
6.750000119209289551e-01 -1.105810642242431641e+00 1.157799816131591797e+01
6.875000000000000000e-01 -5.648757219314575195e-01 1.155880069732666016e+01
6.999999880790710449e-01 -6.893950048834085464e-03 1.156342983245849609e+01
7.124999761581420898e-01 5.542460083961486816e-01 1.158968257904052734e+01
7.250000238418579102e-01 1.096827507019042969e+00 1.159817218780517578e+01
7.375000119209289551e-01 1.604133009910583496e+00 1.152904510498046875e+01
7.500000000000000000e-01 2.075464963912963867e+00 1.133918762207031250e+01
7.624999880790710449e-01 2.526082515716552734e+00 1.103252983093261719e+01
7.749999761581420898e-01 2.975435495376586914e+00 1.066016387939453125e+01
7.875000238418579102e-01 3.432505369186401367e+00 1.029044151306152344e+01
8.000000119209289551e-01 3.889214277267456055e+00 9.972157478332519531e+00
8.125000000000000000e-01 4.326053142547607422e+00 9.717102050781250000e+00
8.249999880790710449e-01 4.724372863769531250e+00 9.510269165039062500e+00
8.374999761581420898e-01 5.075416088104248047e+00 9.333623886108398438e+00
8.500000238418579102e-01 5.380269527435302734e+00 9.181717872619628906e+00
8.625000119209289551e-01 5.643109321594238281e+00 9.059190750122070312e+00
8.750000000000000000e-01 5.864943027496337891e+00 8.968310356140136719e+00
8.874999880790710449e-01 6.042885780334472656e+00 8.902034759521484375e+00
8.999999761581420898e-01 6.173861503601074219e+00 8.849446296691894531e+00
9.125000238418579102e-01 6.257732868194580078e+00 8.806210517883300781e+00
9.250000119209289551e-01 6.296543598175048828e+00 8.777859687805175781e+00
9.375000000000000000e-01 6.291326999664306641e+00 8.772250175476074219e+00
9.499999880790710449e-01 6.240541458129882812e+00 8.789782524108886719e+00
9.624999761581420898e-01 6.142079830169677734e+00 8.822556495666503906e+00
9.750000238418579102e-01 5.996528148651123047e+00 8.863836288452148438e+00
9.875000119209289551e-01 5.807741165161132812e+00 8.917479515075683594e+00
1.000000000000000000e+00 5.579743385314941406e+00 8.996136665344238281e+00
1.012500047683715820e+00 5.313328742980957031e+00 9.108789443969726562e+00
1.024999976158142090e+00 5.006650447845458984e+00 9.250634193420410156e+00
1.037500023841857910e+00 4.660058975219726562e+00 9.407750129699707031e+00
1.049999952316284180e+00 4.280374050140380859e+00 9.574394226074218750e+00
1.062500000000000000e+00 3.879130363464355469e+00 9.765894889831542969e+00
1.075000047683715820e+00 3.464628219604492188e+00 1.001074314117431641e+01
1.087499976158142090e+00 3.034235715866088867e+00 1.032345771789550781e+01
1.100000023841857910e+00 2.574756145477294922e+00 1.067958259582519531e+01
1.112499952316284180e+00 2.072547435760498047e+00 1.101670646667480469e+01
1.125000000000000000e+00 1.526361346244812012e+00 1.126597309112548828e+01
1.137500047683715820e+00 9.524645209312438965e-01 1.139291095733642578e+01
1.149999976158142090e+00 3.771175742149353027e-01 1.141687774658203125e+01
1.162500023841857910e+00 -1.783225834369659424e-01 1.139440727233886719e+01
1.174999952316284180e+00 -7.082902193069458008e-01 1.138002777099609375e+01
1.187500000000000000e+00 -1.221823215484619141e+00 1.139489364624023438e+01
1.200000047683715820e+00 -1.731157422065734863e+00 1.142498970031738281e+01
1.212499976158142090e+00 -2.239925384521484375e+00 1.144513511657714844e+01
1.225000023841857910e+00 -2.740129947662353516e+00 1.144510078430175781e+01
1.237499952316284180e+00 -3.218879222869873047e+00 1.143616008758544922e+01
1.250000000000000000e+00 -3.667695522308349609e+00 1.143645286560058594e+01
1.262500047683715820e+00 -4.086088180541992188e+00 1.145228672027587891e+01
1.274999976158142090e+00 -4.477296829223632812e+00 1.147353076934814453e+01
1.287500023841857910e+00 -4.841405868530273438e+00 1.148564338684082031e+01
1.299999952316284180e+00 -5.172720432281494141e+00 1.148472690582275391e+01
1.312500000000000000e+00 -5.463429927825927734e+00 1.148052120208740234e+01
1.325000047683715820e+00 -5.709301471710205078e+00 1.148541831970214844e+01
1.337499976158142090e+00 -5.911581039428710938e+00 1.150158596038818359e+01
1.350000023841857910e+00 -6.073495864868164062e+00 1.151929855346679688e+01
1.362499952316284180e+00 -6.195262908935546875e+00 1.152755641937255859e+01
1.375000000000000000e+00 -6.272771835327148438e+00 1.152555179595947266e+01
1.387500047683715820e+00 -6.301140308380126953e+00 1.152318000793457031e+01
1.399999976158142090e+00 -6.279303550720214844e+00 1.153038883209228516e+01
1.412500023841857910e+00 -6.210862159729003906e+00 1.154664611816406250e+01
1.424999952316284180e+00 -6.100371360778808594e+00 1.156151676177978516e+01
1.437500000000000000e+00 -5.948991775512695312e+00 1.156568145751953125e+01
1.450000047683715820e+00 -5.754078865051269531e+00 1.156086158752441406e+01
1.462499976158142090e+00 -5.513166904449462891e+00 1.155814552307128906e+01
1.475000023841857910e+00 -5.228191375732421875e+00 1.156624794006347656e+01
1.487499952316284180e+00 -4.905434131622314453e+00 1.158190155029296875e+01
1.500000000000000000e+00 -4.551066398620605469e+00 1.159276103973388672e+01
1.512500047683715820e+00 -4.166865348815917969e+00 1.159032344818115234e+01
1.524999976158142090e+00 -3.750745773315429688e+00 1.157955455780029297e+01
1.537500023841857910e+00 -3.301880359649658203e+00 1.157450103759765625e+01
1.549999952316284180e+00 -2.825186014175415039e+00 1.158341979980468750e+01
1.562500000000000000e+00 -2.330079793930053711e+00 1.159859752655029297e+01
1.575000047683715820e+00 -1.824008345603942871e+00 1.160270023345947266e+01
1.587499976158142090e+00 -1.307007670402526855e+00 1.158714771270751953e+01
1.600000023841857910e+00 -7.735046148300170898e-01 1.156425476074218750e+01
1.612499952316284180e+00 -2.210851162672042847e-01 1.155818843841552734e+01
1.625000000000000000e+00 3.412187695503234863e-01 1.157886123657226562e+01
1.637500047683715820e+00 8.934361934661865234e-01 1.160078048706054688e+01
1.649999976158142090e+00 1.415288805961608887e+00 1.156812763214111328e+01
1.662500023841857910e+00 1.899246454238891602e+00 1.142678451538085938e+01
1.674999952316284180e+00 2.355349540710449219e+00 1.116079235076904297e+01
1.687500000000000000e+00 2.803286075592041016e+00 1.080548477172851562e+01
1.700000047683715820e+00 3.257441043853759766e+00 1.042725658416748047e+01
1.712499976158142090e+00 3.716212749481201172e+00 1.008591175079345703e+01
1.725000023841857910e+00 4.163151741027832031e+00 9.807542800903320312e+00
1.737499952316284180e+00 4.577832698822021484e+00 9.584798812866210938e+00
1.750000000000000000e+00 4.947204589843750000e+00 9.398101806640625000e+00
1.762500047683715820e+00 5.269170761108398438e+00 9.236519813537597656e+00
1.774999976158142090e+00 5.547658443450927734e+00 9.102118492126464844e+00
1.787500023841857910e+00 5.785313606262207031e+00 8.999489784240722656e+00
1.799999952316284180e+00 5.980445861816406250e+00 8.925146102905273438e+00
1.812500000000000000e+00 6.129537105560302734e+00 8.868400573730468750e+00
1.825000047683715820e+00 6.231187343597412109e+00 8.821413040161132812e+00
1.837499976158142090e+00 6.286936283111572266e+00 8.786333084106445312e+00
1.850000023841857910e+00 6.298560142517089844e+00 8.771449089050292969e+00
1.862499952316284180e+00 6.265448093414306641e+00 8.780765533447265625e+00
1.875000000000000000e+00 6.185300827026367188e+00 8.808856964111328125e+00
1.887500047683715820e+00 6.057393074035644531e+00 8.847122192382812500e+00
1.899999976158142090e+00 5.884534358978271484e+00 8.894834518432617188e+00
1.912500023841857910e+00 5.671177864074707031e+00 8.962371826171875000e+00
1.924999952316284180e+00 5.419562816619873047e+00 9.061793327331542969e+00
1.937500000000000000e+00 5.128447532653808594e+00 9.193954467773437500e+00
1.950000047683715820e+00 4.796665668487548828e+00 9.346795082092285156e+00
1.962499976158142090e+00 4.428369522094726562e+00 9.509230613708496094e+00
1.975000023841857910e+00 4.033979892730712891e+00 9.688147544860839844e+00
1.987499952316284180e+00 3.624146938323974609e+00 9.909480094909667969e+00
2.000000000000000000e+00 3.200932025909423828e+00 1.019674968719482422e+01
