0.000000000000000000e+00 6.179690837860107422e+00 8.858444213867187500e+00
1.250000018626451492e-02 6.247837066650390625e+00 8.796143531799316406e+00
2.500000037252902985e-02 6.176695346832275391e+00 8.806867599487304688e+00
3.750000149011611938e-02 5.956254005432128906e+00 8.866185188293457031e+00
5.000000074505805969e-02 5.597083568572998047e+00 8.964838981628417969e+00
6.250000000000000000e-02 5.120100975036621094e+00 9.157567977905273438e+00
7.500000298023223877e-02 4.520401000976562500e+00 9.426893234252929688e+00
8.749999850988388062e-02 3.823976278305053711e+00 9.736144065856933594e+00
1.000000014901161194e-01 3.091161727905273438e+00 1.018041038513183594e+01
1.124999970197677612e-01 2.294819831848144531e+00 1.076350784301757812e+01
1.250000000000000000e-01 1.352785587310791016e+00 1.120964336395263672e+01
1.375000029802322388e-01 3.160787820816040039e-01 1.133503627777099609e+01
1.500000059604644775e-01 -6.702671051025390625e-01 1.131893348693847656e+01
1.624999940395355225e-01 -1.576394796371459961e+00 1.135205364227294922e+01
1.749999970197677612e-01 -2.460697412490844727e+00 1.138834953308105469e+01
1.875000000000000000e-01 -3.307867527008056641e+00 1.138611030578613281e+01
2.000000029802322388e-01 -4.064468860626220703e+00 1.140667819976806641e+01
2.125000059604644775e-01 -4.729324817657470703e+00 1.144295406341552734e+01
2.249999940395355225e-01 -5.298305034637451172e+00 1.145236587524414062e+01
2.374999970197677612e-01 -5.736125469207763672e+00 1.146862030029296875e+01
2.500000000000000000e-01 -6.037156581878662109e+00 1.150495624542236328e+01
2.624999880790710449e-01 -6.209967613220214844e+00 1.152164268493652344e+01
2.750000059604644775e-01 -6.235317230224609375e+00 1.153345012664794922e+01
2.874999940395355225e-01 -6.108787536621093750e+00 1.156671810150146484e+01
3.000000119209289551e-01 -5.850674152374267578e+00 1.158706855773925781e+01
3.125000000000000000e-01 -5.457947254180908203e+00 1.159204387664794922e+01
3.249999880790710449e-01 -4.928685665130615234e+00 1.161779880523681641e+01
3.375000059604644775e-01 -4.292948722839355469e+00 1.163830661773681641e+01
3.499999940395355225e-01 -3.562979936599731445e+00 1.163267612457275391e+01
3.625000119209289551e-01 -2.736811876296997070e+00 1.164624214172363281e+01
3.750000000000000000e-01 -1.851926803588867188e+00 1.166531562805175781e+01
3.874999880790710449e-01 -9.320225119590759277e-01 1.164250659942626953e+01
4.000000059604644775e-01 4.659758880734443665e-02 1.164303970336914062e+01
4.124999940395355225e-01 1.037721753120422363e+00 1.167392826080322266e+01
4.250000119209289551e-01 1.919552087783813477e+00 1.150932407379150391e+01
4.375000000000000000e-01 2.682705163955688477e+00 1.100981807708740234e+01
4.499999880790710449e-01 3.439657211303710938e+00 1.038144588470458984e+01
4.625000059604644775e-01 4.213915348052978516e+00 9.865180969238281250e+00
4.749999940395355225e-01 4.908039569854736328e+00 9.476216316223144531e+00
4.875000119209289551e-01 5.460381031036376953e+00 9.181609153747558594e+00
5.000000000000000000e-01 5.870875358581542969e+00 8.997757911682128906e+00
5.124999880790710449e-01 6.132050991058349609e+00 8.885703086853027344e+00
5.249999761581420898e-01 6.242099761962890625e+00 8.807890892028808594e+00
5.375000238418579102e-01 6.212796688079833984e+00 8.796385765075683594e+00
5.500000119209289551e-01 6.037038803100585938e+00 8.846005439758300781e+00
5.625000000000000000e-01 5.715972423553466797e+00 8.928246498107910156e+00
5.749999880790710449e-01 5.273431301116943359e+00 9.089553833007812500e+00
5.874999761581420898e-01 4.710285663604736328e+00 9.343672752380371094e+00
6.000000238418579102e-01 4.035757541656494141e+00 9.636782646179199219e+00
6.125000119209289551e-01 3.310612678527832031e+00 1.002895736694335938e+01
6.250000000000000000e-01 2.542789936065673828e+00 1.058974552154541016e+01
6.374999880790710449e-01 1.646996021270751953e+00 1.111020469665527344e+01
6.499999761581420898e-01 6.230668425559997559e-01 1.132570743560791016e+01
6.625000238418579102e-01 -3.890108466148376465e-01 1.132229709625244141e+01
6.750000119209289551e-01 -1.313013076782226562e+00 1.133693313598632812e+01
6.875000000000000000e-01 -2.200521707534790039e+00 1.138277435302734375e+01
6.999999880790710449e-01 -3.065264701843261719e+00 1.138724708557128906e+01
7.124999761581420898e-01 -3.851169586181640625e+00 1.139639091491699219e+01
7.250000238418579102e-01 -4.541642665863037109e+00 1.143440151214599609e+01
7.375000119209289551e-01 -5.142260074615478516e+00 1.145141601562500000e+01
7.500000000000000000e-01 -5.621594905853271484e+00 1.146054267883300781e+01
7.624999880790710449e-01 -5.961410522460937500e+00 1.149473857879638672e+01
7.749999761581420898e-01 -6.173065185546875000e+00 1.151934146881103516e+01
7.875000238418579102e-01 -6.244286060333251953e+00 1.152765178680419922e+01
8.000000119209289551e-01 -6.160670280456542969e+00 1.155613708496093750e+01
8.125000000000000000e-01 -5.940263748168945312e+00 1.158419799804687500e+01
8.249999880790710449e-01 -5.588882446289062500e+00 1.158940219879150391e+01
8.374999761581420898e-01 -5.097794055938720703e+00 1.160825824737548828e+01
8.500000238418579102e-01 -4.490390300750732422e+00 1.163571071624755859e+01
8.625000119209289551e-01 -3.789201498031616211e+00 1.163459014892578125e+01
8.750000000000000000e-01 -2.989495038986206055e+00 1.163882732391357422e+01
8.874999880790710449e-01 -2.116872787475585938e+00 1.166347312927246094e+01
8.999999761581420898e-01 -1.208995699882507324e+00 1.165166950225830078e+01
9.125000238418579102e-01 -2.486203759908676147e-01 1.163534450531005859e+01
9.250000119209289551e-01 7.510600686073303223e-01 1.167214775085449219e+01
9.375000000000000000e-01 1.674548625946044922e+00 1.159327793121337891e+01
9.499999880790710449e-01 2.463013887405395508e+00 1.118519115447998047e+01
9.624999761581420898e-01 3.211786270141601562e+00 1.056220149993896484e+01
9.750000238418579102e-01 3.988373041152954102e+00 1.000178909301757812e+01
9.875000119209289551e-01 4.716683864593505859e+00 9.581453323364257812e+00
1.000000000000000000e+00 5.312133789062500000e+00 9.257601737976074219e+00
1.012500047683715820e+00 5.764426708221435547e+00 9.041499137878417969e+00
1.024999976158142090e+00 6.071043968200683594e+00 8.915205955505371094e+00
1.037500023841857910e+00 6.224415779113769531e+00 8.825875282287597656e+00
1.049999952316284180e+00 6.236032962799072266e+00 8.791547775268554688e+00
1.062500000000000000e+00 6.104870796203613281e+00 8.827846527099609375e+00
1.075000047683715820e+00 5.824518203735351562e+00 8.898863792419433594e+00
1.087499976158142090e+00 5.416212558746337891e+00 9.030460357666015625e+00
1.100000023841857910e+00 4.889876365661621094e+00 9.262716293334960938e+00
1.112499952316284180e+00 4.243526458740234375e+00 9.545695304870605469e+00
1.125000000000000000e+00 3.527264356613159180e+00 9.894765853881835938e+00
1.137500047683715820e+00 2.778863668441772461e+00 1.041310501098632812e+01
1.149999976158142090e+00 1.928729891777038574e+00 1.098098182678222656e+01
1.162500023841857910e+00 9.317092895507812500e-01 1.129604721069335938e+01
1.174999952316284180e+00 -9.890736639499664307e-02 1.132943916320800781e+01
1.187500000000000000e+00 -1.046901226043701172e+00 1.132513809204101562e+01
1.200000047683715820e+00 -1.939003705978393555e+00 1.137229251861572266e+01
1.212499976158142090e+00 -2.815309524536132812e+00 1.138911437988281250e+01
1.225000023841857910e+00 -3.629338979721069336e+00 1.138939571380615234e+01
1.237499952316284180e+00 -4.346528053283691406e+00 1.142330074310302734e+01
1.250000000000000000e+00 -4.975469112396240234e+00 1.144958877563476562e+01
1.262500047683715820e+00 -5.494571685791015625e+00 1.145539569854736328e+01
1.274999976158142090e+00 -5.874746322631835938e+00 1.148336124420166016e+01
1.287500023841857910e+00 -6.123925685882568359e+00 1.151514720916748047e+01
1.299999952316284180e+00 -6.239384651184082031e+00 1.152424526214599609e+01
1.312500000000000000e+00 -6.200751304626464844e+00 1.154554176330566406e+01
1.325000047683715820e+00 -6.018587589263916016e+00 1.157867908477783203e+01
1.337499976158142090e+00 -5.707271099090576172e+00 1.158839988708496094e+01
1.350000023841857910e+00 -5.256751537322998047e+00 1.159984302520751953e+01
1.362499952316284180e+00 -4.679957866668701172e+00 1.162983989715576172e+01
1.375000000000000000e+00 -4.006503582000732422e+00 1.163713169097900391e+01
1.387500047683715820e+00 -3.235634088516235352e+00 1.163402366638183594e+01
1.399999976158142090e+00 -2.379324674606323242e+00 1.165755653381347656e+01
1.412500023841857910e+00 -1.481189370155334473e+00 1.165994548797607422e+01
1.424999952316284180e+00 -5.394029021263122559e-01 1.163437080383300781e+01
1.437500000000000000e+00 4.572986364364624023e-01 1.166084480285644531e+01
1.450000047683715820e+00 1.416350483894348145e+00 1.164557456970214844e+01
1.462499976158142090e+00 2.240138053894042969e+00 1.134046936035156250e+01
1.475000023841857910e+00 2.987628936767578125e+00 1.075037574768066406e+01
1.487499952316284180e+00 3.758565664291381836e+00 1.015150642395019531e+01
1.500000000000000000e+00 4.513030529022216797e+00 9.694355010986328125e+00
1.512500047683715820e+00 5.151438236236572266e+00 9.343364715576171875e+00
1.524999976158142090e+00 5.645329952239990234e+00 9.093500137329101562e+00
1.537500023841857910e+00 5.996418476104736328e+00 8.947172164916992188e+00
1.549999952316284180e+00 6.194495201110839844e+00 8.848718643188476562e+00
1.562500000000000000e+00 6.246879577636718750e+00 8.793493270874023438e+00
1.575000047683715820e+00 6.159363746643066406e+00 8.812058448791503906e+00
1.587499976158142090e+00 5.922010421752929688e+00 8.874562263488769531e+00
1.600000023841857910e+00 5.548880577087402344e+00 8.981167793273925781e+00
1.612499952316284180e+00 5.058456897735595703e+00 9.185614585876464844e+00
1.625000000000000000e+00 4.445193767547607422e+00 9.459285736083984375e+00
1.637500047683715820e+00 3.742131233215332031e+00 9.777281761169433594e+00
1.649999976158142090e+00 3.005911111831665039e+00 1.024259281158447266e+01
1.662500023841857910e+00 2.196188688278198242e+00 1.082724857330322266e+01
1.674999952316284180e+00 1.237414002418518066e+00 1.123940944671630859e+01
1.687500000000000000e+00 1.997371017932891846e-01 1.133491134643554688e+01
1.700000047683715820e+00 -7.758824825286865234e-01 1.131931877136230469e+01
1.712499976158142090e+00 -1.676954984664916992e+00 1.135802364349365234e+01
1.725000023841857910e+00 -2.559711933135986328e+00 1.138923835754394531e+01
1.737499952316284180e+00 -3.398615121841430664e+00 1.138632869720458984e+01
1.750000000000000000e+00 -4.144061565399169922e+00 1.141117858886718750e+01
1.762500047683715820e+00 -4.799156665802001953e+00 1.144538784027099609e+01
1.774999976158142090e+00 -5.355018138885498047e+00 1.145286560058593750e+01
1.787500023841857910e+00 -5.776777267456054688e+00 1.147239017486572266e+01
1.799999952316284180e+00 -6.063307285308837891e+00 1.150829792022705078e+01
1.812500000000000000e+00 -6.220692634582519531e+00 1.152229690551757812e+01
1.825000047683715820e+00 -6.228265285491943359e+00 1.153636550903320312e+01
1.837499976158142090e+00 -6.085912227630615234e+00 1.157045078277587891e+01
1.850000023841857910e+00 -5.813260555267333984e+00 1.158762836456298828e+01
1.862499952316284180e+00 -5.404496192932128906e+00 1.159369659423828125e+01
1.875000000000000000e+00 -4.861425876617431641e+00 1.162141609191894531e+01
1.887500047683715820e+00 -4.215182781219482422e+00 1.163845348358154297e+01
1.899999976158142090e+00 -3.473938703536987305e+00 1.163247776031494141e+01
1.912500023841857910e+00 -2.638577461242675781e+00 1.164944553375244141e+01
1.924999952316284180e+00 -1.749768257141113281e+00 1.166472911834716797e+01
1.937500000000000000e+00 -8.244125247001647949e-01 1.163944435119628906e+01
1.950000047683715820e+00 1.603857278823852539e-01 1.164747142791748047e+01
1.962499976158142090e+00 1.144925117492675781e+00 1.167035579681396484e+01
1.975000023841857910e+00 2.010245561599731445e+00 1.146850776672363281e+01
1.987499952316284180e+00 2.766799449920654297e+00 1.093911266326904297e+01
2.000000000000000000e+00 3.527752876281738281e+00 1.031517791748046875e+01
