0.000000000000000000e+00 6.179100990295410156e+00 8.858751296997070312e+00
1.250000018626451492e-02 6.247532367706298828e+00 8.796214103698730469e+00
2.500000037252902985e-02 6.176103591918945312e+00 8.806982040405273438e+00
3.750000149011611938e-02 5.954760074615478516e+00 8.866457939147949219e+00
5.000000074505805969e-02 5.594236373901367188e+00 8.965608596801757812e+00
6.250000000000000000e-02 5.115471839904785156e+00 9.159434318542480469e+00
7.500000298023223877e-02 4.513482570648193359e+00 9.429634094238281250e+00
8.749999850988388062e-02 3.814982175827026367e+00 9.740225791931152344e+00
1.000000014901161194e-01 3.080379962921142578e+00 1.018769741058349609e+01
1.124999970197677612e-01 2.280843257904052734e+00 1.077228736877441406e+01
1.250000000000000000e-01 1.334424376487731934e+00 1.121428108215332031e+01
1.375000029802322388e-01 2.953056395053863525e-01 1.133470249176025391e+01
1.500000059604644775e-01 -6.910948157310485840e-01 1.131853103637695312e+01
1.624999940395355225e-01 -1.597927689552307129e+00 1.135298252105712891e+01
1.749999970197677612e-01 -2.483635902404785156e+00 1.138828563690185547e+01
1.875000000000000000e-01 -3.330542325973510742e+00 1.138580894470214844e+01
2.000000029802322388e-01 -4.085725784301757812e+00 1.140757369995117188e+01
2.125000059604644775e-01 -4.749169349670410156e+00 1.144344806671142578e+01
2.249999940395355225e-01 -5.315445423126220703e+00 1.145228385925292969e+01
2.374999970197677612e-01 -5.749102115631103516e+00 1.146961212158203125e+01
2.500000000000000000e-01 -6.045897006988525391e+00 1.150599193572998047e+01
2.624999880790710449e-01 -6.213692665100097656e+00 1.152178764343261719e+01
2.750000059604644775e-01 -6.232578277587890625e+00 1.153444099426269531e+01
2.874999940395355225e-01 -6.099666118621826172e+00 1.156819820404052734e+01
3.000000119209289551e-01 -5.835190296173095703e+00 1.158735847473144531e+01
3.125000000000000000e-01 -5.434952735900878906e+00 1.159277343750000000e+01
3.249999880790710449e-01 -4.898534774780273438e+00 1.161952781677246094e+01
3.375000059604644775e-01 -4.256723403930664062e+00 1.163857078552246094e+01
3.499999940395355225e-01 -3.519979715347290039e+00 1.163271045684814453e+01
3.625000119209289551e-01 -2.687591791152954102e+00 1.164802837371826172e+01
3.750000000000000000e-01 -1.798908710479736328e+00 1.166532421112060547e+01
3.874999880790710449e-01 -8.743581771850585938e-01 1.164107131958007812e+01
4.000000059604644775e-01 1.096538975834846497e-01 1.164568328857421875e+01
4.124999940395355225e-01 1.099280476570129395e+00 1.167248916625976562e+01
4.250000119209289551e-01 1.973279476165771484e+00 1.148615074157714844e+01
4.375000000000000000e-01 2.733690738677978516e+00 1.096751499176025391e+01
4.499999880790710449e-01 3.494398117065429688e+00 1.034039592742919922e+01
4.625000059604644775e-01 4.268017768859863281e+00 9.833897590637207031e+00
4.749999940395355225e-01 4.954027175903320312e+00 9.451178550720214844e+00
4.875000119209289551e-01 5.496576309204101562e+00 9.163817405700683594e+00
5.000000000000000000e-01 5.896781921386718750e+00 8.987433433532714844e+00
5.124999880790710449e-01 6.146105289459228516e+00 8.878141403198242188e+00
5.249999761581420898e-01 6.244606018066406250e+00 8.803995132446289062e+00
5.375000238418579102e-01 6.203451633453369141e+00 8.798922538757324219e+00
5.500000119209289551e-01 6.014267921447753906e+00 8.851719856262207031e+00
5.625000000000000000e-01 5.680909633636474609e+00 8.938359260559082031e+00
5.749999880790710449e-01 5.227042675018310547e+00 9.109536170959472656e+00
5.874999761581420898e-01 4.651269912719726562e+00 9.369555473327636719e+00
6.000000238418579102e-01 3.967698097229003906e+00 9.667451858520507812e+00
6.125000119209289551e-01 3.238684177398681641e+00 1.007654666900634766e+01
6.250000000000000000e-01 2.460990667343139648e+00 1.064841079711914062e+01
6.374999880790710449e-01 1.547615051269531250e+00 1.114729976654052734e+01
6.499999761581420898e-01 5.155382752418518066e-01 1.133044147491455078e+01
6.625000238418579102e-01 -4.901232719421386719e-01 1.132005786895751953e+01
6.750000119209289551e-01 -1.408792018890380859e+00 1.134184169769287109e+01
6.875000000000000000e-01 -2.296869993209838867e+00 1.138508415222167969e+01
6.999999880790710449e-01 -3.157439470291137695e+00 1.138629150390625000e+01
7.124999761581420898e-01 -3.933766603469848633e+00 1.139972019195556641e+01
7.250000238418579102e-01 -4.615575790405273438e+00 1.143784236907958984e+01
7.375000119209289551e-01 -5.205320835113525391e+00 1.145157814025878906e+01
7.500000000000000000e-01 -5.669069766998291016e+00 1.146327495574951172e+01
7.624999880790710449e-01 -5.993531703948974609e+00 1.149900531768798828e+01
7.749999761581420898e-01 -6.189686775207519531e+00 1.152036190032958984e+01
7.875000238418579102e-01 -6.241836071014404297e+00 1.152972698211669922e+01
8.000000119209289551e-01 -6.139371395111083984e+00 1.156076622009277344e+01
8.125000000000000000e-01 -5.902091503143310547e+00 1.158576869964599609e+01
8.249999880790710449e-01 -5.531847476959228516e+00 1.159036922454833984e+01
8.374999761581420898e-01 -5.022285461425781250e+00 1.161261367797851562e+01
8.500000238418579102e-01 -4.400534152984619141e+00 1.163744831085205078e+01
8.625000119209289551e-01 -3.684764385223388672e+00 1.163368034362792969e+01
8.750000000000000000e-01 -2.870661973953247070e+00 1.164227867126464844e+01
8.874999880790710449e-01 -1.990034937858581543e+00 1.166515827178955078e+01
8.999999761581420898e-01 -1.074904799461364746e+00 1.164738368988037109e+01
9.125000238418579102e-01 -1.034357324242591858e-01 1.163862037658691406e+01
9.250000119209289551e-01 8.955326676368713379e-01 1.167499446868896484e+01
9.375000000000000000e-01 1.800338506698608398e+00 1.155511856079101562e+01
9.499999880790710449e-01 2.575957775115966797e+00 1.109755420684814453e+01
9.624999761581420898e-01 3.329682350158691406e+00 1.046746158599853516e+01
9.750000238418579102e-01 4.107593536376953125e+00 9.928830146789550781e+00
9.875000119209289551e-01 4.820016384124755859e+00 9.524779319763183594e+00
1.000000000000000000e+00 5.393468856811523438e+00 9.215543746948242188e+00
1.012500047683715820e+00 5.824010848999023438e+00 9.016857147216796875e+00
1.024999976158142090e+00 6.106247901916503906e+00 8.898730278015136719e+00
1.037500023841857910e+00 6.235522270202636719e+00 8.815175056457519531e+00
1.049999952316284180e+00 6.224073886871337891e+00 8.793569564819335938e+00
1.062500000000000000e+00 6.067163467407226562e+00 8.838050842285156250e+00
1.075000047683715820e+00 5.762321949005126953e+00 8.915162086486816406e+00
1.087499976158142090e+00 5.333078861236572266e+00 9.064012527465820312e+00
1.100000023841857910e+00 4.783910274505615234e+00 9.310491561889648438e+00
1.112499952316284180e+00 4.118660926818847656e+00 9.599635124206542969e+00
1.125000000000000000e+00 3.395259141921997070e+00 9.974153518676757812e+00
1.137500047683715820e+00 2.634545326232910156e+00 1.052135753631591797e+01
1.149999976158142090e+00 1.754828691482543945e+00 1.106433486938476562e+01
1.162500023841857910e+00 7.373996376991271973e-01 1.131706142425537109e+01
1.174999952316284180e+00 -2.846731245517730713e-01 1.132427406311035156e+01
1.187500000000000000e+00 -1.218605518341064453e+00 1.133180999755859375e+01
1.200000047683715820e+00 -2.109156370162963867e+00 1.137930870056152344e+01
1.212499976158142090e+00 -2.980258941650390625e+00 1.138761043548583984e+01
1.225000023841857910e+00 -3.777504920959472656e+00 1.139331722259521484e+01
1.237499952316284180e+00 -4.478058815002441406e+00 1.143070411682128906e+01
1.250000000000000000e+00 -5.089400768280029297e+00 1.145077610015869141e+01
1.262500047683715820e+00 -5.582636356353759766e+00 1.145840072631835938e+01
1.274999976158142090e+00 -5.935559749603271484e+00 1.149112319946289062e+01
1.287500023841857910e+00 -6.159173488616943359e+00 1.151821231842041016e+01
1.299999952316284180e+00 -6.243961334228515625e+00 1.152635478973388672e+01
1.312500000000000000e+00 -6.173123836517333984e+00 1.155298423767089844e+01
1.325000047683715820e+00 -5.963066577911376953e+00 1.158294486999511719e+01
1.337499976158142090e+00 -5.622277736663818359e+00 1.158907222747802734e+01
1.350000023841857910e+00 -5.141040802001953125e+00 1.160592460632324219e+01
1.362499952316284180e+00 -4.540260314941406250e+00 1.163460636138916016e+01
1.375000000000000000e+00 -3.844915628433227539e+00 1.163541507720947266e+01
1.387500047683715820e+00 -3.050710201263427734e+00 1.163754177093505859e+01
1.399999976158142090e+00 -2.179930210113525391e+00 1.166257381439208984e+01
1.412500023841857910e+00 -1.272701263427734375e+00 1.165403556823730469e+01
1.424999952316284180e+00 -3.147835731506347656e-01 1.163479518890380859e+01
1.437500000000000000e+00 6.871526837348937988e-01 1.167046070098876953e+01
1.450000047683715820e+00 1.620883703231811523e+00 1.160722637176513672e+01
1.462499976158142090e+00 2.417558670043945312e+00 1.121944141387939453e+01
1.475000023841857910e+00 3.166700363159179688e+00 1.059978008270263672e+01
1.487499952316284180e+00 3.944073200225830078e+00 1.003007698059082031e+01
1.500000000000000000e+00 4.679417610168457031e+00 9.602253913879394531e+00
1.512500047683715820e+00 5.284008502960205078e+00 9.272542953491210938e+00
1.524999976158142090e+00 5.744564533233642578e+00 9.050014495849609375e+00
1.537500023841857910e+00 6.059395313262939453e+00 8.920444488525390625e+00
1.549999952316284180e+00 6.220215320587158203e+00 8.829298019409179688e+00
1.562500000000000000e+00 6.238148212432861328e+00 8.791441917419433594e+00
1.575000047683715820e+00 6.113242149353027344e+00 8.825419425964355469e+00
1.587499976158142090e+00 5.838253974914550781e+00 8.895240783691406250e+00
1.600000023841857910e+00 5.433763504028320312e+00 9.023393630981445312e+00
1.612499952316284180e+00 4.911015987396240234e+00 9.252836227416992188e+00
1.625000000000000000e+00 4.267141342163085938e+00 9.535272598266601562e+00
1.637500047683715820e+00 3.550698757171630859e+00 9.880809783935546875e+00
1.649999976158142090e+00 2.802471876144409180e+00 1.039473056793212891e+01
1.662500023841857910e+00 1.955092668533325195e+00 1.096670532226562500e+01
1.674999952316284180e+00 9.592694640159606934e-01 1.129172134399414062e+01
1.687500000000000000e+00 -7.457651197910308838e-02 1.132962608337402344e+01
1.700000047683715820e+00 -1.026630163192749023e+00 1.132408237457275391e+01
1.712499976158142090e+00 -1.920969963073730469e+00 1.137106704711914062e+01
1.725000023841857910e+00 -2.799540758132934570e+00 1.138887786865234375e+01
1.737499952316284180e+00 -3.616737365722656250e+00 1.138881874084472656e+01
1.750000000000000000e+00 -4.336752414703369141e+00 1.142244911193847656e+01
1.762500047683715820e+00 -4.968121051788330078e+00 1.144923400878906250e+01
1.774999976158142090e+00 -5.489699840545654297e+00 1.145506477355957031e+01
1.787500023841857910e+00 -5.871901512145996094e+00 1.148287487030029297e+01
1.799999952316284180e+00 -6.122460365295410156e+00 1.151491069793701172e+01
1.812500000000000000e+00 -6.238890647888183594e+00 1.152413082122802734e+01
1.825000047683715820e+00 -6.200665950775146484e+00 1.154542541503906250e+01
1.837499976158142090e+00 -6.018275737762451172e+00 1.157867813110351562e+01
1.850000023841857910e+00 -5.706210613250732422e+00 1.158845138549804688e+01
1.862499952316284180e+00 -5.254392147064208984e+00 1.160002136230468750e+01
1.875000000000000000e+00 -4.675914764404296875e+00 1.163010215759277344e+01
1.887500047683715820e+00 -4.000471591949462891e+00 1.163722801208496094e+01
1.899999976158142090e+00 -3.227185010910034180e+00 1.163431835174560547e+01
1.912500023841857910e+00 -2.368495464324951172e+00 1.165805721282958984e+01
1.924999952316284180e+00 -1.468164324760437012e+00 1.165985012054443359e+01
1.937500000000000000e+00 -5.235952138900756836e-01 1.163452243804931641e+01
1.950000047683715820e+00 4.755321145057678223e-01 1.166192913055419922e+01
1.962499976158142090e+00 1.434482812881469727e+00 1.164320659637451172e+01
1.975000023841857910e+00 2.257103919982910156e+00 1.133004665374755859e+01
1.987499952316284180e+00 3.005699872970581055e+00 1.073536396026611328e+01
2.000000000000000000e+00 3.778684139251708984e+00 1.013826179504394531e+01
