0.000000000000000000e+00 6.178501605987548828e+00 8.859148979187011719e+00
1.250000018626451492e-02 6.247219085693359375e+00 8.796375274658203125e+00
2.500000037252902985e-02 6.175502300262451172e+00 8.807188987731933594e+00
3.750000149011611938e-02 5.953255653381347656e+00 8.866823196411132812e+00
5.000000074505805969e-02 5.591377735137939453e+00 8.966474533081054688e+00
6.250000000000000000e-02 5.110828399658203125e+00 9.161399841308593750e+00
7.500000298023223877e-02 4.506548881530761719e+00 9.432470321655273438e+00
8.749999850988388062e-02 3.805981159210205078e+00 9.744421958923339844e+00
1.000000014901161194e-01 3.069587230682373047e+00 1.019511508941650391e+01
1.124999970197677612e-01 2.266827821731567383e+00 1.078112506866455078e+01
1.250000000000000000e-01 1.316029667854309082e+00 1.121889877319335938e+01
1.375000029802322388e-01 2.745581567287445068e-01 1.133441352844238281e+01
1.500000059604644775e-01 -7.118768095970153809e-01 1.131826972961425781e+01
1.624999940395355225e-01 -1.619447231292724609e+00 1.135401248931884766e+01
1.749999970197677612e-01 -2.506541967391967773e+00 1.138829135894775391e+01
1.875000000000000000e-01 -3.353129625320434570e+00 1.138564205169677734e+01
2.000000029802322388e-01 -4.106888771057128906e+00 1.140859413146972656e+01
2.125000059604644775e-01 -4.768905639648437500e+00 1.144401359558105469e+01
2.249999940395355225e-01 -5.332414627075195312e+00 1.145232772827148438e+01
2.374999970197677612e-01 -5.761885166168212891e+00 1.147075176239013672e+01
2.500000000000000000e-01 -6.054442405700683594e+00 1.150709915161132812e+01
2.624999880790710449e-01 -6.217162132263183594e+00 1.152203941345214844e+01
2.750000059604644775e-01 -6.229552745819091797e+00 1.153559970855712891e+01
2.874999940395355225e-01 -6.090283393859863281e+00 1.156975460052490234e+01
3.000000119209289551e-01 -5.819406509399414062e+00 1.158772182464599609e+01
3.125000000000000000e-01 -5.411623477935791016e+00 1.159368610382080078e+01
3.249999880790710449e-01 -4.868118762969970703e+00 1.162134838104248047e+01
3.375000059604644775e-01 -4.220239639282226562e+00 1.163885307312011719e+01
3.499999940395355225e-01 -3.476680278778076172e+00 1.163294124603271484e+01
3.625000119209289551e-01 -2.638199806213378906e+00 1.164994049072265625e+01
3.750000000000000000e-01 -1.745793342590332031e+00 1.166524314880371094e+01
3.874999880790710449e-01 -8.164509534835815430e-01 1.163986873626708984e+01
4.000000059604644775e-01 1.727632433176040649e-01 1.164861583709716797e+01
4.124999940395355225e-01 1.160299181938171387e+00 1.167020893096923828e+01
4.250000119209289551e-01 2.026433229446411133e+00 1.146144390106201172e+01
4.375000000000000000e-01 2.784699678421020508e+00 1.092482566833496094e+01
4.499999880790710449e-01 3.549226999282836914e+00 1.030017662048339844e+01
4.625000059604644775e-01 4.321605682373046875e+00 9.803339004516601562e+00
4.749999940395355225e-01 4.999182224273681641e+00 9.426700592041015625e+00
4.875000119209289551e-01 5.531949996948242188e+00 9.146805763244628906e+00
5.000000000000000000e-01 5.921740055084228516e+00 8.977596282958984375e+00
5.124999880790710449e-01 6.159155368804931641e+00 8.870830535888671875e+00
5.249999761581420898e-01 6.246165752410888672e+00 8.800701141357421875e+00
5.375000238418579102e-01 6.193021774291992188e+00 8.801977157592773438e+00
5.500000119209289551e-01 5.990378856658935547e+00 8.857691764831542969e+00
5.625000000000000000e-01 5.644918441772460938e+00 8.949268341064453125e+00
5.749999880790710449e-01 5.179636478424072266e+00 9.130413055419921875e+00
5.874999761581420898e-01 4.591262817382812500e+00 9.395714759826660156e+00
6.000000238418579102e-01 3.899289846420288086e+00 9.699187278747558594e+00
6.125000119209289551e-01 3.166415214538574219e+00 1.012604999542236328e+01
6.250000000000000000e-01 2.377783060073852539e+00 1.070647335052490234e+01
6.374999880790710449e-01 1.446888089179992676e+00 1.118085861206054688e+01
6.499999761581420898e-01 4.083865284919738770e-01 1.133312606811523438e+01
6.625000238418579102e-01 -5.901393294334411621e-01 1.131859683990478516e+01
6.750000119209289551e-01 -1.504292488098144531e+00 1.134714508056640625e+01
6.875000000000000000e-01 -2.392952203750610352e+00 1.138681507110595703e+01
6.999999880790710449e-01 -3.248478412628173828e+00 1.138567447662353516e+01
7.124999761581420898e-01 -4.015120983123779297e+00 1.140357780456542969e+01
7.250000238418579102e-01 -4.688335895538330078e+00 1.144094371795654297e+01
7.375000119209289551e-01 -5.266598701477050781e+00 1.145182800292968750e+01
7.500000000000000000e-01 -5.714509010314941406e+00 1.146659183502197266e+01
7.624999880790710449e-01 -6.023808956146240234e+00 1.150310039520263672e+01
7.749999761581420898e-01 -6.204102516174316406e+00 1.152125740051269531e+01
7.875000238418579102e-01 -6.236891269683837891e+00 1.153239345550537109e+01
8.000000119209289551e-01 -6.115922451019287109e+00 1.156539154052734375e+01
8.125000000000000000e-01 -5.861713886260986328e+00 1.158699989318847656e+01
8.249999880790710449e-01 -5.472334384918212891e+00 1.159188175201416016e+01
8.374999761581420898e-01 -4.944804191589355469e+00 1.161717796325683594e+01
8.500000238418579102e-01 -4.309019088745117188e+00 1.163860130310058594e+01
8.625000119209289551e-01 -3.578391313552856445e+00 1.163320732116699219e+01
8.750000000000000000e-01 -2.750533580780029297e+00 1.164628028869628906e+01
8.874999880790710449e-01 -1.862662076950073242e+00 1.166587352752685547e+01
8.999999761581420898e-01 -9.395685195922851562e-01 1.164336204528808594e+01
9.125000238418579102e-01 4.256388172507286072e-02 1.164352703094482422e+01
9.250000119209289551e-01 1.037765860557556152e+00 1.167453479766845703e+01
9.375000000000000000e-01 1.922872066497802734e+00 1.150869369506835938e+01
9.499999880790710449e-01 2.688504934310913086e+00 1.100590229034423828e+01
9.624999761581420898e-01 3.448417186737060547e+00 1.037560367584228516e+01
9.750000238418579102e-01 4.225110054016113281e+00 9.859332084655761719e+00
9.875000119209289551e-01 4.919717788696289062e+00 9.470274925231933594e+00
1.000000000000000000e+00 5.471226215362548828e+00 9.176525115966796875e+00
1.012500047683715820e+00 5.879725456237792969e+00 8.994449615478515625e+00
1.024999976158142090e+00 6.137282371520996094e+00 8.882987976074218750e+00
1.037500023841857910e+00 6.242827892303466797e+00 8.806343078613281250e+00
1.049999952316284180e+00 6.208017349243164062e+00 8.797686576843261719e+00
1.062500000000000000e+00 6.025083065032958984e+00 8.848988533020019531e+00
1.075000047683715820e+00 5.696529865264892578e+00 8.933680534362792969e+00
1.087499976158142090e+00 5.246359348297119141e+00 9.100943565368652344e+00
1.100000023841857910e+00 4.674145698547363281e+00 9.359310150146484375e+00
1.112499952316284180e+00 3.992054700851440430e+00 9.656055450439453125e+00
1.125000000000000000e+00 3.262469768524169922e+00 1.006010150909423828e+01
1.137500047683715820e+00 2.486148595809936523e+00 1.063000011444091797e+01
1.149999976158142090e+00 1.575740456581115723e+00 1.113676357269287109e+01
1.162500023841857910e+00 5.430846214294433594e-01 1.132900047302246094e+01
1.174999952316284180e+00 -4.668099284172058105e-01 1.132012081146240234e+01
1.187500000000000000e+00 -1.388862609863281250e+00 1.134044837951660156e+01
1.200000047683715820e+00 -2.278895139694213867e+00 1.138441562652587891e+01
1.212499976158142090e+00 -3.142229318618774414e+00 1.138617229461669922e+01
1.225000023841857910e+00 -3.921800851821899414e+00 1.139898109436035156e+01
1.237499952316284180e+00 -4.606262207031250000e+00 1.143725681304931641e+01
1.250000000000000000e+00 -5.198549747467041016e+00 1.145142745971679688e+01
1.262500047683715820e+00 -5.664788246154785156e+00 1.146292495727539062e+01
1.274999976158142090e+00 -5.991094112396240234e+00 1.149867630004882812e+01
1.287500023841857910e+00 -6.188559532165527344e+00 1.152031993865966797e+01
1.299999952316284180e+00 -6.241610527038574219e+00 1.152969455718994141e+01
1.312500000000000000e+00 -6.139397144317626953e+00 1.156077480316162109e+01
1.325000047683715820e+00 -5.901776313781738281e+00 1.158590030670166016e+01
1.337499976158142090e+00 -5.530670642852783203e+00 1.159055709838867188e+01
1.350000023841857910e+00 -5.019724845886230469e+00 1.161294460296630859e+01
1.362499952316284180e+00 -4.396260738372802734e+00 1.163774394989013672e+01
1.375000000000000000e+00 -3.678393602371215820e+00 1.163390350341796875e+01
1.387500047683715820e+00 -2.861884593963623047e+00 1.164282798767089844e+01
1.399999976158142090e+00 -1.979060173034667969e+00 1.166555118560791016e+01
1.412500023841857910e+00 -1.061579704284667969e+00 1.164729499816894531e+01
1.424999952316284180e+00 -8.725220710039138794e-02 1.163941860198974609e+01
1.437500000000000000e+00 9.131940603256225586e-01 1.167544841766357422e+01
1.450000047683715820e+00 1.817089796066284180e+00 1.154969024658203125e+01
1.462499976158142090e+00 2.592393398284912109e+00 1.108483600616455078e+01
1.475000023841857910e+00 3.348102092742919922e+00 1.045336818695068359e+01
1.487499952316284180e+00 4.127150535583496094e+00 9.917462348937988281e+00
1.500000000000000000e+00 4.837764739990234375e+00 9.515312194824218750e+00
1.512500047683715820e+00 5.408162117004394531e+00 9.208245277404785156e+00
1.524999976158142090e+00 5.835179805755615234e+00 9.012470245361328125e+00
1.537500023841857910e+00 6.112845420837402344e+00 8.895570755004882812e+00
1.549999952316284180e+00 6.237201213836669922e+00 8.813219070434570312e+00
1.562500000000000000e+00 6.220526695251464844e+00 8.794445991516113281e+00
1.575000047683715820e+00 6.057311058044433594e+00 8.840665817260742188e+00
1.587499976158142090e+00 5.746175765991210938e+00 8.919548988342285156e+00
1.600000023841857910e+00 5.311037540435791016e+00 9.073147773742675781e+00
1.612499952316284180e+00 4.755082130432128906e+00 9.323287010192871094e+00
1.625000000000000000e+00 4.084131240844726562e+00 9.614667892456054688e+00
1.637500047683715820e+00 3.357930421829223633e+00 9.997460365295410156e+00
1.649999976158142090e+00 2.592104434967041016e+00 1.055254554748535156e+01
1.662500023841857910e+00 1.702304244041442871e+00 1.108675193786621094e+01
1.674999952316284180e+00 6.783214211463928223e-01 1.132134151458740234e+01
1.687500000000000000e+00 -3.417938947677612305e-01 1.132260704040527344e+01
1.700000047683715820e+00 -1.273019194602966309e+00 1.133421611785888672e+01
1.712499976158142090e+00 -2.164510011672973633e+00 1.138104915618896484e+01
1.725000023841857910e+00 -3.034476280212402344e+00 1.138695812225341797e+01
1.737499952316284180e+00 -3.826874256134033203e+00 1.139494419097900391e+01
1.750000000000000000e+00 -4.522737979888916016e+00 1.143300342559814453e+01
1.762500047683715820e+00 -5.128354549407958984e+00 1.145097732543945312e+01
1.774999976158142090e+00 -5.612684249877929688e+00 1.145980930328369141e+01
1.787500023841857910e+00 -5.956297874450683594e+00 1.149392318725585938e+01
1.799999952316284180e+00 -6.170601844787597656e+00 1.151910495758056641e+01
1.812500000000000000e+00 -6.243675708770751953e+00 1.152749824523925781e+01
1.825000047683715820e+00 -6.160660266876220703e+00 1.155602931976318359e+01
1.837499976158142090e+00 -5.939637660980224609e+00 1.158433723449707031e+01
1.850000023841857910e+00 -5.586602210998535156e+00 1.158964920043945312e+01
1.862499952316284180e+00 -5.092792510986328125e+00 1.160879325866699219e+01
1.875000000000000000e+00 -4.481985569000244141e+00 1.163624286651611328e+01
1.887500047683715820e+00 -3.776672124862670898e+00 1.163489532470703125e+01
1.899999976158142090e+00 -2.972122192382812500e+00 1.163974571228027344e+01
1.912500023841857910e+00 -2.095004796981811523e+00 1.166431713104248047e+01
1.924999952316284180e+00 -1.182557582855224609e+00 1.165138339996337891e+01
1.937500000000000000e+00 -2.164415121078491211e-01 1.163650798797607422e+01
1.950000047683715820e+00 7.868555784225463867e-01 1.167365074157714844e+01
1.962499976158142090e+00 1.708900570869445801e+00 1.158439826965332031e+01
1.975000023841857910e+00 2.496087074279785156e+00 1.116086483001708984e+01
1.987499952316284180e+00 3.248419761657714844e+00 1.053316497802734375e+01
2.000000000000000000e+00 4.027987003326416016e+00 9.977905273437500000e+00
