0.000000000000000000e+00 6.177901744842529297e+00 8.859558105468750000e+00
1.250000018626451492e-02 6.246905803680419922e+00 8.796546936035156250e+00
2.500000037252902985e-02 6.174901008605957031e+00 8.807403564453125000e+00
3.750000149011611938e-02 5.951748847961425781e+00 8.867196083068847656e+00
5.000000074505805969e-02 5.588515281677246094e+00 8.967350006103515625e+00
6.250000000000000000e-02 5.106177330017089844e+00 9.163374900817871094e+00
7.500000298023223877e-02 4.499604701995849609e+00 9.435311317443847656e+00
8.749999850988388062e-02 3.796976566314697266e+00 9.748639106750488281e+00
1.000000014901161194e-01 3.058785676956176758e+00 1.020256423950195312e+01
1.124999970197677612e-01 2.252773761749267578e+00 1.078992080688476562e+01
1.250000000000000000e-01 1.297602176666259766e+00 1.122339725494384766e+01
1.375000029802322388e-01 2.538357377052307129e-01 1.133407402038574219e+01
1.500000059604644775e-01 -7.326167821884155273e-01 1.131804847717285156e+01
1.624999940395355225e-01 -1.640958428382873535e+00 1.135503864288330078e+01
1.749999970197677612e-01 -2.529420375823974609e+00 1.138826084136962891e+01
1.875000000000000000e-01 -3.375635862350463867e+00 1.138549995422363281e+01
2.000000029802322388e-01 -4.127966880798339844e+00 1.140962505340576172e+01
2.125000059604644775e-01 -4.788541793823242188e+00 1.144453525543212891e+01
2.249999940395355225e-01 -5.349220752716064453e+00 1.145238113403320312e+01
2.374999970197677612e-01 -5.774485588073730469e+00 1.147191619873046875e+01
2.500000000000000000e-01 -6.062801837921142578e+00 1.150815582275390625e+01
2.624999880790710449e-01 -6.220383644104003906e+00 1.152228069305419922e+01
2.750000059604644775e-01 -6.226250648498535156e+00 1.153680229187011719e+01
2.874999940395355225e-01 -6.080648899078369141e+00 1.157126235961914062e+01
3.000000119209289551e-01 -5.803328990936279297e+00 1.158804607391357422e+01
3.125000000000000000e-01 -5.387970447540283203e+00 1.159466648101806641e+01
3.249999880790710449e-01 -4.837448120117187500e+00 1.162313270568847656e+01
3.375000059604644775e-01 -4.183500766754150391e+00 1.163904666900634766e+01
3.499999940395355225e-01 -3.433088541030883789e+00 1.163326644897460938e+01
3.625000119209289551e-01 -2.588648319244384766e+00 1.165185737609863281e+01
3.750000000000000000e-01 -1.692576050758361816e+00 1.166497325897216797e+01
3.874999880790710449e-01 -7.582955956459045410e-01 1.163882541656494141e+01
4.000000059604644775e-01 2.358960658311843872e-01 1.165170478820800781e+01
4.124999940395355225e-01 1.220754861831665039e+00 1.166691493988037109e+01
4.250000119209289551e-01 2.079050540924072266e+00 1.143514537811279297e+01
4.375000000000000000e-01 2.835771560668945312e+00 1.088177776336669922e+01
4.499999880790710449e-01 3.604120969772338867e+00 1.026073169708251953e+01
4.625000059604644775e-01 4.374649047851562500e+00 9.773391723632812500e+00
4.749999940395355225e-01 5.043515205383300781e+00 9.402714729309082031e+00
4.875000119209289551e-01 5.566512584686279297e+00 9.130491256713867188e+00
5.000000000000000000e-01 5.945750236511230469e+00 8.968127250671386719e+00
5.124999880790710449e-01 6.171220302581787109e+00 8.863704681396484375e+00
5.249999761581420898e-01 6.246790409088134766e+00 8.797949790954589844e+00
5.375000238418579102e-01 6.181506633758544922e+00 8.805430412292480469e+00
5.500000119209289551e-01 5.965397357940673828e+00 8.863856315612792969e+00
5.625000000000000000e-01 5.608017921447753906e+00 8.960941314697265625e+00
5.749999880790710449e-01 5.131205558776855469e+00 9.152041435241699219e+00
5.874999761581420898e-01 4.530313491821289062e+00 9.422047615051269531e+00
6.000000238418579102e-01 3.830593585968017578e+00 9.732035636901855469e+00
6.125000119209289551e-01 3.093733787536621094e+00 1.017728424072265625e+01
6.250000000000000000e-01 2.293089389801025391e+00 1.076346015930175781e+01
6.374999880790710449e-01 1.344947814941406250e+00 1.121072483062744141e+01
6.499999761581420898e-01 3.017738461494445801e-01 1.133401584625244141e+01
6.625000238418579102e-01 -6.891118288040161133e-01 1.131793403625488281e+01
6.750000119209289551e-01 -1.599593758583068848e+00 1.135257244110107422e+01
6.875000000000000000e-01 -2.488690137863159180e+00 1.138789081573486328e+01
6.999999880790710449e-01 -3.338330268859863281e+00 1.138539981842041016e+01
7.124999761581420898e-01 -4.095276355743408203e+00 1.140775871276855469e+01
7.250000238418579102e-01 -4.759893894195556641e+00 1.144355869293212891e+01
7.375000119209289551e-01 -5.326039791107177734e+00 1.145215702056884766e+01
7.500000000000000000e-01 -5.757952213287353516e+00 1.147032546997070312e+01
7.624999880790710449e-01 -6.052252769470214844e+00 1.150682258605957031e+01
7.749999761581420898e-01 -6.216263771057128906e+00 1.152201080322265625e+01
7.875000238418579102e-01 -6.229491233825683594e+00 1.153553390502929688e+01
8.000000119209289551e-01 -6.090377330780029297e+00 1.156977272033691406e+01
8.125000000000000000e-01 -5.819097042083740234e+00 1.158785629272460938e+01
8.249999880790710449e-01 -5.410382270812988281e+00 1.159388923645019531e+01
8.374999761581420898e-01 -4.865453243255615234e+00 1.162167739868164062e+01
8.500000238418579102e-01 -4.215827941894531250e+00 1.163909721374511719e+01
8.625000119209289551e-01 -3.470104694366455078e+00 1.163322162628173828e+01
8.750000000000000000e-01 -2.629274368286132812e+00 1.165052509307861328e+01
8.874999880790710449e-01 -1.734734654426574707e+00 1.166546058654785156e+01
8.999999761581420898e-01 -8.028857111930847168e-01 1.163988971710205078e+01
9.125000238418579102e-01 1.890416145324707031e-01 1.164966869354248047e+01
9.250000119209289551e-01 1.177357673645019531e+00 1.166964721679687500e+01
9.375000000000000000e-01 2.042425394058227539e+00 1.145396327972412109e+01
9.499999880790710449e-01 2.801104068756103516e+00 1.091136932373046875e+01
9.624999761581420898e-01 3.567780733108520508e+00 1.028706073760986328e+01
9.750000238418579102e-01 4.340489387512207031e+00 9.792901039123535156e+00
9.875000119209289551e-01 5.015746116638183594e+00 9.417901992797851562e+00
1.000000000000000000e+00 5.545444011688232422e+00 9.140524864196777344e+00
1.012500047683715820e+00 5.931499481201171875e+00 8.973853111267089844e+00
1.024999976158142090e+00 6.164215087890625000e+00 8.867918968200683594e+00
1.037500023841857910e+00 6.246378898620605469e+00 8.799527168273925781e+00
1.049999952316284180e+00 6.187783718109130859e+00 8.803564071655273438e+00
1.062500000000000000e+00 5.978739261627197266e+00 8.860577583312988281e+00
1.075000047683715820e+00 5.627273082733154297e+00 8.954754829406738281e+00
1.087499976158142090e+00 5.155961036682128906e+00 9.140887260437011719e+00
1.100000023841857910e+00 4.560797691345214844e+00 9.408830642700195312e+00
1.112499952316284180e+00 3.864151954650878906e+00 9.715737342834472656e+00
1.125000000000000000e+00 3.128561735153198242e+00 1.015237903594970703e+01
1.137500047683715820e+00 2.333055973052978516e+00 1.073668003082275391e+01
1.149999976158142090e+00 1.392066359519958496e+00 1.119726848602294922e+01
1.162500023841857910e+00 3.498547375202178955e-01 1.133366298675537109e+01
1.174999952316284180e+00 -6.454144120216369629e-01 1.131799030303955078e+01
1.187500000000000000e+00 -1.558205366134643555e+00 1.135009670257568359e+01
1.200000047683715820e+00 -2.447882413864135742e+00 1.138741111755371094e+01
1.212499976158142090e+00 -3.300810098648071289e+00 1.138537693023681641e+01
1.225000023841857910e+00 -4.062391757965087891e+00 1.140592956542968750e+01
1.237499952316284180e+00 -4.731042861938476562e+00 1.144250106811523438e+01
1.250000000000000000e+00 -5.302561283111572266e+00 1.145196342468261719e+01
1.262500047683715820e+00 -5.741121768951416016e+00 1.146878814697265625e+01
1.274999976158142090e+00 -6.041432380676269531e+00 1.150542545318603516e+01
1.287500023841857910e+00 -6.211815357208251953e+00 1.152173709869384766e+01
1.299999952316284180e+00 -6.232398986816406250e+00 1.153432846069335938e+01
1.312500000000000000e+00 -6.099830627441406250e+00 1.156823635101318359e+01
1.325000047683715820e+00 -5.834568977355957031e+00 1.158763122558593750e+01
1.337499976158142090e+00 -5.432492733001708984e+00 1.159317779541015625e+01
1.350000023841857910e+00 -4.893241405487060547e+00 1.162019443511962891e+01
1.362499952316284180e+00 -4.247951984405517578e+00 1.163908004760742188e+01
1.375000000000000000e+00 -3.506904840469360352e+00 1.163324737548828125e+01
1.387500047683715820e+00 -2.669791221618652344e+00 1.164919376373291016e+01
1.399999976158142090e+00 -1.776826262474060059e+00 1.166582775115966797e+01
1.412500023841857910e+00 -8.473260402679443359e-01 1.164104938507080078e+01
1.424999952316284180e+00 1.421960294246673584e-01 1.164771270751953125e+01
1.437500000000000000e+00 1.133663535118103027e+00 1.167183971405029297e+01
1.450000047683715820e+00 2.005548238754272461e+00 1.147199916839599609e+01
1.462499976158142090e+00 2.766483068466186523e+00 1.094079971313476562e+01
1.475000023841857910e+00 3.531476020812988281e+00 1.031372356414794922e+01
1.487499952316284180e+00 4.306103706359863281e+00 9.812660217285156250e+00
1.500000000000000000e+00 4.987655162811279297e+00 9.433286666870117188e+00
1.512500047683715820e+00 5.524073123931884766e+00 9.150815963745117188e+00
1.524999976158142090e+00 5.916915893554687500e+00 8.979702949523925781e+00
1.537500023841857910e+00 6.156884670257568359e+00 8.872196197509765625e+00
1.549999952316284180e+00 6.245672225952148438e+00 8.801277160644531250e+00
1.562500000000000000e+00 6.193732738494873047e+00 8.801811218261718750e+00
1.575000047683715820e+00 5.991770744323730469e+00 8.857357978820800781e+00
1.587499976158142090e+00 5.646280765533447266e+00 8.948782920837402344e+00
1.600000023841857910e+00 5.180444717407226562e+00 9.129920959472656250e+00
1.612499952316284180e+00 4.591051101684570312e+00 9.395658493041992188e+00
1.625000000000000000e+00 3.897646427154541016e+00 9.699728012084960938e+00
1.637500047683715820e+00 3.163280010223388672e+00 1.012786388397216797e+01
1.649999976158142090e+00 2.372679233551025391e+00 1.070962142944335938e+01
1.662500023841857910e+00 1.438942074775695801e+00 1.118302536010742188e+01
1.674999952316284180e+00 3.980653584003448486e-01 1.133298397064208984e+01
1.687500000000000000e+00 -6.015180349349975586e-01 1.131821155548095703e+01
1.700000047683715820e+00 -1.516788601875305176e+00 1.134762668609619141e+01
1.712499976158142090e+00 -2.407005071640014648e+00 1.138681793212890625e+01
1.725000023841857910e+00 -3.263078212738037109e+00 1.138542461395263672e+01
1.737499952316284180e+00 -4.029309272766113281e+00 1.140414333343505859e+01
1.750000000000000000e+00 -4.701993465423583984e+00 1.144136142730712891e+01
1.762500047683715820e+00 -5.278788566589355469e+00 1.145179176330566406e+01
1.774999976158142090e+00 -5.723990917205810547e+00 1.146730899810791016e+01
1.787500023841857910e+00 -6.030342578887939453e+00 1.150396728515625000e+01
1.799999952316284180e+00 -6.207040309906005859e+00 1.152145195007324219e+01
1.812500000000000000e+00 -6.234972000122070312e+00 1.153318595886230469e+01
1.825000047683715820e+00 -6.109007358551025391e+00 1.156665802001953125e+01
1.837499976158142090e+00 -5.849746704101562500e+00 1.158736610412597656e+01
1.850000023841857910e+00 -5.454299926757812500e+00 1.159253215789794922e+01
1.862499952316284180e+00 -4.920808315277099609e+00 1.161869144439697266e+01
1.875000000000000000e+00 -4.279874324798583984e+00 1.163899040222167969e+01
1.887500047683715820e+00 -3.543486595153808594e+00 1.163333988189697266e+01
1.899999976158142090e+00 -2.710192918777465820e+00 1.164787292480468750e+01
1.912500023841857910e+00 -1.818853497505187988e+00 1.166607093811035156e+01
1.924999952316284180e+00 -8.916181921958923340e-01 1.164229297637939453e+01
1.937500000000000000e+00 9.537301957607269287e-02 1.164585399627685547e+01
1.950000047683715820e+00 1.089681863784790039e+00 1.167352294921875000e+01
1.962499976158142090e+00 1.968406915664672852e+00 1.148924255371093750e+01
1.975000023841857910e+00 2.731898784637451172e+00 1.097003364562988281e+01
1.987499952316284180e+00 3.495216369628906250e+00 1.034071254730224609e+01
2.000000000000000000e+00 4.271502971649169922e+00 9.832674980163574219e+00
