0.000000000000000000e+00 6.177301883697509766e+00 8.859955787658691406e+00
1.250000018626451492e-02 6.246593475341796875e+00 8.796708106994628906e+00
2.500000037252902985e-02 6.174299240112304688e+00 8.807609558105468750e+00
3.750000149011611938e-02 5.950240612030029297e+00 8.867559432983398438e+00
5.000000074505805969e-02 5.585649013519287109e+00 8.968220710754394531e+00
6.250000000000000000e-02 5.101519107818603516e+00 9.165348052978515625e+00
7.500000298023223877e-02 4.492651462554931641e+00 9.438147544860839844e+00
8.749999850988388062e-02 3.787970542907714844e+00 9.752870559692382812e+00
1.000000014901161194e-01 3.047976493835449219e+00 1.021004009246826172e+01
1.124999970197677612e-01 2.238682270050048828e+00 1.079867076873779297e+01
1.250000000000000000e-01 1.279143452644348145e+00 1.122777652740478516e+01
1.375000029802322388e-01 2.331400662660598755e-01 1.133368587493896484e+01
1.500000059604644775e-01 -7.533145546913146973e-01 1.131787014007568359e+01
1.624999940395355225e-01 -1.662460803985595703e+00 1.135606479644775391e+01
1.749999970197677612e-01 -2.552268981933593750e+00 1.138820266723632812e+01
1.875000000000000000e-01 -3.398059606552124023e+00 1.138539505004882812e+01
2.000000029802322388e-01 -4.148960113525390625e+00 1.141067695617675781e+01
2.125000059604644775e-01 -4.808075904846191406e+00 1.144502925872802734e+01
2.249999940395355225e-01 -5.365862369537353516e+00 1.145246696472167969e+01
2.374999970197677612e-01 -5.786904335021972656e+00 1.147312355041503906e+01
2.500000000000000000e-01 -6.070975303649902344e+00 1.150918388366699219e+01
2.624999880790710449e-01 -6.223356246948242188e+00 1.152253818511962891e+01
2.750000059604644775e-01 -6.222675323486328125e+00 1.153806972503662109e+01
2.874999940395355225e-01 -6.070765018463134766e+00 1.157273960113525391e+01
3.000000119209289551e-01 -5.786956310272216797e+00 1.158835411071777344e+01
3.125000000000000000e-01 -5.363996982574462891e+00 1.159572982788085938e+01
3.249999880790710449e-01 -4.806527137756347656e+00 1.162488842010498047e+01
3.375000059604644775e-01 -4.146504878997802734e+00 1.163916683197021484e+01
3.499999940395355225e-01 -3.389208793640136719e+00 1.163369750976562500e+01
3.625000119209289551e-01 -2.538948297500610352e+00 1.165376472473144531e+01
3.750000000000000000e-01 -1.639252305030822754e+00 1.166452026367187500e+01
3.874999880790710449e-01 -6.998905539512634277e-01 1.163796615600585938e+01
4.000000059604644775e-01 2.990178167819976807e-01 1.165490055084228516e+01
4.124999940395355225e-01 1.280622720718383789e+00 1.166252231597900391e+01
4.250000119209289551e-01 2.131165504455566406e+00 1.140728473663330078e+01
4.375000000000000000e-01 2.886934757232666016e+00 1.083847141265869141e+01
4.499999880790710449e-01 3.659045934677124023e+00 1.022206783294677734e+01
4.625000059604644775e-01 4.427112102508544922e+00 9.744007110595703125e+00
4.749999940395355225e-01 5.087027549743652344e+00 9.379218101501464844e+00
4.875000119209289551e-01 5.600261688232421875e+00 9.114849090576171875e+00
5.000000000000000000e-01 5.968804836273193359e+00 8.958965301513671875e+00
5.124999880790710449e-01 6.182309627532958984e+00 8.856760978698730469e+00
5.249999761581420898e-01 6.246477603912353516e+00 8.795734405517578125e+00
5.375000238418579102e-01 6.168897628784179688e+00 8.809224128723144531e+00
5.500000119209289551e-01 5.939345359802246094e+00 8.870217323303222656e+00
5.625000000000000000e-01 5.570216178894042969e+00 8.973406791687011719e+00
5.749999880790710449e-01 5.081738471984863281e+00 9.174344062805175781e+00
5.874999761581420898e-01 4.468472480773925781e+00 9.448551177978515625e+00
6.000000238418579102e-01 3.761659622192382812e+00 9.766127586364746094e+00
6.125000119209289551e-01 3.020554542541503906e+00 1.023011875152587891e+01
6.250000000000000000e-01 2.206847190856933594e+00 1.081899452209472656e+01
6.374999880790710449e-01 1.241945624351501465e+00 1.123689651489257812e+01
6.499999761581420898e-01 1.958469599485397339e-01 1.133346652984619141e+01
6.625000238418579102e-01 -7.871076464653015137e-01 1.131814670562744141e+01
6.750000119209289551e-01 -1.694754600524902344e+00 1.135796642303466797e+01
6.875000000000000000e-01 -2.583990097045898438e+00 1.138837623596191406e+01
6.999999880790710449e-01 -3.426949501037597656e+00 1.138557147979736328e+01
7.124999761581420898e-01 -4.174266815185546875e+00 1.141216754913330078e+01
7.250000238418579102e-01 -4.830199718475341797e+00 1.144569396972656250e+01
7.375000119209289551e-01 -5.383588790893554688e+00 1.145269107818603516e+01
7.500000000000000000e-01 -5.799435615539550781e+00 1.147442913055419922e+01
7.624999880790710449e-01 -6.078851222991943359e+00 1.151013755798339844e+01
7.749999761581420898e-01 -6.226118087768554688e+00 1.152275657653808594e+01
7.875000238418579102e-01 -6.219679832458496094e+00 1.153914451599121094e+01
8.000000119209289551e-01 -6.062769412994384766e+00 1.157382774353027344e+01
8.125000000000000000e-01 -5.774196147918701172e+00 1.158846378326416016e+01
8.249999880790710449e-01 -5.346039772033691406e+00 1.159643840789794922e+01
8.374999761581420898e-01 -4.784319400787353516e+00 1.162596988677978516e+01
8.500000238418579102e-01 -4.120925426483154297e+00 1.163903141021728516e+01
8.625000119209289551e-01 -3.359948396682739258e+00 1.163385581970214844e+01
8.750000000000000000e-01 -2.507043838500976562e+00 1.165478515625000000e+01
8.874999880790710449e-01 -1.606195807456970215e+00 1.166394519805908203e+01
8.999999761581420898e-01 -6.647965312004089355e-01 1.163733100891113281e+01
9.125000238418579102e-01 3.355986773967742920e-01 1.165657711029052734e+01
9.250000119209289551e-01 1.313975095748901367e+00 1.165934276580810547e+01
9.375000000000000000e-01 2.159357786178588867e+00 1.139121341705322266e+01
9.499999880790710449e-01 2.914124965667724609e+00 1.081516742706298828e+01
9.624999761581420898e-01 3.687464475631713867e+00 1.020214366912841797e+01
9.750000238418579102e-01 4.453334808349609375e+00 9.729211807250976562e+00
9.875000119209289551e-01 5.108098030090332031e+00 9.367747306823730469e+00
1.000000000000000000e+00 5.616123199462890625e+00 9.107510566711425781e+00
1.012500047683715820e+00 5.979262351989746094e+00 8.954709053039550781e+00
1.024999976158142090e+00 6.187122344970703125e+00 8.853610992431640625e+00
1.037500023841857910e+00 6.246181011199951172e+00 8.794869422912597656e+00
1.049999952316284180e+00 6.163293838500976562e+00 8.810896873474121094e+00
1.062500000000000000e+00 5.928266048431396484e+00 8.872918128967285156e+00
1.075000047683715820e+00 5.554633140563964844e+00 8.978734970092773438e+00
1.087499976158142090e+00 5.061789512634277344e+00 9.183438301086425781e+00
1.100000023841857910e+00 4.444165229797363281e+00 9.458986282348632812e+00
1.112499952316284180e+00 3.735318422317504883e+00 9.779590606689453125e+00
1.125000000000000000e+00 2.993045568466186523e+00 1.025040340423583984e+01
1.137500047683715820e+00 2.174793243408203125e+00 1.083907604217529297e+01
1.149999976158142090e+00 1.204630851745605469e+00 1.124554538726806641e+01
1.162500023841857910e+00 1.586567759513854980e-01 1.133311176300048828e+01
1.174999952316284180e+00 -8.207933902740478516e-01 1.131853103637695312e+01
1.187500000000000000e+00 -1.727038741111755371e+00 1.135984516143798828e+01
1.200000047683715820e+00 -2.615653038024902344e+00 1.138849353790283203e+01
1.212499976158142090e+00 -3.455705165863037109e+00 1.138580131530761719e+01
1.225000023841857910e+00 -4.199457645416259766e+00 1.141366767883300781e+01
1.237499952316284180e+00 -4.852194309234619141e+00 1.144631099700927734e+01
1.250000000000000000e+00 -5.401129722595214844e+00 1.145294189453125000e+01
1.262500047683715820e+00 -5.811788558959960938e+00 1.147575855255126953e+01
1.274999976158142090e+00 -6.086559772491455078e+00 1.151105022430419922e+01
1.287500023841857910e+00 -6.228675365447998047e+00 1.152298164367675781e+01
1.299999952316284180e+00 -6.216485500335693359e+00 1.154025268554687500e+01
1.312500000000000000e+00 -6.054606914520263672e+00 1.157488155364990234e+01
1.325000047683715820e+00 -5.761251449584960938e+00 1.158856201171875000e+01
1.337499976158142090e+00 -5.327903747558593750e+00 1.159718799591064453e+01
1.350000023841857910e+00 -4.761984825134277344e+00 1.162702369689941406e+01
1.362499952316284180e+00 -4.095219135284423828e+00 1.163886356353759766e+01
1.375000000000000000e+00 -3.330560922622680664e+00 1.163406181335449219e+01
1.387500047683715820e+00 -2.475082874298095703e+00 1.165578937530517578e+01
1.399999976158142090e+00 -1.573092341423034668e+00 1.166330432891845703e+01
1.412500023841857910e+00 -6.296105384826660156e-01 1.163677501678466797e+01
1.424999952316284180e+00 3.721570372581481934e-01 1.165826320648193359e+01
1.437500000000000000e+00 1.347131371498107910e+00 1.165577983856201172e+01
1.450000047683715820e+00 2.187422037124633789e+00 1.137469577789306641e+01
1.462499976158142090e+00 2.941360235214233398e+00 1.079183197021484375e+01
1.475000023841857910e+00 3.715883255004882812e+00 1.018243026733398438e+01
1.487499952316284180e+00 4.479401111602783203e+00 9.714553833007812500e+00
1.500000000000000000e+00 5.128973484039306641e+00 9.356404304504394531e+00
1.512500047683715820e+00 5.631799697875976562e+00 9.100324630737304688e+00
1.524999976158142090e+00 5.989513397216796875e+00 8.950511932373046875e+00
1.537500023841857910e+00 6.191740989685058594e+00 8.850509643554687500e+00
1.549999952316284180e+00 6.245702743530273438e+00 8.794113159179687500e+00
1.562500000000000000e+00 6.157487392425537109e+00 8.812625885009765625e+00
1.575000047683715820e+00 5.917005062103271484e+00 8.875665664672851562e+00
1.587499976158142090e+00 5.538899898529052734e+00 8.984206199645996094e+00
1.600000023841857910e+00 5.041672229766845703e+00 9.192625999450683594e+00
1.612499952316284180e+00 4.419733524322509766e+00 9.469457626342773438e+00
1.625000000000000000e+00 3.708948850631713867e+00 9.793266296386718750e+00
1.637500047683715820e+00 2.965444326400756836e+00 1.027088451385498047e+01
1.649999976158142090e+00 2.142518520355224609e+00 1.085889625549316406e+01
1.662500023841857910e+00 1.167207360267639160e+00 1.125372695922851562e+01
1.674999952316284180e+00 1.215744316577911377e-01 1.133263683319091797e+01
1.687500000000000000e+00 -8.543754816055297852e-01 1.131902217864990234e+01
1.700000047683715820e+00 -1.759314656257629395e+00 1.136169433593750000e+01
1.712499976158142090e+00 -2.647254228591918945e+00 1.138855552673339844e+01
1.725000023841857910e+00 -3.484325885772705078e+00 1.138608837127685547e+01
1.737499952316284180e+00 -4.224534034729003906e+00 1.141517448425292969e+01
1.750000000000000000e+00 -4.874057292938232422e+00 1.144688034057617188e+01
1.762500047683715820e+00 -5.418483257293701172e+00 1.145322322845458984e+01
1.774999976158142090e+00 -5.823964595794677734e+00 1.147711086273193359e+01
1.787500023841857910e+00 -6.094100475311279297e+00 1.151191997528076172e+01
1.799999952316284180e+00 -6.231026649475097656e+00 1.152321720123291016e+01
1.812500000000000000e+00 -6.213094234466552734e+00 1.154139328002929688e+01
1.825000047683715820e+00 -6.046278476715087891e+00 1.157589817047119141e+01
1.837499976158142090e+00 -5.748121738433837891e+00 1.158865165710449219e+01
1.850000023841857910e+00 -5.309590339660644531e+00 1.159797763824462891e+01
1.862499952316284180e+00 -4.739523410797119141e+00 1.162804698944091797e+01
1.875000000000000000e+00 -4.069384574890136719e+00 1.163866615295410156e+01
1.887500047683715820e+00 -3.301048040390014648e+00 1.163431835174560547e+01
1.899999976158142090e+00 -2.443067550659179688e+00 1.165677356719970703e+01
1.912500023841857910e+00 -1.539940118789672852e+00 1.166259860992431641e+01
1.924999952316284180e+00 -5.943328738212585449e-01 1.163630294799804688e+01
1.937500000000000000e+00 4.086855947971343994e-01 1.165994834899902344e+01
1.950000047683715820e+00 1.380088925361633301e+00 1.165182113647460938e+01
1.962499976158142090e+00 2.215365171432495117e+00 1.135774135589599609e+01
1.975000023841857910e+00 2.968643188476562500e+00 1.076848125457763672e+01
1.987499952316284180e+00 3.744296550750732422e+00 1.016293048858642578e+01
2.000000000000000000e+00 4.505307197570800781e+00 9.700029373168945312e+00
