0.000000000000000000e+00 6.176702022552490234e+00 8.860363006591796875e+00
1.250000018626451492e-02 6.246281147003173828e+00 8.796877861022949219e+00
2.500000037252902985e-02 6.173697471618652344e+00 8.807822227478027344e+00
3.750000149011611938e-02 5.948729991912841797e+00 8.867931365966796875e+00
5.000000074505805969e-02 5.582779407501220703e+00 8.969102859497070312e+00
6.250000000000000000e-02 5.096852779388427734e+00 9.167333602905273438e+00
7.500000298023223877e-02 4.485687255859375000e+00 9.440992355346679688e+00
8.749999850988388062e-02 3.778960227966308594e+00 9.757128715515136719e+00
1.000000014901161194e-01 3.037157058715820312e+00 1.021755218505859375e+01
1.124999970197677612e-01 2.224550485610961914e+00 1.080738067626953125e+01
1.250000000000000000e-01 1.260652422904968262e+00 1.123203849792480469e+01
1.375000029802322388e-01 2.124700844287872314e-01 1.133325099945068359e+01
1.500000059604644775e-01 -7.739728093147277832e-01 1.131773185729980469e+01
1.624999940395355225e-01 -1.683956861495971680e+00 1.135708141326904297e+01
1.749999970197677612e-01 -2.575088024139404297e+00 1.138810825347900391e+01
1.875000000000000000e-01 -3.420402288436889648e+00 1.138531589508056641e+01
2.000000029802322388e-01 -4.169870376586914062e+00 1.141173458099365234e+01
2.125000059604644775e-01 -4.827507972717285156e+00 1.144547843933105469e+01
2.249999940395355225e-01 -5.382338523864746094e+00 1.145256614685058594e+01
2.374999970197677612e-01 -5.799142360687255859e+00 1.147435188293457031e+01
2.500000000000000000e-01 -6.078961372375488281e+00 1.151015853881835938e+01
2.624999880790710449e-01 -6.226077079772949219e+00 1.152279376983642578e+01
2.750000059604644775e-01 -6.218827247619628906e+00 1.153937625885009766e+01
2.874999940395355225e-01 -6.060631275177001953e+00 1.157415866851806641e+01
3.000000119209289551e-01 -5.770285606384277344e+00 1.158863353729248047e+01
3.125000000000000000e-01 -5.339704513549804688e+00 1.159685993194580078e+01
3.249999880790710449e-01 -4.775359153747558594e+00 1.162659358978271484e+01
3.375000059604644775e-01 -4.109248161315917969e+00 1.163921356201171875e+01
3.499999940395355225e-01 -3.345043659210205078e+00 1.163423538208007812e+01
3.625000119209289551e-01 -2.489107131958007812e+00 1.165564537048339844e+01
3.750000000000000000e-01 -1.585813879966735840e+00 1.166389274597167969e+01
3.874999880790710449e-01 -6.412335634231567383e-01 1.163731670379638672e+01
4.000000059604644775e-01 3.620946109294891357e-01 1.165815734863281250e+01
4.124999940395355225e-01 1.339883804321289062e+00 1.165696334838867188e+01
4.250000119209289551e-01 2.182816743850708008e+00 1.137791919708251953e+01
4.375000000000000000e-01 2.938216209411621094e+00 1.079502487182617188e+01
4.499999880790710449e-01 3.713967084884643555e+00 1.018420886993408203e+01
4.625000059604644775e-01 4.478962421417236328e+00 9.715170860290527344e+00
4.749999940395355225e-01 5.129724025726318359e+00 9.356243133544921875e+00
4.875000119209289551e-01 5.633194923400878906e+00 9.099884986877441406e+00
5.000000000000000000e-01 5.990898132324218750e+00 8.950096130371093750e+00
5.124999880790710449e-01 6.192435264587402344e+00 8.850041389465332031e+00
5.249999761581420898e-01 6.245224952697753906e+00 8.794085502624511719e+00
5.375000238418579102e-01 6.155186653137207031e+00 8.813338279724121094e+00
5.500000119209289551e-01 5.912242889404296875e+00 8.876825332641601562e+00
5.625000000000000000e-01 5.531517505645751953e+00 8.986720085144042969e+00
5.749999880790710449e-01 5.031224250793457031e+00 9.197267532348632812e+00
5.874999761581420898e-01 4.405795097351074219e+00 9.475263595581054688e+00
6.000000238418579102e-01 3.692524194717407227e+00 9.801607131958007812e+00
6.125000119209289551e-01 2.946779489517211914e+00 1.028440189361572266e+01
6.250000000000000000e-01 2.119008541107177734e+00 1.087272548675537109e+01
6.374999880790710449e-01 1.138044238090515137e+00 1.125943183898925781e+01
6.499999761581420898e-01 9.073001891374588013e-02 1.133183193206787109e+01
6.625000238418579102e-01 -8.842105865478515625e-01 1.131926059722900391e+01
6.750000119209289551e-01 -1.789819240570068359e+00 1.136316490173339844e+01
6.875000000000000000e-01 -2.678755521774291992e+00 1.138834381103515625e+01
6.999999880790710449e-01 -3.514308452606201172e+00 1.138624477386474609e+01
7.124999761581420898e-01 -4.252124309539794922e+00 1.141667461395263672e+01
7.250000238418579102e-01 -4.899197101593017578e+00 1.144734954833984375e+01
7.375000119209289551e-01 -5.439202785491943359e+00 1.145350456237792969e+01
7.500000000000000000e-01 -5.838996887207031250e+00 1.147879600524902344e+01
7.624999880790710449e-01 -6.103581428527832031e+00 1.151298999786376953e+01
7.749999761581420898e-01 -6.233618259429931641e+00 1.152358436584472656e+01
7.875000238418579102e-01 -6.207507133483886719e+00 1.154314994812011719e+01
8.000000119209289551e-01 -6.033116340637207031e+00 1.157745075225830078e+01
8.125000000000000000e-01 -5.726967334747314453e+00 1.158892726898193359e+01
8.249999880790710449e-01 -5.279369831085205078e+00 1.159951114654541016e+01
8.374999761581420898e-01 -4.701474189758300781e+00 1.162989521026611328e+01
8.500000238418579102e-01 -4.024269104003906250e+00 1.163852024078369141e+01
8.625000119209289551e-01 -3.247989892959594727e+00 1.163518428802490234e+01
8.750000000000000000e-01 -2.383985042572021484e+00 1.165881347656250000e+01
8.874999880790710449e-01 -1.476953506469726562e+00 1.166143608093261719e+01
8.999999761581420898e-01 -5.252901315689086914e-01 1.163600730895996094e+01
9.125000238418579102e-01 4.817928969860076904e-01 1.166363430023193359e+01
9.250000119209289551e-01 1.447376251220703125e+00 1.164274120330810547e+01
9.375000000000000000e-01 2.274100065231323242e+00 1.132098197937011719e+01
9.499999880790710449e-01 3.027849912643432617e+00 1.071847534179687500e+01
9.624999761581420898e-01 3.807092189788818359e+00 1.012100791931152344e+01
9.750000238418579102e-01 4.563311100006103516e+00 9.667999267578125000e+00
9.875000119209289551e-01 5.196804523468017578e+00 9.319977760314941406e+00
1.000000000000000000e+00 5.683242321014404297e+00 9.077403068542480469e+00
1.012500047683715820e+00 6.022960186004638672e+00 8.936727523803710938e+00
1.024999976158142090e+00 6.206092834472656250e+00 8.840269088745117188e+00
1.037500023841857910e+00 6.242209434509277344e+00 8.792471885681152344e+00
1.049999952316284180e+00 6.134492397308349609e+00 8.819414138793945312e+00
1.062500000000000000e+00 5.873822689056396484e+00 8.886259078979492188e+00
1.075000047683715820e+00 5.478641033172607422e+00 9.005908966064453125e+00
1.087499976158142090e+00 4.963778495788574219e+00 9.228140830993652344e+00
1.100000023841857910e+00 4.324624538421630859e+00 9.509958267211914062e+00
1.112499952316284180e+00 3.605803251266479492e+00 9.848489761352539062e+00
1.125000000000000000e+00 2.855308294296264648e+00 1.035315513610839844e+01
1.137500047683715820e+00 2.011077165603637695e+00 1.093495941162109375e+01
1.149999976158142090e+00 1.014428615570068359e+00 1.128190422058105469e+01
1.162500023841857910e+00 -2.976649068295955658e-02 1.132940578460693359e+01
1.174999952316284180e+00 -9.934156537055969238e-01 1.132192134857177734e+01
1.187500000000000000e+00 -1.895606994628906250e+00 1.136882972717285156e+01
1.200000047683715820e+00 -2.781675100326538086e+00 1.138808536529541016e+01
1.212499976158142090e+00 -3.606755495071411133e+00 1.138780784606933594e+01
1.225000023841857910e+00 -4.333162307739257812e+00 1.142159461975097656e+01
1.237499952316284180e+00 -4.969421386718750000e+00 1.144874858856201172e+01
1.250000000000000000e+00 -5.494036197662353516e+00 1.145481681823730469e+01
1.262500047683715820e+00 -5.876975536346435547e+00 1.148340415954589844e+01
1.274999976158142090e+00 -6.126366615295410156e+00 1.151536655426025391e+01
1.287500023841857910e+00 -6.238922595977783203e+00 1.152455234527587891e+01
1.299999952316284180e+00 -6.194100856781005859e+00 1.154721355438232422e+01
1.312500000000000000e+00 -6.003814220428466797e+00 1.158030891418457031e+01
1.325000047683715820e+00 -5.681635379791259766e+00 1.158920860290527344e+01
1.337499976158142090e+00 -5.217176437377929688e+00 1.160256195068359375e+01
1.350000023841857910e+00 -4.626263141632080078e+00 1.163279724121093750e+01
1.362499952316284180e+00 -3.937889575958251953e+00 1.163759613037109375e+01
1.375000000000000000e+00 -3.149641990661621094e+00 1.163667774200439453e+01
1.387500047683715820e+00 -2.278343200683593750e+00 1.166162681579589844e+01
1.399999976158142090e+00 -1.367505431175231934e+00 1.165839862823486328e+01
1.412500023841857910e+00 -4.083949625492095947e-01 1.163571548461914062e+01
1.424999952316284180e+00 6.009292006492614746e-01 1.166870594024658203e+01
1.437500000000000000e+00 1.552671432495117188e+00 1.162390041351318359e+01
1.450000047683715820e+00 2.364316225051879883e+00 1.125972366333007812e+01
1.462499976158142090e+00 3.118074655532836914e+00 1.064226245880126953e+01
1.475000023841857910e+00 3.899955749511718750e+00 1.006008338928222656e+01
1.487499952316284180e+00 4.645814895629882812e+00 9.622172355651855469e+00
1.500000000000000000e+00 5.261813163757324219e+00 9.285195350646972656e+00
1.512500047683715820e+00 5.731268882751464844e+00 9.056455612182617188e+00
1.524999976158142090e+00 6.052793502807617188e+00 8.923858642578125000e+00
1.537500023841857910e+00 6.217709541320800781e+00 8.831139564514160156e+00
1.549999952316284180e+00 6.237212657928466797e+00 8.792029380798339844e+00
1.562500000000000000e+00 6.111608505249023438e+00 8.825960159301757812e+00
1.575000047683715820e+00 5.833529472351074219e+00 8.896349906921386719e+00
1.587499976158142090e+00 5.424141407012939453e+00 9.026709556579589844e+00
1.600000023841857910e+00 4.894511699676513672e+00 9.259796142578125000e+00
1.612499952316284180e+00 4.242313861846923828e+00 9.545213699340820312e+00
1.625000000000000000e+00 3.518820524215698242e+00 9.897981643676757812e+00
1.637500047683715820e+00 2.762539148330688477e+00 1.042336750030517578e+01
1.649999976158142090e+00 1.900756835937500000e+00 1.099353313446044922e+01
1.662500023841857910e+00 8.901154994964599609e-01 1.129972076416015625e+01
1.674999952316284180e+00 -1.488981246948242188e-01 1.132646846771240234e+01
1.687500000000000000e+00 -1.101737618446350098e+00 1.132563781738281250e+01
1.700000047683715820e+00 -2.001326084136962891e+00 1.137391376495361328e+01
1.712499976158142090e+00 -2.883714199066162109e+00 1.138748455047607422e+01
1.725000023841857910e+00 -3.697741985321044922e+00 1.139002704620361328e+01
1.737499952316284180e+00 -4.413003921508789062e+00 1.142636299133300781e+01
1.750000000000000000e+00 -5.038100719451904297e+00 1.144974422454833984e+01
1.762500047683715820e+00 -5.546819210052490234e+00 1.145656681060791016e+01
1.774999976158142090e+00 -5.913114547729492188e+00 1.148806953430175781e+01
1.787500023841857910e+00 -6.147275924682617188e+00 1.151730346679687500e+01
1.799999952316284180e+00 -6.241967678070068359e+00 1.152578544616699219e+01
1.812500000000000000e+00 -6.178662300109863281e+00 1.155148410797119141e+01
1.825000047683715820e+00 -5.972719192504882812e+00 1.158270549774169922e+01
1.837499976158142090e+00 -5.634267330169677734e+00 1.158958148956298828e+01
1.850000023841857910e+00 -5.153191566467285156e+00 1.160595798492431641e+01
1.862499952316284180e+00 -4.549754142761230469e+00 1.163522624969482422e+01
1.875000000000000000e+00 -3.850082635879516602e+00 1.163656139373779297e+01
1.887500047683715820e+00 -3.050076484680175781e+00 1.163870048522949219e+01
1.899999976158142090e+00 -2.172243356704711914e+00 1.166394424438476562e+01
1.912500023841857910e+00 -1.257391571998596191e+00 1.165493392944335938e+01
1.924999952316284180e+00 -2.906140983104705811e-01 1.163652706146240234e+01
1.937500000000000000e+00 7.192366123199462891e-01 1.167289638519287109e+01
1.950000047683715820e+00 1.655748486518859863e+00 1.160012722015380859e+01
1.962499976158142090e+00 2.453722476959228516e+00 1.119460105895996094e+01
1.975000023841857910e+00 3.208929777145385742e+00 1.056685829162597656e+01
1.987499952316284180e+00 3.992340326309204102e+00 1.000137996673583984e+01
2.000000000000000000e+00 4.726375102996826172e+00 9.577620506286621094e+00
