0.000000000000000000e+00 6.176101684570312500e+00 8.860671997070312500e+00
1.250000018626451492e-02 6.245969772338867188e+00 8.796949386596679688e+00
2.500000037252902985e-02 6.173095226287841797e+00 8.807938575744628906e+00
3.750000149011611938e-02 5.947218418121337891e+00 8.868205070495605469e+00
5.000000074505805969e-02 5.579906463623046875e+00 8.969889640808105469e+00
6.250000000000000000e-02 5.092179775238037109e+00 9.169222831726074219e+00
7.500000298023223877e-02 4.478714942932128906e+00 9.443735122680664062e+00
8.749999850988388062e-02 3.769949197769165039e+00 9.761301040649414062e+00
1.000000014901161194e-01 3.026329755783081055e+00 1.022498893737792969e+01
1.124999970197677612e-01 2.210381269454956055e+00 1.081593894958496094e+01
1.250000000000000000e-01 1.242133140563964844e+00 1.123607921600341797e+01
1.375000029802322388e-01 1.918300688266754150e-01 1.133267211914062500e+01
1.500000059604644775e-01 -7.945890426635742188e-01 1.131753444671630859e+01
1.624999940395355225e-01 -1.705444216728210449e+00 1.135799026489257812e+01
1.749999970197677612e-01 -2.597873687744140625e+00 1.138788509368896484e+01
1.875000000000000000e-01 -3.442660808563232422e+00 1.138517093658447266e+01
2.000000029802322388e-01 -4.190696239471435547e+00 1.141270160675048828e+01
2.125000059604644775e-01 -4.846835136413574219e+00 1.144579219818115234e+01
2.249999940395355225e-01 -5.398648262023925781e+00 1.145259189605712891e+01
2.374999970197677612e-01 -5.811201095581054688e+00 1.147550678253173828e+01
2.500000000000000000e-01 -6.086760044097900391e+00 1.151099109649658203e+01
2.624999880790710449e-01 -6.228546142578125000e+00 1.152296352386474609e+01
2.750000059604644775e-01 -6.214709758758544922e+00 1.154063415527343750e+01
2.874999940395355225e-01 -6.050249576568603516e+00 1.157543277740478516e+01
3.000000119209289551e-01 -5.753316402435302734e+00 1.158880043029785156e+01
3.125000000000000000e-01 -5.315099239349365234e+00 1.159796619415283203e+01
3.249999880790710449e-01 -4.743949413299560547e+00 1.162814807891845703e+01
3.375000059604644775e-01 -4.071730136871337891e+00 1.163909912109375000e+01
3.499999940395355225e-01 -3.300600767135620117e+00 1.163478565216064453e+01
3.625000119209289551e-01 -2.439136743545532227e+00 1.165738296508789062e+01
3.750000000000000000e-01 -1.532256484031677246e+00 1.166299915313720703e+01
3.874999880790710449e-01 -5.823284983634948730e-01 1.163679695129394531e+01
4.000000059604644775e-01 4.250876605510711670e-01 1.166131782531738281e+01
4.124999940395355225e-01 1.398518919944763184e+00 1.165006637573242188e+01
4.250000119209289551e-01 2.234041690826416016e+00 1.134700202941894531e+01
4.375000000000000000e-01 2.989635229110717773e+00 1.075143909454345703e+01
4.499999880790710449e-01 3.768843650817871094e+00 1.014705467224121094e+01
4.625000059604644775e-01 4.530168056488037109e+00 9.686750411987304688e+00
4.749999940395355225e-01 5.171608448028564453e+00 9.333701133728027344e+00
4.875000119209289551e-01 5.665306568145751953e+00 9.085477828979492188e+00
5.000000000000000000e-01 6.012023925781250000e+00 8.941378593444824219e+00
5.124999880790710449e-01 6.201606750488281250e+00 8.843466758728027344e+00
5.249999761581420898e-01 6.243026733398437500e+00 8.792901039123535156e+00
5.375000238418579102e-01 6.140369415283203125e+00 8.817631721496582031e+00
5.500000119209289551e-01 5.884113788604736328e+00 8.883612632751464844e+00
5.625000000000000000e-01 5.491924762725830078e+00 9.000801086425781250e+00
5.749999880790710449e-01 4.979659080505371094e+00 9.220631599426269531e+00
5.874999761581420898e-01 4.342344284057617188e+00 9.502116203308105469e+00
6.000000238418579102e-01 3.623218536376953125e+00 9.838484764099121094e+00
6.125000119209289551e-01 2.872308731079101562e+00 1.033982086181640625e+01
6.250000000000000000e-01 2.029550552368164062e+00 1.092419910430908203e+01
6.374999880790710449e-01 1.033422827720642090e+00 1.127833080291748047e+01
6.499999761581420898e-01 -1.346946042031049728e-02 1.132935047149658203e+01
6.625000238418579102e-01 -9.805097579956054688e-01 1.132116317749023438e+01
6.750000119209289551e-01 -1.884809017181396484e+00 1.136793327331542969e+01
6.875000000000000000e-01 -2.772882461547851562e+00 1.138780117034912109e+01
6.999999880790710449e-01 -3.600389003753662109e+00 1.138737487792968750e+01
7.124999761581420898e-01 -4.328872680664062500e+00 1.142107295989990234e+01
7.250000238418579102e-01 -4.966817378997802734e+00 1.144847202301025391e+01
7.375000119209289551e-01 -5.492849826812744141e+00 1.145458602905273438e+01
7.500000000000000000e-01 -5.876676082611083984e+00 1.148323631286621094e+01
7.624999880790710449e-01 -6.126409530639648438e+00 1.151528358459472656e+01
7.749999761581420898e-01 -6.238728523254394531e+00 1.152451229095458984e+01
7.875000238418579102e-01 -6.193031787872314453e+00 1.154738807678222656e+01
8.000000119209289551e-01 -6.001426219940185547e+00 1.158049392700195312e+01
8.125000000000000000e-01 -5.677376270294189453e+00 1.158928775787353516e+01
8.249999880790710449e-01 -5.210452556610107422e+00 1.160297870635986328e+01
8.374999761581420898e-01 -4.616975307464599609e+00 1.163323211669921875e+01
8.500000238418579102e-01 -3.925817966461181641e+00 1.163762187957763672e+01
8.625000119209289551e-01 -3.134326934814453125e+00 1.163713932037353516e+01
8.750000000000000000e-01 -2.260224580764770508e+00 1.166226387023925781e+01
8.874999880790710449e-01 -1.346896052360534668e+00 1.165802097320556641e+01
8.999999761581420898e-01 -3.844209909439086914e-01 1.163605690002441406e+01
9.125000238418579102e-01 6.271499395370483398e-01 1.166997909545898438e+01
9.250000119209289551e-01 1.577417135238647461e+00 1.161898899078369141e+01
9.375000000000000000e-01 2.387126207351684570e+00 1.124390602111816406e+01
9.499999880790710449e-01 3.142454862594604492e+00 1.062226676940917969e+01
9.624999761581420898e-01 3.926234483718872070e+00 1.004354000091552734e+01
9.750000238418579102e-01 4.670145988464355469e+00 9.608935356140136719e+00
9.875000119209289551e-01 5.281913280487060547e+00 9.274658203125000000e+00
1.000000000000000000e+00 5.746753215789794922e+00 9.049919128417968750e+00
1.012500047683715820e+00 6.062564373016357422e+00 8.919548034667968750e+00
1.024999976158142090e+00 6.221215248107910156e+00 8.828021049499511719e+00
1.037500023841857910e+00 6.234410762786865234e+00 8.792221069335937500e+00
1.049999952316284180e+00 6.101358413696289062e+00 8.828753471374511719e+00
1.062500000000000000e+00 5.815580368041992188e+00 8.900817871093750000e+00
1.075000047683715820e+00 5.399283885955810547e+00 9.036311149597167969e+00
1.087499976158142090e+00 4.861912250518798828e+00 9.274394035339355469e+00
1.100000023841857910e+00 4.202611446380615234e+00 9.562027931213378906e+00
1.112499952316284180e+00 3.475718259811401367e+00 9.923033714294433594e+00
1.125000000000000000e+00 2.714669704437255859e+00 1.045906734466552734e+01
1.137500047683715820e+00 1.841862916946411133e+00 1.102222728729248047e+01
1.149999976158142090e+00 8.225682973861694336e-01 1.130711078643798828e+01
1.162500023841857910e+00 -2.149060368537902832e-01 1.132435131072998047e+01
1.174999952316284180e+00 -1.163839221000671387e+00 1.132783317565917969e+01
1.187500000000000000e+00 -2.063965320587158203e+00 1.137626552581787109e+01
1.200000047683715820e+00 -2.945396661758422852e+00 1.138670158386230469e+01
1.212499976158142090e+00 -3.753925561904907227e+00 1.139144897460937500e+01
1.225000023841857910e+00 -4.463604927062988281e+00 1.142903041839599609e+01
1.237499952316284180e+00 -5.082368850708007812e+00 1.144999599456787109e+01
1.250000000000000000e+00 -5.581165790557861328e+00 1.145782661437988281e+01
1.262500047683715820e+00 -5.936862945556640625e+00 1.149113178253173828e+01
1.274999976158142090e+00 -6.160663127899169922e+00 1.151832771301269531e+01
1.287500023841857910e+00 -6.242423057556152344e+00 1.152682495117187500e+01
1.299999952316284180e+00 -6.165519714355468750e+00 1.155471897125244141e+01
1.312500000000000000e+00 -5.947444915771484375e+00 1.158423900604248047e+01
1.325000047683715820e+00 -5.595586299896240234e+00 1.159005928039550781e+01
1.337499976158142090e+00 -5.100679397583007812e+00 1.160895156860351562e+01
1.350000023841857910e+00 -4.486273288726806641e+00 1.163694763183593750e+01
1.362499952316284180e+00 -3.775798082351684570e+00 1.163587570190429688e+01
1.375000000000000000e+00 -2.964595317840576172e+00 1.164098548889160156e+01
1.387500047683715820e+00 -2.080013513565063477e+00 1.166566276550292969e+01
1.399999976158142090e+00 -1.159579753875732422e+00 1.165192031860351562e+01
1.412500023841857910e+00 -1.840333640575408936e-01 1.163848781585693359e+01
1.424999952316284180e+00 8.266662359237670898e-01 1.167577552795410156e+01
1.437500000000000000e+00 1.749966025352478027e+00 1.157359886169433594e+01
1.450000047683715820e+00 2.538065671920776367e+00 1.113009262084960938e+01
1.462499976158142090e+00 3.297075510025024414e+00 1.049572467803955078e+01
1.475000023841857910e+00 4.082072734832763672e+00 9.946323394775390625e+00
1.487499952316284180e+00 4.804481983184814453e+00 9.534748077392578125e+00
1.500000000000000000e+00 5.386354446411132812e+00 9.220142364501953125e+00
1.512500047683715820e+00 5.822288990020751953e+00 9.018367767333984375e+00
1.524999976158142090e+00 6.106703281402587891e+00 8.898888587951660156e+00
1.537500023841857910e+00 6.235080242156982422e+00 8.814821243286132812e+00
1.549999952316284180e+00 6.219991207122802734e+00 8.794745445251464844e+00
1.562500000000000000e+00 6.056084632873535156e+00 8.840954780578613281e+00
1.575000047683715820e+00 5.741897583007812500e+00 8.920470237731933594e+00
1.587499976158142090e+00 5.301894187927246094e+00 9.076433181762695312e+00
1.600000023841857910e+00 4.739014625549316406e+00 9.329795837402343750e+00
1.612499952316284180e+00 4.060215473175048828e+00 9.624368667602539062e+00
1.625000000000000000e+00 3.327373504638671875e+00 1.001564216613769531e+01
1.637500047683715820e+00 2.552412986755371094e+00 1.058017158508300781e+01
1.649999976158142090e+00 1.647593379020690918e+00 1.110775756835937500e+01
1.662500023841857910e+00 6.110984683036804199e-01 1.132417964935302734e+01
1.674999952316284180e+00 -4.121475219726562500e-01 1.131977272033691406e+01
1.687500000000000000e+00 -1.345316410064697266e+00 1.133686351776123047e+01
1.700000047683715820e+00 -2.242768526077270508e+00 1.138243675231933594e+01
1.712499976158142090e+00 -3.114816665649414062e+00 1.138539028167724609e+01
1.725000023841857910e+00 -3.903352022171020508e+00 1.139729404449462891e+01
1.737499952316284180e+00 -4.594910621643066406e+00 1.143602275848388672e+01
1.750000000000000000e+00 -5.193088054656982422e+00 1.145082187652587891e+01
1.762500047683715820e+00 -5.663584709167480469e+00 1.146246433258056641e+01
1.774999976158142090e+00 -5.991901874542236328e+00 1.149867153167724609e+01
1.787500023841857910e+00 -6.189277172088623047e+00 1.152035236358642578e+01
1.799999952316284180e+00 -6.239596366882324219e+00 1.153021526336669922e+01
1.812500000000000000e+00 -6.132425308227539062e+00 1.156215763092041016e+01
1.825000047683715820e+00 -5.888212680816650391e+00 1.158670043945312500e+01
1.837499976158142090e+00 -5.507905960083007812e+00 1.159156799316406250e+01
1.850000023841857910e+00 -4.986128807067871094e+00 1.161548328399658203e+01
1.862499952316284180e+00 -4.351891994476318359e+00 1.163910675048828125e+01
1.875000000000000000e+00 -3.621588230133056641e+00 1.163446998596191406e+01
1.887500047683715820e+00 -2.791852235794067383e+00 1.164602088928222656e+01
1.899999976158142090e+00 -1.898668527603149414e+00 1.166704654693603516e+01
1.912500023841857910e+00 -9.699267745018005371e-01 1.164564800262451172e+01
1.924999952316284180e+00 1.825498975813388824e-02 1.164403533935546875e+01
1.937500000000000000e+00 1.022391438484191895e+00 1.167613792419433594e+01
1.950000047683715820e+00 1.916429042816162109e+00 1.151304340362548828e+01
1.962499976158142090e+00 2.688085317611694336e+00 1.100818538665771484e+01
1.975000023841857910e+00 3.453352212905883789e+00 1.037362194061279297e+01
1.987499952316284180e+00 4.235295295715332031e+00 9.854894638061523438e+00
2.000000000000000000e+00 4.932883262634277344e+00 9.464069366455078125e+00
