0.000000000000000000e+00 6.175501823425292969e+00 8.861079216003417969e+00
1.250000018626451492e-02 6.245658397674560547e+00 8.797118186950683594e+00
2.500000037252902985e-02 6.172492980957031250e+00 8.808151245117187500e+00
3.750000149011611938e-02 5.945703983306884766e+00 8.868576049804687500e+00
5.000000074505805969e-02 5.577029228210449219e+00 8.970777511596679688e+00
6.250000000000000000e-02 5.087498188018798828e+00 9.171217918395996094e+00
7.500000298023223877e-02 4.471732139587402344e+00 9.446581840515136719e+00
8.749999850988388062e-02 3.760934591293334961e+00 9.765597343444824219e+00
1.000000014901161194e-01 3.015492200851440430e+00 1.023255825042724609e+01
1.124999970197677612e-01 2.196171760559082031e+00 1.082455253601074219e+01
1.250000000000000000e-01 1.223583102226257324e+00 1.124010467529296875e+01
1.375000029802322388e-01 1.712175607681274414e-01 1.133215236663818359e+01
1.500000059604644775e-01 -8.151671886444091797e-01 1.131748008728027344e+01
1.624999940395355225e-01 -1.726925969123840332e+00 1.135899066925048828e+01
1.749999970197677612e-01 -2.620626926422119141e+00 1.138773345947265625e+01
1.875000000000000000e-01 -3.464837312698364258e+00 1.138516044616699219e+01
2.000000029802322388e-01 -4.211440563201904297e+00 1.141377735137939453e+01
2.125000059604644775e-01 -4.866056919097900391e+00 1.144617176055908203e+01
2.249999940395355225e-01 -5.414790630340576172e+00 1.145274829864501953e+01
2.374999970197677612e-01 -5.823081016540527344e+00 1.147678947448730469e+01
2.500000000000000000e-01 -6.094369888305664062e+00 1.151188087463378906e+01
2.624999880790710449e-01 -6.230761051177978516e+00 1.152324867248535156e+01
2.750000059604644775e-01 -6.210324764251708984e+00 1.154203605651855469e+01
2.874999940395355225e-01 -6.039618968963623047e+00 1.157675170898437500e+01
3.000000119209289551e-01 -5.736045837402343750e+00 1.158905792236328125e+01
3.125000000000000000e-01 -5.290182113647460938e+00 1.159924411773681641e+01
3.249999880790710449e-01 -4.712298870086669922e+00 1.162974357604980469e+01
3.375000059604644775e-01 -4.033946990966796875e+00 1.163903045654296875e+01
3.499999940395355225e-01 -3.255883455276489258e+00 1.163555145263671875e+01
3.625000119209289551e-01 -2.389043092727661133e+00 1.165916156768798828e+01
3.750000000000000000e-01 -1.478569269180297852e+00 1.166205501556396484e+01
3.874999880790710449e-01 -5.231753587722778320e-01 1.163662624359130859e+01
4.000000059604644775e-01 4.879627227783203125e-01 1.166452217102050781e+01
4.124999940395355225e-01 1.456517219543457031e+00 1.164196681976318359e+01
4.250000119209289551e-01 2.284883260726928711e+00 1.131479644775390625e+01
4.375000000000000000e-01 3.041210651397705078e+00 1.070801258087158203e+01
4.499999880790710449e-01 3.823637008666992188e+00 1.011080169677734375e+01
4.625000059604644775e-01 4.580705165863037109e+00 9.658921241760253906e+00
4.749999940395355225e-01 5.212687015533447266e+00 9.311811447143554688e+00
4.875000119209289551e-01 5.696592330932617188e+00 9.071806907653808594e+00
5.000000000000000000e-01 6.032179355621337891e+00 8.932980537414550781e+00
5.124999880790710449e-01 6.209836483001708984e+00 8.837259292602539062e+00
5.249999761581420898e-01 6.239876747131347656e+00 8.792374610900878906e+00
5.375000238418579102e-01 6.124442577362060547e+00 8.822264671325683594e+00
5.500000119209289551e-01 5.854979991912841797e+00 8.890817642211914062e+00
5.625000000000000000e-01 5.451433658599853516e+00 9.015868186950683594e+00
5.749999880790710449e-01 4.927038192749023438e+00 9.244567871093750000e+00
5.874999761581420898e-01 4.278182983398437500e+00 9.529376029968261719e+00
6.000000238418579102e-01 3.553755521774291992e+00 9.877073287963867188e+00
6.125000119209289551e-01 2.797031641006469727e+00 1.039635086059570312e+01
6.250000000000000000e-01 1.938465595245361328e+00 1.097330665588378906e+01
6.374999880790710449e-01 9.282625317573547363e-01 1.129395675659179688e+01
6.499999761581420898e-01 -1.166739091277122498e-01 1.132654571533203125e+01
6.625000238418579102e-01 -1.076107501983642578e+00 1.132400512695312500e+01
6.750000119209289551e-01 -1.979731798171997070e+00 1.137235069274902344e+01
6.875000000000000000e-01 -2.866272449493408203e+00 1.138706207275390625e+01
6.999999880790710449e-01 -3.685191392898559570e+00 1.138918018341064453e+01
7.124999761581420898e-01 -4.404531478881835938e+00 1.142544937133789062e+01
7.250000238418579102e-01 -5.032991886138916016e+00 1.144932556152343750e+01
7.375000119209289551e-01 -5.544510841369628906e+00 1.145620059967041016e+01
7.500000000000000000e-01 -5.912508964538574219e+00 1.148784732818603516e+01
7.624999880790710449e-01 -6.147293090820312500e+00 1.151723575592041016e+01
7.749999761581420898e-01 -6.241424560546875000e+00 1.152583503723144531e+01
7.875000238418579102e-01 -6.176313877105712891e+00 1.155195808410644531e+01
8.000000119209289551e-01 -5.967690944671630859e+00 1.158312129974365234e+01
8.125000000000000000e-01 -5.625393867492675781e+00 1.158987426757812500e+01
8.249999880790710449e-01 -5.139374732971191406e+00 1.160696125030517578e+01
8.374999761581420898e-01 -4.530859470367431641e+00 1.163608074188232422e+01
8.500000238418579102e-01 -3.825532436370849609e+00 1.163671112060546875e+01
8.625000119209289551e-01 -3.019075155258178711e+00 1.163989448547363281e+01
8.750000000000000000e-01 -2.135856151580810547e+00 1.166511344909667969e+01
8.874999880790710449e-01 -1.215890884399414062e+00 1.165416336059570312e+01
8.999999761581420898e-01 -2.423054873943328857e-01 1.163781642913818359e+01
9.125000238418579102e-01 7.711913585662841797e-01 1.167494201660156250e+01
9.250000119209289551e-01 1.704066514968872070e+00 1.158771514892578125e+01
9.375000000000000000e-01 2.498935699462890625e+00 1.116110134124755859e+01
9.499999880790710449e-01 3.258009910583496094e+00 1.052768421173095703e+01
9.624999761581420898e-01 4.044439792633056641e+00 9.969801902770996094e+00
9.750000238418579102e-01 4.773639678955078125e+00 9.552070617675781250e+00
9.875000119209289551e-01 5.363480091094970703e+00 9.232153892517089844e+00
1.000000000000000000e+00 5.806591033935546875e+00 9.025012969970703125e+00
1.012500047683715820e+00 6.098073482513427734e+00 8.903190612792968750e+00
1.024999976158142090e+00 6.232570648193359375e+00 8.817324638366699219e+00
1.037500023841857910e+00 6.222711563110351562e+00 8.794210433959960938e+00
1.049999952316284180e+00 6.063906669616699219e+00 8.838913917541503906e+00
1.062500000000000000e+00 5.753703594207763672e+00 8.917181968688964844e+00
1.075000047683715820e+00 5.316502571105957031e+00 9.070138931274414062e+00
1.087499976158142090e+00 4.756241798400878906e+00 9.321947097778320312e+00
1.100000023841857910e+00 4.078587055206298828e+00 9.616003036499023438e+00
1.112499952316284180e+00 3.345006704330444336e+00 1.000388431549072266e+01
1.125000000000000000e+00 2.570426464080810547e+00 1.056652927398681641e+01
1.137500047683715820e+00 1.667351841926574707e+00 1.109945964813232422e+01
1.149999976158142090e+00 6.301879882812500000e-01 1.132272148132324219e+01
1.162500023841857910e+00 -3.965145051479339600e-01 1.131977176666259766e+01
1.174999952316284180e+00 -1.332653164863586426e+00 1.133590602874755859e+01
1.187500000000000000e+00 -2.231990098953247070e+00 1.138189888000488281e+01
1.200000047683715820e+00 -3.106309890747070312e+00 1.138523197174072266e+01
1.212499976158142090e+00 -3.897290229797363281e+00 1.139683437347412109e+01
1.225000023841857910e+00 -4.590803623199462891e+00 1.143567371368408203e+01
1.237499952316284180e+00 -5.190664291381835938e+00 1.145068740844726562e+01
1.250000000000000000e+00 -5.662507534027099609e+00 1.146232128143310547e+01
1.262500047683715820e+00 -5.991590499877929688e+00 1.149862480163574219e+01
1.274999976158142090e+00 -6.189201354980468750e+00 1.152036762237548828e+01
1.287500023841857910e+00 -6.239140987396240234e+00 1.153033161163330078e+01
1.299999952316284180e+00 -6.131014347076416016e+00 1.156245422363281250e+01
1.312500000000000000e+00 -5.885397911071777344e+00 1.158689975738525391e+01
1.325000047683715820e+00 -5.503054618835449219e+00 1.159183406829833984e+01
1.337499976158142090e+00 -4.978823184967041016e+00 1.161607933044433594e+01
1.350000023841857910e+00 -4.342078208923339844e+00 1.163943862915039062e+01
1.362499952316284180e+00 -3.608839273452758789e+00 1.163466548919677734e+01
1.375000000000000000e+00 -2.775989294052124023e+00 1.164680957794189453e+01
1.387500047683715820e+00 -1.880320429801940918e+00 1.166738033294677734e+01
1.399999976158142090e+00 -9.487951397895812988e-01 1.164534950256347656e+01
1.412500023841857910e+00 4.269291833043098450e-02 1.164525222778320312e+01
1.424999952316284180e+00 1.047576546669006348e+00 1.167600154876708984e+01
1.437500000000000000e+00 1.939351558685302734e+00 1.150375461578369141e+01
1.450000047683715820e+00 2.710513114929199219e+00 1.098994350433349609e+01
1.462499976158142090e+00 3.478185653686523438e+00 1.035528087615966797e+01
1.475000023841857910e+00 4.260563850402832031e+00 9.840546607971191406e+00
1.487499952316284180e+00 4.954913616180419922e+00 9.452244758605957031e+00
1.500000000000000000e+00 5.502764225006103516e+00 9.161898612976074219e+00
1.512500047683715820e+00 5.904601573944091797e+00 8.985222816467285156e+00
1.524999976158142090e+00 6.151334762573242188e+00 8.875486373901367188e+00
1.537500023841857910e+00 6.244065284729003906e+00 8.802611351013183594e+00
1.549999952316284180e+00 6.193753242492675781e+00 8.801866531372070312e+00
1.562500000000000000e+00 5.991101741790771484e+00 8.857455253601074219e+00
1.575000047683715820e+00 5.642590522766113281e+00 8.949575424194335938e+00
1.587499976158142090e+00 5.171887397766113281e+00 9.133114814758300781e+00
1.600000023841857910e+00 4.575596809387207031e+00 9.401689529418945312e+00
1.612499952316284180e+00 3.874873399734497070e+00 9.709512710571289062e+00
1.625000000000000000e+00 3.133947849273681641e+00 1.014691066741943359e+01
1.637500047683715820e+00 2.333020687103271484e+00 1.073512840270996094e+01
1.649999976158142090e+00 1.384352445602416992e+00 1.119808769226074219e+01
1.662500023841857910e+00 3.335221409797668457e-01 1.133237934112548828e+01
1.674999952316284180e+00 -6.680702567100524902e-01 1.131664371490478516e+01
1.687500000000000000e+00 -1.586751580238342285e+00 1.135068416595458984e+01
1.700000047683715820e+00 -2.482862234115600586e+00 1.138682842254638672e+01
1.712499976158142090e+00 -3.339271783828735352e+00 1.138445854187011719e+01
1.725000023841857910e+00 -4.101537704467773438e+00 1.140731239318847656e+01
1.737499952316284180e+00 -4.770057201385498047e+00 1.144326496124267578e+01
1.750000000000000000e+00 -5.337996482849121094e+00 1.145173454284667969e+01
1.762500047683715820e+00 -5.768956661224365234e+00 1.147107696533203125e+01
1.774999976158142090e+00 -6.060559749603271484e+00 1.150780773162841797e+01
1.787500023841857910e+00 -6.219366073608398438e+00 1.152225494384765625e+01
1.799999952316284180e+00 -6.224038124084472656e+00 1.153723621368408203e+01
1.812500000000000000e+00 -6.075044631958007812e+00 1.157216072082519531e+01
1.825000047683715820e+00 -5.792355060577392578e+00 1.158860969543457031e+01
1.837499976158142090e+00 -5.369136333465576172e+00 1.159592151641845703e+01
1.850000023841857910e+00 -4.809501171112060547e+00 1.162522411346435547e+01
1.862499952316284180e+00 -4.145876884460449219e+00 1.163981914520263672e+01
1.875000000000000000e+00 -3.383860349655151367e+00 1.163446426391601562e+01
1.887500047683715820e+00 -2.527978181838989258e+00 1.165489673614501953e+01
1.899999976158142090e+00 -1.622486114501953125e+00 1.166513347625732422e+01
1.912500023841857910e+00 -6.764000654220581055e-01 1.163852977752685547e+01
1.924999952316284180e+00 3.295162618160247803e-01 1.165727424621582031e+01
1.937500000000000000e+00 1.314051270484924316e+00 1.166033935546875000e+01
1.950000047683715820e+00 2.164045810699462891e+00 1.138981914520263672e+01
1.962499976158142090e+00 2.922675848007202148e+00 1.080924415588378906e+01
1.975000023841857910e+00 3.700472831726074219e+00 1.019436359405517578e+01
1.987499952316284180e+00 4.469232559204101562e+00 9.721283912658691406e+00
2.000000000000000000e+00 5.124149322509765625e+00 9.359666824340820312e+00
