0.000000000000000000e+00 6.174901485443115234e+00 8.861488342285156250e+00
1.250000018626451492e-02 6.245347976684570312e+00 8.797288894653320312e+00
2.500000037252902985e-02 6.171890735626220703e+00 8.808364868164062500e+00
3.750000149011611938e-02 5.944188117980957031e+00 8.868947982788085938e+00
5.000000074505805969e-02 5.574149131774902344e+00 8.971670150756835938e+00
6.250000000000000000e-02 5.082808971405029297e+00 9.173215866088867188e+00
7.500000298023223877e-02 4.464739799499511719e+00 9.449426651000976562e+00
8.749999850988388062e-02 3.751918077468872070e+00 9.769910812377929688e+00
1.000000014901161194e-01 3.004645347595214844e+00 1.024015426635742188e+01
1.124999970197677612e-01 2.181923389434814453e+00 1.083311367034912109e+01
1.250000000000000000e-01 1.205005526542663574e+00 1.124401092529296875e+01
1.375000029802322388e-01 1.506355851888656616e-01 1.133159542083740234e+01
1.500000059604644775e-01 -8.357060551643371582e-01 1.131746768951416016e+01
1.624999940395355225e-01 -1.748400807380676270e+00 1.135998153686523438e+01
1.749999970197677612e-01 -2.643345117568969727e+00 1.138755607604980469e+01
1.875000000000000000e-01 -3.486929655075073242e+00 1.138518714904785156e+01
2.000000029802322388e-01 -4.232101917266845703e+00 1.141485786437988281e+01
2.125000059604644775e-01 -4.885171890258789062e+00 1.144651699066162109e+01
2.249999940395355225e-01 -5.430764675140380859e+00 1.145293331146240234e+01
2.374999970197677612e-01 -5.834783554077148438e+00 1.147809219360351562e+01
2.500000000000000000e-01 -6.101789951324462891e+00 1.151272678375244141e+01
2.624999880790710449e-01 -6.232720851898193359e+00 1.152355384826660156e+01
2.750000059604644775e-01 -6.205673694610595703e+00 1.154348278045654297e+01
2.874999940395355225e-01 -6.028741359710693359e+00 1.157801723480224609e+01
3.000000119209289551e-01 -5.718473434448242188e+00 1.158931541442871094e+01
3.125000000000000000e-01 -5.264959335327148438e+00 1.160059261322021484e+01
3.249999880790710449e-01 -4.680412292480468750e+00 1.163127422332763672e+01
3.375000059604644775e-01 -3.995897054672241211e+00 1.163891887664794922e+01
3.499999940395355225e-01 -3.210899353027343750e+00 1.163643169403076172e+01
3.625000119209289551e-01 -2.338835954666137695e+00 1.166086483001708984e+01
3.750000000000000000e-01 -1.424745917320251465e+00 1.166097354888916016e+01
3.874999880790710449e-01 -4.637815356254577637e-01 1.163672065734863281e+01
4.000000059604644775e-01 5.506799221038818359e-01 1.166760730743408203e+01
4.124999940395355225e-01 1.513867735862731934e+00 1.163250732421875000e+01
4.250000119209289551e-01 2.335382461547851562e+00 1.128127765655517578e+01
4.375000000000000000e-01 3.092953681945800781e+00 1.066474151611328125e+01
4.499999880790710449e-01 3.878304004669189453e+00 1.007534217834472656e+01
4.625000059604644775e-01 4.630548000335693359e+00 9.631562232971191406e+00
4.749999940395355225e-01 5.252965450286865234e+00 9.290491104125976562e+00
4.875000119209289551e-01 5.727044582366943359e+00 9.058750152587890625e+00
5.000000000000000000e-01 6.051362037658691406e+00 8.924778938293457031e+00
5.124999880790710449e-01 6.217133522033691406e+00 8.831356048583984375e+00
5.249999761581420898e-01 6.235766410827636719e+00 8.792404174804687500e+00
5.375000238418579102e-01 6.107406139373779297e+00 8.827113151550292969e+00
5.500000119209289551e-01 5.824865341186523438e+00 8.898395538330078125e+00
5.625000000000000000e-01 5.410039424896240234e+00 9.031831741333007812e+00
5.749999880790710449e-01 4.873365879058837891e+00 9.268904685974121094e+00
5.874999761581420898e-01 4.213380813598632812e+00 9.557014465332031250e+00
6.000000238418579102e-01 3.484138727188110352e+00 9.917354583740234375e+00
6.125000119209289551e-01 2.720839500427246094e+00 1.045361804962158203e+01
6.250000000000000000e-01 1.845772981643676758e+00 1.101965713500976562e+01
6.374999880790710449e-01 8.227535486221313477e-01 1.130640888214111328e+01
6.499999761581420898e-01 -2.188242822885513306e-01 1.132361412048339844e+01
6.625000238418579102e-01 -1.171104192733764648e+00 1.132760334014892578e+01
6.750000119209289551e-01 -2.074572324752807617e+00 1.137622451782226562e+01
6.875000000000000000e-01 -2.958827257156372070e+00 1.138615703582763672e+01
6.999999880790710449e-01 -3.768723249435424805e+00 1.139155673980712891e+01
7.124999761581420898e-01 -4.479107379913330078e+00 1.142960071563720703e+01
7.250000238418579102e-01 -5.097645759582519531e+00 1.144988822937011719e+01
7.375000119209289551e-01 -5.594179630279541016e+00 1.145828151702880859e+01
7.500000000000000000e-01 -5.946527004241943359e+00 1.149241828918457031e+01
7.624999880790710449e-01 -6.166180610656738281e+00 1.151878833770751953e+01
7.749999761581420898e-01 -6.241693973541259766e+00 1.152753257751464844e+01
7.875000238418579102e-01 -6.157414913177490234e+00 1.155665493011474609e+01
8.000000119209289551e-01 -5.931892395019531250e+00 1.158523559570312500e+01
8.125000000000000000e-01 -5.571006774902343750e+00 1.159071159362792969e+01
8.249999880790710449e-01 -5.066232681274414062e+00 1.161125850677490234e+01
8.374999761581420898e-01 -4.443146705627441406e+00 1.163827610015869141e+01
8.500000238418579102e-01 -3.723385810852050781e+00 1.163587093353271484e+01
8.625000119209289551e-01 -2.902372360229492188e+00 1.164326572418212891e+01
8.750000000000000000e-01 -2.010944366455078125e+00 1.166707515716552734e+01
8.874999880790710449e-01 -1.083807706832885742e+00 1.165007781982421875e+01
8.999999761581420898e-01 -9.913615137338638306e-02 1.164119434356689453e+01
9.125000238418579102e-01 9.134454727172851562e-01 1.167747116088867188e+01
9.250000119209289551e-01 1.827398538589477539e+00 1.154845333099365234e+01
9.375000000000000000e-01 2.610019445419311523e+00 1.107351970672607422e+01
9.499999880790710449e-01 3.374472618103027344e+00 1.043541049957275391e+01
9.624999761581420898e-01 4.161247730255126953e+00 9.899463653564453125e+00
9.750000238418579102e-01 4.873655319213867188e+00 9.497235298156738281e+00
9.875000119209289551e-01 5.441552639007568359e+00 9.192496299743652344e+00
1.000000000000000000e+00 5.862679481506347656e+00 9.002285957336425781e+00
1.012500047683715820e+00 6.129514217376708984e+00 8.887468338012695312e+00
1.024999976158142090e+00 6.240221977233886719e+00 8.808340072631835938e+00
1.037500023841857910e+00 6.207025051116943359e+00 8.798167228698730469e+00
1.049999952316284180e+00 6.022196769714355469e+00 8.849699974060058594e+00
1.062500000000000000e+00 5.688341617584228516e+00 8.935671806335449219e+00
1.075000047683715820e+00 5.230212688446044922e+00 9.107140541076660156e+00
1.087499976158142090e+00 4.646903991699218750e+00 9.370342254638671875e+00
1.100000023841857910e+00 3.953007936477661133e+00 9.672546386718750000e+00
1.112499952316284180e+00 3.213447332382202148e+00 1.009105491638183594e+01
1.125000000000000000e+00 2.421924352645874023e+00 1.067335128784179688e+01
1.137500047683715820e+00 1.488003253936767578e+00 1.116540813446044922e+01
1.149999976158142090e+00 4.383922219276428223e-01 1.133035755157470703e+01
1.162500023841857910e+00 -5.745880603790283203e-01 1.131680870056152344e+01
1.174999952316284180e+00 -1.500398397445678711e+00 1.134525871276855469e+01
1.187500000000000000e+00 -2.399388551712036133e+00 1.138546180725097656e+01
1.200000047683715820e+00 -3.263983964920043945e+00 1.138425827026367188e+01
1.212499976158142090e+00 -4.036993026733398438e+00 1.140355682373046875e+01
1.225000023841857910e+00 -4.714670181274414062e+00 1.144106769561767578e+01
1.237499952316284180e+00 -5.293949604034423828e+00 1.145123672485351562e+01
1.250000000000000000e+00 -5.738142013549804688e+00 1.146814441680908203e+01
1.262500047683715820e+00 -6.041227817535400391e+00 1.150532436370849609e+01
1.274999976158142090e+00 -6.211710453033447266e+00 1.152178001403808594e+01
1.287500023841857910e+00 -6.229145050048828125e+00 1.153513050079345703e+01
1.299999952316284180e+00 -6.090819358825683594e+00 1.156978511810302734e+01
1.312500000000000000e+00 -5.817510128021240234e+00 1.158844375610351562e+01
1.325000047683715820e+00 -5.404106616973876953e+00 1.159481716156005859e+01
1.337499976158142090e+00 -4.852023124694824219e+00 1.162324047088623047e+01
1.350000023841857910e+00 -4.193627834320068359e+00 1.164021492004394531e+01
1.362499952316284180e+00 -3.437031507492065430e+00 1.163455963134765625e+01
1.375000000000000000e+00 -2.584458351135253906e+00 1.165335273742675781e+01
1.387500047683715820e+00 -1.679255723953247070e+00 1.166633987426757812e+01
1.399999976158142090e+00 -7.347362637519836426e-01 1.164003086090087891e+01
1.412500023841857910e+00 2.705782651901245117e-01 1.165495109558105469e+01
1.424999952316284180e+00 1.262110829353332520e+00 1.166547966003417969e+01
1.437500000000000000e+00 2.121765375137329102e+00 1.141431045532226562e+01
1.450000047683715820e+00 2.883272409439086914e+00 1.084352588653564453e+01
1.462499976158142090e+00 3.660643815994262695e+00 1.022267627716064453e+01
1.475000023841857910e+00 4.433880805969238281e+00 9.741596221923828125e+00
1.487499952316284180e+00 5.096934318542480469e+00 9.374731063842773438e+00
1.500000000000000000e+00 5.611117362976074219e+00 9.110512733459472656e+00
1.512500047683715820e+00 5.977949619293212891e+00 8.955771446228027344e+00
1.524999976158142090e+00 6.186902999877929688e+00 8.853713989257812500e+00
1.537500023841857910e+00 6.244747638702392578e+00 8.795083999633789062e+00
1.549999952316284180e+00 6.158223628997802734e+00 8.812429428100585938e+00
1.562500000000000000e+00 5.917037010192871094e+00 8.875550270080566406e+00
1.575000047683715820e+00 5.535927295684814453e+00 8.984812736511230469e+00
1.587499976158142090e+00 5.033815383911132812e+00 9.195571899414062500e+00
1.600000023841857910e+00 4.405087947845458984e+00 9.474978446960449219e+00
1.612499952316284180e+00 3.687484502792358398e+00 9.803319931030273438e+00
1.625000000000000000e+00 2.937170267105102539e+00 1.029028892517089844e+01
1.637500047683715820e+00 2.102829456329345703e+00 1.088119888305664062e+01
1.649999976158142090e+00 1.113378047943115234e+00 1.126319789886474609e+01
1.662500023841857910e+00 6.024619936943054199e-02 1.133020877838134766e+01
1.674999952316284180e+00 -9.174985289573669434e-01 1.131898784637451172e+01
1.687500000000000000e+00 -1.827233076095581055e+00 1.136439228057861328e+01
1.700000047683715820e+00 -2.720291852951049805e+00 1.138752365112304688e+01
1.712499976158142090e+00 -3.556254386901855469e+00 1.138615608215332031e+01
1.725000023841857910e+00 -4.292796611785888672e+00 1.141855335235595703e+01
1.737499952316284180e+00 -4.937836170196533203e+00 1.144767379760742188e+01
1.750000000000000000e+00 -5.472016811370849609e+00 1.145383930206298828e+01
1.762500047683715820e+00 -5.863368034362792969e+00 1.148151969909667969e+01
1.774999976158142090e+00 -6.118985652923583984e+00 1.151456356048583984e+01
1.787500023841857910e+00 -6.236860275268554688e+00 1.152426528930664062e+01
1.799999952316284180e+00 -6.195775985717773438e+00 1.154651165008544922e+01
1.812500000000000000e+00 -6.006920814514160156e+00 1.158016300201416016e+01
1.825000047683715820e+00 -5.684639930725097656e+00 1.158953571319580078e+01
1.837499976158142090e+00 -5.218499183654785156e+00 1.160290050506591797e+01
1.850000023841857910e+00 -4.624237537384033203e+00 1.163340091705322266e+01
1.862499952316284180e+00 -3.931341171264648438e+00 1.163821506500244141e+01
1.875000000000000000e+00 -3.137403488159179688e+00 1.163764858245849609e+01
1.887500047683715820e+00 -2.260024070739746094e+00 1.166287136077880859e+01
1.899999976158142090e+00 -1.343042492866516113e+00 1.165859413146972656e+01
1.912500023841857910e+00 -3.764226138591766357e-01 1.163682556152343750e+01
1.924999952316284180e+00 6.392027735710144043e-01 1.167114067077636719e+01
1.937500000000000000e+00 1.591497063636779785e+00 1.161668014526367188e+01
1.950000047683715820e+00 2.402204751968383789e+00 1.123404121398925781e+01
1.962499976158142090e+00 3.160397768020629883e+00 1.060830497741699219e+01
1.975000023841857910e+00 3.947248220443725586e+00 1.003102302551269531e+01
1.987499952316284180e+00 4.691016197204589844e+00 9.598049163818359375e+00
2.000000000000000000e+00 5.300272464752197266e+00 9.265407562255859375e+00
