0.000000000000000000e+00 6.174290657043457031e+00 8.861896514892578125e+00
1.250000018626451492e-02 6.245027542114257812e+00 8.797458648681640625e+00
2.500000037252902985e-02 6.171278476715087891e+00 8.808576583862304688e+00
3.750000149011611938e-02 5.942661285400390625e+00 8.869318008422851562e+00
5.000000074505805969e-02 5.571257114410400391e+00 8.972564697265625000e+00
6.250000000000000000e-02 5.078105449676513672e+00 9.175218582153320312e+00
7.500000298023223877e-02 4.457732200622558594e+00 9.452273368835449219e+00
8.749999850988388062e-02 3.742894887924194336e+00 9.774246215820312500e+00
1.000000014901161194e-01 2.993784666061401367e+00 1.024777889251708984e+01
1.124999970197677612e-01 2.167633295059204102e+00 1.084162425994873047e+01
1.250000000000000000e-01 1.186400055885314941e+00 1.124780082702636719e+01
1.375000029802322388e-01 1.300855576992034912e-01 1.133100223541259766e+01
1.500000059604644775e-01 -8.562040925025939941e-01 1.131749725341796875e+01
1.624999940395355225e-01 -1.769865274429321289e+00 1.136095905303955078e+01
1.749999970197677612e-01 -2.666021823883056641e+00 1.138735198974609375e+01
1.875000000000000000e-01 -3.508931636810302734e+00 1.138524818420410156e+01
2.000000029802322388e-01 -4.252674102783203125e+00 1.141594314575195312e+01
2.125000059604644775e-01 -4.904170513153076172e+00 1.144682979583740234e+01
2.249999940395355225e-01 -5.446560859680175781e+00 1.145315170288085938e+01
2.374999970197677612e-01 -5.846300601959228516e+00 1.147941684722900391e+01
2.500000000000000000e-01 -6.109009265899658203e+00 1.151352977752685547e+01
2.624999880790710449e-01 -6.234415054321289062e+00 1.152388286590576172e+01
2.750000059604644775e-01 -6.200749874114990234e+00 1.154496860504150391e+01
2.874999940395355225e-01 -6.017606735229492188e+00 1.157922649383544922e+01
3.000000119209289551e-01 -5.700588226318359375e+00 1.158957672119140625e+01
3.125000000000000000e-01 -5.239426136016845703e+00 1.160200977325439453e+01
3.249999880790710449e-01 -4.648284912109375000e+00 1.163273334503173828e+01
3.375000059604644775e-01 -3.957572460174560547e+00 1.163877296447753906e+01
3.499999940395355225e-01 -3.165650844573974609e+00 1.163742828369140625e+01
3.625000119209289551e-01 -2.288518905639648438e+00 1.166247749328613281e+01
3.750000000000000000e-01 -1.370775341987609863e+00 1.165977287292480469e+01
3.874999880790710449e-01 -4.041541218757629395e-01 1.163709163665771484e+01
4.000000059604644775e-01 6.131995320320129395e-01 1.167050647735595703e+01
4.124999940395355225e-01 1.570561885833740234e+00 1.162163829803466797e+01
4.250000119209289551e-01 2.385577440261840820e+00 1.124652385711669922e+01
4.375000000000000000e-01 3.144866704940795898e+00 1.062171554565429688e+01
4.499999880790710449e-01 3.932794570922851562e+00 1.004066276550292969e+01
4.625000059604644775e-01 4.679668426513671875e+00 9.604660034179687500e+00
4.749999940395355225e-01 5.292440414428710938e+00 9.269760131835937500e+00
4.875000119209289551e-01 5.756646156311035156e+00 9.046277999877929688e+00
5.000000000000000000e-01 6.069561481475830078e+00 8.916750907897949219e+00
5.124999880790710449e-01 6.223498344421386719e+00 8.825784683227539062e+00
5.249999761581420898e-01 6.230676174163818359e+00 8.792972564697265625e+00
5.375000238418579102e-01 6.089252471923828125e+00 8.832147598266601562e+00
5.500000119209289551e-01 5.793784141540527344e+00 8.906396865844726562e+00
5.625000000000000000e-01 5.367725849151611328e+00 9.048688888549804688e+00
5.749999880790710449e-01 4.818644046783447266e+00 9.293578147888183594e+00
5.874999761581420898e-01 4.148000240325927734e+00 9.585128784179687500e+00
6.000000238418579102e-01 3.414352655410766602e+00 9.959394454956054688e+00
6.125000119209289551e-01 2.643619298934936523e+00 1.051133060455322266e+01
6.250000000000000000e-01 1.751510262489318848e+00 1.106300449371337891e+01
6.374999880790710449e-01 7.170841097831726074e-01 1.131592941284179688e+01
6.499999761581420898e-01 -3.198864758014678955e-01 1.132081699371337891e+01
6.625000238418579102e-01 -1.265598297119140625e+00 1.133184337615966797e+01
6.750000119209289551e-01 -2.169294834136962891e+00 1.137948417663574219e+01
6.875000000000000000e-01 -3.050450563430786133e+00 1.138521003723144531e+01
6.999999880790710449e-01 -3.850997447967529297e+00 1.139447212219238281e+01
7.124999761581420898e-01 -4.552589893341064453e+00 1.143343734741210938e+01
7.250000238418579102e-01 -5.160696983337402344e+00 1.145025348663330078e+01
7.375000119209289551e-01 -5.641851902008056641e+00 1.146084880828857422e+01
7.500000000000000000e-01 -5.978744506835937500e+00 1.149684524536132812e+01
7.624999880790710449e-01 -6.183008670806884766e+00 1.152000522613525391e+01
7.749999761581420898e-01 -6.239529609680175781e+00 1.152966213226318359e+01
7.875000238418579102e-01 -6.136382579803466797e+00 1.156135749816894531e+01
8.000000119209289551e-01 -5.893990993499755859e+00 1.158686256408691406e+01
8.125000000000000000e-01 -5.514206886291503906e+00 1.159190559387207031e+01
8.249999880790710449e-01 -4.991116046905517578e+00 1.161574172973632812e+01
8.374999761581420898e-01 -4.353832721710205078e+00 1.163979339599609375e+01
8.500000238418579102e-01 -3.619360446929931641e+00 1.163528251647949219e+01
8.625000119209289551e-01 -2.784364223480224609e+00 1.164711856842041016e+01
8.750000000000000000e-01 -1.885511755943298340e+00 1.166801548004150391e+01
8.874999880790710449e-01 -9.505227804183959961e-01 1.164612197875976562e+01
8.999999761581420898e-01 4.482595995068550110e-02 1.164605331420898438e+01
9.125000238418579102e-01 1.053472757339477539e+00 1.167658042907714844e+01
9.250000119209289551e-01 1.947590947151184082e+00 1.150106525421142578e+01
9.375000000000000000e-01 2.720835924148559570e+00 1.098229694366455078e+01
9.499999880790710449e-01 3.491690158843994141e+00 1.034605216979980469e+01
9.624999761581420898e-01 4.276211261749267578e+00 9.832247734069824219e+00
9.750000238418579102e-01 4.970110416412353516e+00 9.444442749023437500e+00
9.875000119209289551e-01 5.516153335571289062e+00 9.155767440795898438e+00
1.000000000000000000e+00 5.914929866790771484e+00 8.981410980224609375e+00
1.012500047683715820e+00 6.156928539276123047e+00 8.872380256652832031e+00
1.024999976158142090e+00 6.244196891784667969e+00 8.801288604736328125e+00
1.037500023841857910e+00 6.187254428863525391e+00 8.803843498229980469e+00
1.049999952316284180e+00 5.976316928863525391e+00 8.861109733581542969e+00
1.062500000000000000e+00 5.619600772857666016e+00 8.956689834594726562e+00
1.075000047683715820e+00 5.140307426452636719e+00 9.147027015686035156e+00
1.087499976158142090e+00 4.534114360809326172e+00 9.419379234313964844e+00
1.100000023841857910e+00 3.826278924942016602e+00 9.732530593872070312e+00
1.112499952316284180e+00 3.080652475357055664e+00 1.018426990509033203e+01
1.125000000000000000e+00 2.268608331680297852e+00 1.077731132507324219e+01
1.137500047683715820e+00 1.304505944252014160e+00 1.121948051452636719e+01
1.149999976158142090e+00 2.481737434864044189e-01 1.133196163177490234e+01
1.162500023841857910e+00 -7.493443489074707031e-01 1.131626510620117188e+01
1.174999952316284180e+00 -1.667513608932495117e+00 1.135500717163085938e+01
1.187500000000000000e+00 -2.565735340118408203e+00 1.138706016540527344e+01
1.200000047683715820e+00 -3.418097257614135742e+00 1.138436222076416016e+01
1.212499976158142090e+00 -4.173202514648437500e+00 1.141114711761474609e+01
1.225000023841857910e+00 -4.835007667541503906e+00 1.144505310058593750e+01
1.237499952316284180e+00 -5.391913414001464844e+00 1.145217609405517578e+01
1.250000000000000000e+00 -5.808207511901855469e+00 1.147505378723144531e+01
1.262500047683715820e+00 -6.085748195648193359e+00 1.151090335845947266e+01
1.274999976158142090e+00 -6.227923393249511719e+00 1.152304935455322266e+01
1.287500023841857910e+00 -6.212589263916015625e+00 1.154116916656494141e+01
1.299999952316284180e+00 -6.045089244842529297e+00 1.157622909545898438e+01
1.312500000000000000e+00 -5.743582248687744141e+00 1.158929443359375000e+01
1.325000047683715820e+00 -5.298918724060058594e+00 1.159917736053466797e+01
1.337499976158142090e+00 -4.720634937286376953e+00 1.162978839874267578e+01
1.350000023841857910e+00 -4.040778636932373047e+00 1.163961029052734375e+01
1.362499952316284180e+00 -3.260540723800659180e+00 1.163605785369873047e+01
1.375000000000000000e+00 -2.390616178512573242e+00 1.165970993041992188e+01
1.387500047683715820e+00 -1.476578354835510254e+00 1.166268348693847656e+01
1.399999976158142090e+00 -5.172131657600402832e-01 1.163731861114501953e+01
1.412500023841857910e+00 4.980752170085906982e-01 1.166568374633789062e+01
1.424999952316284180e+00 1.469142913818359375e+00 1.164069271087646484e+01
1.437500000000000000e+00 2.298628330230712891e+00 1.130667591094970703e+01
1.450000047683715820e+00 3.057538270950317383e+00 1.069514942169189453e+01
1.462499976158142090e+00 3.843220710754394531e+00 1.009874725341796875e+01
1.475000023841857910e+00 4.600731849670410156e+00 9.648471832275390625e+00
1.487499952316284180e+00 5.230585098266601562e+00 9.302675247192382812e+00
1.500000000000000000e+00 5.711353302001953125e+00 9.065734863281250000e+00
1.512500047683715820e+00 6.042133808135986328e+00 8.928946495056152344e+00
1.524999976158142090e+00 6.213683128356933594e+00 8.834126472473144531e+00
1.537500023841857910e+00 6.237050056457519531e+00 8.792540550231933594e+00
1.549999952316284180e+00 6.113208770751953125e+00 8.825502395629882812e+00
1.562500000000000000e+00 5.834384918212890625e+00 8.895956039428710938e+00
1.575000047683715820e+00 5.422002792358398438e+00 9.027025222778320312e+00
1.587499976158142090e+00 4.887475013732910156e+00 9.262337684631347656e+00
1.600000023841857910e+00 4.228667736053466797e+00 9.550251960754394531e+00
1.612499952316284180e+00 3.498750448226928711e+00 9.908370971679687500e+00
1.625000000000000000e+00 2.735134601593017578e+00 1.044241523742675781e+01
1.637500047683715820e+00 1.861146330833435059e+00 1.101182460784912109e+01
1.649999976158142090e+00 8.377375602722167969e-01 1.130443572998046875e+01
1.662500023841857910e+00 -2.067329734563827515e-01 1.132360267639160156e+01
1.674999952316284180e+00 -1.161895513534545898e+00 1.132692146301269531e+01
1.687500000000000000e+00 -2.067263364791870117e+00 1.137569427490234375e+01
1.700000047683715820e+00 -2.953499317169189453e+00 1.138597869873046875e+01
1.712499976158142090e+00 -3.765465021133422852e+00 1.139125061035156250e+01
1.725000023841857910e+00 -4.477498054504394531e+00 1.142935848236083984e+01
1.737499952316284180e+00 -5.097326278686523438e+00 1.144976139068603516e+01
1.750000000000000000e+00 -5.594693660736083984e+00 1.145822620391845703e+01
1.762500047683715820e+00 -5.947314739227294922e+00 1.149251461029052734e+01
1.774999976158142090e+00 -6.166733741760253906e+00 1.151884841918945312e+01
1.787500023841857910e+00 -6.241307258605957031e+00 1.152768802642822266e+01
1.799999952316284180e+00 -6.155498027801513672e+00 1.155709838867187500e+01
1.812500000000000000e+00 -5.928092002868652344e+00 1.158551788330078125e+01
1.825000047683715820e+00 -5.564666271209716797e+00 1.159096527099609375e+01
1.837499976158142090e+00 -5.056887626647949219e+00 1.161196899414062500e+01
1.850000023841857910e+00 -4.430890083312988281e+00 1.163872241973876953e+01
1.862499952316284180e+00 -3.707850933074951172e+00 1.163599395751953125e+01
1.875000000000000000e+00 -2.883291482925415039e+00 1.164410209655761719e+01
1.887500047683715820e+00 -1.989127039909362793e+00 1.166757392883300781e+01
1.899999976158142090e+00 -1.059147477149963379e+00 1.164961242675781250e+01
1.912500023841857910e+00 -7.084362953901290894e-02 1.164233303070068359e+01
1.924999952316284180e+00 9.427763819694519043e-01 1.167788219451904297e+01
1.937500000000000000e+00 1.853977322578430176e+00 1.153910923004150391e+01
1.950000047683715820e+00 2.635371923446655273e+00 1.105332851409912109e+01
1.962499976158142090e+00 3.402251958847045898e+00 1.041426086425781250e+01
1.975000023841857910e+00 4.189768314361572266e+00 9.882928848266601562e+00
1.987499952316284180e+00 4.898654460906982422e+00 9.483755111694335938e+00
2.000000000000000000e+00 5.461650371551513672e+00 9.182628631591796875e+00
