0.000000000000000000e+00 6.277415275573730469e+00 8.793337821960449219e+00
1.250000018626451492e-02 6.299606323242187500e+00 8.772829055786132812e+00
2.500000037252902985e-02 6.277133464813232422e+00 8.776581764221191406e+00
3.750000149011611938e-02 6.207824707031250000e+00 8.801211357116699219e+00
5.000000074505805969e-02 6.090282440185546875e+00 8.837759017944335938e+00
6.250000000000000000e-02 5.926546573638916016e+00 8.882921218872070312e+00
7.500000298023223877e-02 5.721080780029296875e+00 8.945073127746582031e+00
8.749999850988388062e-02 5.476921081542968750e+00 9.037253379821777344e+00
1.000000014901161194e-01 5.193436622619628906e+00 9.163516044616699219e+00
1.124999970197677612e-01 4.868956089019775391e+00 9.313761711120605469e+00
1.250000000000000000e-01 4.506231307983398438e+00 9.474973678588867188e+00
1.375000029802322388e-01 4.114764213562011719e+00 9.649488449096679688e+00
1.500000059604644775e-01 3.706023216247558594e+00 9.860657691955566406e+00
1.624999940395355225e-01 3.284404277801513672e+00 1.013516426086425781e+01
1.749999970197677612e-01 2.842064380645751953e+00 1.047302055358886719e+01
1.875000000000000000e-01 2.363807201385498047e+00 1.083110046386718750e+01
2.000000029802322388e-01 1.839836597442626953e+00 1.113844394683837891e+01
2.125000059604644775e-01 1.276637911796569824e+00 1.133612823486328125e+01
2.249999940395355225e-01 6.966612339019775391e-01 1.141276550292968750e+01
2.374999970197677612e-01 1.261843740940093994e-01 1.140842151641845703e+01
2.500000000000000000e-01 -4.195225238800048828e-01 1.138439750671386719e+01
2.624999880790710449e-01 -9.423323273658752441e-01 1.138305664062500000e+01
2.750000059604644775e-01 -1.454553961753845215e+00 1.140803527832031250e+01
2.874999940395355225e-01 -1.965713500976562500e+00 1.143631744384765625e+01
3.000000119209289551e-01 -2.473819494247436523e+00 1.144701194763183594e+01
3.125000000000000000e-01 -2.967292547225952148e+00 1.144052791595458984e+01
3.249999880790710449e-01 -3.434207916259765625e+00 1.143406200408935547e+01
3.375000059604644775e-01 -3.869849681854248047e+00 1.144208908081054688e+01
3.499999940395355225e-01 -4.276372909545898438e+00 1.146251010894775391e+01
3.625000119209289551e-01 -4.656269073486328125e+00 1.148086071014404297e+01
3.750000000000000000e-01 -5.006733417510986328e+00 1.148623180389404297e+01
3.874999880790710449e-01 -5.320241928100585938e+00 1.148199653625488281e+01
4.000000059604644775e-01 -5.590065479278564453e+00 1.148116397857666016e+01
4.124999940395355225e-01 -5.814769268035888672e+00 1.149230098724365234e+01
4.250000119209289551e-01 -5.997272014617919922e+00 1.151093959808349609e+01
4.375000000000000000e-01 -6.139818191528320312e+00 1.152488708496093750e+01
4.499999880790710449e-01 -6.240258693695068359e+00 1.152727127075195312e+01
4.625000059604644775e-01 -6.293402194976806641e+00 1.152354717254638672e+01
4.749999940395355225e-01 -6.295845985412597656e+00 1.152539443969726562e+01
4.875000119209289551e-01 -6.249155044555664062e+00 1.153820514678955078e+01
5.000000000000000000e-01 -6.158102035522460938e+00 1.155535984039306641e+01
5.124999880790710449e-01 -6.025886058807373047e+00 1.156526660919189453e+01
5.249999761581420898e-01 -5.851389884948730469e+00 1.156371116638183594e+01
5.375000238418579102e-01 -5.631386756896972656e+00 1.155847549438476562e+01
5.500000119209289551e-01 -5.365412235260009766e+00 1.156115150451660156e+01
5.625000000000000000e-01 -5.058119297027587891e+00 1.157459640502929688e+01
5.749999880790710449e-01 -4.716485023498535156e+00 1.158933925628662109e+01
5.874999761581420898e-01 -4.344645977020263672e+00 1.159325885772705078e+01
6.000000238418579102e-01 -3.941831588745117188e+00 1.158477020263671875e+01
6.125000119209289551e-01 -3.505875825881958008e+00 1.157541370391845703e+01
6.250000000000000000e-01 -3.038879871368408203e+00 1.157809162139892578e+01
6.374999880790710449e-01 -2.548927307128906250e+00 1.159249210357666016e+01
6.499999761581420898e-01 -2.045349121093750000e+00 1.160350036621093750e+01
6.625000238418579102e-01 -1.531761884689331055e+00 1.159623241424560547e+01
6.750000119209289551e-01 -1.004207253456115723e+00 1.157368469238281250e+01
6.875000000000000000e-01 -4.575797021389007568e-01 1.155770301818847656e+01
6.999999880790710449e-01 1.045322492718696594e-01 1.156793975830078125e+01
7.124999761581420898e-01 6.658087372779846191e-01 1.159497356414794922e+01
7.250000238418579102e-01 1.204133629798889160e+00 1.159259605407714844e+01
7.375000119209289551e-01 1.705219864845275879e+00 1.150052356719970703e+01
7.500000000000000000e-01 2.172127008438110352e+00 1.128328609466552734e+01
7.624999880790710449e-01 2.622445106506347656e+00 1.095604610443115234e+01
7.749999761581420898e-01 3.074734449386596680e+00 1.057734012603759766e+01
7.875000238418579102e-01 3.534519910812377930e+00 1.021472644805908203e+01
8.000000119209289551e-01 3.990247488021850586e+00 9.909743309020996094e+00
8.125000000000000000e-01 4.421265125274658203e+00 9.666525840759277344e+00
8.249999880790710449e-01 4.810452938079833984e+00 9.467126846313476562e+00
8.374999761581420898e-01 5.151569366455078125e+00 9.295544624328613281e+00
8.500000238418579102e-01 5.447146415710449219e+00 9.149521827697753906e+00
8.625000119209289551e-01 5.701050281524658203e+00 9.034337997436523438e+00
8.750000000000000000e-01 5.913190364837646484e+00 8.950159072875976562e+00
8.874999880790710449e-01 6.080197811126708984e+00 8.887983322143554688e+00
8.999999761581420898e-01 6.199538707733154297e+00 8.837548255920410156e+00
9.125000238418579102e-01 6.271861076354980469e+00 8.797156333923339844e+00
9.250000119209289551e-01 6.299283981323242188e+00 8.774032592773437500e+00
9.375000000000000000e-01 6.282186508178710938e+00 8.774894714355468750e+00
9.499999880790710449e-01 6.218542575836181641e+00 8.797507286071777344e+00
9.624999761581420898e-01 6.106676101684570312e+00 8.833026885986328125e+00
9.750000238418579102e-01 5.948190212249755859e+00 8.876947402954101562e+00
9.875000119209289551e-01 5.747440814971923828e+00 8.936372756958007812e+00
1.000000000000000000e+00 5.507825374603271484e+00 9.024505615234375000e+00
1.012500047683715820e+00 5.229110240936279297e+00 9.147028923034667969e+00
1.024999976158142090e+00 4.909469127655029297e+00 9.295232772827148438e+00
1.037500023841857910e+00 4.550890922546386719e+00 9.455459594726562500e+00
1.049999952316284180e+00 4.162185668945312500e+00 9.627518653869628906e+00
1.062500000000000000e+00 3.755043268203735352e+00 9.832752227783203125e+00
1.075000047683715820e+00 3.335121154785156250e+00 1.009899044036865234e+01
1.087499976158142090e+00 2.895983457565307617e+00 1.043076705932617188e+01
1.100000023841857910e+00 2.422721385955810547e+00 1.078992652893066406e+01
1.112499952316284180e+00 1.904189944267272949e+00 1.110698795318603516e+01
1.125000000000000000e+00 1.344696998596191406e+00 1.131935691833496094e+01
1.137500047683715820e+00 7.652605175971984863e-01 1.140905761718750000e+01
1.149999976158142090e+00 1.925421059131622314e-01 1.141112041473388672e+01
1.162500023841857910e+00 -3.563162386417388916e-01 1.138654232025146484e+01
1.174999952316284180e+00 -8.812803030014038086e-01 1.138156986236572266e+01
1.187500000000000000e+00 -1.394087672233581543e+00 1.140436458587646484e+01
1.200000047683715820e+00 -1.905227422714233398e+00 1.143364334106445312e+01
1.212499976158142090e+00 -2.414183855056762695e+00 1.144686508178710938e+01
1.225000023841857910e+00 -2.910096883773803711e+00 1.144168663024902344e+01
1.237499952316284180e+00 -3.380572795867919922e+00 1.143422412872314453e+01
1.250000000000000000e+00 -3.819889545440673828e+00 1.144028759002685547e+01
1.262500047683715820e+00 -4.229665756225585938e+00 1.145988655090332031e+01
1.274999976158142090e+00 -4.612733840942382812e+00 1.147926998138427734e+01
1.287500023841857910e+00 -4.967022895812988281e+00 1.148629760742187500e+01
1.299999952316284180e+00 -5.285328865051269531e+00 1.148258972167968750e+01
1.312500000000000000e+00 -5.560514926910400391e+00 1.148069381713867188e+01
1.325000047683715820e+00 -5.790452003479003906e+00 1.149038791656494141e+01
1.337499976158142090e+00 -5.977768421173095703e+00 1.150873947143554688e+01
1.350000023841857910e+00 -6.125061035156250000e+00 1.152381515502929688e+01
1.362499952316284180e+00 -6.230735301971435547e+00 1.152751731872558594e+01
1.375000000000000000e+00 -6.289733409881591797e+00 1.152391338348388672e+01
1.387500047683715820e+00 -6.298196315765380859e+00 1.152459716796875000e+01
1.399999976158142090e+00 -6.257092475891113281e+00 1.153624057769775391e+01
1.412500023841857910e+00 -6.171049118041992188e+00 1.155350685119628906e+01
1.424999952316284180e+00 -6.043680191040039062e+00 1.156472682952880859e+01
1.437500000000000000e+00 -5.874358177185058594e+00 1.156432533264160156e+01
1.450000047683715820e+00 -5.659858703613281250e+00 1.155886936187744141e+01
1.462499976158142090e+00 -5.399174690246582031e+00 1.156020259857177734e+01
1.475000023841857910e+00 -5.096404552459716797e+00 1.157267189025878906e+01
1.487499952316284180e+00 -4.758523464202880859e+00 1.158797931671142578e+01
1.500000000000000000e+00 -4.390215396881103516e+00 1.159355163574218750e+01
1.512500047683715820e+00 -3.991207599639892578e+00 1.158612251281738281e+01
1.524999976158142090e+00 -3.559188365936279297e+00 1.157606601715087891e+01
1.537500023841857910e+00 -3.095539569854736328e+00 1.157699203491210938e+01
1.549999952316284180e+00 -2.607772111892700195e+00 1.159059238433837891e+01
1.562500000000000000e+00 -2.105457782745361328e+00 1.160297393798828125e+01
1.575000047683715820e+00 -1.593143343925476074e+00 1.159816265106201172e+01
1.587499976158142090e+00 -1.067579030990600586e+00 1.157652854919433594e+01
1.600000023841857910e+00 -5.232663154602050781e-01 1.155843067169189453e+01
1.612499952316284180e+00 3.763749822974205017e-02 1.156530475616455078e+01
1.625000000000000000e+00 6.001703739166259766e-01 1.159214115142822266e+01
1.637500047683715820e+00 1.142233490943908691e+00 1.159646034240722656e+01
1.649999976158142090e+00 1.647933006286621094e+00 1.151767635345458984e+01
1.662500023841857910e+00 2.118153095245361328e+00 1.131551933288574219e+01
1.674999952316284180e+00 2.569334745407104492e+00 1.099883842468261719e+01
1.687500000000000000e+00 3.020760774612426758e+00 1.062249851226806641e+01
1.700000047683715820e+00 3.479963541030883789e+00 1.025508403778076172e+01
1.712499976158142090e+00 3.937189579010009766e+00 9.942395210266113281e+00
1.725000023841857910e+00 4.372195720672607422e+00 9.692607879638671875e+00
1.737499952316284180e+00 4.766887187957763672e+00 9.489079475402832031e+00
1.750000000000000000e+00 5.113668918609619141e+00 9.314591407775878906e+00
1.762500047683715820e+00 5.414390563964843750e+00 9.165291786193847656e+00
1.774999976158142090e+00 5.673136711120605469e+00 9.046260833740234375e+00
1.787500023841857910e+00 5.890365600585937500e+00 8.958740234375000000e+00
1.799999952316284180e+00 6.062899112701416016e+00 8.894580841064453125e+00
1.812500000000000000e+00 6.187907695770263672e+00 8.843064308166503906e+00
1.825000047683715820e+00 6.265680313110351562e+00 8.801217079162597656e+00
1.837499976158142090e+00 6.298341751098632812e+00 8.775583267211914062e+00
1.850000023841857910e+00 6.286587238311767578e+00 8.773521423339843750e+00
1.862499952316284180e+00 6.228580474853515625e+00 8.793978691101074219e+00
1.875000000000000000e+00 6.122413158416748047e+00 8.828396797180175781e+00
1.887500047683715820e+00 5.969243049621582031e+00 8.871181488037109375e+00
1.899999976158142090e+00 5.773261070251464844e+00 8.928084373474121094e+00
1.912500023841857910e+00 5.538184642791748047e+00 9.012259483337402344e+00
1.924999952316284180e+00 5.264205932617187500e+00 9.130908012390136719e+00
1.937500000000000000e+00 4.949427604675292969e+00 9.276854515075683594e+00
1.950000047683715820e+00 4.595124244689941406e+00 9.436082839965820312e+00
1.962499976158142090e+00 4.209356307983398438e+00 9.606002807617187500e+00
1.975000023841857910e+00 3.803900003433227539e+00 9.805729866027832031e+00
1.987499952316284180e+00 3.385580062866210938e+00 1.006378936767578125e+01
2.000000000000000000e+00 2.949420213699340820e+00 1.038893795013427734e+01
