0.000000000000000000e+00 6.173689842224121094e+00 8.862305641174316406e+00
1.250000018626451492e-02 6.244718551635742188e+00 8.797628402709960938e+00
2.500000037252902985e-02 6.170675277709960938e+00 8.808790206909179688e+00
3.750000149011611938e-02 5.941142082214355469e+00 8.869689941406250000e+00
5.000000074505805969e-02 5.568369865417480469e+00 8.973464012145996094e+00
6.250000000000000000e-02 5.073401927947998047e+00 9.177225112915039062e+00
7.500000298023223877e-02 4.450721263885498047e+00 9.455121040344238281e+00
8.749999850988388062e-02 3.733874559402465820e+00 9.778600692749023438e+00
1.000000014901161194e-01 2.982917785644531250e+00 1.025542926788330078e+01
1.124999970197677612e-01 2.153305768966674805e+00 1.085008049011230469e+01
1.250000000000000000e-01 1.167769074440002441e+00 1.125147342681884766e+01
1.375000029802322388e-01 1.095663234591484070e-01 1.133037567138671875e+01
1.500000059604644775e-01 -8.766673207283020020e-01 1.131756877899169922e+01
1.624999940395355225e-01 -1.791327834129333496e+00 1.136192226409912109e+01
1.749999970197677612e-01 -2.688666105270385742e+00 1.138712310791015625e+01
1.875000000000000000e-01 -3.530855894088745117e+00 1.138534736633300781e+01
2.000000029802322388e-01 -4.273172378540039062e+00 1.141702938079833984e+01
2.125000059604644775e-01 -4.923067092895507812e+00 1.144711017608642578e+01
2.249999940395355225e-01 -5.462196350097656250e+00 1.145340442657470703e+01
2.374999970197677612e-01 -5.857651710510253906e+00 1.148075771331787109e+01
2.500000000000000000e-01 -6.116046905517578125e+00 1.151428890228271484e+01
2.624999880790710449e-01 -6.235861778259277344e+00 1.152424049377441406e+01
2.750000059604644775e-01 -6.195574760437011719e+00 1.154649257659912109e+01
2.874999940395355225e-01 -6.006233215332031250e+00 1.158037853240966797e+01
3.000000119209289551e-01 -5.682406425476074219e+00 1.158984947204589844e+01
3.125000000000000000e-01 -5.213603019714355469e+00 1.160349082946777344e+01
3.249999880790710449e-01 -4.615932464599609375e+00 1.163411617279052734e+01
3.375000059604644775e-01 -3.918982028961181641e+00 1.163860416412353516e+01
3.499999940395355225e-01 -3.120153427124023438e+00 1.163854026794433594e+01
3.625000119209289551e-01 -2.238103866577148438e+00 1.166398525238037109e+01
3.750000000000000000e-01 -1.316651225090026855e+00 1.165847110748291016e+01
3.874999880790710449e-01 -3.443022072315216064e-01 1.163774871826171875e+01
4.000000059604644775e-01 6.754870414733886719e-01 1.167314624786376953e+01
4.124999940395355225e-01 1.626605272293090820e+00 1.160931396484375000e+01
4.250000119209289551e-01 2.435521364212036133e+00 1.121061801910400391e+01
4.375000000000000000e-01 3.196964979171752930e+00 1.057901477813720703e+01
4.499999880790710449e-01 3.987079620361328125e+00 1.000674438476562500e+01
4.625000059604644775e-01 4.728066444396972656e+00 9.578198432922363281e+00
4.749999940395355225e-01 5.331135272979736328e+00 9.249635696411132812e+00
4.875000119209289551e-01 5.785408496856689453e+00 9.034363746643066406e+00
5.000000000000000000e-01 6.086799144744873047e+00 8.908883094787597656e+00
5.124999880790710449e-01 6.228959560394287109e+00 8.820581436157226562e+00
5.249999761581420898e-01 6.224616050720214844e+00 8.794065475463867188e+00
5.375000238418579102e-01 6.070006370544433594e+00 8.837351799011230469e+00
5.500000119209289551e-01 5.761774539947509766e+00 8.914879798889160156e+00
5.625000000000000000e-01 5.324498653411865234e+00 9.066426277160644531e+00
5.749999880790710449e-01 4.762900352478027344e+00 9.318529129028320312e+00
5.874999761581420898e-01 4.082122325897216797e+00 9.613822937011718750e+00
6.000000238418579102e-01 3.344380617141723633e+00 1.000322628021240234e+01
6.125000119209289551e-01 2.565270185470581055e+00 1.056916904449462891e+01
6.250000000000000000e-01 1.655743122100830078e+00 1.110313987731933594e+01
6.374999880790710449e-01 6.114397048950195312e-01 1.132279396057128906e+01
6.499999761581420898e-01 -4.198544025421142578e-01 1.131838130950927734e+01
6.625000238418579102e-01 -1.359693288803100586e+00 1.133659267425537109e+01
6.750000119209289551e-01 -2.263860225677490234e+00 1.138209056854248047e+01
6.875000000000000000e-01 -3.141072988510131836e+00 1.138435268402099609e+01
6.999999880790710449e-01 -3.932053804397583008e+00 1.139787292480468750e+01
7.124999761581420898e-01 -4.624979972839355469e+00 1.143688774108886719e+01
7.250000238418579102e-01 -5.222091674804687500e+00 1.145052337646484375e+01
7.375000119209289551e-01 -5.687561511993408203e+00 1.146389007568359375e+01
7.500000000000000000e-01 -6.009197235107421875e+00 1.150103282928466797e+01
7.624999880790710449e-01 -6.197739124298095703e+00 1.152097034454345703e+01
7.749999761581420898e-01 -6.234965324401855469e+00 1.153225612640380859e+01
7.875000238418579102e-01 -6.113287448883056641e+00 1.156595039367675781e+01
8.000000119209289551e-01 -5.853968620300292969e+00 1.158806419372558594e+01
8.125000000000000000e-01 -5.455027103424072266e+00 1.159354209899902344e+01
8.249999880790710449e-01 -4.914135456085205078e+00 1.162026786804199219e+01
8.374999761581420898e-01 -4.262914657592773438e+00 1.164065265655517578e+01
8.500000238418579102e-01 -3.513474225997924805e+00 1.163510990142822266e+01
8.625000119209289551e-01 -2.665213823318481445e+00 1.165127277374267578e+01
8.750000000000000000e-01 -1.759551644325256348e+00 1.166786670684814453e+01
8.874999880790710449e-01 -8.159384131431579590e-01 1.164266109466552734e+01
8.999999761581420898e-01 1.892571151256561279e-01 1.165210342407226562e+01
9.125000238418579102e-01 1.190893650054931641e+00 1.167128562927246094e+01
9.250000119209289551e-01 2.064929246902465820e+00 1.144564247131347656e+01
9.375000000000000000e-01 2.831805467605590820e+00 1.088860607147216797e+01
9.499999880790710449e-01 3.609435558319091797e+00 1.026002788543701172e+01
9.624999761581420898e-01 4.388938426971435547e+00 9.767849922180175781e+00
9.750000238418579102e-01 5.062997341156005859e+00 9.393770217895507812e+00
9.875000119209289551e-01 5.587311267852783203e+00 9.121981620788574219e+00
1.000000000000000000e+00 5.963290691375732422e+00 8.962058067321777344e+00
1.012500047683715820e+00 6.180408477783203125e+00 8.858018875122070312e+00
1.024999976158142090e+00 6.244525432586669922e+00 8.796339988708496094e+00
1.037500023841857910e+00 6.163342952728271484e+00 8.810969352722167969e+00
1.049999952316284180e+00 5.926416873931884766e+00 8.873264312744140625e+00
1.062500000000000000e+00 5.547573089599609375e+00 8.980584144592285156e+00
1.075000047683715820e+00 5.046712875366210938e+00 9.189400672912597656e+00
1.087499976158142090e+00 4.418193340301513672e+00 9.469047546386718750e+00
1.100000023841857910e+00 3.698737621307373047e+00 9.796836853027343750e+00
1.112499952316284180e+00 2.946108579635620117e+00 1.028281593322753906e+01
1.125000000000000000e+00 2.110090732574462891e+00 1.087617778778076172e+01
1.137500047683715820e+00 1.117745757102966309e+00 1.126166439056396484e+01
1.149999976158142090e+00 6.035394966602325439e-02 1.132954883575439453e+01
1.162500023841857910e+00 -9.211837053298950195e-01 1.131849575042724609e+01
1.174999952316284180e+00 -1.834302783012390137e+00 1.136428928375244141e+01
1.187500000000000000e+00 -2.730537414550781250e+00 1.138705444335937500e+01
1.200000047683715820e+00 -3.568474292755126953e+00 1.138595771789550781e+01
1.212499976158142090e+00 -4.306097984313964844e+00 1.141904067993164062e+01
1.225000023841857910e+00 -4.951556205749511719e+00 1.144767570495605469e+01
1.237499952316284180e+00 -5.484352111816406250e+00 1.145396900177001953e+01
1.250000000000000000e+00 -5.872903823852539062e+00 1.148265075683593750e+01
1.262500047683715820e+00 -6.125064849853515625e+00 1.151520824432373047e+01
1.274999976158142090e+00 -6.237653732299804688e+00 1.152468013763427734e+01
1.287500023841857910e+00 -6.189725399017333984e+00 1.154819965362548828e+01
1.299999952316284180e+00 -5.993915557861328125e+00 1.158144664764404297e+01
1.312500000000000000e+00 -5.663455486297607422e+00 1.158999061584472656e+01
1.325000047683715820e+00 -5.187798976898193359e+00 1.160484504699707031e+01
1.337499976158142090e+00 -4.584944248199462891e+00 1.163514995574951172e+01
1.350000023841857910e+00 -3.883370399475097656e+00 1.163819122314453125e+01
1.362499952316284180e+00 -3.079712867736816406e+00 1.163936424255371094e+01
1.375000000000000000e+00 -2.194987773895263672e+00 1.166491794586181641e+01
1.387500047683715820e+00 -1.271875739097595215e+00 1.165704917907714844e+01
1.399999976158142090e+00 -2.963713407516479492e-01 1.163819122314453125e+01
1.412500023841857910e+00 7.234295010566711426e-01 1.167469120025634766e+01
1.424999952316284180e+00 1.668111562728881836e+00 1.159881496429443359e+01
1.437500000000000000e+00 2.471680641174316406e+00 1.118348312377929688e+01
1.450000047683715820e+00 3.233973979949951172e+00 1.054866981506347656e+01
1.462499976158142090e+00 4.024410247802734375e+00 9.983464241027832031e+00
1.475000023841857910e+00 4.760191917419433594e+00 9.560438156127929688e+00
1.487499952316284180e+00 5.356044769287109375e+00 9.236653327941894531e+00
1.500000000000000000e+00 5.803322792053222656e+00 9.026914596557617188e+00
1.512500047683715820e+00 6.097105503082275391e+00 8.903964996337890625e+00
1.524999976158142090e+00 6.231983661651611328e+00 8.817535400390625000e+00
1.537500023841857910e+00 6.220794677734375000e+00 8.794854164123535156e+00
1.549999952316284180e+00 6.058706283569335938e+00 8.840336799621582031e+00
1.562500000000000000e+00 5.743705749511718750e+00 8.919811248779296875e+00
1.575000047683715820e+00 5.300719738006591797e+00 9.076447486877441406e+00
1.587499976158142090e+00 4.732939720153808594e+00 9.331928253173828125e+00
1.600000023841857910e+00 4.047749996185302734e+00 9.629094123840332031e+00
1.612499952316284180e+00 3.308715581893920898e+00 1.002638816833496094e+01
1.625000000000000000e+00 2.525725603103637695e+00 1.059816074371337891e+01
1.637500047683715820e+00 1.608338832855224609e+00 1.112173271179199219e+01
1.649999976158142090e+00 5.608164668083190918e-01 1.132539749145507812e+01
1.662500023841857910e+00 -4.664733409881591797e-01 1.131756210327148438e+01
1.674999952316284180e+00 -1.402966737747192383e+00 1.133903503417968750e+01
1.687500000000000000e+00 -2.306596040725708008e+00 1.138315582275390625e+01
1.700000047683715820e+00 -3.181015491485595703e+00 1.138412761688232422e+01
1.712499976158142090e+00 -3.967080593109130859e+00 1.139957141876220703e+01
1.725000023841857910e+00 -4.655721187591552734e+00 1.143829822540283203e+01
1.737499952316284180e+00 -5.247508525848388672e+00 1.145068359375000000e+01
1.750000000000000000e+00 -5.706000804901123047e+00 1.146531391143798828e+01
1.762500047683715820e+00 -6.021191596984863281e+00 1.150266265869140625e+01
1.774999976158142090e+00 -6.203155040740966797e+00 1.152130413055419922e+01
1.787500023841857910e+00 -6.232647418975830078e+00 1.153338718414306641e+01
1.799999952316284180e+00 -6.103940486907958984e+00 1.156763839721679688e+01
1.812500000000000000e+00 -5.838297367095947266e+00 1.158837413787841797e+01
1.825000047683715820e+00 -5.432366847991943359e+00 1.159421730041503906e+01
1.837499976158142090e+00 -4.885395050048828125e+00 1.162184238433837891e+01
1.850000023841857910e+00 -4.229583263397216797e+00 1.164072227478027344e+01
1.862499952316284180e+00 -3.475219726562500000e+00 1.163507652282714844e+01
1.875000000000000000e+00 -2.623028039932250977e+00 1.165266513824462891e+01
1.887500047683715820e+00 -1.715709328651428223e+00 1.166744613647460938e+01
1.899999976158142090e+00 -7.695725560188293457e-01 1.164153099060058594e+01
1.912500023841857910e+00 2.380382269620895386e-01 1.165421962738037109e+01
1.924999952316284180e+00 1.235983967781066895e+00 1.166826152801513672e+01
1.937500000000000000e+00 2.102877378463745117e+00 1.142559528350830078e+01
1.950000047683715820e+00 2.867878913879394531e+00 1.085772514343261719e+01
1.962499976158142090e+00 3.647238016128540039e+00 1.023305797576904297e+01
1.975000023841857910e+00 4.424113750457763672e+00 9.747876167297363281e+00
1.987499952316284180e+00 5.091317653656005859e+00 9.378295898437500000e+00
2.000000000000000000e+00 5.608593463897705078e+00 9.112071037292480469e+00
