0.000000000000000000e+00 6.173079013824462891e+00 8.862613677978515625e+00
1.250000018626451492e-02 6.244399547576904297e+00 8.797697067260742188e+00
2.500000037252902985e-02 6.170062541961669922e+00 8.808900833129882812e+00
3.750000149011611938e-02 5.939611434936523438e+00 8.869958877563476562e+00
5.000000074505805969e-02 5.565470695495605469e+00 8.974265098571777344e+00
6.250000000000000000e-02 5.068683147430419922e+00 9.179135322570800781e+00
7.500000298023223877e-02 4.443695068359375000e+00 9.457868576049804688e+00
8.749999850988388062e-02 3.724847555160522461e+00 9.782876968383789062e+00
1.000000014901161194e-01 2.972036600112915039e+00 1.026300811767578125e+01
1.124999970197677612e-01 2.138936042785644531e+00 1.085838222503662109e+01
1.250000000000000000e-01 1.149111986160278320e+00 1.125492954254150391e+01
1.375000029802322388e-01 8.908061683177947998e-02 1.132961845397949219e+01
1.500000059604644775e-01 -8.970912694931030273e-01 1.131758213043212891e+01
1.624999940395355225e-01 -1.812780261039733887e+00 1.136276912689208984e+01
1.749999970197677612e-01 -2.711266040802001953e+00 1.138677215576171875e+01
1.875000000000000000e-01 -3.552689552307128906e+00 1.138538455963134766e+01
2.000000029802322388e-01 -4.293582439422607422e+00 1.141801452636718750e+01
2.125000059604644775e-01 -4.941843986511230469e+00 1.144726181030273438e+01
2.249999940395355225e-01 -5.477652072906494141e+00 1.145359516143798828e+01
2.374999970197677612e-01 -5.868818759918212891e+00 1.148201274871826172e+01
2.500000000000000000e-01 -6.122881412506103516e+00 1.151490688323974609e+01
2.624999880790710449e-01 -6.237040519714355469e+00 1.152452850341796875e+01
2.750000059604644775e-01 -6.190131664276123047e+00 1.154794788360595703e+01
2.874999940395355225e-01 -5.994602680206298828e+00 1.158137035369873047e+01
3.000000119209289551e-01 -5.663909912109375000e+00 1.159003734588623047e+01
3.125000000000000000e-01 -5.187478542327880859e+00 1.160493183135986328e+01
3.249999880790710449e-01 -4.583343982696533203e+00 1.163531589508056641e+01
3.375000059604644775e-01 -3.880113124847412109e+00 1.163831996917724609e+01
3.499999940395355225e-01 -3.074407100677490234e+00 1.163966178894042969e+01
3.625000119209289551e-01 -2.187591075897216797e+00 1.166527366638183594e+01
3.750000000000000000e-01 -1.262361645698547363e+00 1.165698909759521484e+01
3.874999880790710449e-01 -2.842380106449127197e-01 1.163859748840332031e+01
4.000000059604644775e-01 7.375007867813110352e-01 1.167535686492919922e+01
4.124999940395355225e-01 1.681993246078491211e+00 1.159540081024169922e+01
4.250000119209289551e-01 2.485247850418090820e+00 1.117355442047119141e+01
4.375000000000000000e-01 3.249235868453979492e+00 1.053661918640136719e+01
4.499999880790710449e-01 4.041100978851318359e+00 9.973467826843261719e+00
4.625000059604644775e-01 4.775710582733154297e+00 9.552073478698730469e+00
4.749999940395355225e-01 5.369037628173828125e+00 9.230032920837402344e+00
4.875000119209289551e-01 5.813302040100097656e+00 9.022871971130371094e+00
5.000000000000000000e-01 6.103057861328125000e+00 8.901062965393066406e+00
5.124999880790710449e-01 6.233505725860595703e+00 8.815672874450683594e+00
5.249999761581420898e-01 6.217555046081542969e+00 8.795556068420410156e+00
5.375000238418579102e-01 6.049655914306640625e+00 8.842610359191894531e+00
5.500000119209289551e-01 5.728839397430419922e+00 8.923797607421875000e+00
5.625000000000000000e-01 5.280328750610351562e+00 9.084918975830078125e+00
5.749999880790710449e-01 4.706143379211425781e+00 9.343608856201171875e+00
5.874999761581420898e-01 4.015803337097167969e+00 9.643115997314453125e+00
6.000000238418579102e-01 3.274175882339477539e+00 1.004875850677490234e+01
6.125000119209289551e-01 2.485686063766479492e+00 1.062669944763183594e+01
6.250000000000000000e-01 1.558551907539367676e+00 1.113980579376220703e+01
6.374999880790710449e-01 5.059989690780639648e-01 1.132720565795898438e+01
6.499999761581420898e-01 -5.187374949455261230e-01 1.131639480590820312e+01
6.625000238418579102e-01 -1.453471899032592773e+00 1.134160423278808594e+01
6.750000119209289551e-01 -2.358196496963500977e+00 1.138393402099609375e+01
6.875000000000000000e-01 -3.230611324310302734e+00 1.138360404968261719e+01
6.999999880790710449e-01 -4.011909961700439453e+00 1.140158462524414062e+01
7.124999761581420898e-01 -4.696235179901123047e+00 1.143980121612548828e+01
7.250000238418579102e-01 -5.281746387481689453e+00 1.145070552825927734e+01
7.375000119209289551e-01 -5.731314659118652344e+00 1.146727466583251953e+01
7.500000000000000000e-01 -6.037869453430175781e+00 1.150479984283447266e+01
7.624999880790710449e-01 -6.210296154022216797e+00 1.152168083190917969e+01
7.749999761581420898e-01 -6.228009700775146484e+00 1.153522109985351562e+01
7.875000238418579102e-01 -6.088152885437011719e+00 1.157021903991699219e+01
8.000000119209289551e-01 -5.811765670776367188e+00 1.158881950378417969e+01
8.125000000000000000e-01 -5.393484592437744141e+00 1.159557533264160156e+01
8.249999880790710449e-01 -4.835364818572998047e+00 1.162458515167236328e+01
8.374999761581420898e-01 -4.170352458953857422e+00 1.164081192016601562e+01
8.500000238418579102e-01 -3.405747890472412109e+00 1.163538742065429688e+01
8.625000119209289551e-01 -2.545067548751831055e+00 1.165541458129882812e+01
8.750000000000000000e-01 -1.633011698722839355e+00 1.166653728485107422e+01
8.874999880790710449e-01 -6.799898147583007812e-01 1.163994979858398438e+01
8.999999761581420898e-01 3.337737023830413818e-01 1.165880107879638672e+01
9.125000238418579102e-01 1.325388669967651367e+00 1.166055393218994141e+01
9.250000119209289551e-01 2.179763555526733398e+00 1.138241481781005859e+01
9.375000000000000000e-01 2.943253755569458008e+00 1.079350948333740234e+01
9.499999880790710449e-01 3.727375984191894531e+00 1.017748737335205078e+01
9.624999761581420898e-01 4.499057292938232422e+00 9.705889701843261719e+00
9.750000238418579102e-01 5.152310848236083984e+00 9.345249176025390625e+00
9.875000119209289551e-01 5.654994010925292969e+00 9.090974807739257812e+00
1.000000000000000000e+00 6.007686138153076172e+00 8.943816184997558594e+00
1.012500047683715820e+00 6.200017929077148438e+00 8.844445228576660156e+00
1.024999976158142090e+00 6.241168022155761719e+00 8.793483734130859375e+00
1.037500023841857910e+00 6.135214805603027344e+00 8.819157600402832031e+00
1.049999952316284180e+00 5.872632026672363281e+00 8.886283874511718750e+00
1.062500000000000000e+00 5.472269058227539062e+00 9.007505416870117188e+00
1.075000047683715820e+00 4.949354171752929688e+00 9.233698844909667969e+00
1.087499976158142090e+00 4.299507141113281250e+00 9.519453048706054688e+00
1.100000023841857910e+00 3.570584058761596680e+00 9.866172790527343750e+00
1.112499952316284180e+00 2.809185743331909180e+00 1.038545417785644531e+01
1.125000000000000000e+00 1.946177721023559570e+00 1.096776866912841797e+01
1.137500047683715820e+00 9.287447333335876465e-01 1.129241847991943359e+01
1.149999976158142090e+00 -1.244573965668678284e-01 1.132495403289794922e+01
1.162500023841857910e+00 -1.090615034103393555e+00 1.132333374023437500e+01
1.174999952316284180e+00 -2.000882148742675781e+00 1.137226867675781250e+01
1.187500000000000000e+00 -2.893250465393066406e+00 1.138589286804199219e+01
1.200000047683715820e+00 -3.715039730072021484e+00 1.138914394378662109e+01
1.212499976158142090e+00 -4.435779094696044922e+00 1.142656230926513672e+01
1.225000023841857910e+00 -5.063961982727050781e+00 1.144908237457275391e+01
1.237499952316284180e+00 -5.571125984191894531e+00 1.145685386657714844e+01
1.250000000000000000e+00 -5.932388305664062500e+00 1.149035263061523438e+01
1.262500047683715820e+00 -6.158972263336181641e+00 1.151818180084228516e+01
1.274999976158142090e+00 -6.240755558013916016e+00 1.152701950073242188e+01
1.287500023841857910e+00 -6.160802364349365234e+00 1.155571460723876953e+01
1.299999952316284180e+00 -5.937256336212158203e+00 1.158517932891845703e+01
1.312500000000000000e+00 -5.576993942260742188e+00 1.159098911285400391e+01
1.325000047683715820e+00 -5.071103096008300781e+00 1.161140918731689453e+01
1.337499976158142090e+00 -4.445091247558593750e+00 1.163882255554199219e+01
1.350000023841857910e+00 -3.721242427825927734e+00 1.163656902313232422e+01
1.362499952316284180e+00 -2.895023107528686523e+00 1.164423274993896484e+01
1.375000000000000000e+00 -1.997915744781494141e+00 1.166802978515625000e+01
1.387500047683715820e+00 -1.064640998840332031e+00 1.165040588378906250e+01
1.399999976158142090e+00 -7.275997102260589600e-02 1.164290523529052734e+01
1.412500023841857910e+00 9.448402523994445801e-01 1.167849063873291016e+01
1.424999952316284180e+00 1.859063625335693359e+00 1.153795623779296875e+01
1.437500000000000000e+00 2.642734050750732422e+00 1.104820632934570312e+01
1.450000047683715820e+00 3.412611961364746094e+00 1.040708732604980469e+01
1.462499976158142090e+00 4.202567100524902344e+00 9.876079559326171875e+00
1.475000023841857910e+00 4.911666870117187500e+00 9.477059364318847656e+00
1.487499952316284180e+00 5.473464012145996094e+00 9.177059173583984375e+00
1.500000000000000000e+00 5.886762142181396484e+00 8.992984771728515625e+00
1.512500047683715820e+00 6.142912387847900391e+00 8.880346298217773438e+00
1.524999976158142090e+00 6.242005825042724609e+00 8.804687500000000000e+00
1.537500023841857910e+00 6.195686817169189453e+00 8.801376342773437500e+00
1.549999952316284180e+00 5.994868755340576172e+00 8.856457710266113281e+00
1.562500000000000000e+00 5.645456790924072266e+00 8.948334693908691406e+00
1.575000047683715820e+00 5.171797275543212891e+00 9.132524490356445312e+00
1.587499976158142090e+00 4.570617675781250000e+00 9.403143882751464844e+00
1.600000023841857910e+00 3.863725185394287109e+00 9.713780403137207031e+00
1.612499952316284180e+00 3.116658926010131836e+00 1.015756225585937500e+01
1.625000000000000000e+00 2.306971549987792969e+00 1.075107860565185547e+01
1.637500047683715820e+00 1.345861792564392090e+00 1.120756912231445312e+01
1.649999976158142090e+00 2.858574986457824707e-01 1.133118247985839844e+01
1.662500023841857910e+00 -7.190752029418945312e-01 1.131541824340820312e+01
1.674999952316284180e+00 -1.642236232757568359e+00 1.135289955139160156e+01
1.687500000000000000e+00 -2.544295787811279297e+00 1.138637351989746094e+01
1.700000047683715820e+00 -3.401682615280151367e+00 1.138374328613281250e+01
1.712499976158142090e+00 -4.161523342132568359e+00 1.141001224517822266e+01
1.725000023841857910e+00 -4.827114582061767578e+00 1.144445323944091797e+01
1.737499952316284180e+00 -5.387417793273925781e+00 1.145180034637451172e+01
1.750000000000000000e+00 -5.806213378906250000e+00 1.147465419769287109e+01
1.762500047683715820e+00 -6.085076332092285156e+00 1.151074886322021484e+01
1.774999976158142090e+00 -6.227505683898925781e+00 1.152300930023193359e+01
1.787500023841857910e+00 -6.211162090301513672e+00 1.154143238067626953e+01
1.799999952316284180e+00 -6.041623592376708984e+00 1.157666206359863281e+01
1.812500000000000000e+00 -5.737043857574462891e+00 1.158952617645263672e+01
1.825000047683715820e+00 -5.288060665130615234e+00 1.159990501403808594e+01
1.837499976158142090e+00 -4.705018043518066406e+00 1.163076972961425781e+01
1.850000023841857910e+00 -4.020043373107910156e+00 1.163983821868896484e+01
1.862499952316284180e+00 -3.233712196350097656e+00 1.163685798645019531e+01
1.875000000000000000e+00 -2.358202695846557617e+00 1.166112804412841797e+01
1.887500047683715820e+00 -1.439373373985290527e+00 1.166229534149169922e+01
1.899999976158142090e+00 -4.736362099647521973e-01 1.163774204254150391e+01
1.912500023841857910e+00 5.466279387474060059e-01 1.166840076446533203e+01
1.924999952316284180e+00 1.515704035758972168e+00 1.163323211669921875e+01
1.937500000000000000e+00 2.341371774673461914e+00 1.127854347229003906e+01
1.950000047683715820e+00 3.102941274642944336e+00 1.065770053863525391e+01
1.962499976158142090e+00 3.892647504806518555e+00 1.006725215911865234e+01
1.975000023841857910e+00 4.647005558013916016e+00 9.623340606689453125e+00
1.987499952316284180e+00 5.268978595733642578e+00 9.282542228698730469e+00
2.000000000000000000e+00 5.741019725799560547e+00 9.053209304809570312e+00
