0.000000000000000000e+00 6.172468185424804688e+00 8.863022804260253906e+00
1.250000018626451492e-02 6.244081020355224609e+00 8.797865867614746094e+00
2.500000037252902985e-02 6.169449806213378906e+00 8.809112548828125000e+00
3.750000149011611938e-02 5.938078880310058594e+00 8.870328903198242188e+00
5.000000074505805969e-02 5.562568187713623047e+00 8.975170135498046875e+00
6.250000000000000000e-02 5.063956737518310547e+00 9.181151390075683594e+00
7.500000298023223877e-02 4.436659336090087891e+00 9.460718154907226562e+00
8.749999850988388062e-02 3.715818166732788086e+00 9.787274360656738281e+00
1.000000014901161194e-01 2.961144208908081055e+00 1.027071285247802734e+01
1.124999970197677612e-01 2.124526023864746094e+00 1.086672878265380859e+01
1.250000000000000000e-01 1.130430340766906738e+00 1.125837230682373047e+01
1.375000029802322388e-01 6.862796097993850708e-02 1.132893562316894531e+01
1.500000059604644775e-01 -9.174799323081970215e-01 1.131773757934570312e+01
1.624999940395355225e-01 -1.834227561950683594e+00 1.136370086669921875e+01
1.749999970197677612e-01 -2.733826398849487305e+00 1.138650131225585938e+01
1.875000000000000000e-01 -3.574439287185668945e+00 1.138556003570556641e+01
2.000000029802322388e-01 -4.313911914825439453e+00 1.141909790039062500e+01
2.125000059604644775e-01 -4.960508346557617188e+00 1.144748210906982422e+01
2.249999940395355225e-01 -5.492937564849853516e+00 1.145392227172851562e+01
2.374999970197677612e-01 -5.879813194274902344e+00 1.148337841033935547e+01
2.500000000000000000e-01 -6.129520893096923828e+00 1.151558113098144531e+01
2.624999880790710449e-01 -6.237960338592529297e+00 1.152494907379150391e+01
2.750000059604644775e-01 -6.184431552886962891e+00 1.154953193664550781e+01
2.874999940395355225e-01 -5.982723236083984375e+00 1.158240127563476562e+01
3.000000119209289551e-01 -5.645105838775634766e+00 1.159034729003906250e+01
3.125000000000000000e-01 -5.161065101623535156e+00 1.160652828216552734e+01
3.249999880790710449e-01 -4.550526142120361328e+00 1.163653087615966797e+01
3.375000059604644775e-01 -3.840968847274780273e+00 1.163813495635986328e+01
3.499999940395355225e-01 -3.028423547744750977e+00 1.164098930358886719e+01
3.625000119209289551e-01 -2.136986970901489258e+00 1.166652870178222656e+01
3.750000000000000000e-01 -1.207897782325744629e+00 1.165555000305175781e+01
3.874999880790710449e-01 -2.239747941493988037e-01 1.163983726501464844e+01
4.000000059604644775e-01 7.992057204246520996e-01 1.167725849151611328e+01
4.124999940395355225e-01 1.736736059188842773e+00 1.158006668090820312e+01
4.250000119209289551e-01 2.534804105758666992e+00 1.113562393188476562e+01
4.375000000000000000e-01 3.301679611206054688e+00 1.049479198455810547e+01
4.499999880790710449e-01 4.094822883605957031e+00 9.941002845764160156e+00
4.625000059604644775e-01 4.822598934173583984e+00 9.526476860046386719e+00
4.749999940395355225e-01 5.406160831451416016e+00 9.211164474487304688e+00
4.875000119209289551e-01 5.840328693389892578e+00 9.011969566345214844e+00
5.000000000000000000e-01 6.118352413177490234e+00 8.893484115600585938e+00
5.124999880790710449e-01 6.237151622772216797e+00 8.811291694641113281e+00
5.249999761581420898e-01 6.209491252899169922e+00 8.797620773315429688e+00
5.375000238418579102e-01 6.028221607208251953e+00 8.848120689392089844e+00
5.500000119209289551e-01 5.695004940032958984e+00 8.933410644531250000e+00
5.625000000000000000e-01 5.235210895538330078e+00 9.104335784912109375e+00
5.749999880790710449e-01 4.648406505584716797e+00 9.368981361389160156e+00
5.874999761581420898e-01 3.949112176895141602e+00 9.673334121704101562e+00
6.000000238418579102e-01 3.203689575195312500e+00 1.009616470336914062e+01
6.125000119209289551e-01 2.404777288436889648e+00 1.068377399444580078e+01
6.250000000000000000e-01 1.460042476654052734e+00 1.117309093475341797e+01
6.374999880790710449e-01 4.009295701980590820e-01 1.132968807220458984e+01
6.499999761581420898e-01 -6.165713667869567871e-01 1.131520271301269531e+01
6.625000238418579102e-01 -1.547016739845275879e+00 1.134692287445068359e+01
6.750000119209289551e-01 -2.452233552932739258e+00 1.138523483276367188e+01
6.875000000000000000e-01 -3.319014310836791992e+00 1.138327407836914062e+01
6.999999880790710449e-01 -4.090606689453125000e+00 1.140571880340576172e+01
7.124999761581420898e-01 -4.766326904296875000e+00 1.144234752655029297e+01
7.250000238418579102e-01 -5.339612007141113281e+00 1.145110321044921875e+01
7.375000119209289551e-01 -5.773151874542236328e+00 1.147114849090576172e+01
7.500000000000000000e-01 -6.064765453338623047e+00 1.150828170776367188e+01
7.624999880790710449e-01 -6.220636844635009766e+00 1.152243804931640625e+01
7.749999761581420898e-01 -6.218710899353027344e+00 1.153873634338378906e+01
7.875000238418579102e-01 -6.061020374298095703e+00 1.157426261901855469e+01
8.000000119209289551e-01 -5.767347335815429688e+00 1.158943462371826172e+01
8.125000000000000000e-01 -5.329636096954345703e+00 1.159823036193847656e+01
8.249999880790710449e-01 -4.754890918731689453e+00 1.162874698638916016e+01
8.374999761581420898e-01 -4.076114654541015625e+00 1.164057254791259766e+01
8.500000238418579102e-01 -3.296240806579589844e+00 1.163641357421875000e+01
8.625000119209289551e-01 -2.424072742462158203e+00 1.165951251983642578e+01
8.750000000000000000e-01 -1.505813598632812500e+00 1.166431236267089844e+01
8.874999880790710449e-01 -5.426610708236694336e-01 1.163849925994873047e+01
8.999999761581420898e-01 4.779520630836486816e-01 1.166575241088867188e+01
9.125000238418579102e-01 1.456732153892517090e+00 1.164374256134033203e+01
9.250000119209289551e-01 2.292519330978393555e+00 1.131212425231933594e+01
9.375000000000000000e-01 3.055434226989746094e+00 1.069830513000488281e+01
9.499999880790710449e-01 3.845138549804687500e+00 1.009871006011962891e+01
9.624999761581420898e-01 4.606276988983154297e+00 9.646318435668945312e+00
9.750000238418579102e-01 5.238098621368408203e+00 9.299238204956054688e+00
9.875000119209289551e-01 5.719172954559326172e+00 9.062804222106933594e+00
1.000000000000000000e+00 6.048091411590576172e+00 8.926623344421386719e+00
1.012500047683715820e+00 6.215853691101074219e+00 8.832078933715820312e+00
1.024999976158142090e+00 6.234086513519287109e+00 8.792925834655761719e+00
1.037500023841857910e+00 6.102856636047363281e+00 8.828361511230468750e+00
1.049999952316284180e+00 5.815137386322021484e+00 8.900686264038085938e+00
1.062500000000000000e+00 5.393679618835449219e+00 9.037787437438964844e+00
1.075000047683715820e+00 4.848229408264160156e+00 9.279647827148437500e+00
1.087499976158142090e+00 4.178491592407226562e+00 9.571219444274902344e+00
1.100000023841857910e+00 3.441889047622680664e+00 9.941370010375976562e+00
1.112499952316284180e+00 2.669211626052856445e+00 1.049085330963134766e+01
1.125000000000000000e+00 1.776915311813354492e+00 1.105047702789306641e+01
1.137500047683715820e+00 7.386009693145751953e-01 1.131301021575927734e+01
1.149999976158142090e+00 -3.058935701847076416e-01 1.132009506225585938e+01
1.162500023841857910e+00 -1.258208155632019043e+00 1.133056068420410156e+01
1.174999952316284180e+00 -2.167201280593872070e+00 1.137861824035644531e+01
1.187500000000000000e+00 -3.053367376327514648e+00 1.138443470001220703e+01
1.200000047683715820e+00 -3.857846975326538086e+00 1.139409065246582031e+01
1.212499976158142090e+00 -4.562288284301757812e+00 1.143340110778808594e+01
1.225000023841857910e+00 -5.171870708465576172e+00 1.144986820220947266e+01
1.237499952316284180e+00 -5.652223587036132812e+00 1.146119022369384766e+01
1.250000000000000000e+00 -5.986810684204101562e+00 1.149785137176513672e+01
1.262500047683715820e+00 -6.187240123748779297e+00 1.152025127410888672e+01
1.274999976158142090e+00 -6.237206935882568359e+00 1.153058338165283203e+01
1.287500023841857910e+00 -6.126092433929443359e+00 1.156340885162353516e+01
1.299999952316284180e+00 -5.875013828277587891e+00 1.158769035339355469e+01
1.312500000000000000e+00 -5.484178543090820312e+00 1.159298133850097656e+01
1.325000047683715820e+00 -4.949245452880859375e+00 1.161857318878173828e+01
1.337499976158142090e+00 -4.301113128662109375e+00 1.164085197448730469e+01
1.350000023841857910e+00 -3.554331064224243164e+00 1.163567829132080078e+01
1.362499952316284180e+00 -2.707060098648071289e+00 1.165037536621093750e+01
1.375000000000000000e+00 -1.799532890319824219e+00 1.166868209838867188e+01
1.387500047683715820e+00 -8.543984293937683105e-01 1.164429855346679688e+01
1.399999976158142090e+00 1.526530832052230835e-01 1.165119075775146484e+01
1.412500023841857910e+00 1.160661816596984863e+00 1.167359352111816406e+01
1.424999952316284180e+00 2.042670011520385742e+00 1.145777702331542969e+01
1.437500000000000000e+00 2.813483476638793945e+00 1.090516853332519531e+01
1.450000047683715820e+00 3.592916727066040039e+00 1.027274608612060547e+01
1.462499976158142090e+00 4.376136302947998047e+00 9.775810241699218750e+00
1.475000023841857910e+00 5.054911613464355469e+00 9.398605346679687500e+00
1.487499952316284180e+00 5.582947731018066406e+00 9.124319076538085938e+00
1.500000000000000000e+00 5.961425781250000000e+00 8.963025093078613281e+00
1.512500047683715820e+00 6.179759025573730469e+00 8.858371734619140625e+00
1.524999976158142090e+00 6.243858337402343750e+00 8.796474456787109375e+00
1.537500023841857910e+00 6.161462306976318359e+00 8.811480522155761719e+00
1.549999952316284180e+00 5.922061920166015625e+00 8.874212265014648438e+00
1.562500000000000000e+00 5.539967536926269531e+00 8.982955932617187500e+00
1.575000047683715820e+00 5.034941196441650391e+00 9.194397926330566406e+00
1.587499976158142090e+00 4.401334285736083984e+00 9.475821495056152344e+00
1.600000023841857910e+00 3.677751302719116211e+00 9.807234764099121094e+00
1.612499952316284180e+00 2.921183824539184570e+00 1.030057048797607422e+01
1.625000000000000000e+00 2.077447175979614258e+00 1.089458656311035156e+01
1.637500047683715820e+00 1.076131582260131836e+00 1.126871490478515625e+01
1.649999976158142090e+00 1.553738024085760117e-02 1.132790660858154297e+01
1.662500023841857910e+00 -9.655092954635620117e-01 1.131893825531005859e+01
1.674999952316284180e+00 -1.880738735198974609e+00 1.136617469787597656e+01
1.687500000000000000e+00 -2.778992176055908203e+00 1.138634395599365234e+01
1.700000047683715820e+00 -3.614848852157592773e+00 1.138636493682861328e+01
1.712499976158142090e+00 -4.349278450012207031e+00 1.142125225067138672e+01
1.725000023841857910e+00 -4.990974426269531250e+00 1.144799518585205078e+01
1.737499952316284180e+00 -5.516389846801757812e+00 1.145464992523193359e+01
1.750000000000000000e+00 -5.895817279815673828e+00 1.148544788360595703e+01
1.762500047683715820e+00 -6.138736248016357422e+00 1.151645469665527344e+01
1.774999976158142090e+00 -6.239209651947021484e+00 1.152551651000976562e+01
1.787500023841857910e+00 -6.177453041076660156e+00 1.155144214630126953e+01
1.799999952316284180e+00 -5.968784332275390625e+00 1.158340644836425781e+01
1.812500000000000000e+00 -5.623873710632324219e+00 1.159055519104003906e+01
1.825000047683715820e+00 -5.132491111755371094e+00 1.160810661315917969e+01
1.837499976158142090e+00 -4.516488552093505859e+00 1.163745975494384766e+01
1.850000023841857910e+00 -3.801844358444213867e+00 1.163768959045410156e+01
1.862499952316284180e+00 -2.984176397323608398e+00 1.164208316802978516e+01
1.875000000000000000e+00 -2.090132236480712891e+00 1.166727638244628906e+01
1.887500047683715820e+00 -1.159089446067810059e+00 1.165391921997070312e+01
1.899999976158142090e+00 -1.717375665903091431e-01 1.164082717895507812e+01
1.912500023841857910e+00 8.505607247352600098e-01 1.167818450927734375e+01
1.924999952316284180e+00 1.780621290206909180e+00 1.156617259979248047e+01
1.937500000000000000e+00 2.573726415634155273e+00 1.110474395751953125e+01
1.950000047683715820e+00 3.342036247253417969e+00 1.046269130706787109e+01
1.962499976158142090e+00 4.134778022766113281e+00 9.916864395141601562e+00
1.975000023841857910e+00 4.856266975402832031e+00 9.507891654968261719e+00
1.987499952316284180e+00 5.432016849517822266e+00 9.198029518127441406e+00
2.000000000000000000e+00 5.858516693115234375e+00 9.004572868347167969e+00
