0.000000000000000000e+00 6.171856880187988281e+00 8.863430976867675781e+00
1.250000018626451492e-02 6.243762969970703125e+00 8.798034667968750000e+00
2.500000037252902985e-02 6.168836593627929688e+00 8.809323310852050781e+00
3.750000149011611938e-02 5.936545372009277344e+00 8.870698928833007812e+00
5.000000074505805969e-02 5.559661865234375000e+00 8.976078987121582031e+00
6.250000000000000000e-02 5.059222698211669922e+00 9.183170318603515625e+00
7.500000298023223877e-02 4.429615020751953125e+00 9.463568687438964844e+00
8.749999850988388062e-02 3.706787824630737305e+00 9.791691780090332031e+00
1.000000014901161194e-01 2.950241088867187500e+00 1.027844142913818359e+01
1.124999970197677612e-01 2.110075950622558594e+00 1.087501621246337891e+01
1.250000000000000000e-01 1.111725568771362305e+00 1.126169872283935547e+01
1.375000029802322388e-01 4.820976033806800842e-02 1.132822513580322266e+01
1.500000059604644775e-01 -9.378332495689392090e-01 1.131793308258056641e+01
1.624999940395355225e-01 -1.855668783187866211e+00 1.136461162567138672e+01
1.749999970197677612e-01 -2.756344079971313477e+00 1.138620948791503906e+01
1.875000000000000000e-01 -3.596103668212890625e+00 1.138577365875244141e+01
2.000000029802322388e-01 -4.334160804748535156e+00 1.142017459869384766e+01
2.125000059604644775e-01 -4.979058265686035156e+00 1.144767475128173828e+01
2.249999940395355225e-01 -5.508051872253417969e+00 1.145428848266601562e+01
2.374999970197677612e-01 -5.890635013580322266e+00 1.148475265502929688e+01
2.500000000000000000e-01 -6.135964393615722656e+00 1.151621532440185547e+01
2.624999880790710449e-01 -6.238620758056640625e+00 1.152540874481201172e+01
2.750000059604644775e-01 -6.178478717803955078e+00 1.155114269256591797e+01
2.874999940395355225e-01 -5.970595359802246094e+00 1.158337402343750000e+01
3.000000119209289551e-01 -5.625994205474853516e+00 1.159068679809570312e+01
3.125000000000000000e-01 -5.134367942810058594e+00 1.160817527770996094e+01
3.249999880790710449e-01 -4.517481803894042969e+00 1.163765525817871094e+01
3.375000059604644775e-01 -3.801548242568969727e+00 1.163795566558837891e+01
3.499999940395355225e-01 -2.982212305068969727e+00 1.164241790771484375e+01
3.625000119209289551e-01 -2.086296558380126953e+00 1.166764068603515625e+01
3.750000000000000000e-01 -1.153251886367797852e+00 1.165407562255859375e+01
3.874999880790710449e-01 -1.635297536849975586e-01 1.164136505126953125e+01
4.000000059604644775e-01 8.605644702911376953e-01 1.167867755889892578e+01
4.124999940395355225e-01 1.790843486785888672e+00 1.156319522857666016e+01
4.250000119209289551e-01 2.584231853485107422e+00 1.109682846069335938e+01
4.375000000000000000e-01 3.354286193847656250e+00 1.045349788665771484e+01
4.499999880790710449e-01 4.148201942443847656e+00 9.909225463867187500e+00
4.625000059604644775e-01 4.868722438812255859e+00 9.501310348510742188e+00
4.749999940395355225e-01 5.442508220672607422e+00 9.192942619323730469e+00
4.875000119209289551e-01 5.866478919982910156e+00 9.001518249511718750e+00
5.000000000000000000e-01 6.132688045501708984e+00 8.886047363281250000e+00
5.124999880790710449e-01 6.239903450012207031e+00 8.807365417480468750e+00
5.249999761581420898e-01 6.200414657592773438e+00 8.800126075744628906e+00
5.375000238418579102e-01 6.005717277526855469e+00 8.853782653808593750e+00
5.500000119209289551e-01 5.660286903381347656e+00 8.943671226501464844e+00
5.625000000000000000e-01 5.189131259918212891e+00 9.124530792236328125e+00
5.749999880790710449e-01 4.589725017547607422e+00 9.394520759582519531e+00
5.874999761581420898e-01 3.882109403610229492e+00 9.704506874084472656e+00
6.000000238418579102e-01 3.132858753204345703e+00 1.014528083801269531e+01
6.125000119209289551e-01 2.322464466094970703e+00 1.073993778228759766e+01
6.250000000000000000e-01 1.360337972640991211e+00 1.120283412933349609e+01
6.374999880790710449e-01 2.963865995407104492e-01 1.133047008514404297e+01
6.499999761581420898e-01 -7.134070396423339844e-01 1.131480407714843750e+01
6.625000238418579102e-01 -1.640392541885375977e+00 1.135228824615478516e+01
6.750000119209289551e-01 -2.545885562896728516e+00 1.138593482971191406e+01
6.875000000000000000e-01 -3.406235456466674805e+00 1.138335227966308594e+01
6.999999880790710449e-01 -4.168177127838134766e+00 1.141007041931152344e+01
7.124999761581420898e-01 -4.835206985473632812e+00 1.144442176818847656e+01
7.250000238418579102e-01 -5.395637989044189453e+00 1.145171546936035156e+01
7.375000119209289551e-01 -5.813108921051025391e+00 1.147533893585205078e+01
7.500000000000000000e-01 -6.089868545532226562e+00 1.151133918762207031e+01
7.624999880790710449e-01 -6.228714466094970703e+00 1.152325439453125000e+01
7.749999761581420898e-01 -6.207117557525634766e+00 1.154265880584716797e+01
7.875000238418579102e-01 -6.031909942626953125e+00 1.157790184020996094e+01
8.000000119209289551e-01 -5.720673561096191406e+00 1.158992958068847656e+01
8.125000000000000000e-01 -5.263546943664550781e+00 1.160139560699462891e+01
8.249999880790710449e-01 -4.672778129577636719e+00 1.163251590728759766e+01
8.374999761581420898e-01 -3.980161428451538086e+00 1.163996505737304688e+01
8.500000238418579102e-01 -3.185033798217773438e+00 1.163813686370849609e+01
8.625000119209289551e-01 -2.302357435226440430e+00 1.166322898864746094e+01
8.750000000000000000e-01 -1.377853751182556152e+00 1.166125583648681641e+01
8.874999880790710449e-01 -4.039937555789947510e-01 1.163844966888427734e+01
8.999999761581420898e-01 6.213384866714477539e-01 1.167213630676269531e+01
9.125000238418579102e-01 1.584791183471679688e+00 1.162004947662353516e+01
9.250000119209289551e-01 2.403658390045166016e+00 1.123541259765625000e+01
9.375000000000000000e-01 3.168495416641235352e+00 1.060389614105224609e+01
9.499999880790710449e-01 3.962302923202514648e+00 1.002354335784912109e+01
9.624999761581420898e-01 4.710364341735839844e+00 9.588859558105468750e+00
9.750000238418579102e-01 5.320408821105957031e+00 9.255804061889648438e+00
9.875000119209289551e-01 5.779792308807373047e+00 9.037158966064453125e+00
1.000000000000000000e+00 6.084496498107910156e+00 8.910182952880859375e+00
1.012500047683715820e+00 6.227996349334716797e+00 8.821067810058593750e+00
1.024999976158142090e+00 6.223212242126464844e+00 8.794484138488769531e+00
1.037500023841857910e+00 6.066280364990234375e+00 8.838285446166992188e+00
1.049999952316284180e+00 5.754094600677490234e+00 8.916746139526367188e+00
1.062500000000000000e+00 5.311748027801513672e+00 9.071316719055175781e+00
1.075000047683715820e+00 4.743398189544677734e+00 9.326714515686035156e+00
1.087499976158142090e+00 4.055597782135009766e+00 9.624863624572753906e+00
1.100000023841857910e+00 3.312561988830566406e+00 1.002269458770751953e+01
1.112499952316284180e+00 2.525512218475341797e+00 1.059706020355224609e+01
1.125000000000000000e+00 1.602592825889587402e+00 1.112279510498046875e+01
1.137500047683715820e+00 5.484156012535095215e-01 1.132482242584228516e+01
1.149999976158142090e+00 -4.838308393955230713e-01 1.131626319885253906e+01
1.162500023841857910e+00 -1.424516081809997559e+00 1.133939266204833984e+01
1.174999952316284180e+00 -2.333036422729492188e+00 1.138296222686767578e+01
1.187500000000000000e+00 -3.210440158843994141e+00 1.138324928283691406e+01
1.200000047683715820e+00 -3.997020959854125977e+00 1.140044975280761719e+01
1.212499976158142090e+00 -4.685564041137695312e+00 1.143907546997070312e+01
1.225000023841857910e+00 -5.274929523468017578e+00 1.145042896270751953e+01
1.237499952316284180e+00 -5.727713108062744141e+00 1.146685028076171875e+01
1.250000000000000000e+00 -6.036243915557861328e+00 1.150459957122802734e+01
1.262500047683715820e+00 -6.209605693817138672e+00 1.152169799804687500e+01
1.274999976158142090e+00 -6.227080345153808594e+00 1.153541946411132812e+01
1.287500023841857910e+00 -6.085821628570556641e+00 1.157066440582275391e+01
1.299999952316284180e+00 -5.807024002075195312e+00 1.158914947509765625e+01
1.312500000000000000e+00 -5.385092258453369141e+00 1.159620380401611328e+01
1.325000047683715820e+00 -4.822621822357177734e+00 1.162562942504882812e+01
1.337499976158142090e+00 -4.152934074401855469e+00 1.164125823974609375e+01
1.350000023841857910e+00 -3.382697105407714844e+00 1.163604831695556641e+01
1.362499952316284180e+00 -2.516445398330688477e+00 1.165692615509033203e+01
1.375000000000000000e+00 -1.599739193916320801e+00 1.166662406921386719e+01
1.387500047683715820e+00 -6.408238410949707031e-01 1.164002609252929688e+01
1.399999976158142090e+00 3.785217404365539551e-01 1.166157245635986328e+01
1.412500023841857910e+00 1.369577169418334961e+00 1.165629577636718750e+01
1.424999952316284180e+00 2.220126390457153320e+00 1.135897731781005859e+01
1.437500000000000000e+00 2.985285758972167969e+00 1.075852775573730469e+01
1.450000047683715820e+00 3.773850202560424805e+00 1.014670467376708984e+01
1.462499976158142090e+00 4.543769359588623047e+00 9.681545257568359375e+00
1.475000023841857910e+00 5.189915657043457031e+00 9.325370788574218750e+00
1.487499952316284180e+00 5.684474468231201172e+00 9.078190803527832031e+00
1.500000000000000000e+00 6.027111053466796875e+00 8.935861587524414062e+00
1.512500047683715820e+00 6.207917213439941406e+00 8.838425636291503906e+00
1.524999976158142090e+00 6.237497329711914062e+00 8.793151855468750000e+00
1.537500023841857910e+00 6.117927551269531250e+00 8.824153900146484375e+00
1.549999952316284180e+00 5.840774059295654297e+00 8.894166946411132812e+00
1.562500000000000000e+00 5.427347660064697266e+00 9.024418830871582031e+00
1.575000047683715820e+00 4.889955043792724609e+00 9.260533332824707031e+00
1.587499976158142090e+00 4.226257324218750000e+00 9.550450325012207031e+00
1.600000023841857910e+00 3.490496158599853516e+00 9.911853790283203125e+00
1.612499952316284180e+00 2.720397710800170898e+00 1.045187187194824219e+01
1.625000000000000000e+00 1.836573719978332520e+00 1.102226638793945312e+01
1.637500047683715820e+00 8.022204041481018066e-01 1.130671977996826172e+01
1.649999976158142090e+00 -2.483477145433425903e-01 1.132117080688476562e+01
1.662500023841857910e+00 -1.207286477088928223e+00 1.132779693603515625e+01
1.674999952316284180e+00 -2.118806600570678711e+00 1.137666797637939453e+01
1.687500000000000000e+00 -3.009153842926025391e+00 1.138456058502197266e+01
1.700000047683715820e+00 -3.820363759994506836e+00 1.139238739013671875e+01
1.712499976158142090e+00 -4.530637741088867188e+00 1.143158721923828125e+01
1.725000023841857910e+00 -5.146344184875488281e+00 1.144956970214843750e+01
1.737499952316284180e+00 -5.634127616882324219e+00 1.145998573303222656e+01
1.750000000000000000e+00 -5.975281238555908203e+00 1.149625015258789062e+01
1.762500047683715820e+00 -6.181634426116943359e+00 1.151990032196044922e+01
1.774999976158142090e+00 -6.237978935241699219e+00 1.152986335754394531e+01
1.787500023841857910e+00 -6.132239818572998047e+00 1.156216144561767578e+01
1.799999952316284180e+00 -5.885305404663085938e+00 1.158750724792480469e+01
1.812500000000000000e+00 -5.498536109924316406e+00 1.159279251098632812e+01
1.825000047683715820e+00 -4.966662883758544922e+00 1.161776828765869141e+01
1.837499976158142090e+00 -4.320111274719238281e+00 1.164095497131347656e+01
1.850000023841857910e+00 -3.574664115905761719e+00 1.163603878021240234e+01
1.862499952316284180e+00 -2.727946758270263672e+00 1.164998149871826172e+01
1.875000000000000000e+00 -1.819515705108642578e+00 1.166909503936767578e+01
1.887500047683715820e+00 -8.736001253128051758e-01 1.164518928527832031e+01
1.899999976158142090e+00 1.343389153480529785e-01 1.165080451965332031e+01
1.912500023841857910e+00 1.145475268363952637e+00 1.167470169067382812e+01
1.924999952316284180e+00 2.031495332717895508e+00 1.146378898620605469e+01
1.937500000000000000e+00 2.804323673248291016e+00 1.091349124908447266e+01
1.950000047683715820e+00 3.584653139114379883e+00 1.027918720245361328e+01
1.962499976158142090e+00 4.369713306427001953e+00 9.779860496520996094e+00
1.975000023841857910e+00 5.050849914550781250e+00 9.401085853576660156e+00
1.987499952316284180e+00 5.580753803253173828e+00 9.125544548034667969e+00
2.000000000000000000e+00 5.960487365722656250e+00 8.963561058044433594e+00
