0.000000000000000000e+00 6.171246051788330078e+00 8.863840103149414062e+00
1.250000018626451492e-02 6.243445396423339844e+00 8.798203468322753906e+00
2.500000037252902985e-02 6.168223381042480469e+00 8.809534072875976562e+00
3.750000149011611938e-02 5.935009002685546875e+00 8.871068954467773438e+00
5.000000074505805969e-02 5.556752204895019531e+00 8.976990699768066406e+00
6.250000000000000000e-02 5.054481029510498047e+00 9.185193061828613281e+00
7.500000298023223877e-02 4.422561645507812500e+00 9.466418266296386719e+00
8.749999850988388062e-02 3.697755575180053711e+00 9.796130180358886719e+00
1.000000014901161194e-01 2.939326047897338867e+00 1.028619480133056641e+01
1.124999970197677612e-01 2.095585107803344727e+00 1.088324356079101562e+01
1.250000000000000000e-01 1.092998147010803223e+00 1.126491069793701172e+01
1.375000029802322388e-01 2.782608941197395325e-02 1.132749366760253906e+01
1.500000059604644775e-01 -9.581527113914489746e-01 1.131817150115966797e+01
1.624999940395355225e-01 -1.877104878425598145e+00 1.136550426483154297e+01
1.749999970197677612e-01 -2.778819084167480469e+00 1.138590049743652344e+01
1.875000000000000000e-01 -3.617684364318847656e+00 1.138602638244628906e+01
2.000000029802322388e-01 -4.354330062866210938e+00 1.142124366760253906e+01
2.125000059604644775e-01 -4.997492313385009766e+00 1.144784069061279297e+01
2.249999940395355225e-01 -5.522994995117187500e+00 1.145469379425048828e+01
2.374999970197677612e-01 -5.901285648345947266e+00 1.148613071441650391e+01
2.500000000000000000e-01 -6.142210960388183594e+00 1.151680946350097656e+01
2.624999880790710449e-01 -6.239022254943847656e+00 1.152590751647949219e+01
2.750000059604644775e-01 -6.172273635864257812e+00 1.155277347564697266e+01
2.874999940395355225e-01 -5.958216667175292969e+00 1.158428573608398438e+01
3.000000119209289551e-01 -5.606574058532714844e+00 1.159106063842773438e+01
3.125000000000000000e-01 -5.107391834259033203e+00 1.160986804962158203e+01
3.249999880790710449e-01 -4.484210014343261719e+00 1.163868904113769531e+01
3.375000059604644775e-01 -3.761849880218505859e+00 1.163779640197753906e+01
3.499999940395355225e-01 -2.935781478881835938e+00 1.164393901824951172e+01
3.625000119209289551e-01 -2.035520792007446289e+00 1.166859912872314453e+01
3.750000000000000000e-01 -1.098413348197937012e+00 1.165259265899658203e+01
3.874999880790710449e-01 -1.029203236103057861e-01 1.164317226409912109e+01
4.000000059604644775e-01 9.215427041053771973e-01 1.167953395843505859e+01
4.124999940395355225e-01 1.844330549240112305e+00 1.154477405548095703e+01
4.250000119209289551e-01 2.633571624755859375e+00 1.105726718902587891e+01
4.375000000000000000e-01 3.407042026519775391e+00 1.041278934478759766e+01
4.499999880790710449e-01 4.201198101043701172e+00 9.878105163574218750e+00
4.625000059604644775e-01 4.914075374603271484e+00 9.476576805114746094e+00
4.749999940395355225e-01 5.478082656860351562e+00 9.175372123718261719e+00
4.875000119209289551e-01 5.891743183135986328e+00 8.991482734680175781e+00
5.000000000000000000e-01 6.146071910858154297e+00 8.878757476806640625e+00
5.124999880790710449e-01 6.241763591766357422e+00 8.803918838500976562e+00
5.249999761581420898e-01 6.190313339233398438e+00 8.803040504455566406e+00
5.375000238418579102e-01 5.982156753540039062e+00 8.859604835510253906e+00
5.500000119209289551e-01 5.624696731567382812e+00 8.954629898071289062e+00
5.625000000000000000e-01 5.142076492309570312e+00 9.145452499389648438e+00
5.749999880790710449e-01 4.530139923095703125e+00 9.420214653015136719e+00
5.874999761581420898e-01 3.814846515655517578e+00 9.736765861511230469e+00
6.000000238418579102e-01 3.061606168746948242e+00 1.019601058959960938e+01
6.125000119209289551e-01 2.238680124282836914e+00 1.079483985900878906e+01
6.250000000000000000e-01 1.259577751159667969e+00 1.122902870178222656e+01
6.374999880790710449e-01 1.925076991319656372e-01 1.132989215850830078e+01
6.499999761581420898e-01 -8.093125224113464355e-01 1.131525993347167969e+01
6.625000238418579102e-01 -1.733650326728820801e+00 1.135755252838134766e+01
6.750000119209289551e-01 -2.639061927795410156e+00 1.138610744476318359e+01
6.875000000000000000e-01 -3.492244482040405273e+00 1.138391208648681641e+01
6.999999880790710449e-01 -4.244651317596435547e+00 1.141453361511230469e+01
7.124999761581420898e-01 -4.902820110321044922e+00 1.144604206085205078e+01
7.250000238418579102e-01 -5.449786186218261719e+00 1.145262813568115234e+01
7.375000119209289551e-01 -5.851222991943359375e+00 1.147975730895996094e+01
7.500000000000000000e-01 -6.113151073455810547e+00 1.151394939422607422e+01
7.624999880790710449e-01 -6.234491825103759766e+00 1.152423000335693359e+01
7.749999761581420898e-01 -6.193283557891845703e+00 1.154691696166992188e+01
7.875000238418579102e-01 -6.000827789306640625e+00 1.158107662200927734e+01
8.000000119209289551e-01 -5.671710014343261719e+00 1.159042835235595703e+01
8.125000000000000000e-01 -5.195292949676513672e+00 1.160502910614013672e+01
8.249999880790710449e-01 -4.589076042175292969e+00 1.163577842712402344e+01
8.374999761581420898e-01 -3.882451772689819336e+00 1.163914871215820312e+01
8.500000238418579102e-01 -3.072228431701660156e+00 1.164055824279785156e+01
8.625000119209289551e-01 -2.180022239685058594e+00 1.166634178161621094e+01
8.750000000000000000e-01 -1.249008417129516602e+00 1.165760135650634766e+01
8.874999880790710449e-01 -2.640906274318695068e-01 1.163994884490966797e+01
8.999999761581420898e-01 7.634711265563964844e-01 1.167712402343750000e+01
9.125000238418579102e-01 1.709537506103515625e+00 1.158893489837646484e+01
9.250000119209289551e-01 2.513660669326782227e+00 1.115317535400390625e+01
9.375000000000000000e-01 3.282482385635375977e+00 1.051115036010742188e+01
9.499999880790710449e-01 4.078431606292724609e+00 9.951822280883789062e+00
9.624999761581420898e-01 4.811150074005126953e+00 9.533403396606445312e+00
9.750000238418579102e-01 5.399290084838867188e+00 9.215092658996582031e+00
9.875000119209289551e-01 5.836781501770019531e+00 9.013768196105957031e+00
1.000000000000000000e+00 6.116919994354248047e+00 8.894381523132324219e+00
1.012500047683715820e+00 6.236512184143066406e+00 8.811665534973144531e+00
1.024999976158142090e+00 6.208462715148925781e+00 8.797997474670410156e+00
1.037500023841857910e+00 6.025538444519042969e+00 8.848821640014648438e+00
1.049999952316284180e+00 5.689646720886230469e+00 8.934868812561035156e+00
1.062500000000000000e+00 5.226388931274414062e+00 9.107939720153808594e+00
1.075000047683715820e+00 4.634999752044677734e+00 9.374567985534667969e+00
1.087499976158142090e+00 3.931262731552124023e+00 9.681148529052734375e+00
1.100000023841857910e+00 3.182347536087036133e+00 1.011017417907714844e+01
1.112499952316284180e+00 2.377472162246704102e+00 1.070200538635253906e+01
1.125000000000000000e+00 1.423736810684204102e+00 1.118380832672119141e+01
1.137500047683715820e+00 3.592215478420257568e-01 1.132963371276855469e+01
1.149999976158142090e+00 -6.583754420280456543e-01 1.131445884704589844e+01
1.162500023841857910e+00 -1.590020298957824707e+00 1.134900856018066406e+01
1.174999952316284180e+00 -2.498026132583618164e+00 1.138530731201171875e+01
1.187500000000000000e+00 -3.364124298095703125e+00 1.138294601440429688e+01
1.200000047683715820e+00 -4.132729530334472656e+00 1.140780448913574219e+01
1.212499976158142090e+00 -4.805446147918701172e+00 1.144338512420654297e+01
1.225000023841857910e+00 -5.372831821441650391e+00 1.145128250122070312e+01
1.237499952316284180e+00 -5.797732353210449219e+00 1.147361373901367188e+01
1.250000000000000000e+00 -6.080679416656494141e+00 1.151026439666748047e+01
1.262500047683715820e+00 -6.225817680358886719e+00 1.152299213409423828e+01
1.274999976158142090e+00 -6.210535049438476562e+00 1.154146766662597656e+01
1.287500023841857910e+00 -6.040141582489013672e+00 1.157702064514160156e+01
1.299999952316284180e+00 -5.733099460601806641e+00 1.158998775482177734e+01
1.312500000000000000e+00 -5.279933452606201172e+00 1.160078430175781250e+01
1.325000047683715820e+00 -4.691569328308105469e+00 1.163195419311523438e+01
1.337499976158142090e+00 -4.000406742095947266e+00 1.164043140411376953e+01
1.350000023841857910e+00 -3.206553697586059570e+00 1.163808631896972656e+01
1.362499952316284180e+00 -2.323753595352172852e+00 1.166296768188476562e+01
1.375000000000000000e+00 -1.398224949836730957e+00 1.166218566894531250e+01
1.387500047683715820e+00 -4.238590598106384277e-01 1.163878059387207031e+01
1.399999976158142090e+00 6.032241582870483398e-01 1.167178630828857422e+01
1.412500023841857910e+00 1.570752620697021484e+00 1.162347698211669922e+01
1.424999952316284180e+00 2.393010854721069336e+00 1.124361324310302734e+01
1.437500000000000000e+00 3.159014463424682617e+00 1.061225414276123047e+01
1.450000047683715820e+00 3.954024314880371094e+00 1.002921867370605469e+01
1.462499976158142090e+00 4.704430103302001953e+00 9.592471122741699219e+00
1.475000023841857910e+00 5.316809177398681641e+00 9.257911682128906250e+00
1.487499952316284180e+00 5.777906417846679688e+00 9.038130760192871094e+00
1.500000000000000000e+00 6.083723545074462891e+00 8.910652160644531250e+00
1.512500047683715820e+00 6.227674484252929688e+00 8.821266174316406250e+00
1.524999976158142090e+00 6.222745418548583984e+00 8.794656753540039062e+00
1.537500023841857910e+00 6.065039634704589844e+00 8.838628768920898438e+00
1.549999952316284180e+00 5.751534938812255859e+00 8.917404174804687500e+00
1.562500000000000000e+00 5.307495117187500000e+00 9.072988510131835938e+00
1.575000047683715820e+00 4.736888408660888672e+00 9.329472541809082031e+00
1.587499976158142090e+00 4.046760082244873047e+00 9.628587722778320312e+00
1.600000023841857910e+00 3.301966667175292969e+00 1.002927875518798828e+01
1.612499952316284180e+00 2.512215375900268555e+00 1.060635375976562500e+01
1.625000000000000000e+00 1.584808826446533203e+00 1.112913894653320312e+01
1.637500047683715820e+00 5.274509191513061523e-01 1.132535552978515625e+01
1.649999976158142090e+00 -5.050369501113891602e-01 1.131565380096435547e+01
1.662500023841857910e+00 -1.446071147918701172e+00 1.134039306640625000e+01
1.674999952316284180e+00 -2.356039285659790039e+00 1.138320922851562500e+01
1.687500000000000000e+00 -3.233391761779785156e+00 1.138295364379882812e+01
1.700000047683715820e+00 -4.018482208251953125e+00 1.140139770507812500e+01
1.712499976158142090e+00 -4.705554008483886719e+00 1.143976497650146484e+01
1.725000023841857910e+00 -5.292213916778564453e+00 1.145044803619384766e+01
1.737499952316284180e+00 -5.740716934204101562e+00 1.146795177459716797e+01
1.750000000000000000e+00 -6.044885635375976562e+00 1.150574874877929688e+01
1.762500047683715820e+00 -6.213070392608642578e+00 1.152196121215820312e+01
1.774999976158142090e+00 -6.223897933959960938e+00 1.153662014007568359e+01
1.787500023841857910e+00 -6.076168060302734375e+00 1.157219791412353516e+01
1.799999952316284180e+00 -5.790798664093017578e+00 1.158948230743408203e+01
1.812500000000000000e+00 -5.361146450042724609e+00 1.159727478027343750e+01
1.825000047683715820e+00 -4.791628360748291016e+00 1.162738323211669922e+01
1.837499976158142090e+00 -4.115777015686035156e+00 1.164134120941162109e+01
1.850000023841857910e+00 -3.338550567626953125e+00 1.163660526275634766e+01
1.862499952316284180e+00 -2.466591358184814453e+00 1.165880107879638672e+01
1.875000000000000000e+00 -1.546262979507446289e+00 1.166589641571044922e+01
1.887500047683715820e+00 -5.819740891456604004e-01 1.163960933685302734e+01
1.899999976158142090e+00 4.414555728435516357e-01 1.166481494903564453e+01
1.912500023841857910e+00 1.427872896194458008e+00 1.164889430999755859e+01
1.924999952316284180e+00 2.270986080169677734e+00 1.132724571228027344e+01
1.937500000000000000e+00 3.036710023880004883e+00 1.071518135070800781e+01
1.950000047683715820e+00 3.828520536422729492e+00 1.011056613922119141e+01
1.962499976158142090e+00 4.594051837921142578e+00 9.653815269470214844e+00
1.975000023841857910e+00 5.230596542358398438e+00 9.303710937500000000e+00
1.987499952316284180e+00 5.715196132659912109e+00 9.064903259277343750e+00
2.000000000000000000e+00 6.046436309814453125e+00 8.927599906921386719e+00
