0.000000000000000000e+00 6.170634746551513672e+00 8.864248275756835938e+00
1.250000018626451492e-02 6.243128776550292969e+00 8.798372268676757812e+00
2.500000037252902985e-02 6.167610645294189453e+00 8.809744834899902344e+00
3.750000149011611938e-02 5.933472156524658203e+00 8.871438980102539062e+00
5.000000074505805969e-02 5.553840160369873047e+00 8.977907180786132812e+00
6.250000000000000000e-02 5.049732685089111328e+00 9.187221527099609375e+00
7.500000298023223877e-02 4.415500640869140625e+00 9.469272613525390625e+00
8.749999850988388062e-02 3.688723087310791016e+00 9.800592422485351562e+00
1.000000014901161194e-01 2.928400993347167969e+00 1.029397392272949219e+01
1.124999970197677612e-01 2.081055164337158203e+00 1.089141178131103516e+01
1.250000000000000000e-01 1.074250698089599609e+00 1.126801013946533203e+01
1.375000029802322388e-01 7.479059975594282150e-03 1.132674026489257812e+01
1.500000059604644775e-01 -9.784377217292785645e-01 1.131844711303710938e+01
1.624999940395355225e-01 -1.898534059524536133e+00 1.136637306213378906e+01
1.749999970197677612e-01 -2.801248550415039062e+00 1.138557434082031250e+01
1.875000000000000000e-01 -3.639179706573486328e+00 1.138631725311279297e+01
2.000000029802322388e-01 -4.374418735504150391e+00 1.142230510711669922e+01
2.125000059604644775e-01 -5.015808105468750000e+00 1.144798278808593750e+01
2.249999940395355225e-01 -5.537765979766845703e+00 1.145514297485351562e+01
2.374999970197677612e-01 -5.911765575408935547e+00 1.148751163482666016e+01
2.500000000000000000e-01 -6.148257732391357422e+00 1.151736545562744141e+01
2.624999880790710449e-01 -6.239162921905517578e+00 1.152645015716552734e+01
2.750000059604644775e-01 -6.165820121765136719e+00 1.155442047119140625e+01
2.874999940395355225e-01 -5.945588111877441406e+00 1.158513832092285156e+01
3.000000119209289551e-01 -5.586845874786376953e+00 1.159147262573242188e+01
3.125000000000000000e-01 -5.080141544342041016e+00 1.161159896850585938e+01
3.249999880790710449e-01 -4.450713157653808594e+00 1.163962841033935547e+01
3.375000059604644775e-01 -3.721874475479125977e+00 1.163766574859619141e+01
3.499999940395355225e-01 -2.889142513275146484e+00 1.164554500579833984e+01
3.625000119209289551e-01 -1.984663724899291992e+00 1.166939353942871094e+01
3.750000000000000000e-01 -1.043375968933105469e+00 1.165112400054931641e+01
3.874999880790710449e-01 -4.216919094324111938e-02 1.164524364471435547e+01
4.000000059604644775e-01 9.821046590805053711e-01 1.167974758148193359e+01
4.124999940395355225e-01 1.897213101387023926e+00 1.152479743957519531e+01
4.250000119209289551e-01 2.682860374450683594e+00 1.101704216003417969e+01
4.375000000000000000e-01 3.459927320480346680e+00 1.037271022796630859e+01
4.499999880790710449e-01 4.253769397735595703e+00 9.847611427307128906e+00
4.625000059604644775e-01 4.958654403686523438e+00 9.452281951904296875e+00
4.749999940395355225e-01 5.512884616851806641e+00 9.158457756042480469e+00
4.875000119209289551e-01 5.916112899780273438e+00 8.981824874877929688e+00
5.000000000000000000e-01 6.158512115478515625e+00 8.871623992919921875e+00
5.124999880790710449e-01 6.242733478546142578e+00 8.800971984863281250e+00
5.249999761581420898e-01 6.179179191589355469e+00 8.806328773498535156e+00
5.375000238418579102e-01 5.957559585571289062e+00 8.865604400634765625e+00
5.500000119209289551e-01 5.588245868682861328e+00 8.966334342956542969e+00
5.625000000000000000e-01 5.094035148620605469e+00 9.167045593261718750e+00
5.749999880790710449e-01 4.469698905944824219e+00 9.446073532104492188e+00
5.874999761581420898e-01 3.747370243072509766e+00 9.770244598388671875e+00
6.000000238418579102e-01 2.989848375320434570e+00 1.024822616577148438e+01
6.125000119209289551e-01 2.153375625610351562e+00 1.084813690185546875e+01
6.250000000000000000e-01 1.157917022705078125e+00 1.125171661376953125e+01
6.374999880790710449e-01 8.941390365362167358e-02 1.132828521728515625e+01
6.499999761581420898e-01 -9.043663144111633301e-01 1.131658649444580078e+01
6.625000238418579102e-01 -1.826822519302368164e+00 1.136256980895996094e+01
6.750000119209289551e-01 -2.731665849685668945e+00 1.138583755493164062e+01
6.875000000000000000e-01 -3.577022314071655273e+00 1.138500118255615234e+01
6.999999880790710449e-01 -4.320054531097412109e+00 1.141899681091308594e+01
7.124999761581420898e-01 -4.969101428985595703e+00 1.144724941253662109e+01
7.250000238418579102e-01 -5.502028942108154297e+00 1.145391654968261719e+01
7.375000119209289551e-01 -5.887530803680419922e+00 1.148430919647216797e+01
7.500000000000000000e-01 -6.134575843811035156e+00 1.151612281799316406e+01
7.624999880790710449e-01 -6.237939834594726562e+00 1.152546501159667969e+01
7.749999761581420898e-01 -6.177266120910644531e+00 1.155142498016357422e+01
7.875000238418579102e-01 -5.967769622802734375e+00 1.158375358581542969e+01
8.000000119209289551e-01 -5.620431900024414062e+00 1.159105587005615234e+01
8.125000000000000000e-01 -5.124960899353027344e+00 1.160905075073242188e+01
8.249999880790710449e-01 -4.503816604614257812e+00 1.163844776153564453e+01
8.374999761581420898e-01 -3.782954692840576172e+00 1.163829231262207031e+01
8.500000238418579102e-01 -2.957949638366699219e+00 1.164362239837646484e+01
8.625000119209289551e-01 -2.057142734527587891e+00 1.166865348815917969e+01
8.750000000000000000e-01 -1.119152665138244629e+00 1.165363788604736328e+01
8.874999880790710449e-01 -1.231248378753662109e-01 1.164302062988281250e+01
8.999999761581420898e-01 9.038946628570556641e-01 1.167980670928955078e+01
9.125000238418579102e-01 1.831043720245361328e+00 1.155005645751953125e+01
9.250000119209289551e-01 2.622996807098388672e+00 1.106643295288085938e+01
9.375000000000000000e-01 3.397333860397338867e+00 1.042077636718750000e+01
9.499999880790710449e-01 4.193086147308349609e+00 9.883309364318847656e+00
9.624999761581420898e-01 4.908525466918945312e+00 9.479919433593750000e+00
9.750000238418579102e-01 5.474780082702636719e+00 9.177211761474609375e+00
9.875000119209289551e-01 5.890064716339111328e+00 8.992326736450195312e+00
1.000000000000000000e+00 6.145404338836669922e+00 8.879189491271972656e+00
1.012500047683715820e+00 6.241445541381835938e+00 8.804097175598144531e+00
1.024999976158142090e+00 6.189754009246826172e+00 8.803240776062011719e+00
1.037500023841857910e+00 5.980722427368164062e+00 8.859961509704589844e+00
1.049999952316284180e+00 5.621908664703369141e+00 8.955446243286132812e+00
1.062500000000000000e+00 5.137507438659667969e+00 9.147376060485839844e+00
1.075000047683715820e+00 4.523258686065673828e+00 9.423029899597167969e+00
1.087499976158142090e+00 3.805876016616821289e+00 9.740928649902343750e+00
1.100000023841857910e+00 3.050843238830566406e+00 1.020344829559326172e+01
1.112499952316284180e+00 2.224595546722412109e+00 1.080352306365966797e+01
1.125000000000000000e+00 1.241088390350341797e+00 1.123314380645751953e+01
1.137500047683715820e+00 1.719228327274322510e-01 1.132937240600585938e+01
1.149999976158142090e+00 -8.298256993293762207e-01 1.131524276733398438e+01
1.162500023841857910e+00 -1.755078673362731934e+00 1.135854339599609375e+01
1.174999952316284180e+00 -2.661708116531372070e+00 1.138590812683105469e+01
1.187500000000000000e+00 -3.514190673828125000e+00 1.138398742675781250e+01
1.200000047683715820e+00 -4.265139102935791016e+00 1.141562652587890625e+01
1.212499976158142090e+00 -4.921684741973876953e+00 1.144633007049560547e+01
1.225000023841857910e+00 -5.465346336364746094e+00 1.145289897918701172e+01
1.237499952316284180e+00 -5.862454891204833984e+00 1.148111534118652344e+01
1.250000000000000000e+00 -6.120019912719726562e+00 1.151468563079833984e+01
1.262500047683715820e+00 -6.235672473907470703e+00 1.152462577819824219e+01
1.274999976158142090e+00 -6.187798023223876953e+00 1.154848670959472656e+01
1.287500023841857910e+00 -5.989119529724121094e+00 1.158215618133544922e+01
1.299999952316284180e+00 -5.653074264526367188e+00 1.159073448181152344e+01
1.312500000000000000e+00 -5.169000625610351562e+00 1.160661220550537109e+01
1.325000047683715820e+00 -4.556332111358642578e+00 1.163701820373535156e+01
1.337499976158142090e+00 -3.843364238739013672e+00 1.163896751403808594e+01
1.350000023841857910e+00 -3.026274919509887695e+00 1.164189052581787109e+01
1.362499952316284180e+00 -2.129443407058715820e+00 1.166758155822753906e+01
1.375000000000000000e+00 -1.194543004035949707e+00 1.165615653991699219e+01
1.387500047683715820e+00 -2.038064599037170410e-01 1.164128112792968750e+01
1.399999976158142090e+00 8.250043988227844238e-01 1.167883300781250000e+01
1.412500023841857910e+00 1.763929247856140137e+00 1.157286262512207031e+01
1.424999952316284180e+00 2.563083887100219727e+00 1.111478328704833984e+01
1.437500000000000000e+00 3.334969043731689453e+00 1.046969413757324219e+01
1.450000047683715820e+00 4.131871700286865234e+00 9.919851303100585938e+00
1.462499976158142090e+00 4.857430934906005859e+00 9.508127212524414062e+00
1.475000023841857910e+00 5.435759067535400391e+00 9.196753501892089844e+00
1.487499952316284180e+00 5.863018989562988281e+00 9.003263473510742188e+00
1.500000000000000000e+00 6.131300926208496094e+00 8.886929512023925781e+00
1.512500047683715820e+00 6.239264965057373047e+00 8.807731628417968750e+00
1.524999976158142090e+00 6.199342250823974609e+00 8.800515174865722656e+00
1.537500023841857910e+00 6.002943515777587891e+00 8.854487419128417969e+00
1.549999952316284180e+00 5.654823303222656250e+00 8.945212364196777344e+00
1.562500000000000000e+00 5.180157661437988281e+00 9.128259658813476562e+00
1.575000047683715820e+00 4.576141834259033203e+00 9.400123596191406250e+00
1.587499976158142090e+00 3.864218473434448242e+00 9.712562561035156250e+00
1.600000023841857910e+00 3.111444711685180664e+00 1.015974617004394531e+01
1.612499952316284180e+00 2.294732093811035156e+00 1.075776004791259766e+01
1.625000000000000000e+00 1.323672413825988770e+00 1.121223831176757812e+01
1.637500047683715820e+00 2.549558877944946289e-01 1.132983779907226562e+01
1.649999976158142090e+00 -7.547708749771118164e-01 1.131443023681640625e+01
1.662500023841857910e+00 -1.683295488357543945e+00 1.135434913635253906e+01
1.674999952316284180e+00 -2.591417551040649414e+00 1.138573932647705078e+01
1.687500000000000000e+00 -3.450686454772949219e+00 1.138326835632324219e+01
1.700000047683715820e+00 -4.209666252136230469e+00 1.141223621368408203e+01
1.712499976158142090e+00 -4.873583316802978516e+00 1.144520187377929688e+01
1.725000023841857910e+00 -5.427723407745361328e+00 1.145207023620605469e+01
1.737499952316284180e+00 -5.836526870727539062e+00 1.147796344757080078e+01
1.750000000000000000e+00 -6.104605197906494141e+00 1.151304340362548828e+01
1.762500047683715820e+00 -6.232365608215332031e+00 1.152391052246093750e+01
1.774999976158142090e+00 -6.197398662567138672e+00 1.154563713073730469e+01
1.787500023841857910e+00 -6.009643077850341797e+00 1.158034324645996094e+01
1.799999952316284180e+00 -5.684776306152343750e+00 1.159047889709472656e+01
1.812500000000000000e+00 -5.212237358093261719e+00 1.160431003570556641e+01
1.825000047683715820e+00 -4.608258247375488281e+00 1.163534927368164062e+01
1.837499976158142090e+00 -3.903107404708862305e+00 1.163965034484863281e+01
1.850000023841857910e+00 -3.094088554382324219e+00 1.164037513732910156e+01
1.862499952316284180e+00 -2.201559543609619141e+00 1.166620540618896484e+01
1.875000000000000000e+00 -1.269570589065551758e+00 1.165861320495605469e+01
1.887500047683715820e+00 -2.841663956642150879e-01 1.164005088806152344e+01
1.899999976158142090e+00 7.455086708068847656e-01 1.167699718475341797e+01
1.912500023841857910e+00 1.695834517478942871e+00 1.159323215484619141e+01
1.924999952316284180e+00 2.503049135208129883e+00 1.116191101074218750e+01
1.937500000000000000e+00 3.272861242294311523e+00 1.051937961578369141e+01
1.950000047683715820e+00 4.070189476013183594e+00 9.957278251647949219e+00
1.962499976158142090e+00 4.805376529693603516e+00 9.536897659301757812e+00
1.975000023841857910e+00 5.395819187164306641e+00 9.217079162597656250e+00
1.987499952316284180e+00 5.834984779357910156e+00 9.014678001403808594e+00
2.000000000000000000e+00 6.116193294525146484e+00 8.894835472106933594e+00
