0.000000000000000000e+00 6.277092456817626953e+00 8.793618202209472656e+00
1.250000018626451492e-02 6.299432754516601562e+00 8.772963523864746094e+00
2.500000037252902985e-02 6.276793003082275391e+00 8.776733398437500000e+00
3.750000149011611938e-02 6.206979274749755859e+00 8.801507949829101562e+00
5.000000074505805969e-02 6.088589668273925781e+00 8.838243484497070312e+00
6.250000000000000000e-02 5.923712253570556641e+00 8.883696556091308594e+00
7.500000298023223877e-02 5.716864585876464844e+00 8.946442604064941406e+00
8.749999850988388062e-02 5.471068382263183594e+00 9.039600372314453125e+00
1.000000014901161194e-01 5.185632228851318359e+00 9.166991233825683594e+00
1.124999970197677612e-01 4.858909130096435547e+00 9.318177223205566406e+00
1.250000000000000000e-01 4.493853569030761719e+00 9.480211257934570312e+00
1.375000029802322388e-01 4.100231647491455078e+00 9.656108856201171875e+00
1.500000059604644775e-01 3.689553022384643555e+00 9.869956970214843750e+00
1.624999940395355225e-01 3.265854835510253906e+00 1.014821529388427734e+01
1.749999970197677612e-01 2.820740938186645508e+00 1.048925304412841797e+01
1.875000000000000000e-01 2.338779687881469727e+00 1.084771251678466797e+01
2.000000029802322388e-01 1.810637831687927246e+00 1.115153503417968750e+01
2.125000059604644775e-01 1.243797540664672852e+00 1.134301948547363281e+01
2.249999940395355225e-01 6.615540981292724609e-01 1.141376590728759766e+01
2.374999970197677612e-01 9.021764993667602539e-02 1.140653800964355469e+01
2.500000000000000000e-01 -4.557661116123199463e-01 1.138311290740966797e+01
2.624999880790710449e-01 -9.792830944061279297e-01 1.138395118713378906e+01
2.750000059604644775e-01 -1.493013978004455566e+00 1.141016483306884766e+01
2.874999940395355225e-01 -2.005943775177001953e+00 1.143769931793212891e+01
3.000000119209289551e-01 -2.515142679214477539e+00 1.144672489166259766e+01
3.125000000000000000e-01 -3.008512973785400391e+00 1.143949127197265625e+01
3.249999880790710449e-01 -3.474401950836181641e+00 1.143392372131347656e+01
3.375000059604644775e-01 -3.908774137496948242e+00 1.144348812103271484e+01
3.499999940395355225e-01 -4.314144611358642578e+00 1.146447849273681641e+01
3.625000119209289551e-01 -4.692697525024414062e+00 1.148190689086914062e+01
3.750000000000000000e-01 -5.041000366210937500e+00 1.148593139648437500e+01
3.874999880790710449e-01 -5.351244449615478516e+00 1.148142051696777344e+01
4.000000059604644775e-01 -5.617049217224121094e+00 1.148172092437744141e+01
4.124999940395355225e-01 -5.837589263916015625e+00 1.149422836303710938e+01
4.250000119209289551e-01 -6.016016006469726562e+00 1.151303958892822266e+01
4.375000000000000000e-01 -6.154199123382568359e+00 1.152579593658447266e+01
4.499999880790710449e-01 -6.249426364898681641e+00 1.152693176269531250e+01
4.625000059604644775e-01 -6.296393394470214844e+00 1.152330684661865234e+01
4.749999940395355225e-01 -6.292206287384033203e+00 1.152657890319824219e+01
4.875000119209289551e-01 -6.239071369171142578e+00 1.154065608978271484e+01
5.000000000000000000e-01 -6.141888618469238281e+00 1.155752563476562500e+01
5.124999880790710449e-01 -6.003357887268066406e+00 1.156582546234130859e+01
5.249999761581420898e-01 -5.821807861328125000e+00 1.156304550170898438e+01
5.375000238418579102e-01 -5.594078540802001953e+00 1.155835819244384766e+01
5.500000119209289551e-01 -5.320433139801025391e+00 1.156286621093750000e+01
5.625000000000000000e-01 -5.006226539611816406e+00 1.157743358612060547e+01
5.749999880790710449e-01 -4.658392906188964844e+00 1.159118080139160156e+01
5.874999761581420898e-01 -4.280322551727294922e+00 1.159280872344970703e+01
6.000000238418579102e-01 -3.870642423629760742e+00 1.158312702178955078e+01
6.125000119209289551e-01 -3.427514314651489258e+00 1.157512378692626953e+01
6.250000000000000000e-01 -2.954144477844238281e+00 1.158039665222167969e+01
6.374999880790710449e-01 -2.459415912628173828e+00 1.159561347961425781e+01
6.499999761581420898e-01 -1.952199697494506836e+00 1.160411357879638672e+01
6.625000238418579102e-01 -1.434666633605957031e+00 1.159308719635009766e+01
6.750000119209289551e-01 -9.018970727920532227e-01 1.156972026824951172e+01
6.875000000000000000e-01 -3.496591448783874512e-01 1.155778789520263672e+01
6.999999880790710449e-01 2.159636914730072021e-01 1.157333374023437500e+01
7.124999761581420898e-01 7.764425873756408691e-01 1.159924221038818359e+01
7.250000238418579102e-01 1.309830546379089355e+00 1.158331108093261719e+01
7.375000119209289551e-01 1.804749488830566406e+00 1.146654033660888672e+01
7.500000000000000000e-01 2.267982721328735352e+00 1.122244358062744141e+01
7.624999880790710449e-01 2.718873500823974609e+00 1.087728404998779297e+01
7.749999761581420898e-01 3.174398422241210938e+00 1.049550533294677734e+01
7.875000238418579102e-01 3.636345148086547852e+00 1.014209365844726562e+01
8.000000119209289551e-01 4.090017795562744141e+00 9.850618362426757812e+00
8.125000000000000000e-01 4.514264583587646484e+00 9.618275642395019531e+00
8.249999880790710449e-01 4.893925189971923828e+00 9.425463676452636719e+00
8.374999761581420898e-01 5.225199222564697266e+00 9.258908271789550781e+00
8.500000238418579102e-01 5.511656761169433594e+00 9.119194984436035156e+00
8.625000119209289551e-01 5.756534099578857422e+00 9.011448860168457031e+00
8.750000000000000000e-01 5.958676815032958984e+00 8.933437347412109375e+00
8.874999880790710449e-01 6.114492893218994141e+00 8.874701499938964844e+00
8.999999761581420898e-01 6.222160816192626953e+00 8.826326370239257812e+00
9.125000238418579102e-01 6.283005714416503906e+00 8.789328575134277344e+00
9.250000119209289551e-01 6.298988819122314453e+00 8.771973609924316406e+00
9.375000000000000000e-01 6.269770145416259766e+00 8.779183387756347656e+00
9.499999880790710449e-01 6.193040847778320312e+00 8.806213378906250000e+00
9.624999761581420898e-01 6.067796707153320312e+00 8.844125747680664062e+00
9.750000238418579102e-01 5.896638393402099609e+00 8.891277313232421875e+00
9.875000119209289551e-01 5.684126853942871094e+00 8.957635879516601562e+00
1.000000000000000000e+00 5.432788372039794922e+00 9.055804252624511719e+00
1.012500047683715820e+00 5.141510009765625000e+00 9.187488555908203125e+00
1.024999976158142090e+00 4.808966159820556641e+00 9.340826034545898438e+00
1.037500023841857910e+00 4.439104080200195312e+00 9.504112243652343750e+00
1.049999952316284180e+00 4.042416095733642578e+00 9.683592796325683594e+00
1.062500000000000000e+00 3.629908800125122070e+00 9.905350685119628906e+00
1.075000047683715820e+00 3.203940391540527344e+00 1.019365692138671875e+01
1.087499976158142090e+00 2.754524707794189453e+00 1.054092502593994141e+01
1.100000023841857910e+00 2.266224145889282227e+00 1.089615154266357422e+01
1.112499952316284180e+00 1.731652736663818359e+00 1.118658161163330078e+01
1.125000000000000000e+00 1.160940170288085938e+00 1.135997867584228516e+01
1.137500047683715820e+00 5.787818431854248047e-01 1.141606807708740234e+01
1.149999976158142090e+00 1.059028971940279007e-02 1.140285301208496094e+01
1.162500023841857910e+00 -5.316466093063354492e-01 1.138129615783691406e+01
1.174999952316284180e+00 -1.052931070327758789e+00 1.138655948638916016e+01
1.187500000000000000e+00 -1.566234469413757324e+00 1.141465568542480469e+01
1.200000047683715820e+00 -2.079104423522949219e+00 1.144033145904541016e+01
1.212499976158142090e+00 -2.586887121200561523e+00 1.144635581970214844e+01
1.225000023841857910e+00 -3.076913356781005859e+00 1.143813705444335938e+01
1.237499952316284180e+00 -3.538344144821166992e+00 1.143424892425537109e+01
1.250000000000000000e+00 -3.968343973159790039e+00 1.144608306884765625e+01
1.262500047683715820e+00 -4.369850635528564453e+00 1.146754550933837891e+01
1.274999976158142090e+00 -4.744441986083984375e+00 1.148335361480712891e+01
1.287500023841857910e+00 -5.087824821472167969e+00 1.148552608489990234e+01
1.299999952316284180e+00 -5.392005920410156250e+00 1.148086833953857422e+01
1.312500000000000000e+00 -5.651259899139404297e+00 1.148275470733642578e+01
1.325000047683715820e+00 -5.865562438964843750e+00 1.149680900573730469e+01
1.337499976158142090e+00 -6.038221836090087891e+00 1.151549053192138672e+01
1.350000023841857910e+00 -6.170543193817138672e+00 1.152663516998291016e+01
1.362499952316284180e+00 -6.259202957153320312e+00 1.152642440795898438e+01
1.375000000000000000e+00 -6.298930168151855469e+00 1.152312755584716797e+01
1.387500047683715820e+00 -6.287507057189941406e+00 1.152800083160400391e+01
1.399999976158142090e+00 -6.227782249450683594e+00 1.154318523406982422e+01
1.412500023841857910e+00 -6.124631881713867188e+00 1.155943393707275391e+01
1.424999952316284180e+00 -5.980147838592529297e+00 1.156599712371826172e+01
1.437500000000000000e+00 -5.792165756225585938e+00 1.156218814849853516e+01
1.450000047683715820e+00 -5.557737350463867188e+00 1.155826759338378906e+01
1.462499976158142090e+00 -5.277877330780029297e+00 1.156448841094970703e+01
1.475000023841857910e+00 -4.958479404449462891e+00 1.157977771759033203e+01
1.487499952316284180e+00 -4.606246471405029297e+00 1.159230518341064453e+01
1.500000000000000000e+00 -4.223824024200439453e+00 1.159190654754638672e+01
1.512500047683715820e+00 -3.809411048889160156e+00 1.158151435852050781e+01
1.524999976158142090e+00 -3.361609697341918945e+00 1.157494354248046875e+01
1.537500023841857910e+00 -2.884562969207763672e+00 1.158226013183593750e+01
1.549999952316284180e+00 -2.387607097625732422e+00 1.159767818450927734e+01
1.562500000000000000e+00 -1.878988385200500488e+00 1.160382270812988281e+01
1.575000047683715820e+00 -1.359678387641906738e+00 1.159005260467529297e+01
1.587499976158142090e+00 -8.242358565330505371e-01 1.156671619415283203e+01
1.600000023841857910e+00 -2.693938612937927246e-01 1.155828571319580078e+01
1.612499952316284180e+00 2.968518435955047607e-01 1.157730865478515625e+01
1.625000000000000000e+00 8.547062277793884277e-01 1.160101795196533203e+01
1.637500047683715820e+00 1.382900357246398926e+00 1.157394123077392578e+01
1.649999976158142090e+00 1.872463345527648926e+00 1.143944644927978516e+01
1.662500023841857910e+00 2.332625150680541992e+00 1.117810344696044922e+01
1.674999952316284180e+00 2.783394098281860352e+00 1.082330894470214844e+01
1.687500000000000000e+00 3.240160942077636719e+00 1.044208812713623047e+01
1.700000047683715820e+00 3.702121019363403320e+00 1.009640598297119141e+01
1.712499976158142090e+00 4.152864933013916016e+00 9.814221382141113281e+00
1.725000023841857910e+00 4.571418285369873047e+00 9.588782310485839844e+00
1.737499952316284180e+00 4.944151878356933594e+00 9.400194168090820312e+00
1.750000000000000000e+00 5.268734931945800781e+00 9.237176895141601562e+00
1.762500047683715820e+00 5.549145698547363281e+00 9.101789474487304688e+00
1.774999976158142090e+00 5.788092613220214844e+00 8.998674392700195312e+00
1.787500023841857910e+00 5.983839988708496094e+00 8.924151420593261719e+00
1.799999952316284180e+00 6.132812500000000000e+00 8.867259025573730469e+00
1.812500000000000000e+00 6.233658790588378906e+00 8.820190429687500000e+00
1.825000047683715820e+00 6.288009166717529297e+00 8.785445213317871094e+00
1.837499976158142090e+00 6.297626972198486328e+00 8.771503448486328125e+00
1.850000023841857910e+00 6.261776447296142578e+00 8.782045364379882812e+00
1.862499952316284180e+00 6.178106307983398438e+00 8.811126708984375000e+00
1.875000000000000000e+00 6.046063423156738281e+00 8.850172042846679688e+00
1.887500047683715820e+00 5.868724822998046875e+00 8.899244308471679688e+00
1.899999976158142090e+00 5.650604724884033203e+00 8.969498634338378906e+00
1.912500023841857910e+00 5.393694877624511719e+00 9.072717666625976562e+00
1.924999952316284180e+00 5.096536159515380859e+00 9.208427429199218750e+00
1.937500000000000000e+00 4.758249759674072266e+00 9.363644599914550781e+00
1.950000047683715820e+00 4.383805751800537109e+00 9.528304100036621094e+00
1.962499976158142090e+00 3.984293460845947266e+00 9.711938858032226562e+00
1.975000023841857910e+00 3.570013046264648438e+00 9.942157745361328125e+00
1.987499952316284180e+00 3.141558647155761719e+00 1.024038124084472656e+01
2.000000000000000000e+00 2.687501430511474609e+00 1.059280109405517578e+01
