0.000000000000000000e+00 6.276770114898681641e+00 8.793810844421386719e+00
1.250000018626451492e-02 6.299260139465332031e+00 8.773007392883300781e+00
2.500000037252902985e-02 6.276452064514160156e+00 8.776795387268066406e+00
3.750000149011611938e-02 6.206131935119628906e+00 8.801713943481445312e+00
5.000000074505805969e-02 6.086892604827880859e+00 8.838638305664062500e+00
6.250000000000000000e-02 5.920870304107666016e+00 8.884385108947753906e+00
7.500000298023223877e-02 5.712636470794677734e+00 8.947729110717773438e+00
8.749999850988388062e-02 5.465198040008544922e+00 9.041870117187500000e+00
1.000000014901161194e-01 5.177803039550781250e+00 9.170387268066406250e+00
1.124999970197677612e-01 4.848831653594970703e+00 9.322506904602050781e+00
1.250000000000000000e-01 4.481446266174316406e+00 9.485365867614746094e+00
1.375000029802322388e-01 4.085679054260253906e+00 9.662680625915527344e+00
1.500000059604644775e-01 3.673067092895507812e+00 9.879258155822753906e+00
1.624999940395355225e-01 3.247272491455078125e+00 1.016128063201904297e+01
1.749999970197677612e-01 2.799345254898071289e+00 1.050541687011718750e+01
1.875000000000000000e-01 2.313640832901000977e+00 1.086407661437988281e+01
2.000000029802322388e-01 1.781327009201049805e+00 1.116419410705566406e+01
2.125000059604644775e-01 1.210900902748107910e+00 1.134941577911376953e+01
2.249999940395355225e-01 6.264797449111938477e-01 1.141439247131347656e+01
2.374999970197677612e-01 5.435001850128173828e-02 1.140451240539550781e+01
2.500000000000000000e-01 -4.919089078903198242e-01 1.138186359405517578e+01
2.624999880790710449e-01 -1.016184329986572266e+00 1.138488292694091797e+01
2.750000059604644775e-01 -1.531468749046325684e+00 1.141219139099121094e+01
2.874999940395355225e-01 -2.046149253845214844e+00 1.143884944915771484e+01
3.000000119209289551e-01 -2.556355237960815430e+00 1.144621944427490234e+01
3.125000000000000000e-01 -3.049525737762451172e+00 1.143837165832519531e+01
3.249999880790710449e-01 -3.514340162277221680e+00 1.143381786346435547e+01
3.375000059604644775e-01 -3.947447061538696289e+00 1.144489002227783203e+01
3.499999940395355225e-01 -4.351668834686279297e+00 1.146630096435546875e+01
3.625000119209289551e-01 -4.728825092315673828e+00 1.148270034790039062e+01
3.750000000000000000e-01 -5.074857234954833984e+00 1.148542976379394531e+01
3.874999880790710449e-01 -5.381731986999511719e+00 1.148080539703369141e+01
4.000000059604644775e-01 -5.643474102020263672e+00 1.148233985900878906e+01
4.124999940395355225e-01 -5.859859943389892578e+00 1.149614143371582031e+01
4.250000119209289551e-01 -6.034205913543701172e+00 1.151494216918945312e+01
4.375000000000000000e-01 -6.167950153350830078e+00 1.152641391754150391e+01
4.499999880790710449e-01 -6.257838726043701172e+00 1.152641105651855469e+01
4.625000059604644775e-01 -6.298534393310546875e+00 1.152309226989746094e+01
4.749999940395355225e-01 -6.287709236145019531e+00 1.152786922454833984e+01
4.875000119209289551e-01 -6.228180408477783203e+00 1.154305934906005859e+01
5.000000000000000000e-01 -6.124881744384765625e+00 1.155940437316894531e+01
5.124999880790710449e-01 -5.979957580566406250e+00 1.156603431701660156e+01
5.249999761581420898e-01 -5.791233539581298828e+00 1.156223487854003906e+01
5.375000238418579102e-01 -5.555730819702148438e+00 1.155836868286132812e+01
5.500000119209289551e-01 -5.274496555328369141e+00 1.156474208831787109e+01
5.625000000000000000e-01 -4.953513145446777344e+00 1.158014774322509766e+01
5.749999880790710449e-01 -4.599534034729003906e+00 1.159257602691650391e+01
5.874999761581420898e-01 -4.215153694152832031e+00 1.159192085266113281e+01
6.000000238418579102e-01 -3.798505067825317383e+00 1.158143615722656250e+01
6.125000119209289551e-01 -3.348253726959228516e+00 1.157516574859619141e+01
6.250000000000000000e-01 -2.868756532669067383e+00 1.158294391632080078e+01
6.374999880790710449e-01 -2.369526863098144531e+00 1.159840965270996094e+01
6.499999761581420898e-01 -1.858734846115112305e+00 1.160391807556152344e+01
6.625000238418579102e-01 -1.337053775787353516e+00 1.158936405181884766e+01
6.750000119209289551e-01 -7.988632321357727051e-01 1.156609153747558594e+01
6.875000000000000000e-01 -2.411933243274688721e-01 1.155890750885009766e+01
6.999999880790710449e-01 3.272293806076049805e-01 1.157915496826171875e+01
7.124999761581420898e-01 8.859788179397583008e-01 1.160177707672119141e+01
7.250000238418579102e-01 1.413870811462402344e+00 1.156966018676757812e+01
7.375000119209289551e-01 1.902840495109558105e+00 1.142684459686279297e+01
7.500000000000000000e-01 2.363234281539916992e+00 1.115692043304443359e+01
7.624999880790710449e-01 2.815499782562255859e+00 1.079678249359130859e+01
7.749999761581420898e-01 3.274378538131713867e+00 1.041506195068359375e+01
7.875000238418579102e-01 3.737774610519409180e+00 1.007253074645996094e+01
8.000000119209289551e-01 4.188292503356933594e+00 9.794412612915039062e+00
8.125000000000000000e-01 4.604924678802490234e+00 9.571904182434082031e+00
8.249999880790710449e-01 4.974796295166015625e+00 9.385002136230468750e+00
8.374999761581420898e-01 5.296368122100830078e+00 9.223611831665039062e+00
8.500000238418579102e-01 5.573822498321533203e+00 9.090620994567871094e+00
8.625000119209289551e-01 5.809516906738281250e+00 8.990248680114746094e+00
8.750000000000000000e-01 6.001343727111816406e+00 8.917775154113769531e+00
8.874999880790710449e-01 6.145762920379638672e+00 8.861909866333007812e+00
8.999999761581420898e-01 6.241766929626464844e+00 8.815690994262695312e+00
9.125000238418579102e-01 6.291193962097167969e+00 8.782713890075683594e+00
9.250000119209289551e-01 6.295630931854248047e+00 8.771535873413085938e+00
9.375000000000000000e-01 6.254028320312500000e+00 8.784775733947753906e+00
9.499999880790710449e-01 6.164038181304931641e+00 8.815551757812500000e+00
9.624999761581420898e-01 6.025522232055664062e+00 8.855729103088378906e+00
9.750000238418579102e-01 5.841970920562744141e+00 8.906940460205078125e+00
9.875000119209289551e-01 5.617824554443359375e+00 8.981332778930664062e+00
1.000000000000000000e+00 5.354579448699951172e+00 9.089752197265625000e+00
1.012500047683715820e+00 5.050513744354248047e+00 9.229606628417968750e+00
1.024999976158142090e+00 4.705301284790039062e+00 9.387019157409667969e+00
1.037500023841857910e+00 4.325016021728515625e+00 9.553896903991699219e+00
1.049999952316284180e+00 3.921327352523803711e+00 9.743262290954589844e+00
1.062500000000000000e+00 3.503680944442749023e+00 9.984013557434082031e+00
1.075000047683715820e+00 3.070691585540771484e+00 1.029390048980712891e+01
1.087499976158142090e+00 2.609401226043701172e+00 1.065181636810302734e+01
1.100000023841857910e+00 2.105175495147705078e+00 1.099581050872802734e+01
1.112499952316284180e+00 1.555444121360778809e+00 1.125411415100097656e+01
1.125000000000000000e+00 9.759901762008666992e-01 1.138833141326904297e+01
1.137500047683715820e+00 3.937981128692626953e-01 1.141581726074218750e+01
1.149999976158142090e+00 -1.685325205326080322e-01 1.139391326904296875e+01
1.162500023841857910e+00 -7.046728730201721191e-01 1.137922000885009766e+01
1.174999952316284180e+00 -1.223739981651306152e+00 1.139414119720458984e+01
1.187500000000000000e+00 -1.738410949707031250e+00 1.142446708679199219e+01
1.200000047683715820e+00 -2.252437114715576172e+00 1.144443130493164062e+01
1.212499976158142090e+00 -2.757465839385986328e+00 1.144396209716796875e+01
1.225000023841857910e+00 -3.240212917327880859e+00 1.143510437011718750e+01
1.237499952316284180e+00 -3.692203521728515625e+00 1.143628978729248047e+01
1.250000000000000000e+00 -4.113241195678710938e+00 1.145307159423828125e+01
1.262500047683715820e+00 -4.506650924682617188e+00 1.147429752349853516e+01
1.274999976158142090e+00 -4.872118949890136719e+00 1.148540782928466797e+01
1.287500023841857910e+00 -5.203397750854492188e+00 1.148369407653808594e+01
1.299999952316284180e+00 -5.492542266845703125e+00 1.148003864288330078e+01
1.312500000000000000e+00 -5.735765933990478516e+00 1.148655319213867188e+01
1.325000047683715820e+00 -5.934835433959960938e+00 1.150383377075195312e+01
1.337499976158142090e+00 -6.092942714691162109e+00 1.152096366882324219e+01
1.350000023841857910e+00 -6.209672927856445312e+00 1.152756309509277344e+01
1.362499952316284180e+00 -6.280360698699951172e+00 1.152475547790527344e+01
1.375000000000000000e+00 -6.300321102142333984e+00 1.152361106872558594e+01
1.387500047683715820e+00 -6.269341945648193359e+00 1.153304862976074219e+01
1.399999976158142090e+00 -6.191682815551757812e+00 1.155022048950195312e+01
1.412500023841857910e+00 -6.071658611297607422e+00 1.156358623504638672e+01
1.424999952316284180e+00 -5.909550189971923828e+00 1.156534576416015625e+01
1.437500000000000000e+00 -5.702235698699951172e+00 1.155994987487792969e+01
1.450000047683715820e+00 -5.447899341583251953e+00 1.155944442749023438e+01
1.462499976158142090e+00 -5.149789333343505859e+00 1.157038497924804688e+01
1.475000023841857910e+00 -4.814880847930908203e+00 1.158628082275390625e+01
1.487499952316284180e+00 -4.448679924011230469e+00 1.159405517578125000e+01
1.500000000000000000e+00 -4.051666736602783203e+00 1.158821010589599609e+01
1.512500047683715820e+00 -3.621422529220581055e+00 1.157757568359375000e+01
1.524999976158142090e+00 -3.158505678176879883e+00 1.157655715942382812e+01
1.537500023841857910e+00 -2.669824600219726562e+00 1.158914661407470703e+01
1.549999952316284180e+00 -2.165302753448486328e+00 1.160278320312500000e+01
1.562500000000000000e+00 -1.650535106658935547e+00 1.160035705566406250e+01
1.575000047683715820e+00 -1.122993350028991699e+00 1.157972335815429688e+01
1.587499976158142090e+00 -5.768099427223205566e-01 1.155999755859375000e+01
1.600000023841857910e+00 -1.297673955559730530e-02 1.156422710418701172e+01
1.612499952316284180e+00 5.543875098228454590e-01 1.159071063995361328e+01
1.625000000000000000e+00 1.102806806564331055e+00 1.159907913208007812e+01
1.637500047683715820e+00 1.614954352378845215e+00 1.152767086029052734e+01
1.649999976158142090e+00 2.090303897857666016e+00 1.133263683319091797e+01
1.662500023841857910e+00 2.544929981231689453e+00 1.101940822601318359e+01
1.674999952316284180e+00 2.998899459838867188e+00 1.064188861846923828e+01
1.687500000000000000e+00 3.460886716842651367e+00 1.027028560638427734e+01
1.700000047683715820e+00 3.921715497970581055e+00 9.952889442443847656e+00
1.712499976158142090e+00 4.360873699188232422e+00 9.699425697326660156e+00
1.725000023841857910e+00 4.759571552276611328e+00 9.493395805358886719e+00
1.737499952316284180e+00 5.109699249267578125e+00 9.317085266113281250e+00
1.750000000000000000e+00 5.412994384765625000e+00 9.166361808776855469e+00
1.762500047683715820e+00 5.673640727996826172e+00 9.046367645263671875e+00
1.774999976158142090e+00 5.892137527465820312e+00 8.958348274230957031e+00
1.787500023841857910e+00 6.065248489379882812e+00 8.893923759460449219e+00
1.799999952316284180e+00 6.190119266510009766e+00 8.842195510864257812e+00
1.812500000000000000e+00 6.267104625701904297e+00 8.800348281860351562e+00
1.825000047683715820e+00 6.298381328582763672e+00 8.775221824645996094e+00
1.837499976158142090e+00 6.284577369689941406e+00 8.774139404296875000e+00
1.850000023841857910e+00 6.223753929138183594e+00 8.795610427856445312e+00
1.862499952316284180e+00 6.114051342010498047e+00 8.830780982971191406e+00
1.875000000000000000e+00 5.956858158111572266e+00 8.874463081359863281e+00
1.887500047683715820e+00 5.756548404693603516e+00 8.933257102966308594e+00
1.899999976158142090e+00 5.516736984252929688e+00 9.020613670349121094e+00
1.912500023841857910e+00 5.237347126007080078e+00 9.142869949340820312e+00
1.924999952316284180e+00 4.916490077972412109e+00 9.291597366333007812e+00
1.937500000000000000e+00 4.556025505065917969e+00 9.452789306640625000e+00
1.950000047683715820e+00 4.164825439453125000e+00 9.625846862792968750e+00
1.962499976158142090e+00 3.754854440689086914e+00 9.832274436950683594e+00
1.975000023841857910e+00 3.331962823867797852e+00 1.010042667388916016e+01
1.987499952316284180e+00 2.889561176300048828e+00 1.043480110168457031e+01
2.000000000000000000e+00 2.412367820739746094e+00 1.079609775543212891e+01
