0.000000000000000000e+00 6.276447772979736328e+00 8.794092178344726562e+00
1.250000018626451492e-02 6.299088001251220703e+00 8.773140907287597656e+00
2.500000037252902985e-02 6.276111125946044922e+00 8.776947021484375000e+00
3.750000149011611938e-02 6.205282688140869141e+00 8.802009582519531250e+00
5.000000074505805969e-02 6.085190773010253906e+00 8.839124679565429688e+00
6.250000000000000000e-02 5.918020248413085938e+00 8.885167121887207031e+00
7.500000298023223877e-02 5.708396434783935547e+00 8.949116706848144531e+00
8.749999850988388062e-02 5.459310531616210938e+00 9.044246673583984375e+00
1.000000014901161194e-01 5.169949054718017578e+00 9.173889160156250000e+00
1.124999970197677612e-01 4.838723659515380859e+00 9.326935768127441406e+00
1.250000000000000000e-01 4.469011306762695312e+00 9.490628242492675781e+00
1.375000029802322388e-01 4.071107864379882812e+00 9.669395446777343750e+00
1.500000059604644775e-01 3.656565666198730469e+00 9.888752937316894531e+00
1.624999940395355225e-01 3.228657007217407227e+00 1.017455196380615234e+01
1.749999970197677612e-01 2.777876138687133789e+00 1.052169799804687500e+01
1.875000000000000000e-01 2.288390874862670898e+00 1.088037872314453125e+01
2.000000029802322388e-01 1.751906991004943848e+00 1.117661190032958984e+01
2.125000059604644775e-01 1.177953839302062988e+00 1.135552024841308594e+01
2.249999940395355225e-01 5.914439558982849121e-01 1.141485881805419922e+01
2.374999970197677612e-01 1.858416013419628143e-02 1.140255928039550781e+01
2.500000000000000000e-01 -5.279523730278015137e-01 1.138085460662841797e+01
2.624999880790710449e-01 -1.053038954734802246e+00 1.138604831695556641e+01
2.750000059604644775e-01 -1.569918036460876465e+00 1.141430950164794922e+01
2.874999940395355225e-01 -2.086323738098144531e+00 1.143997097015380859e+01
3.000000119209289551e-01 -2.597448348999023438e+00 1.144571208953857422e+01
3.125000000000000000e-01 -3.090325117111206055e+00 1.143739223480224609e+01
3.249999880790710449e-01 -3.554021596908569336e+00 1.143395996093750000e+01
3.375000059604644775e-01 -3.985870838165283203e+00 1.144649505615234375e+01
3.499999940395355225e-01 -4.388944625854492188e+00 1.146817970275878906e+01
3.625000119209289551e-01 -4.764644622802734375e+00 1.148345470428466797e+01
3.750000000000000000e-01 -5.108294963836669922e+00 1.148495864868164062e+01
3.874999880790710449e-01 -5.411700248718261719e+00 1.148038578033447266e+01
4.000000059604644775e-01 -5.669342994689941406e+00 1.148323726654052734e+01
4.124999940395355225e-01 -5.881586074829101562e+00 1.149823665618896484e+01
4.250000119209289551e-01 -6.051839828491210938e+00 1.151684379577636719e+01
4.375000000000000000e-01 -6.181062221527099609e+00 1.152696132659912109e+01
4.499999880790710449e-01 -6.265485763549804688e+00 1.152595233917236328e+01
4.625000059604644775e-01 -6.299824237823486328e+00 1.152314376831054688e+01
4.749999940395355225e-01 -6.282365322113037109e+00 1.152947521209716797e+01
4.875000119209289551e-01 -6.216493606567382812e+00 1.154560089111328125e+01
5.000000000000000000e-01 -6.107081890106201172e+00 1.156119251251220703e+01
5.124999880790710449e-01 -5.955674648284912109e+00 1.156612777709960938e+01
5.249999761581420898e-01 -5.759661197662353516e+00 1.156154251098632812e+01
5.375000238418579102e-01 -5.516356468200683594e+00 1.155875205993652344e+01
5.500000119209289551e-01 -5.227630615234375000e+00 1.156696891784667969e+01
5.625000000000000000e-01 -4.900002479553222656e+00 1.158289813995361328e+01
5.749999880790710449e-01 -4.539910316467285156e+00 1.159371662139892578e+01
5.874999761581420898e-01 -4.149126052856445312e+00 1.159085845947265625e+01
6.000000238418579102e-01 -3.725421667098999023e+00 1.157998943328857422e+01
6.125000119209289551e-01 -3.268131494522094727e+00 1.157577514648437500e+01
6.250000000000000000e-01 -2.782773971557617188e+00 1.158586597442626953e+01
6.374999880790710449e-01 -2.279295682907104492e+00 1.160097599029541016e+01
6.499999761581420898e-01 -1.764937281608581543e+00 1.160310268402099609e+01
6.625000238418579102e-01 -1.238878369331359863e+00 1.158540439605712891e+01
6.750000119209289551e-01 -6.951050758361816406e-01 1.156317996978759766e+01
6.875000000000000000e-01 -1.322835683822631836e-01 1.156126213073730469e+01
6.999999880790710449e-01 4.381488859653472900e-01 1.158528137207031250e+01
7.124999761581420898e-01 9.942637085914611816e-01 1.160225009918212891e+01
7.250000238418579102e-01 1.516239523887634277e+00 1.155144214630126953e+01
7.375000119209289551e-01 1.999635934829711914e+00 1.138167762756347656e+01
7.500000000000000000e-01 2.458079338073730469e+00 1.108744335174560547e+01
7.624999880790710449e-01 2.912419795989990234e+00 1.071545696258544922e+01
7.749999761581420898e-01 3.374584436416625977e+00 1.033670616149902344e+01
7.875000238418579102e-01 3.838582992553710938e+00 1.000630664825439453e+01
8.000000119209289551e-01 4.284854888916015625e+00 9.741085052490234375e+00
8.125000000000000000e-01 4.693150520324707031e+00 9.527362823486328125e+00
8.249999880790710449e-01 5.053094863891601562e+00 9.345885276794433594e+00
8.374999761581420898e-01 5.365136623382568359e+00 9.189931869506835938e+00
8.500000238418579102e-01 5.633647441864013672e+00 9.064014434814453125e+00
8.625000119209289551e-01 5.859942913055419922e+00 8.970790863037109375e+00
8.750000000000000000e-01 6.041141510009765625e+00 8.903166770935058594e+00
8.874999880790710449e-01 6.174013137817382812e+00 8.849735260009765625e+00
8.999999761581420898e-01 6.258398532867431641e+00 8.805948257446289062e+00
9.125000238418579102e-01 6.296440601348876953e+00 8.777637481689453125e+00
9.250000119209289551e-01 6.289172649383544922e+00 8.772873878479003906e+00
9.375000000000000000e-01 6.234919548034667969e+00 8.791667938232421875e+00
9.499999880790710449e-01 6.131557941436767578e+00 8.825577735900878906e+00
9.624999761581420898e-01 5.979947090148925781e+00 8.868153572082519531e+00
9.750000238418579102e-01 5.784273147583007812e+00 8.924430847167968750e+00
9.875000119209289551e-01 5.548533916473388672e+00 9.007815361022949219e+00
1.000000000000000000e+00 5.273142814636230469e+00 9.126337051391601562e+00
1.012500047683715820e+00 4.956148147583007812e+00 9.273186683654785156e+00
1.024999976158142090e+00 4.598689079284667969e+00 9.433931350708007812e+00
1.037500023841857910e+00 4.208954811096191406e+00 9.605556488037109375e+00
1.049999952316284180e+00 3.799112081527709961e+00 9.807546615600585938e+00
1.062500000000000000e+00 3.376201629638671875e+00 1.006916427612304688e+01
1.075000047683715820e+00 2.934923648834228516e+00 1.039885044097900391e+01
1.087499976158142090e+00 2.460228919982910156e+00 1.076149559020996094e+01
1.100000023841857910e+00 1.939665913581848145e+00 1.108705902099609375e+01
1.112499952316284180e+00 1.376232862472534180e+00 1.130916690826416016e+01
1.125000000000000000e+00 7.907595634460449219e-01 1.140584468841552734e+01
1.137500047683715820e+00 2.109255045652389526e-01 1.141071319580078125e+01
1.149999976158142090e+00 -3.448261916637420654e-01 1.138619136810302734e+01
1.162500023841857910e+00 -8.758519887924194336e-01 1.138075256347656250e+01
1.174999952316284180e+00 -1.394126057624816895e+00 1.140358829498291016e+01
1.187500000000000000e+00 -1.910588860511779785e+00 1.143305206298828125e+01
1.200000047683715820e+00 -2.424756526947021484e+00 1.144609546661376953e+01
1.212499976158142090e+00 -2.925382614135742188e+00 1.144066047668457031e+01
1.225000023841857910e+00 -3.399761676788330078e+00 1.143353080749511719e+01
1.237499952316284180e+00 -3.842257261276245117e+00 1.144051361083984375e+01
1.250000000000000000e+00 -4.254734516143798828e+00 1.146075153350830078e+01
1.262500047683715820e+00 -4.639960765838623047e+00 1.147975254058837891e+01
1.274999976158142090e+00 -4.995389461517333984e+00 1.148578357696533203e+01
1.287500023841857910e+00 -5.313373565673828125e+00 1.148172855377197266e+01
1.299999952316284180e+00 -5.586849689483642578e+00 1.148083782196044922e+01
1.312500000000000000e+00 -5.814205646514892578e+00 1.149207973480224609e+01
1.325000047683715820e+00 -5.998424530029296875e+00 1.151094722747802734e+01
1.337499976158142090e+00 -6.141821384429931641e+00 1.152492427825927734e+01
1.350000023841857910e+00 -6.242129325866699219e+00 1.152713966369628906e+01
1.362499952316284180e+00 -6.293978214263916016e+00 1.152349567413330078e+01
1.375000000000000000e+00 -6.293999195098876953e+00 1.152596569061279297e+01
1.387500047683715820e+00 -6.244024276733398438e+00 1.153951549530029297e+01
1.399999976158142090e+00 -6.149024009704589844e+00 1.155673408508300781e+01
1.412500023841857910e+00 -6.012047767639160156e+00 1.156586170196533203e+01
1.424999952316284180e+00 -5.831637382507324219e+00 1.156357097625732422e+01
1.437500000000000000e+00 -5.604514598846435547e+00 1.155872535705566406e+01
1.450000047683715820e+00 -5.330689907073974609e+00 1.156284427642822266e+01
1.462499976158142090e+00 -5.015455245971679688e+00 1.157734012603759766e+01
1.475000023841857910e+00 -4.665933132171630859e+00 1.159139251708984375e+01
1.487499952316284180e+00 -4.285734653472900391e+00 1.159332656860351562e+01
1.500000000000000000e+00 -3.873529195785522461e+00 1.158370208740234375e+01
1.512500047683715820e+00 -3.427402973175048828e+00 1.157566452026367188e+01
1.524999976158142090e+00 -2.950588941574096680e+00 1.158105564117431641e+01
1.537500023841857910e+00 -2.452165126800537109e+00 1.159641551971435547e+01
1.549999952316284180e+00 -1.941164016723632812e+00 1.160470294952392578e+01
1.562500000000000000e+00 -1.419667959213256836e+00 1.159313678741455078e+01
1.575000047683715820e+00 -8.825436830520629883e-01 1.156961441040039062e+01
1.587499976158142090e+00 -3.256411552429199219e-01 1.155856609344482422e+01
1.600000023841857910e+00 2.443233877420425415e-01 1.157540512084960938e+01
1.612499952316284180e+00 8.079700469970703125e-01 1.160080528259277344e+01
1.625000000000000000e+00 1.343036293983459473e+00 1.158021163940429688e+01
1.637500047683715820e+00 1.838835954666137695e+00 1.145437049865722656e+01
1.649999976158142090e+00 2.303457021713256836e+00 1.119959640502929688e+01
1.662500023841857910e+00 2.757102489471435547e+00 1.084647369384765625e+01
1.674999952316284180e+00 3.216335535049438477e+00 1.046229267120361328e+01
1.687500000000000000e+00 3.681453466415405273e+00 1.011149692535400391e+01
1.700000047683715820e+00 4.136290073394775391e+00 9.824543952941894531e+00
1.712499976158142090e+00 4.559301853179931641e+00 9.595707893371582031e+00
1.725000023841857910e+00 4.936106681823730469e+00 9.404803276062011719e+00
1.737499952316284180e+00 5.263983249664306641e+00 9.239986419677734375e+00
1.750000000000000000e+00 5.546922683715820312e+00 9.103167533874511719e+00
1.762500047683715820e+00 5.787755966186523438e+00 8.999106407165527344e+00
1.774999976158142090e+00 5.984755039215087891e+00 8.924068450927734375e+00
1.787500023841857910e+00 6.134283065795898438e+00 8.866854667663574219e+00
1.799999952316284180e+00 6.234988689422607422e+00 8.819577217102050781e+00
1.812500000000000000e+00 6.288568973541259766e+00 8.784947395324707031e+00
1.825000047683715820e+00 6.296792984008789062e+00 8.771619796752929688e+00
1.837499976158142090e+00 6.258833885192871094e+00 8.783060073852539062e+00
1.850000023841857910e+00 6.172297954559326172e+00 8.812920570373535156e+00
1.862499952316284180e+00 6.036767005920410156e+00 8.852643013000488281e+00
1.875000000000000000e+00 5.855541706085205078e+00 8.902938842773437500e+00
1.887500047683715820e+00 5.633185863494873047e+00 8.975606918334960938e+00
1.899999976158142090e+00 5.371485233306884766e+00 9.082149505615234375e+00
1.912500023841857910e+00 5.068811893463134766e+00 9.220940589904785156e+00
1.924999952316284180e+00 4.724582672119140625e+00 9.378272056579589844e+00
1.937500000000000000e+00 4.344516754150390625e+00 9.545129776000976562e+00
1.950000047683715820e+00 3.940261363983154297e+00 9.733439445495605469e+00
1.962499976158142090e+00 3.521712541580200195e+00 9.972079277038574219e+00
1.975000023841857910e+00 3.088075876235961914e+00 1.028016090393066406e+01
1.987499952316284180e+00 2.626604080200195312e+00 1.063828563690185547e+01
2.000000000000000000e+00 2.122285366058349609e+00 1.098509693145751953e+01
