0.000000000000000000e+00 6.276115417480468750e+00 8.794285774230957031e+00
1.250000018626451492e-02 6.298906326293945312e+00 8.773184776306152344e+00
2.500000037252902985e-02 6.275760173797607422e+00 8.777008056640625000e+00
3.750000149011611938e-02 6.204421520233154297e+00 8.802215576171875000e+00
5.000000074505805969e-02 6.083474636077880859e+00 8.839519500732421875e+00
6.250000000000000000e-02 5.915153026580810547e+00 8.885861396789550781e+00
7.500000298023223877e-02 5.704135894775390625e+00 8.950421333312988281e+00
8.749999850988388062e-02 5.453397274017333984e+00 9.046545028686523438e+00
1.000000014901161194e-01 5.162061691284179688e+00 9.177309989929199219e+00
1.124999970197677612e-01 4.828577995300292969e+00 9.331276893615722656e+00
1.250000000000000000e-01 4.456542015075683594e+00 9.495806694030761719e+00
1.375000029802322388e-01 4.056511402130126953e+00 9.676062583923339844e+00
1.500000059604644775e-01 3.640043258666992188e+00 9.898249626159667969e+00
1.624999940395355225e-01 3.210003137588500977e+00 1.018782997131347656e+01
1.749999970197677612e-01 2.756328821182250977e+00 1.053789615631103516e+01
1.875000000000000000e-01 2.263026714324951172e+00 1.089641475677490234e+01
2.000000029802322388e-01 1.722377777099609375e+00 1.118858623504638672e+01
2.125000059604644775e-01 1.144959449768066406e+00 1.136113739013671875e+01
2.249999940395355225e-01 5.564503073692321777e-01 1.141497802734375000e+01
2.374999970197677612e-01 -1.707913912832736969e-02 1.140049171447753906e+01
2.500000000000000000e-01 -5.638993382453918457e-01 1.137988853454589844e+01
2.624999880790710449e-01 -1.089850306510925293e+00 1.138723373413085938e+01
2.750000059604644775e-01 -1.608360648155212402e+00 1.141629981994628906e+01
2.874999940395355225e-01 -2.126459836959838867e+00 1.144085502624511719e+01
3.000000119209289551e-01 -2.638410806655883789e+00 1.144500446319580078e+01
3.125000000000000000e-01 -3.130901813507080078e+00 1.143635559082031250e+01
3.249999880790710449e-01 -3.593442440032958984e+00 1.143413734436035156e+01
3.375000059604644775e-01 -4.024042129516601562e+00 1.144807910919189453e+01
3.499999940395355225e-01 -4.425963401794433594e+00 1.146988487243652344e+01
3.625000119209289551e-01 -4.800141334533691406e+00 1.148395729064941406e+01
3.750000000000000000e-01 -5.141296386718750000e+00 1.148431777954101562e+01
3.874999880790710449e-01 -5.441136837005615234e+00 1.147995948791503906e+01
4.000000059604644775e-01 -5.694651603698730469e+00 1.148419570922851562e+01
4.124999940395355225e-01 -5.902763843536376953e+00 1.150027847290039062e+01
4.250000119209289551e-01 -6.068907260894775391e+00 1.151851367950439453e+01
4.375000000000000000e-01 -6.193515777587890625e+00 1.152723026275634766e+01
4.499999880790710449e-01 -6.272348880767822266e+00 1.152536582946777344e+01
4.625000059604644775e-01 -6.300255775451660156e+00 1.152326107025146484e+01
4.749999940395355225e-01 -6.276177406311035156e+00 1.153116512298583984e+01
4.875000119209289551e-01 -6.204012870788574219e+00 1.154802703857421875e+01
5.000000000000000000e-01 -6.088478088378906250e+00 1.156265163421630859e+01
5.124999880790710449e-01 -5.930489063262939453e+00 1.156591033935546875e+01
5.249999761581420898e-01 -5.727076530456542969e+00 1.156079387664794922e+01
5.375000238418579102e-01 -5.475961208343505859e+00 1.155930423736572266e+01
5.500000119209289551e-01 -5.179854393005371094e+00 1.156929206848144531e+01
5.625000000000000000e-01 -4.845705986022949219e+00 1.158540916442871094e+01
5.749999880790710449e-01 -4.479511737823486328e+00 1.159437179565429688e+01
5.874999761581420898e-01 -4.082220077514648438e+00 1.158945846557617188e+01
6.000000238418579102e-01 -3.651391267776489258e+00 1.157864665985107422e+01
6.125000119209289551e-01 -3.187183380126953125e+00 1.157674503326416016e+01
6.250000000000000000e-01 -2.696248531341552734e+00 1.158886432647705078e+01
6.374999880790710449e-01 -2.188744783401489258e+00 1.160299968719482422e+01
6.499999761581420898e-01 -1.670778155326843262e+00 1.160147285461425781e+01
6.625000238418579102e-01 -1.140095472335815430e+00 1.158116340637207031e+01
6.750000119209289551e-01 -5.906365513801574707e-01 1.156094932556152344e+01
6.875000000000000000e-01 -2.304897084832191467e-02 1.156459808349609375e+01
6.999999880790710449e-01 5.485389828681945801e-01 1.159114265441894531e+01
7.124999761581420898e-01 1.101164460182189941e+00 1.159993839263916016e+01
7.250000238418579102e-01 1.616954565048217773e+00 1.152813816070556641e+01
7.375000119209289551e-01 2.095298290252685547e+00 1.133100414276123047e+01
7.500000000000000000e-01 2.552701234817504883e+00 1.101442337036132812e+01
7.624999880790710449e-01 3.009688138961791992e+00 1.063382244110107422e+01
7.749999761581420898e-01 3.474883556365966797e+00 1.026067066192626953e+01
7.875000238418579102e-01 3.938530445098876953e+00 9.943229675292968750e+00
8.000000119209289551e-01 4.379503250122070312e+00 9.690198898315429688e+00
8.125000000000000000e-01 4.778872013092041016e+00 9.484273910522460938e+00
8.249999880790710449e-01 5.128857135772705078e+00 9.307933807373046875e+00
8.374999761581420898e-01 5.431547641754150391e+00 9.157786369323730469e+00
8.500000238418579102e-01 5.691111564636230469e+00 9.039194107055664062e+00
8.625000119209289551e-01 5.907743930816650391e+00 8.952741622924804688e+00
8.750000000000000000e-01 6.078022003173828125e+00 8.889271736145019531e+00
8.874999880790710449e-01 6.199252605438232422e+00 8.837996482849121094e+00
8.999999761581420898e-01 6.272085666656494141e+00 8.797071456909179688e+00
9.125000238418579102e-01 6.298736095428466797e+00 8.774037361145019531e+00
9.250000119209289551e-01 6.279558181762695312e+00 8.775735855102539062e+00
9.375000000000000000e-01 6.212403297424316406e+00 8.799484252929687500e+00
9.499999880790710449e-01 6.095636367797851562e+00 8.836044311523437500e+00
9.624999761581420898e-01 5.931162357330322266e+00 8.881418228149414062e+00
9.750000238418579102e-01 5.723601818084716797e+00 8.943871498107910156e+00
9.875000119209289551e-01 5.476220130920410156e+00 9.036973953247070312e+00
1.000000000000000000e+00 5.188420772552490234e+00 9.165084838867187500e+00
1.012500047683715820e+00 4.858479499816894531e+00 9.317698478698730469e+00
1.024999976158142090e+00 4.489384174346923828e+00 9.481473922729492188e+00
1.037500023841857910e+00 4.091228485107421875e+00 9.659589767456054688e+00
1.049999952316284180e+00 3.675865411758422852e+00 9.876996040344238281e+00
1.062500000000000000e+00 3.247200727462768555e+00 1.016049480438232422e+01
1.075000047683715820e+00 2.796158790588378906e+00 1.050686550140380859e+01
1.087499976158142090e+00 2.306731700897216797e+00 1.086752891540527344e+01
1.100000023841857910e+00 1.769968032836914062e+00 1.116800308227539062e+01
1.112499952316284180e+00 1.194806575775146484e+00 1.135151958465576172e+01
1.125000000000000000e+00 6.061136126518249512e-01 1.141398048400878906e+01
1.137500047683715820e+00 3.059199079871177673e-02 1.140272998809814453e+01
1.149999976158142090e+00 -5.184772610664367676e-01 1.138074207305908203e+01
1.162500023841857910e+00 -1.045683741569519043e+00 1.138545513153076172e+01
1.174999952316284180e+00 -1.564386367797851562e+00 1.141363430023193359e+01
1.187500000000000000e+00 -2.082570075988769531e+00 1.143949890136718750e+01
1.200000047683715820e+00 -2.595522880554199219e+00 1.144539451599121094e+01
1.212499976158142090e+00 -3.090175151824951172e+00 1.143709945678710938e+01
1.225000023841857910e+00 -3.555455684661865234e+00 1.143370914459228516e+01
1.237499952316284180e+00 -3.988662958145141602e+00 1.144637393951416016e+01
1.250000000000000000e+00 -4.392903327941894531e+00 1.146814060211181641e+01
1.262500047683715820e+00 -4.769556999206542969e+00 1.148332214355468750e+01
1.274999976158142090e+00 -5.113837242126464844e+00 1.148467159271240234e+01
1.287500023841857910e+00 -5.417460441589355469e+00 1.148014640808105469e+01
1.299999952316284180e+00 -5.674945831298828125e+00 1.148332023620605469e+01
1.312500000000000000e+00 -5.886773109436035156e+00 1.149863719940185547e+01
1.325000047683715820e+00 -6.056390762329101562e+00 1.151721858978271484e+01
1.337499976158142090e+00 -6.184636592864990234e+00 1.152698230743408203e+01
1.350000023841857910e+00 -6.267580509185791016e+00 1.152571964263916016e+01
1.362499952316284180e+00 -6.299930095672607422e+00 1.152313804626464844e+01
1.375000000000000000e+00 -6.280164718627929688e+00 1.153003978729248047e+01
1.387500047683715820e+00 -6.211870670318603516e+00 1.154649925231933594e+01
1.399999976158142090e+00 -6.099910259246826172e+00 1.156179141998291016e+01
1.412500023841857910e+00 -5.945607662200927734e+00 1.156609058380126953e+01
1.424999952316284180e+00 -5.746186256408691406e+00 1.156126880645751953e+01
1.437500000000000000e+00 -5.499096393585205078e+00 1.155901527404785156e+01
1.450000047683715820e+00 -5.206569194793701172e+00 1.156804275512695312e+01
1.462499976158142090e+00 -4.875363826751708984e+00 1.158413410186767578e+01
1.475000023841857910e+00 -4.511774063110351562e+00 1.159415245056152344e+01
1.487499952316284180e+00 -4.117204189300537109e+00 1.159030628204345703e+01
1.500000000000000000e+00 -3.689293622970581055e+00 1.157940578460693359e+01
1.512500047683715820e+00 -3.227752208709716797e+00 1.157631492614746094e+01
1.524999976158142090e+00 -2.738693475723266602e+00 1.158749485015869141e+01
1.537500023841857910e+00 -2.232251882553100586e+00 1.160220623016357422e+01
1.549999952316284180e+00 -1.715147256851196289e+00 1.160244750976562500e+01
1.562500000000000000e+00 -1.185790777206420898e+00 1.158326053619384766e+01
1.575000047683715820e+00 -6.380651593208312988e-01 1.156198596954345703e+01
1.587499976158142090e+00 -7.166171073913574219e-02 1.156311988830566406e+01
1.600000023841857910e+00 5.004336833953857422e-01 1.158876419067382812e+01
1.612499952316284180e+00 1.055538773536682129e+00 1.160143756866455078e+01
1.625000000000000000e+00 1.574763298034667969e+00 1.153875541687011719e+01
1.637500047683715820e+00 2.055823802947998047e+00 1.135284519195556641e+01
1.649999976158142090e+00 2.514145374298095703e+00 1.104478454589843750e+01
1.662500023841857910e+00 2.970582723617553711e+00 1.066677284240722656e+01
1.674999952316284180e+00 3.435215473175048828e+00 1.029058742523193359e+01
1.687500000000000000e+00 3.899742841720581055e+00 9.967545509338378906e+00
1.700000047683715820e+00 4.343492507934570312e+00 9.709530830383300781e+00
1.712499976158142090e+00 4.746870994567871094e+00 9.500438690185546875e+00
1.725000023841857910e+00 5.101059436798095703e+00 9.321930885314941406e+00
1.737499952316284180e+00 5.407574653625488281e+00 9.169381141662597656e+00
1.750000000000000000e+00 5.670718669891357422e+00 9.047946929931640625e+00
1.762500047683715820e+00 5.891102790832519531e+00 8.959011077880859375e+00
1.774999976158142090e+00 6.065459251403808594e+00 8.894071578979492188e+00
1.787500023841857910e+00 6.190873622894287109e+00 8.842000961303710938e+00
1.799999952316284180e+00 6.267724514007568359e+00 8.799986839294433594e+00
1.812500000000000000e+00 6.298237800598144531e+00 8.775075912475585938e+00
1.825000047683715820e+00 6.283010482788085938e+00 8.774626731872558594e+00
1.837499976158142090e+00 6.220025539398193359e+00 8.796840667724609375e+00
1.850000023841857910e+00 6.107451915740966797e+00 8.832623481750488281e+00
1.862499952316284180e+00 5.946862220764160156e+00 8.877095222473144531e+00
1.875000000000000000e+00 5.742783546447753906e+00 8.937548637390136719e+00
1.887500047683715820e+00 5.498752593994140625e+00 9.027667045593261719e+00
1.899999976158142090e+00 5.214473247528076172e+00 9.153038978576660156e+00
1.912500023841857910e+00 4.888093948364257812e+00 9.304188728332519531e+00
1.924999952316284180e+00 4.522015571594238281e+00 9.467227935791015625e+00
1.937500000000000000e+00 4.125826358795166016e+00 9.643398284912109375e+00
1.950000047683715820e+00 3.711600542068481445e+00 9.856238365173339844e+00
1.962499976158142090e+00 3.284241914749145508e+00 1.013364219665527344e+01
1.975000023841857910e+00 2.835707664489746094e+00 1.047595596313476562e+01
1.987499952316284180e+00 2.350084066390991211e+00 1.083819770812988281e+01
2.000000000000000000e+00 1.817271232604980469e+00 1.114654254913330078e+01
