0.000000000000000000e+00 6.284257888793945312e+00 8.788488388061523438e+00
1.250000018626451492e-02 6.303280353546142578e+00 8.771065711975097656e+00
2.500000037252902985e-02 6.284325122833251953e+00 8.774374008178710938e+00
3.750000149011611938e-02 6.225661754608154297e+00 8.795868873596191406e+00
5.000000074505805969e-02 6.126030921936035156e+00 8.828380584716796875e+00
6.250000000000000000e-02 5.986569881439208984e+00 8.867751121520996094e+00
7.500000298023223877e-02 5.810555458068847656e+00 8.918353080749511719e+00
8.749999850988388062e-02 5.601030349731445312e+00 8.990613937377929688e+00
1.000000014901161194e-01 5.358589172363281250e+00 9.092024803161621094e+00
1.124999970197677612e-01 5.081787109375000000e+00 9.219813346862792969e+00
1.250000000000000000e-01 4.770310401916503906e+00 9.363034248352050781e+00
1.375000029802322388e-01 4.428235530853271484e+00 9.513901710510253906e+00
1.500000059604644775e-01 4.063965797424316406e+00 9.679063796997070312e+00
1.624999940395355225e-01 3.685830354690551758e+00 9.879535675048828125e+00
1.749999970197677612e-01 3.296131134033203125e+00 1.013587951660156250e+01
1.875000000000000000e-01 2.888453722000122070e+00 1.044747257232666016e+01
2.000000029802322388e-01 2.451276540756225586e+00 1.078150272369384766e+01
2.125000059604644775e-01 1.976335883140563965e+00 1.108231544494628906e+01
2.249999940395355225e-01 1.466251373291015625e+00 1.129770183563232422e+01
2.374999970197677612e-01 9.358339309692382812e-01 1.140599822998046875e+01
2.500000000000000000e-01 4.056620895862579346e-01 1.142617893218994141e+01
2.624999880790710449e-01 -1.080338135361671448e-01 1.140437221527099609e+01
2.750000059604644775e-01 -6.004632711410522461e-01 1.138623237609863281e+01
2.874999940395355225e-01 -1.077792048454284668e+00 1.139368438720703125e+01
3.000000119209289551e-01 -1.549925446510314941e+00 1.142024326324462891e+01
3.125000000000000000e-01 -2.021992206573486328e+00 1.144511222839355469e+01
3.249999880790710449e-01 -2.490404844284057617e+00 1.145332145690917969e+01
3.375000059604644775e-01 -2.945554256439208984e+00 1.144668769836425781e+01
3.499999940395355225e-01 -3.378226995468139648e+00 1.143930625915527344e+01
3.625000119209289551e-01 -3.784489154815673828e+00 1.144380664825439453e+01
3.750000000000000000e-01 -4.165640830993652344e+00 1.146082210540771484e+01
3.874999880790710449e-01 -4.524066925048828125e+00 1.147991085052490234e+01
4.000000059604644775e-01 -4.858924388885498047e+00 1.148979187011718750e+01
4.124999940395355225e-01 -5.165256977081298828e+00 1.148827934265136719e+01
4.250000119209289551e-01 -5.436908245086669922e+00 1.148345088958740234e+01
4.375000000000000000e-01 -5.670386791229248047e+00 1.148576164245605469e+01
4.499999880790710449e-01 -5.866281032562255859e+00 1.149859619140625000e+01
4.625000059604644775e-01 -6.027174949645996094e+00 1.151562976837158203e+01
4.749999940395355225e-01 -6.154119491577148438e+00 1.152694129943847656e+01
4.875000119209289551e-01 -6.244848251342773438e+00 1.152807998657226562e+01
5.000000000000000000e-01 -6.295250415802001953e+00 1.152390384674072266e+01
5.124999880790710449e-01 -6.302671909332275391e+00 1.152392101287841797e+01
5.249999761581420898e-01 -6.268034458160400391e+00 1.153352069854736328e+01
5.375000238418579102e-01 -6.194898128509521484e+00 1.154905700683593750e+01
5.500000119209289551e-01 -6.086349487304687500e+00 1.156119728088378906e+01
5.625000000000000000e-01 -5.942558765411376953e+00 1.156347656250000000e+01
5.749999880790710449e-01 -5.761226177215576172e+00 1.155828285217285156e+01
5.874999761581420898e-01 -5.540531635284423828e+00 1.155476856231689453e+01
6.000000238418579102e-01 -5.281917095184326172e+00 1.156045150756835938e+01
6.125000119209289551e-01 -4.990114688873291016e+00 1.157406902313232422e+01
6.250000000000000000e-01 -4.670295238494873047e+00 1.158633899688720703e+01
6.374999880790710449e-01 -4.324858188629150391e+00 1.158828544616699219e+01
6.499999761581420898e-01 -3.952832460403442383e+00 1.157976341247558594e+01
6.625000238418579102e-01 -3.552624225616455078e+00 1.157023429870605469e+01
6.750000119209289551e-01 -3.125755310058593750e+00 1.157045269012451172e+01
6.875000000000000000e-01 -2.678119897842407227e+00 1.158208656311035156e+01
6.999999880790710449e-01 -2.217226982116699219e+00 1.159489536285400391e+01
7.124999761581420898e-01 -1.747480392456054688e+00 1.159509754180908203e+01
7.250000238418579102e-01 -1.267652392387390137e+00 1.157857513427734375e+01
7.375000119209289551e-01 -7.733448743820190430e-01 1.155714416503906250e+01
7.500000000000000000e-01 -2.632125020027160645e-01 1.155042266845703125e+01
7.624999880790710449e-01 2.557647526264190674e-01 1.156732368469238281e+01
7.749999761581420898e-01 7.686173915863037109e-01 1.159079074859619141e+01
7.875000238418579102e-01 1.259091019630432129e+00 1.157894897460937500e+01
8.000000119209289551e-01 1.718564867973327637e+00 1.148480033874511719e+01
8.125000000000000000e-01 2.150928735733032227e+00 1.128291606903076172e+01
8.249999880790710449e-01 2.569672822952270508e+00 1.098566150665283203e+01
8.374999761581420898e-01 2.988835573196411133e+00 1.063810157775878906e+01
8.500000238418579102e-01 3.413750410079956055e+00 1.029518890380859375e+01
8.625000119209289551e-01 3.837553501129150391e+00 9.996376991271972656e+00
8.750000000000000000e-01 4.245234966278076172e+00 9.753249168395996094e+00
8.874999880790710449e-01 4.621838569641113281e+00 9.555339813232421875e+00
8.999999761581420898e-01 4.959035873413085938e+00 9.386497497558593750e+00
9.125000238418579102e-01 5.256222248077392578e+00 9.238411903381347656e+00
9.250000119209289551e-01 5.516658782958984375e+00 9.112743377685546875e+00
9.375000000000000000e-01 5.742537975311279297e+00 9.013689994812011719e+00
9.499999880790710449e-01 5.932788848876953125e+00 8.939981460571289062e+00
9.624999761581420898e-01 6.084516525268554688e+00 8.883945465087890625e+00
9.750000238418579102e-01 6.195855617523193359e+00 8.837680816650390625e+00
9.875000119209289551e-01 6.267303943634033203e+00 8.799685478210449219e+00
1.000000000000000000e+00 6.300505638122558594e+00 8.775317192077636719e+00
1.012500047683715820e+00 6.296036720275878906e+00 8.770689010620117188e+00
1.024999976158142090e+00 6.252591609954833984e+00 8.786050796508789062e+00
1.037500023841857910e+00 6.168444633483886719e+00 8.815236091613769531e+00
1.049999952316284180e+00 6.043713092803955078e+00 8.852005004882812500e+00
1.062500000000000000e+00 5.881063938140869141e+00 8.897312164306640625e+00
1.075000047683715820e+00 5.683960914611816406e+00 8.960135459899902344e+00
1.087499976158142090e+00 5.454052925109863281e+00 9.050239562988281250e+00
1.100000023841857910e+00 5.190407752990722656e+00 9.169094085693359375e+00
1.112499952316284180e+00 4.891824245452880859e+00 9.307878494262695312e+00
1.125000000000000000e+00 4.560490131378173828e+00 9.456015586853027344e+00
1.137500047683715820e+00 4.203481674194335938e+00 9.613902091979980469e+00
1.149999976158142090e+00 3.829870462417602539e+00 9.798145294189453125e+00
1.162500023841857910e+00 3.444829225540161133e+00 1.003191471099853516e+01
1.174999952316284180e+00 3.045169115066528320e+00 1.032474231719970703e+01
1.187500000000000000e+00 2.620479345321655273e+00 1.065606117248535156e+01
1.200000047683715820e+00 2.160187005996704102e+00 1.097640991210937500e+01
1.212499976158142090e+00 1.662219405174255371e+00 1.122870063781738281e+01
1.225000023841857910e+00 1.137158632278442383e+00 1.137732791900634766e+01
1.237499952316284180e+00 6.045355796813964844e-01 1.142628288269042969e+01
1.250000000000000000e+00 8.336234837770462036e-02 1.141429424285888672e+01
1.262500047683715820e+00 -4.168562293052673340e-01 1.139058208465576172e+01
1.274999976158142090e+00 -8.987197279930114746e-01 1.138775253295898438e+01
1.287500023841857910e+00 -1.371799349784851074e+00 1.140922451019287109e+01
1.299999952316284180e+00 -1.843835949897766113e+00 1.143719768524169922e+01
1.312500000000000000e+00 -2.314556598663330078e+00 1.145244693756103516e+01
1.325000047683715820e+00 -2.775963068008422852e+00 1.145016384124755859e+01
1.337499976158142090e+00 -3.217924356460571289e+00 1.144118213653564453e+01
1.350000023841857910e+00 -3.634223937988281250e+00 1.144036197662353516e+01
1.362499952316284180e+00 -4.024519443511962891e+00 1.145344352722167969e+01
1.375000000000000000e+00 -4.391384124755859375e+00 1.147330188751220703e+01
1.387500047683715820e+00 -4.735530853271484375e+00 1.148754596710205078e+01
1.399999976158142090e+00 -5.053382873535156250e+00 1.148983860015869141e+01
1.412500023841857910e+00 -5.338748455047607422e+00 1.148492622375488281e+01
1.424999952316284180e+00 -5.586775779724121094e+00 1.148360633850097656e+01
1.437500000000000000e+00 -5.796584606170654297e+00 1.149274253845214844e+01
1.450000047683715820e+00 -5.970415115356445312e+00 1.150936985015869141e+01
1.462499976158142090e+00 -6.110261440277099609e+00 1.152382946014404297e+01
1.475000023841857910e+00 -6.215110778808593750e+00 1.152872180938720703e+01
1.487499952316284180e+00 -6.281198978424072266e+00 1.152550125122070312e+01
1.500000000000000000e+00 -6.304944038391113281e+00 1.152289772033691406e+01
1.512500047683715820e+00 -6.285851955413818359e+00 1.152880573272705078e+01
1.524999976158142090e+00 -6.226785659790039062e+00 1.154305458068847656e+01
1.537500023841857910e+00 -6.131402492523193359e+00 1.155758571624755859e+01
1.549999952316284180e+00 -6.001100063323974609e+00 1.156383323669433594e+01
1.562500000000000000e+00 -5.834256649017333984e+00 1.156060504913330078e+01
1.575000047683715820e+00 -5.628464221954345703e+00 1.155527591705322266e+01
1.587499976158142090e+00 -5.383747100830078125e+00 1.155707836151123047e+01
1.600000023841857910e+00 -5.103806972503662109e+00 1.156848430633544922e+01
1.612499952316284180e+00 -4.794081687927246094e+00 1.158256244659423828e+01
1.625000000000000000e+00 -4.458277225494384766e+00 1.158902263641357422e+01
1.637500047683715820e+00 -4.096530437469482422e+00 1.158375549316406250e+01
1.649999976158142090e+00 -3.707017898559570312e+00 1.157316017150878906e+01
1.662500023841857910e+00 -3.289736747741699219e+00 1.156883525848388672e+01
1.674999952316284180e+00 -2.849045515060424805e+00 1.157679367065429688e+01
1.687500000000000000e+00 -2.392374515533447266e+00 1.159087657928466797e+01
1.700000047683715820e+00 -1.925808072090148926e+00 1.159710597991943359e+01
1.712499976158142090e+00 -1.450244903564453125e+00 1.158635044097900391e+01
1.725000023841857910e+00 -9.618772268295288086e-01 1.156454372406005859e+01
1.737499952316284180e+00 -4.574137032032012939e-01 1.155020332336425781e+01
1.750000000000000000e+00 5.964212119579315186e-02 1.155860233306884766e+01
1.762500047683715820e+00 5.768477320671081543e-01 1.158343505859375000e+01
1.774999976158142090e+00 1.077370047569274902e+00 1.159075832366943359e+01
1.787500023841857910e+00 1.548786878585815430e+00 1.153237152099609375e+01
1.799999952316284180e+00 1.990162611007690430e+00 1.137187290191650391e+01
1.812500000000000000e+00 2.412195682525634766e+00 1.110672283172607422e+01
1.825000047683715820e+00 2.829947471618652344e+00 1.077161693572998047e+01
1.837499976158142090e+00 3.252854824066162109e+00 1.042101764678955078e+01
1.850000023841857910e+00 3.678563356399536133e+00 1.010264205932617188e+01
1.862499952316284180e+00 4.094277381896972656e+00 9.838841438293457031e+00
1.875000000000000000e+00 4.484037876129150391e+00 9.625837326049804688e+00
1.887500047683715820e+00 4.836552619934082031e+00 9.447602272033691406e+00
1.899999976158142090e+00 5.148550033569335938e+00 9.291928291320800781e+00
1.912500023841857910e+00 5.422456264495849609e+00 9.157224655151367188e+00
1.924999952316284180e+00 5.661328792572021484e+00 9.047863960266113281e+00
1.937500000000000000e+00 5.865333557128906250e+00 8.965226173400878906e+00
1.950000047683715820e+00 6.031934261322021484e+00 8.903614044189453125e+00
1.962499976158142090e+00 6.158586978912353516e+00 8.854274749755859375e+00
1.975000023841857910e+00 6.244913101196289062e+00 8.812816619873046875e+00
1.987499952316284180e+00 6.292385578155517578e+00 8.782450675964355469e+00
2.000000000000000000e+00 6.302199840545654297e+00 8.769928932189941406e+00
