0.000000000000000000e+00 6.275794029235839844e+00 8.794568061828613281e+00
1.250000018626451492e-02 6.298735141754150391e+00 8.773317337036132812e+00
2.500000037252902985e-02 6.275419235229492188e+00 8.777157783508300781e+00
3.750000149011611938e-02 6.203568935394287109e+00 8.802511215209960938e+00
5.000000074505805969e-02 6.081763267517089844e+00 8.840005874633789062e+00
6.250000000000000000e-02 5.912286758422851562e+00 8.886649131774902344e+00
7.500000298023223877e-02 5.699872016906738281e+00 8.951827049255371094e+00
8.749999850988388062e-02 5.447474479675292969e+00 9.048949241638183594e+00
1.000000014901161194e-01 5.154157638549804688e+00 9.180835723876953125e+00
1.124999970197677612e-01 4.818409919738769531e+00 9.335717201232910156e+00
1.250000000000000000e-01 4.444051742553710938e+00 9.501093864440917969e+00
1.375000029802322388e-01 4.041903018951416016e+00 9.682873725891113281e+00
1.500000059604644775e-01 3.623510837554931641e+00 9.907938957214355469e+00
1.624999940395355225e-01 3.191318511962890625e+00 1.020130729675292969e+01
1.749999970197677612e-01 2.734709262847900391e+00 1.055419731140136719e+01
1.875000000000000000e-01 2.237553834915161133e+00 1.091237163543701172e+01
2.000000029802322388e-01 1.692746162414550781e+00 1.120031166076660156e+01
2.125000059604644775e-01 1.111925244331359863e+00 1.136647605895996094e+01
2.249999940395355225e-01 5.215045213699340820e-01 1.141496753692626953e+01
2.374999970197677612e-01 -5.263936147093772888e-02 1.139852619171142578e+01
2.500000000000000000e-01 -5.997551679611206055e-01 1.137917232513427734e+01
2.624999880790710449e-01 -1.126626253128051758e+00 1.138863658905029297e+01
2.750000059604644775e-01 -1.646802544593811035e+00 1.141835975646972656e+01
2.874999940395355225e-01 -2.166559696197509766e+00 1.144170761108398438e+01
3.000000119209289551e-01 -2.679244041442871094e+00 1.144431686401367188e+01
3.125000000000000000e-01 -3.171262264251708984e+00 1.143548583984375000e+01
3.249999880790710449e-01 -3.632615327835083008e+00 1.143456554412841797e+01
3.375000059604644775e-01 -4.061976909637451172e+00 1.144984245300292969e+01
3.499999940395355225e-01 -4.462738513946533203e+00 1.147162055969238281e+01
3.625000119209289551e-01 -4.835323333740234375e+00 1.148442268371582031e+01
3.750000000000000000e-01 -5.173869132995605469e+00 1.148373794555664062e+01
3.874999880790710449e-01 -5.470056533813476562e+00 1.147975635528564453e+01
4.000000059604644775e-01 -5.719421386718750000e+00 1.148542213439941406e+01
4.124999940395355225e-01 -5.923416614532470703e+00 1.150245857238769531e+01
4.250000119209289551e-01 -6.085424423217773438e+00 1.152015018463134766e+01
4.375000000000000000e-01 -6.205320835113525391e+00 1.152744483947753906e+01
4.499999880790710449e-01 -6.278440475463867188e+00 1.152489185333251953e+01
4.625000059604644775e-01 -6.299850940704345703e+00 1.152367401123046875e+01
4.749999940395355225e-01 -6.269177436828613281e+00 1.153313827514648438e+01
4.875000119209289551e-01 -6.190766334533691406e+00 1.155052185058593750e+01
5.000000000000000000e-01 -6.069085597991943359e+00 1.156398773193359375e+01
5.124999880790710449e-01 -5.904408454895019531e+00 1.156562519073486328e+01
5.249999761581420898e-01 -5.693495273590087891e+00 1.156024742126464844e+01
5.375000238418579102e-01 -5.434578418731689453e+00 1.156025505065917969e+01
5.500000119209289551e-01 -5.131211757659912109e+00 1.157188892364501953e+01
5.625000000000000000e-01 -4.790656089782714844e+00 1.158784484863281250e+01
5.749999880790710449e-01 -4.418346881866455078e+00 1.159475517272949219e+01
5.874999761581420898e-01 -4.014435768127441406e+00 1.158800315856933594e+01
6.000000238418579102e-01 -3.576436519622802734e+00 1.157769107818603516e+01
6.125000119209289551e-01 -3.105465412139892578e+00 1.157827854156494141e+01
6.250000000000000000e-01 -2.609242677688598633e+00 1.159204864501953125e+01
6.374999880790710449e-01 -2.097897529602050781e+00 1.160460186004638672e+01
6.499999761581420898e-01 -1.576228380203247070e+00 1.159927368164062500e+01
6.625000238418579102e-01 -1.040669560432434082e+00 1.157701396942138672e+01
6.750000119209289551e-01 -4.854913353919982910e-01 1.155973625183105469e+01
6.875000000000000000e-01 8.637488633394241333e-02 1.156900024414062500e+01
6.999999880790710449e-01 6.582207679748535156e-01 1.159651851654052734e+01
7.124999761581420898e-01 1.206578731536865234e+00 1.159452915191650391e+01
7.250000238418579102e-01 1.716075181961059570e+00 1.149970436096191406e+01
7.375000119209289551e-01 2.190016269683837891e+00 1.127527618408203125e+01
7.500000000000000000e-01 2.647280216217041016e+00 1.093869972229003906e+01
7.624999880790710449e-01 3.107336521148681641e+00 1.055272865295410156e+01
7.749999761581420898e-01 3.575129985809326172e+00 1.018746280670166016e+01
7.875000238418579102e-01 4.037394523620605469e+00 9.883398056030273438e+00
8.000000119209289551e-01 4.472084999084472656e+00 9.641676902770996094e+00
8.125000000000000000e-01 4.862073898315429688e+00 9.442667007446289062e+00
8.249999880790710449e-01 5.202155113220214844e+00 9.271370887756347656e+00
8.374999761581420898e-01 5.495657920837402344e+00 9.127441406250000000e+00
8.500000238418579102e-01 5.746203899383544922e+00 9.016295433044433594e+00
8.625000119209289551e-01 5.952878475189208984e+00 8.936102867126464844e+00
8.750000000000000000e-01 6.111981391906738281e+00 8.876130104064941406e+00
8.874999880790710449e-01 6.221531867980957031e+00 8.826916694641113281e+00
8.999999761581420898e-01 6.282883167266845703e+00 8.789398193359375000e+00
9.125000238418579102e-01 6.298087120056152344e+00 8.772165298461914062e+00
9.250000119209289551e-01 6.266759395599365234e+00 8.780175209045410156e+00
9.375000000000000000e-01 6.186485767364501953e+00 8.808220863342285156e+00
9.499999880790710449e-01 6.056357383728027344e+00 8.847133636474609375e+00
9.624999761581420898e-01 5.879286289215087891e+00 8.895960807800292969e+00
9.750000238418579102e-01 5.660015583038330078e+00 8.965715408325195312e+00
9.875000119209289551e-01 5.400856971740722656e+00 9.068964004516601562e+00
1.000000000000000000e+00 5.100400924682617188e+00 9.205838203430175781e+00
1.012500047683715820e+00 4.757648944854736328e+00 9.363069534301757812e+00
1.024999976158142090e+00 4.377697467803955078e+00 9.530117988586425781e+00
1.037500023841857910e+00 3.972126007080078125e+00 9.716969490051269531e+00
1.049999952316284180e+00 3.551596641540527344e+00 9.952378273010253906e+00
1.062500000000000000e+00 3.116332054138183594e+00 1.025770378112792969e+01
1.075000047683715820e+00 2.653947114944458008e+00 1.061636829376220703e+01
1.087499976158142090e+00 2.148786544799804688e+00 1.096791076660156250e+01
1.100000023841857910e+00 1.596540570259094238e+00 1.123759365081787109e+01
1.112499952316284180e+00 1.012032985687255859e+00 1.138193702697753906e+01
1.125000000000000000e+00 4.228218495845794678e-01 1.141490936279296875e+01
1.137500047683715820e+00 -1.469762921333312988e-01 1.139406108856201172e+01
1.149999976158142090e+00 -6.898235678672790527e-01 1.137853240966796875e+01
1.162500023841857910e+00 -1.214656472206115723e+00 1.139292049407958984e+01
1.174999952316284180e+00 -1.734673023223876953e+00 1.142343235015869141e+01
1.187500000000000000e+00 -2.254019260406494141e+00 1.144362640380859375e+01
1.200000047683715820e+00 -2.764192819595336914e+00 1.144309902191162109e+01
1.212499976158142090e+00 -3.251506805419921875e+00 1.143431663513183594e+01
1.225000023841857910e+00 -3.707327127456665039e+00 1.143607616424560547e+01
1.237499952316284180e+00 -4.131608963012695312e+00 1.145352077484130859e+01
1.250000000000000000e+00 -4.527752399444580078e+00 1.147474193572998047e+01
1.262500047683715820e+00 -4.895144939422607422e+00 1.148512554168701172e+01
1.274999976158142090e+00 -5.227083206176757812e+00 1.148288440704345703e+01
1.287500023841857910e+00 -5.515500545501708984e+00 1.147979831695556641e+01
1.299999952316284180e+00 -5.756969928741455078e+00 1.148768234252929688e+01
1.312500000000000000e+00 -5.953673839569091797e+00 1.150578498840332031e+01
1.325000047683715820e+00 -6.108720779418945312e+00 1.152227878570556641e+01
1.337499976158142090e+00 -6.221122264862060547e+00 1.152748107910156250e+01
1.350000023841857910e+00 -6.285771846771240234e+00 1.152423286437988281e+01
1.362499952316284180e+00 -6.298248291015625000e+00 1.152442359924316406e+01
1.375000000000000000e+00 -6.259128570556640625e+00 1.153578853607177734e+01
1.387500047683715820e+00 -6.173173427581787109e+00 1.155341434478759766e+01
1.399999976158142090e+00 -6.044346809387207031e+00 1.156513309478759766e+01
1.412500023841857910e+00 -5.872117996215820312e+00 1.156489658355712891e+01
1.424999952316284180e+00 -5.653096675872802734e+00 1.155954837799072266e+01
1.437500000000000000e+00 -5.386266231536865234e+00 1.156143665313720703e+01
1.450000047683715820e+00 -5.076081275939941406e+00 1.157465076446533203e+01
1.462499976158142090e+00 -4.729909420013427734e+00 1.158995628356933594e+01
1.475000023841857910e+00 -4.352389812469482422e+00 1.159446525573730469e+01
1.487499952316284180e+00 -3.942874670028686523e+00 1.158607387542724609e+01
1.500000000000000000e+00 -3.499046564102172852e+00 1.157673549652099609e+01
1.512500047683715820e+00 -3.023110866546630859e+00 1.157989883422851562e+01
1.524999976158142090e+00 -2.523674726486206055e+00 1.159480285644531250e+01
1.537500023841857910e+00 -2.010487318038940430e+00 1.160523509979248047e+01
1.549999952316284180e+00 -1.486906528472900391e+00 1.159630584716796875e+01
1.562500000000000000e+00 -9.483306407928466797e-01 1.157297897338867188e+01
1.575000047683715820e+00 -3.897541761398315430e-01 1.155915737152099609e+01
1.587499976158142090e+00 1.836214512586593628e-01 1.157322502136230469e+01
1.600000023841857910e+00 7.531225681304931641e-01 1.160000801086425781e+01
1.612499952316284180e+00 1.295555114746093750e+00 1.158659076690673828e+01
1.625000000000000000e+00 1.798262834548950195e+00 1.147114086151123047e+01
1.637500047683715820e+00 2.267819643020629883e+00 1.122497463226318359e+01
1.649999976158142090e+00 2.724436759948730469e+00 1.087488651275634766e+01
1.662500023841857910e+00 3.185986757278442383e+00 1.048794364929199219e+01
1.674999952316284180e+00 3.654190301895141602e+00 1.013131427764892578e+01
1.687500000000000000e+00 4.113368034362792969e+00 9.838610649108886719e+00
1.700000047683715820e+00 4.541410923004150391e+00 9.605634689331054688e+00
1.712499976158142090e+00 4.923008441925048828e+00 9.411962509155273438e+00
1.725000023841857910e+00 5.254875183105468750e+00 9.244973182678222656e+00
1.737499952316284180e+00 5.540966510772705078e+00 9.106271743774414062e+00
1.750000000000000000e+00 5.784293174743652344e+00 9.000790596008300781e+00
1.762500047683715820e+00 5.983195781707763672e+00 8.924896240234375000e+00
1.774999976158142090e+00 6.133967876434326172e+00 8.867185592651367188e+00
1.787500023841857910e+00 6.235211849212646484e+00 8.819564819335937500e+00
1.799999952316284180e+00 6.288661956787109375e+00 8.784816741943359375e+00
1.812500000000000000e+00 6.296116828918457031e+00 8.771761894226074219e+00
1.825000047683715820e+00 6.256698131561279297e+00 8.783775329589843750e+00
1.837499976158142090e+00 6.167969703674316406e+00 8.814219474792480469e+00
1.850000023841857910e+00 6.029606342315673828e+00 8.854512214660644531e+00
1.862499952316284180e+00 5.845088005065917969e+00 8.905865669250488281e+00
1.875000000000000000e+00 5.619031906127929688e+00 8.980594635009765625e+00
1.887500047683715820e+00 5.353060722351074219e+00 9.089975357055664062e+00
1.899999976158142090e+00 5.045421123504638672e+00 9.231415748596191406e+00
1.912500023841857910e+00 4.695808887481689453e+00 9.390648841857910156e+00
1.924999952316284180e+00 4.310612678527832031e+00 9.559655189514160156e+00
1.937500000000000000e+00 3.901948690414428711e+00 9.752466201782226562e+00
1.950000047683715820e+00 3.479295253753662109e+00 9.998909950256347656e+00
1.962499976158142090e+00 3.040580749511718750e+00 1.031573677062988281e+01
1.975000023841857910e+00 2.571935415267944336e+00 1.067837429046630859e+01
1.987499952316284180e+00 2.058625936508178711e+00 1.102103328704833984e+01
2.000000000000000000e+00 1.499381184577941895e+00 1.127114963531494141e+01
