0.000000000000000000e+00 6.275462150573730469e+00 8.794761657714843750e+00
1.250000018626451492e-02 6.298554897308349609e+00 8.773360252380371094e+00
2.500000037252902985e-02 6.275068759918212891e+00 8.777218818664550781e+00
3.750000149011611938e-02 6.202704429626464844e+00 8.802717208862304688e+00
5.000000074505805969e-02 6.080038070678710938e+00 8.840402603149414062e+00
6.250000000000000000e-02 5.909403800964355469e+00 8.887349128723144531e+00
7.500000298023223877e-02 5.695588111877441406e+00 8.953148841857910156e+00
8.749999850988388062e-02 5.441526412963867188e+00 9.051275253295898438e+00
1.000000014901161194e-01 5.146221637725830078e+00 9.184279441833496094e+00
1.124999970197677612e-01 4.808205127716064453e+00 9.340068817138671875e+00
1.250000000000000000e-01 4.431529045104980469e+00 9.506298065185546875e+00
1.375000029802322388e-01 4.027271270751953125e+00 9.689640045166015625e+00
1.500000059604644775e-01 3.606957674026489258e+00 9.917632102966308594e+00
1.624999940395355225e-01 3.172593593597412109e+00 1.021478652954101562e+01
1.749999970197677612e-01 2.713008642196655273e+00 1.057040119171142578e+01
1.875000000000000000e-01 2.211966753005981445e+00 1.092804431915283203e+01
2.000000029802322388e-01 1.663011431694030762e+00 1.121158695220947266e+01
2.125000059604644775e-01 1.078854560852050781e+00 1.137134075164794922e+01
2.249999940395355225e-01 4.866111576557159424e-01 1.141464042663574219e+01
2.374999970197677612e-01 -8.809384703636169434e-02 1.139647293090820312e+01
2.500000000000000000e-01 -6.355195045471191406e-01 1.137850284576416016e+01
2.624999880790710449e-01 -1.163365602493286133e+00 1.139004135131835938e+01
2.750000059604644775e-01 -1.685236692428588867e+00 1.142027091979980469e+01
2.874999940395355225e-01 -2.206609249114990234e+00 1.144231891632080078e+01
3.000000119209289551e-01 -2.719931125640869141e+00 1.144344902038574219e+01
3.125000000000000000e-01 -3.211391210556030273e+00 1.143458080291748047e+01
3.249999880790710449e-01 -3.671529293060302734e+00 1.143502998352050781e+01
3.375000059604644775e-01 -4.099664688110351562e+00 1.145155906677246094e+01
3.499999940395355225e-01 -4.499253273010253906e+00 1.147315883636474609e+01
3.625000119209289551e-01 -4.870166778564453125e+00 1.148464202880859375e+01
3.750000000000000000e-01 -5.205987930297851562e+00 1.148302268981933594e+01
3.874999880790710449e-01 -5.498439788818359375e+00 1.147957324981689453e+01
4.000000059604644775e-01 -5.743638992309570312e+00 1.148669624328613281e+01
4.124999940395355225e-01 -5.943529605865478516e+00 1.150454330444335938e+01
4.250000119209289551e-01 -6.101367473602294922e+00 1.152152824401855469e+01
4.375000000000000000e-01 -6.216446399688720703e+00 1.152740287780761719e+01
4.499999880790710449e-01 -6.283732414245605469e+00 1.152434253692626953e+01
4.625000059604644775e-01 -6.298594474792480469e+00 1.152417755126953125e+01
4.749999940395355225e-01 -6.261358261108398438e+00 1.153515815734863281e+01
4.875000119209289551e-01 -6.176743030548095703e+00 1.155283546447753906e+01
5.000000000000000000e-01 -6.048881530761718750e+00 1.156497478485107422e+01
5.124999880790710449e-01 -5.877403259277343750e+00 1.156508541107177734e+01
5.249999761581420898e-01 -5.658899784088134766e+00 1.155972671508789062e+01
5.375000238418579102e-01 -5.392211914062500000e+00 1.156138706207275391e+01
5.500000119209289551e-01 -5.081715583801269531e+00 1.157449436187744141e+01
5.625000000000000000e-01 -4.734851360321044922e+00 1.158993911743164062e+01
5.749999880790710449e-01 -4.356393814086914062e+00 1.159465885162353516e+01
5.874999761581420898e-01 -3.945750474929809570e+00 1.158634281158447266e+01
6.000000238418579102e-01 -3.500563859939575195e+00 1.157696628570556641e+01
6.125000119209289551e-01 -3.023018836975097656e+00 1.158013248443603516e+01
6.250000000000000000e-01 -2.521799325942993164e+00 1.159510231018066406e+01
6.374999880790710449e-01 -2.006756305694580078e+00 1.160549831390380859e+01
6.499999761581420898e-01 -1.481245517730712891e+00 1.159636688232421875e+01
6.625000238418579102e-01 -9.405686855316162109e-01 1.157293415069580078e+01
6.750000119209289551e-01 -3.797208666801452637e-01 1.155944347381591797e+01
6.875000000000000000e-01 1.958354711532592773e-01 1.157409572601318359e+01
6.999999880790710449e-01 7.670157551765441895e-01 1.160075187683105469e+01
7.124999761581420898e-01 1.310423493385314941e+00 1.158534717559814453e+01
7.250000238418579102e-01 1.813679814338684082e+00 1.146580219268798828e+01
7.375000119209289551e-01 2.283972263336181641e+00 1.121465873718261719e+01
7.500000000000000000e-01 2.741953849792480469e+00 1.086076259613037109e+01
7.624999880790710449e-01 3.205333948135375977e+00 1.047259712219238281e+01
7.749999761581420898e-01 3.675125598907470703e+00 1.011712455749511719e+01
7.875000238418579102e-01 4.134931564331054688e+00 9.826480865478515625e+00
8.000000119209289551e-01 4.562445640563964844e+00 9.595082283020019531e+00
8.125000000000000000e-01 4.942735671997070312e+00 9.402255058288574219e+00
8.249999880790710449e-01 5.273032188415527344e+00 9.236085891723632812e+00
8.374999761581420898e-01 5.557476043701171875e+00 9.098789215087890625e+00
8.500000238418579102e-01 5.798865318298339844e+00 8.995058059692382812e+00
8.625000119209289551e-01 5.995269775390625000e+00 8.920515060424804688e+00
8.750000000000000000e-01 6.142988681793212891e+00 8.863469123840332031e+00
8.874999880790710449e-01 6.240866661071777344e+00 8.816403388977050781e+00
8.999999761581420898e-01 6.290796279907226562e+00 8.782907485961914062e+00
9.125000238418579102e-01 6.294447422027587891e+00 8.771865844726562500e+00
9.250000119209289551e-01 6.250709533691406250e+00 8.785857200622558594e+00
9.375000000000000000e-01 6.157153606414794922e+00 8.817544937133789062e+00
9.499999880790710449e-01 6.013784885406494141e+00 8.858741760253906250e+00
9.624999761581420898e-01 5.824393749237060547e+00 8.911889076232910156e+00
9.750000238418579102e-01 5.593514919281005859e+00 8.989993095397949219e+00
9.875000119209289551e-01 5.322375774383544922e+00 9.103465080261230469e+00
1.000000000000000000e+00 5.009070873260498047e+00 9.248038291931152344e+00
1.012500047683715820e+00 4.653823852539062500e+00 9.408973693847656250e+00
1.024999976158142090e+00 4.263930797576904297e+00 9.580127716064453125e+00
1.037500023841857910e+00 3.851854324340820312e+00 9.778310775756835938e+00
1.049999952316284180e+00 3.426184415817260742e+00 1.003383445739746094e+01
1.062500000000000000e+00 2.983165025711059570e+00 1.035970687866210938e+01
1.075000047683715820e+00 2.507881641387939453e+00 1.072515487670898438e+01
1.087499976158142090e+00 1.986424922943115234e+00 1.106041145324707031e+01
1.100000023841857910e+00 1.419992923736572266e+00 1.129491043090820312e+01
1.112499952316284180e+00 8.287968635559082031e-01 1.140130805969238281e+01
1.125000000000000000e+00 2.415100187063217163e-01 1.141054630279541016e+01
1.137500047683715820e+00 -3.217514455318450928e-01 1.138618278503417969e+01
1.149999976158142090e+00 -8.592987060546875000e-01 1.137963104248046875e+01
1.162500023841857910e+00 -1.383180022239685059e+00 1.140205574035644531e+01
1.174999952316284180e+00 -1.904959678649902344e+00 1.143185043334960938e+01
1.187500000000000000e+00 -2.424475193023681641e+00 1.144517421722412109e+01
1.200000047683715820e+00 -2.930237531661987305e+00 1.143974494934082031e+01
1.212499976158142090e+00 -3.409147739410400391e+00 1.143279266357421875e+01
1.225000023841857910e+00 -3.855473995208740234e+00 1.144034385681152344e+01
1.237499952316284180e+00 -4.271225929260253906e+00 1.146103382110595703e+01
1.250000000000000000e+00 -4.659148216247558594e+00 1.147979164123535156e+01
1.262500047683715820e+00 -5.016335964202880859e+00 1.148513412475585938e+01
1.274999976158142090e+00 -5.334767341613769531e+00 1.148091316223144531e+01
1.287500023841857910e+00 -5.607417583465576172e+00 1.148091888427734375e+01
1.299999952316284180e+00 -5.833084583282470703e+00 1.149341487884521484e+01
1.312500000000000000e+00 -6.015018463134765625e+00 1.151259326934814453e+01
1.325000047683715820e+00 -6.155254840850830078e+00 1.152555847167968750e+01
1.337499976158142090e+00 -6.250941276550292969e+00 1.152661514282226562e+01
1.350000023841857910e+00 -6.296496391296386719e+00 1.152320575714111328e+01
1.362499952316284180e+00 -6.289051532745361328e+00 1.152739238739013672e+01
1.375000000000000000e+00 -6.231195449829101562e+00 1.154245376586914062e+01
1.387500047683715820e+00 -6.128091335296630859e+00 1.155927085876464844e+01
1.399999976158142090e+00 -5.982185840606689453e+00 1.156639480590820312e+01
1.412500023841857910e+00 -5.791324615478515625e+00 1.156275272369384766e+01
1.424999952316284180e+00 -5.552373886108398438e+00 1.155899810791015625e+01
1.437500000000000000e+00 -5.266413211822509766e+00 1.156576824188232422e+01
1.450000047683715820e+00 -4.939725875854492188e+00 1.158155441284179688e+01
1.462499976158142090e+00 -4.579297065734863281e+00 1.159373474121093750e+01
1.475000023841857910e+00 -4.187608242034912109e+00 1.159230422973632812e+01
1.487499952316284180e+00 -3.762574672698974609e+00 1.158156871795654297e+01
1.500000000000000000e+00 -3.303083896636962891e+00 1.157637023925781250e+01
1.512500047683715820e+00 -2.814258813858032227e+00 1.158570671081542969e+01
1.524999976158142090e+00 -2.306250095367431641e+00 1.160118865966796875e+01
1.537500023841857910e+00 -1.786930441856384277e+00 1.160431003570556641e+01
1.549999952316284180e+00 -1.255884885787963867e+00 1.158708953857421875e+01
1.562500000000000000e+00 -7.069309353828430176e-01 1.156448554992675781e+01
1.575000047683715820e+00 -1.383706778287887573e-01 1.156212234497070312e+01
1.587499976158142090e+00 4.382526874542236328e-01 1.158630275726318359e+01
1.600000023841857910e+00 1.000292539596557617e+00 1.160328388214111328e+01
1.612499952316284180e+00 1.527220726013183594e+00 1.155049610137939453e+01
1.625000000000000000e+00 2.014643192291259766e+00 1.137572765350341797e+01
1.637500047683715820e+00 2.476992607116699219e+00 1.107473659515380859e+01
1.649999976158142090e+00 2.935854911804199219e+00 1.069714260101318359e+01
1.662500023841857910e+00 3.402968168258666992e+00 1.031611633300781250e+01
1.674999952316284180e+00 3.871238470077514648e+00 9.986502647399902344e+00
1.687500000000000000e+00 4.319985866546630859e+00 9.723013877868652344e+00
1.700000047683715820e+00 4.728716850280761719e+00 9.510257720947265625e+00
1.712499976158142090e+00 5.087700366973876953e+00 9.329163551330566406e+00
1.725000023841857910e+00 5.398104667663574219e+00 9.174378395080566406e+00
1.737499952316284180e+00 5.664360046386718750e+00 9.051019668579101562e+00
1.750000000000000000e+00 5.887262821197509766e+00 8.960738182067871094e+00
1.762500047683715820e+00 6.063547134399414062e+00 8.895028114318847656e+00
1.774999976158142090e+00 6.190202713012695312e+00 8.842479705810546875e+00
1.787500023841857910e+00 6.267585277557373047e+00 8.800122261047363281e+00
1.799999952316284180e+00 6.297969818115234375e+00 8.775125503540039062e+00
1.812500000000000000e+00 6.281960964202880859e+00 8.774952888488769531e+00
1.825000047683715820e+00 6.217486858367919922e+00 8.797647476196289062e+00
1.837499976158142090e+00 6.102719783782958984e+00 8.833908081054687500e+00
1.850000023841857910e+00 5.939363479614257812e+00 8.879045486450195312e+00
1.862499952316284180e+00 5.732078552246093750e+00 8.940884590148925781e+00
1.875000000000000000e+00 5.484354019165039062e+00 9.033313751220703125e+00
1.887500047683715820e+00 5.195725440979003906e+00 9.161323547363281250e+00
1.899999976158142090e+00 4.864387989044189453e+00 9.314585685729980469e+00
1.912500023841857910e+00 4.493225574493408203e+00 9.479368209838867188e+00
1.924999952316284180e+00 4.092448234558105469e+00 9.658544540405273438e+00
1.937500000000000000e+00 3.674195289611816406e+00 9.877361297607421875e+00
1.950000047683715820e+00 3.242491960525512695e+00 1.016309356689453125e+01
1.962499976158142090e+00 2.788009881973266602e+00 1.051217555999755859e+01
1.975000023841857910e+00 2.294369459152221680e+00 1.087457942962646484e+01
1.987499952316284180e+00 1.752654910087585449e+00 1.117434501647949219e+01
2.000000000000000000e+00 1.172470808029174805e+00 1.135474872589111328e+01
