0.000000000000000000e+00 6.275130748748779297e+00 8.795054435729980469e+00
1.250000018626451492e-02 6.298375606536865234e+00 8.773501396179199219e+00
2.500000037252902985e-02 6.274717807769775391e+00 8.777377128601074219e+00
3.750000149011611938e-02 6.201838493347167969e+00 8.803020477294921875e+00
5.000000074505805969e-02 6.078308105468750000e+00 8.840897560119628906e+00
6.250000000000000000e-02 5.906512737274169922e+00 8.888151168823242188e+00
7.500000298023223877e-02 5.691291809082031250e+00 8.954580307006835938e+00
8.749999850988388062e-02 5.435560226440429688e+00 9.053714752197265625e+00
1.000000014901161194e-01 5.138259887695312500e+00 9.187835693359375000e+00
1.124999970197677612e-01 4.797970294952392578e+00 9.344526290893554688e+00
1.250000000000000000e-01 4.418978691101074219e+00 9.511619567871093750e+00
1.375000029802322388e-01 4.012621879577636719e+00 9.696560859680175781e+00
1.500000059604644775e-01 3.590388059616088867e+00 9.927526473999023438e+00
1.624999940395355225e-01 3.153830766677856445e+00 1.022846603393554688e+01
1.749999970197677612e-01 2.691228628158569336e+00 1.058669948577880859e+01
1.875000000000000000e-01 2.186267375946044922e+00 1.094362640380859375e+01
2.000000029802322388e-01 1.633177042007446289e+00 1.122261142730712891e+01
2.125000059604644775e-01 1.045752286911010742e+00 1.137594318389892578e+01
2.249999940395355225e-01 4.517734646797180176e-01 1.141421318054199219e+01
2.374999970197677612e-01 -1.234440878033638000e-01 1.139454841613769531e+01
2.500000000000000000e-01 -6.711986660957336426e-01 1.137808513641357422e+01
2.624999880790710449e-01 -1.200075626373291016e+00 1.139164066314697266e+01
2.750000059604644775e-01 -1.723667263984680176e+00 1.142222499847412109e+01
2.874999940395355225e-01 -2.246608018875122070e+00 1.144289302825927734e+01
3.000000119209289551e-01 -2.760470867156982422e+00 1.144261646270751953e+01
3.125000000000000000e-01 -3.251292228698730469e+00 1.143385505676269531e+01
3.249999880790710449e-01 -3.710193395614624023e+00 1.143573093414306641e+01
3.375000059604644775e-01 -4.137115001678466797e+00 1.145341777801513672e+01
3.499999940395355225e-01 -4.535512924194335938e+00 1.147469520568847656e+01
3.625000119209289551e-01 -4.904671192169189453e+00 1.148482513427734375e+01
3.750000000000000000e-01 -5.237654209136962891e+00 1.148239326477050781e+01
3.874999880790710449e-01 -5.526294231414794922e+00 1.147962570190429688e+01
4.000000059604644775e-01 -5.767319202423095703e+00 1.148821353912353516e+01
4.124999940395355225e-01 -5.963115215301513672e+00 1.150671768188476562e+01
4.250000119209289551e-01 -6.116742134094238281e+00 1.152284622192382812e+01
4.375000000000000000e-01 -6.226892948150634766e+00 1.152732944488525391e+01
4.499999880790710449e-01 -6.288229942321777344e+00 1.152395248413085938e+01
4.625000059604644775e-01 -6.296503067016601562e+00 1.152498531341552734e+01
4.749999940395355225e-01 -6.252741813659667969e+00 1.153740787506103516e+01
4.875000119209289551e-01 -6.161958694458007812e+00 1.155514526367187500e+01
5.000000000000000000e-01 -6.027868270874023438e+00 1.156581974029541016e+01
5.124999880790710449e-01 -5.849472045898437500e+00 1.156453704833984375e+01
5.249999761581420898e-01 -5.623301982879638672e+00 1.155947685241699219e+01
5.375000238418579102e-01 -5.348891258239746094e+00 1.156290245056152344e+01
5.500000119209289551e-01 -5.031398773193359375e+00 1.157726573944091797e+01
5.625000000000000000e-01 -4.678308010101318359e+00 1.159185791015625000e+01
5.749999880790710449e-01 -4.293648719787597656e+00 1.159430885314941406e+01
5.874999761581420898e-01 -3.876162052154541016e+00 1.158475971221923828e+01
6.000000238418579102e-01 -3.423800706863403320e+00 1.157672691345214844e+01
6.125000119209289551e-01 -2.939899682998657227e+00 1.158246898651123047e+01
6.250000000000000000e-01 -2.433965921401977539e+00 1.159812164306640625e+01
6.374999880790710449e-01 -1.915320634841918945e+00 1.160583972930908203e+01
6.499999761581420898e-01 -1.385787725448608398e+00 1.159305095672607422e+01
6.625000238418579102e-01 -8.397722244262695312e-01 1.156930828094482422e+01
6.750000119209289551e-01 -2.733944952487945557e-01 1.156033515930175781e+01
6.875000000000000000e-01 3.051726520061492920e-01 1.157985210418701172e+01
6.999999880790710449e-01 8.747627139091491699e-01 1.160356330871582031e+01
7.124999761581420898e-01 1.412655115127563477e+00 1.157215690612792969e+01
7.250000238418579102e-01 1.909887075424194336e+00 1.142658233642578125e+01
7.375000119209289551e-01 2.377364873886108398e+00 1.114979171752929688e+01
7.500000000000000000e-01 2.836847543716430664e+00 1.078150177001953125e+01
7.624999880790710449e-01 3.303629159927368164e+00 1.039415836334228516e+01
7.749999761581420898e-01 3.774672269821166992e+00 1.004997825622558594e+01
7.875000238418579102e-01 4.230931758880615234e+00 9.772475242614746094e+00
8.000000119209289551e-01 4.650487899780273438e+00 9.550371170043945312e+00
8.125000000000000000e-01 5.020884513854980469e+00 9.363170623779296875e+00
8.249999880790710449e-01 5.341555595397949219e+00 9.202353477478027344e+00
8.374999761581420898e-01 5.617020130157470703e+00 9.072055816650390625e+00
8.500000238418579102e-01 5.849055290222167969e+00 8.975552558898925781e+00
8.625000119209289551e-01 6.034880638122558594e+00 8.905987739562988281e+00
8.750000000000000000e-01 6.171059608459472656e+00 8.851420402526855469e+00
8.874999880790710449e-01 6.257308006286621094e+00 8.806764602661132812e+00
8.999999761581420898e-01 6.295849323272705078e+00 8.777927398681640625e+00
9.125000238418579102e-01 6.287789344787597656e+00 8.773302078247070312e+00
9.250000119209289551e-01 6.231379032135009766e+00 8.792787551879882812e+00
9.375000000000000000e-01 6.124442577362060547e+00 8.827534675598144531e+00
9.499999880790710449e-01 5.968019962310791016e+00 8.871201515197753906e+00
9.624999761581420898e-01 5.766569614410400391e+00 8.929694175720214844e+00
9.750000238418579102e-01 5.524096965789794922e+00 9.017026901245117188e+00
9.875000119209289551e-01 5.240729808807373047e+00 9.140446662902832031e+00
1.000000000000000000e+00 4.914480209350585938e+00 9.291525840759277344e+00
1.012500047683715820e+00 4.547239303588867188e+00 9.455616950988769531e+00
1.024999976158142090e+00 4.148402214050292969e+00 9.632307052612304688e+00
1.037500023841857910e+00 3.730557203292846680e+00 9.844572067260742188e+00
1.049999952316284180e+00 3.299416542053222656e+00 1.012158966064453125e+01
1.062500000000000000e+00 2.847247123718261719e+00 1.046543693542480469e+01
1.075000047683715820e+00 2.357660293579101562e+00 1.083128929138183594e+01
1.087499976158142090e+00 1.819862246513366699e+00 1.114349746704101562e+01
1.100000023841857910e+00 1.241065025329589844e+00 1.133999824523925781e+01
1.112499952316284180e+00 6.459527611732482910e-01 1.141136550903320312e+01
1.125000000000000000e+00 6.262777000665664673e-02 1.140320777893066406e+01
1.137500047683715820e+00 -4.938917160034179688e-01 1.138056659698486328e+01
1.149999976158142090e+00 -1.027389883995056152e+00 1.138405513763427734e+01
1.162500023841857910e+00 -1.551559329032897949e+00 1.141204643249511719e+01
1.174999952316284180e+00 -2.075069189071655273e+00 1.143840503692626953e+01
1.187500000000000000e+00 -2.593423843383789062e+00 1.144461822509765625e+01
1.200000047683715820e+00 -3.093220233917236328e+00 1.143636417388916016e+01
1.212499976158142090e+00 -3.563014984130859375e+00 1.143320178985595703e+01
1.225000023841857910e+00 -4.000064849853515625e+00 1.144636821746826172e+01
1.237499952316284180e+00 -4.407595157623291016e+00 1.146837615966796875e+01
1.250000000000000000e+00 -4.786875724792480469e+00 1.148317050933837891e+01
1.262500047683715820e+00 -5.132740497589111328e+00 1.148398303985595703e+01
1.274999976158142090e+00 -5.436642169952392578e+00 1.147965717315673828e+01
1.287500023841857910e+00 -5.693269729614257812e+00 1.148390960693359375e+01
1.299999952316284180e+00 -5.903496265411376953e+00 1.150020694732666016e+01
1.312500000000000000e+00 -6.070859432220458984e+00 1.151860046386718750e+01
1.325000047683715820e+00 -6.195771694183349609e+00 1.152719020843505859e+01
1.337499976158142090e+00 -6.273799896240234375e+00 1.152520561218261719e+01
1.350000023841857910e+00 -6.299694538116455078e+00 1.152347946166992188e+01
1.362499952316284180e+00 -6.272589206695556641e+00 1.153218841552734375e+01
1.375000000000000000e+00 -6.196676731109619141e+00 1.154951477050781250e+01
1.387500047683715820e+00 -6.076691150665283203e+00 1.156366825103759766e+01
1.399999976158142090e+00 -5.913226604461669922e+00 1.156599712371826172e+01
1.412500023841857910e+00 -5.703065395355224609e+00 1.156071853637695312e+01
1.424999952316284180e+00 -5.444206237792968750e+00 1.156038093566894531e+01
1.437500000000000000e+00 -5.140041828155517578e+00 1.157180309295654297e+01
1.450000047683715820e+00 -4.797940731048583984e+00 1.158794689178466797e+01
1.462499976158142090e+00 -4.423577785491943359e+00 1.159517955780029297e+01
1.475000023841857910e+00 -4.017212390899658203e+00 1.158854961395263672e+01
1.487499952316284180e+00 -3.576302051544189453e+00 1.157821273803710938e+01
1.500000000000000000e+00 -3.101948022842407227e+00 1.157889938354492188e+01
1.512500047683715820e+00 -2.602039813995361328e+00 1.159286212921142578e+01
1.524999976158142090e+00 -2.086909294128417969e+00 1.160530948638916016e+01
1.537500023841857910e+00 -1.561326980590820312e+00 1.159943866729736328e+01
1.549999952316284180e+00 -1.021490812301635742e+00 1.157681846618652344e+01
1.562500000000000000e+00 -4.616389870643615723e-01 1.156020259857177734e+01
1.575000047683715820e+00 1.147520914673805237e-01 1.157088184356689453e+01
1.587499976158142090e+00 6.900569796562194824e-01 1.159852123260498047e+01
1.600000023841857910e+00 1.240292429924011230e+00 1.159270763397216797e+01
1.612499952316284180e+00 1.750614523887634277e+00 1.148927211761474609e+01
1.625000000000000000e+00 2.225673675537109375e+00 1.125386047363281250e+01
1.637500047683715820e+00 2.685429096221923828e+00 1.090841579437255859e+01
1.649999976158142090e+00 3.149151563644409180e+00 1.051912117004394531e+01
1.662500023841857910e+00 3.620319604873657227e+00 1.015602779388427734e+01
1.674999952316284180e+00 4.084030628204345703e+00 9.856569290161132812e+00
1.687500000000000000e+00 4.517652034759521484e+00 9.618648529052734375e+00
1.700000047683715820e+00 4.904775142669677734e+00 9.421727180480957031e+00
1.712499976158142090e+00 5.241351127624511719e+00 9.252184867858886719e+00
1.725000023841857910e+00 5.531236648559570312e+00 9.111144065856933594e+00
1.737499952316284180e+00 5.777676582336425781e+00 9.003758430480957031e+00
1.750000000000000000e+00 5.979146480560302734e+00 8.926650047302246094e+00
1.762500047683715820e+00 6.131866931915283203e+00 8.868260383605957031e+00
1.774999976158142090e+00 6.234341621398925781e+00 8.820160865783691406e+00
1.787500023841857910e+00 6.288315296173095703e+00 8.785052299499511719e+00
1.799999952316284180e+00 6.295640945434570312e+00 8.771918296813964844e+00
1.812500000000000000e+00 6.255428791046142578e+00 8.784182548522949219e+00
1.825000047683715820e+00 6.165196418762207031e+00 8.815019607543945312e+00
1.837499976158142090e+00 6.024664878845214844e+00 8.855773925781250000e+00
1.850000023841857910e+00 5.837452411651611328e+00 8.907985687255859375e+00
1.862499952316284180e+00 5.608236789703369141e+00 8.984388351440429688e+00
1.875000000000000000e+00 5.338531494140625000e+00 9.096112251281738281e+00
1.887500047683715820e+00 5.026490211486816406e+00 9.239804267883300781e+00
1.899999976158142090e+00 4.672051906585693359e+00 9.400755882263183594e+00
1.912500023841857910e+00 4.282187461853027344e+00 9.571825981140136719e+00
1.924999952316284180e+00 3.869411468505859375e+00 9.768848419189453125e+00
1.937500000000000000e+00 3.442810773849487305e+00 1.002235507965087891e+01
1.950000047683715820e+00 2.999175310134887695e+00 1.034683513641357422e+01
1.962499976158142090e+00 2.523683071136474609e+00 1.071304035186767578e+01
1.975000023841857910e+00 2.001960277557373047e+00 1.105141353607177734e+01
1.987499952316284180e+00 1.434584379196166992e+00 1.129004192352294922e+01
2.000000000000000000e+00 8.415240645408630371e-01 1.139975738525390625e+01
