0.000000000000000000e+00 6.274799346923828125e+00 8.795248031616210938e+00
1.250000018626451492e-02 6.298196792602539062e+00 8.773544311523437500e+00
2.500000037252902985e-02 6.274367332458496094e+00 8.777437210083007812e+00
3.750000149011611938e-02 6.200970649719238281e+00 8.803226470947265625e+00
5.000000074505805969e-02 6.076573848724365234e+00 8.841295242309570312e+00
6.250000000000000000e-02 5.903614044189453125e+00 8.888858795166015625e+00
7.500000298023223877e-02 5.686984062194824219e+00 8.955922126770019531e+00
8.749999850988388062e-02 5.429576873779296875e+00 9.056071281433105469e+00
1.000000014901161194e-01 5.130273818969726562e+00 9.191304206848144531e+00
1.124999970197677612e-01 4.787706375122070312e+00 9.348891258239746094e+00
1.250000000000000000e-01 4.406403064727783203e+00 9.516856193542480469e+00
1.375000029802322388e-01 3.997955799102783203e+00 9.703435897827148438e+00
1.500000059604644775e-01 3.573802471160888672e+00 9.937420845031738281e+00
1.624999940395355225e-01 3.135029792785644531e+00 1.024213886260986328e+01
1.749999970197677612e-01 2.669368505477905273e+00 1.060288333892822266e+01
1.875000000000000000e-01 2.160456180572509766e+00 1.095890617370605469e+01
2.000000029802322388e-01 1.603246688842773438e+00 1.123317813873291016e+01
2.125000059604644775e-01 1.012624263763427734e+00 1.138008689880371094e+01
2.249999940395355225e-01 4.169964194297790527e-01 1.141349887847900391e+01
2.374999970197677612e-01 -1.586889624595642090e-01 1.139256000518798828e+01
2.500000000000000000e-01 -7.067953348159790039e-01 1.137771797180175781e+01
2.624999880790710449e-01 -1.236759066581726074e+00 1.139322471618652344e+01
2.750000059604644775e-01 -1.762092351913452148e+00 1.142401409149169922e+01
2.874999940395355225e-01 -2.286549091339111328e+00 1.144323253631591797e+01
3.000000119209289551e-01 -2.800855159759521484e+00 1.144163227081298828e+01
3.125000000000000000e-01 -3.290961980819702148e+00 1.143312072753906250e+01
3.249999880790710449e-01 -3.748609066009521484e+00 1.143646812438964844e+01
3.375000059604644775e-01 -4.174329280853271484e+00 1.145520877838134766e+01
3.499999940395355225e-01 -4.571513175964355469e+00 1.147602272033691406e+01
3.625000119209289551e-01 -4.938828468322753906e+00 1.148478126525878906e+01
3.750000000000000000e-01 -5.268860340118408203e+00 1.148167133331298828e+01
3.874999880790710449e-01 -5.553619861602783203e+00 1.147972583770751953e+01
4.000000059604644775e-01 -5.790466308593750000e+00 1.148976325988769531e+01
4.124999940395355225e-01 -5.982176780700683594e+00 1.150876140594482422e+01
4.250000119209289551e-01 -6.131542205810546875e+00 1.152389621734619141e+01
4.375000000000000000e-01 -6.236649990081787109e+00 1.152704143524169922e+01
4.499999880790710449e-01 -6.291928291320800781e+00 1.152354526519775391e+01
4.625000059604644775e-01 -6.293583393096923828e+00 1.152590179443359375e+01
4.749999940395355225e-01 -6.243341445922851562e+00 1.153966140747070312e+01
4.875000119209289551e-01 -6.146418571472167969e+00 1.155722141265869141e+01
5.000000000000000000e-01 -6.006038188934326172e+00 1.156632614135742188e+01
5.124999880790710449e-01 -5.820605754852294922e+00 1.156381797790527344e+01
5.249999761581420898e-01 -5.586706638336181641e+00 1.155933189392089844e+01
5.375000238418579102e-01 -5.304640293121337891e+00 1.156458854675292969e+01
5.500000119209289551e-01 -4.980286598205566406e+00 1.157995128631591797e+01
5.625000000000000000e-01 -4.621033191680908203e+00 1.159336662292480469e+01
5.749999880790710449e-01 -4.230098724365234375e+00 1.159353923797607422e+01
5.874999761581420898e-01 -3.805666446685791016e+00 1.158312797546386719e+01
6.000000238418579102e-01 -3.346176147460937500e+00 1.157680892944335938e+01
6.125000119209289551e-01 -2.856162786483764648e+00 1.158502674102783203e+01
6.250000000000000000e-01 -2.345781803131103516e+00 1.160079574584960938e+01
6.374999880790710449e-01 -1.823579668998718262e+00 1.160539436340332031e+01
6.499999761581420898e-01 -1.289811849594116211e+00 1.158923912048339844e+01
6.625000238418579102e-01 -7.382736802101135254e-01 1.156610584259033203e+01
6.750000119209289551e-01 -1.666028052568435669e-01 1.156222343444824219e+01
6.875000000000000000e-01 4.142151176929473877e-01 1.158577346801757812e+01
6.999999880790710449e-01 9.813117384910583496e-01 1.160424804687500000e+01
7.124999761581420898e-01 1.513257265090942383e+00 1.155437469482421875e+01
7.250000238418579102e-01 2.004834890365600586e+00 1.138189411163330078e+01
7.375000119209289551e-01 2.470383405685424805e+00 1.108098888397216797e+01
7.500000000000000000e-01 2.932047843933105469e+00 1.070139789581298828e+01
7.624999880790710449e-01 3.402126312255859375e+00 1.031766700744628906e+01
7.749999761581420898e-01 3.873550653457641602e+00 9.985867500305175781e+00
7.875000238418579102e-01 4.325195312500000000e+00 9.720951080322265625e+00
8.000000119209289551e-01 4.736135482788085938e+00 9.507140159606933594e+00
8.125000000000000000e-01 5.096557140350341797e+00 9.325202941894531250e+00
8.249999880790710449e-01 5.407778739929199219e+00 9.170069694519042969e+00
8.374999761581420898e-01 5.674283027648925781e+00 9.047050476074218750e+00
8.500000238418579102e-01 5.896717071533203125e+00 8.957437515258789062e+00
8.625000119209289551e-01 6.071670532226562500e+00 8.892162322998046875e+00
8.750000000000000000e-01 6.196210861206054688e+00 8.839779853820800781e+00
8.874999880790710449e-01 6.270894050598144531e+00 8.797946929931640625e+00
8.999999761581420898e-01 6.298043251037597656e+00 8.774371147155761719e+00
9.125000238418579102e-01 6.278069496154785156e+00 8.776201248168945312e+00
9.250000119209289551e-01 6.208740234375000000e+00 8.800587654113769531e+00
9.375000000000000000e-01 6.088399887084960938e+00 8.837940216064453125e+00
9.499999880790710449e-01 5.919160366058349609e+00 8.884523391723632812e+00
9.624999761581420898e-01 5.705872535705566406e+00 8.949464797973632812e+00
9.750000238418579102e-01 5.451732635498046875e+00 9.046659469604492188e+00
9.875000119209289551e-01 5.155878543853759766e+00 9.179409980773925781e+00
1.000000000000000000e+00 4.816721916198730469e+00 9.335802078247070312e+00
1.012500047683715820e+00 4.438166141510009766e+00 9.502975463867187500e+00
1.024999976158142090e+00 4.031401634216308594e+00 9.687167167663574219e+00
1.037500023841857910e+00 3.608279943466186523e+00 9.916184425354003906e+00
1.049999952316284180e+00 3.170982837677001953e+00 1.021511650085449219e+01
1.062500000000000000e+00 2.708124637603759766e+00 1.057309341430664062e+01
1.075000047683715820e+00 2.203107118606567383e+00 1.093242359161376953e+01
1.087499976158142090e+00 1.649487853050231934e+00 1.121562957763671875e+01
1.100000023841857910e+00 1.060581445693969727e+00 1.137305736541748047e+01
1.112499952316284180e+00 4.642728269100189209e-01 1.141374874114990234e+01
1.125000000000000000e+00 -1.135657727718353271e-01 1.139465045928955078e+01
1.137500047683715820e+00 -6.637018918991088867e-01 1.137781715393066406e+01
1.149999976158142090e+00 -1.194571733474731445e+00 1.139104747772216797e+01
1.162500023841857910e+00 -1.719950795173645020e+00 1.142167091369628906e+01
1.174999952316284180e+00 -2.244677066802978516e+00 1.144250774383544922e+01
1.187500000000000000e+00 -2.760328769683837891e+00 1.144229698181152344e+01
1.200000047683715820e+00 -3.252805233001708984e+00 1.143355369567871094e+01
1.212499976158142090e+00 -3.713132381439208984e+00 1.143554592132568359e+01
1.225000023841857910e+00 -4.141269207000732422e+00 1.145339393615722656e+01
1.237499952316284180e+00 -4.540697097778320312e+00 1.147467899322509766e+01
1.250000000000000000e+00 -4.910623073577880859e+00 1.148462963104248047e+01
1.262500047683715820e+00 -5.243979454040527344e+00 1.148208332061767578e+01
1.274999976158142090e+00 -5.532558441162109375e+00 1.147950839996337891e+01
1.287500023841857910e+00 -5.773190498352050781e+00 1.148849296569824219e+01
1.299999952316284180e+00 -5.968377113342285156e+00 1.150719928741455078e+01
1.312500000000000000e+00 -6.121135711669921875e+00 1.152309799194335938e+01
1.325000047683715820e+00 -6.229979515075683594e+00 1.152718639373779297e+01
1.337499976158142090e+00 -6.289454460144042969e+00 1.152376747131347656e+01
1.350000023841857910e+00 -6.295423030853271484e+00 1.152527904510498047e+01
1.362499952316284180e+00 -6.249164104461669922e+00 1.153824901580810547e+01
1.375000000000000000e+00 -6.155806541442871094e+00 1.155598926544189453e+01
1.387500047683715820e+00 -6.018910884857177734e+00 1.156607532501220703e+01
1.399999976158142090e+00 -5.837230205535888672e+00 1.156427478790283203e+01
1.412500023841857910e+00 -5.607285022735595703e+00 1.155944156646728516e+01
1.424999952316284180e+00 -5.328926086425781250e+00 1.156369972229003906e+01
1.437500000000000000e+00 -5.007670402526855469e+00 1.157858943939208984e+01
1.450000047683715820e+00 -4.651017189025878906e+00 1.159269714355468750e+01
1.462499976158142090e+00 -4.262645244598388672e+00 1.159405803680419922e+01
1.475000023841857910e+00 -3.841006755828857422e+00 1.158403205871582031e+01
1.487499952316284180e+00 -3.384261131286621094e+00 1.157682323455810547e+01
1.500000000000000000e+00 -2.896361589431762695e+00 1.158387851715087891e+01
1.512500047683715820e+00 -2.387220621109008789e+00 1.159969139099121094e+01
1.524999976158142090e+00 -1.865829944610595703e+00 1.160580158233642578e+01
1.537500023841857910e+00 -1.333183884620666504e+00 1.159111976623535156e+01
1.549999952316284180e+00 -7.832877635955810547e-01 1.156757354736328125e+01
1.562500000000000000e+00 -2.130318135023117065e-01 1.156139945983886719e+01
1.575000047683715820e+00 3.677999973297119141e-01 1.158336830139160156e+01
1.587499976158142090e+00 9.369156956672668457e-01 1.160437774658203125e+01
1.600000023841857910e+00 1.472152233123779297e+00 1.156240940093994141e+01
1.612499952316284180e+00 1.966657876968383789e+00 1.140077686309814453e+01
1.625000000000000000e+00 2.433464765548706055e+00 1.110896015167236328e+01
1.637500047683715820e+00 2.894758462905883789e+00 1.073297023773193359e+01
1.649999976158142090e+00 3.364161014556884766e+00 1.034702491760253906e+01
1.662500023841857910e+00 3.836152553558349609e+00 1.000994873046875000e+01
1.674999952316284180e+00 4.290251731872558594e+00 9.740007400512695312e+00
1.687500000000000000e+00 4.704997062683105469e+00 9.522928237915039062e+00
1.700000047683715820e+00 5.069529056549072266e+00 9.338839530944824219e+00
1.712499976158142090e+00 5.384514331817626953e+00 9.181408882141113281e+00
1.725000023841857910e+00 5.654509067535400391e+00 9.055631637573242188e+00
1.737499952316284180e+00 5.880573272705078125e+00 8.963555335998535156e+00
1.750000000000000000e+00 6.059480190277099609e+00 8.896805763244628906e+00
1.762500047683715820e+00 6.188090324401855469e+00 8.843641281127929688e+00
1.774999976158142090e+00 6.266685009002685547e+00 8.800763130187988281e+00
1.787500023841857910e+00 6.297587871551513672e+00 8.775368690490722656e+00
1.799999952316284180e+00 6.281454563140869141e+00 8.775114059448242188e+00
1.812500000000000000e+00 6.216179847717285156e+00 8.798027992248535156e+00
1.825000047683715820e+00 6.099909305572509766e+00 8.834636688232421875e+00
1.837499976158142090e+00 5.934424400329589844e+00 8.880302429199218750e+00
1.850000023841857910e+00 5.724501132965087891e+00 8.943220138549804688e+00
1.862499952316284180e+00 5.473620891571044922e+00 9.037487030029296875e+00
1.875000000000000000e+00 5.181201934814453125e+00 9.167669296264648438e+00
1.887500047683715820e+00 4.845479965209960938e+00 9.322769165039062500e+00
1.899999976158142090e+00 4.469747066497802734e+00 9.489191055297851562e+00
1.912500023841857910e+00 4.064748287200927734e+00 9.671186447143554688e+00
1.924999952316284180e+00 3.642674446105957031e+00 9.895419120788574219e+00
1.937500000000000000e+00 3.206774711608886719e+00 1.018850135803222656e+01
1.950000047683715820e+00 2.746603727340698242e+00 1.054332447052001953e+01
1.962499976158142090e+00 2.245433568954467773e+00 1.090543460845947266e+01
1.975000023841857910e+00 1.695493221282958984e+00 1.119723606109619141e+01
1.987499952316284180e+00 1.108492136001586914e+00 1.136524868011474609e+01
2.000000000000000000e+00 5.116780400276184082e-01 1.141361141204833984e+01
