0.000000000000000000e+00 6.274467945098876953e+00 8.795432090759277344e+00
1.250000018626451492e-02 6.298018455505371094e+00 8.773576736450195312e+00
2.500000037252902985e-02 6.274016857147216797e+00 8.777486801147460938e+00
3.750000149011611938e-02 6.200101375579833984e+00 8.803421974182128906e+00
5.000000074505805969e-02 6.074834823608398438e+00 8.841683387756347656e+00
6.250000000000000000e-02 5.900707721710205078e+00 8.889559745788574219e+00
7.500000298023223877e-02 5.682664871215820312e+00 8.957263946533203125e+00
8.749999850988388062e-02 5.423576354980468750e+00 9.058430671691894531e+00
1.000000014901161194e-01 5.122262954711914062e+00 9.194774627685546875e+00
1.124999970197677612e-01 4.777413368225097656e+00 9.353252410888671875e+00
1.250000000000000000e-01 4.393802165985107422e+00 9.522099494934082031e+00
1.375000029802322388e-01 3.983273506164550781e+00 9.710358619689941406e+00
1.500000059604644775e-01 3.557201147079467773e+00 9.947408676147460938e+00
1.624999940395355225e-01 3.116189479827880859e+00 1.025589656829833984e+01
1.749999970197677612e-01 2.647426843643188477e+00 1.061904048919677734e+01
1.875000000000000000e-01 2.134533882141113281e+00 1.097397327423095703e+01
2.000000029802322388e-01 1.573223710060119629e+00 1.124338531494140625e+01
2.125000059604644775e-01 9.794754981994628906e-01 1.138387966156005859e+01
2.249999940395355225e-01 3.822838664054870605e-01 1.141261196136474609e+01
2.374999970197677612e-01 -1.938285231590270996e-01 1.139062309265136719e+01
2.500000000000000000e-01 -7.423132061958312988e-01 1.137750339508056641e+01
2.624999880790710449e-01 -1.273419141769409180e+00 1.139488697052001953e+01
2.750000059604644775e-01 -1.800510764122009277e+00 1.142573261260986328e+01
2.874999940395355225e-01 -2.326426506042480469e+00 1.144344520568847656e+01
3.000000119209289551e-01 -2.841078042984008789e+00 1.144061470031738281e+01
3.125000000000000000e-01 -3.330398321151733398e+00 1.143249320983886719e+01
3.249999880790710449e-01 -3.786778926849365234e+00 1.143734550476074219e+01
3.375000059604644775e-01 -4.211309432983398438e+00 1.145702648162841797e+01
3.499999940395355225e-01 -4.607250690460205078e+00 1.147724246978759766e+01
3.625000119209289551e-01 -4.972630023956298828e+00 1.148462867736816406e+01
3.750000000000000000e-01 -5.299599647521972656e+00 1.148097991943359375e+01
3.874999880790710449e-01 -5.580417156219482422e+00 1.147998619079589844e+01
4.000000059604644775e-01 -5.813086032867431641e+00 1.149144077301025391e+01
4.124999940395355225e-01 -6.000715732574462891e+00 1.151076221466064453e+01
4.250000119209289551e-01 -6.145761489868164062e+00 1.152478408813476562e+01
4.375000000000000000e-01 -6.245707035064697266e+00 1.152666759490966797e+01
4.499999880790710449e-01 -6.294824123382568359e+00 1.152325248718261719e+01
4.625000059604644775e-01 -6.289844036102294922e+00 1.152703380584716797e+01
4.749999940395355225e-01 -6.233169078826904297e+00 1.154199886322021484e+01
4.875000119209289551e-01 -6.130125045776367188e+00 1.155914783477783203e+01
5.000000000000000000e-01 -5.983382225036621094e+00 1.156661128997802734e+01
5.124999880790710449e-01 -5.790796756744384766e+00 1.156307411193847656e+01
5.249999761581420898e-01 -5.549123287200927734e+00 1.155942440032958984e+01
5.375000238418579102e-01 -5.259483814239501953e+00 1.156653213500976562e+01
5.500000119209289551e-01 -4.928401947021484375e+00 1.158260345458984375e+01
5.625000000000000000e-01 -4.563028335571289062e+00 1.159454536437988281e+01
5.749999880790710449e-01 -4.165732383728027344e+00 1.159249496459960938e+01
5.874999761581420898e-01 -3.734264135360717773e+00 1.158162689208984375e+01
6.000000238418579102e-01 -3.267724514007568359e+00 1.157733821868896484e+01
6.125000119209289551e-01 -2.771862506866455078e+00 1.158783721923828125e+01
6.250000000000000000e-01 -2.257278203964233398e+00 1.160312747955322266e+01
6.374999880790710449e-01 -1.731513500213623047e+00 1.160425853729248047e+01
6.499999761581420898e-01 -1.193274617195129395e+00 1.158517646789550781e+01
6.625000238418579102e-01 -6.360794305801391602e-01 1.156359291076660156e+01
6.750000119209289551e-01 -5.945282056927680969e-02 1.156517696380615234e+01
6.875000000000000000e-01 5.227892994880676270e-01 1.159162139892578125e+01
6.999999880790710449e-01 1.086534023284912109e+00 1.160241222381591797e+01
7.124999761581420898e-01 1.612247109413146973e+00 1.153179359436035156e+01
7.250000238418579102e-01 2.098682641983032227e+00 1.133199024200439453e+01
7.375000119209289551e-01 2.563206672668457031e+00 1.100892639160156250e+01
7.500000000000000000e-01 3.027606010437011719e+00 1.062121200561523438e+01
7.624999880790710449e-01 3.500696182250976562e+00 1.024359226226806641e+01
7.749999761581420898e-01 3.971535444259643555e+00 9.924855232238769531e+00
7.875000238418579102e-01 4.417544841766357422e+00 9.671759605407714844e+00
8.000000119209289551e-01 4.819342136383056641e+00 9.465319633483886719e+00
8.125000000000000000e-01 5.169801712036132812e+00 9.288470268249511719e+00
8.249999880790710449e-01 5.471744060516357422e+00 9.139415740966796875e+00
8.374999761581420898e-01 5.729243278503417969e+00 9.023834228515625000e+00
8.500000238418579102e-01 5.941792964935302734e+00 8.940637588500976562e+00
8.625000119209289551e-01 6.105615139007568359e+00 8.878993988037109375e+00
8.750000000000000000e-01 6.218469619750976562e+00 8.828675270080566406e+00
8.874999880790710449e-01 6.281659603118896484e+00 8.790193557739257812e+00
8.999999761581420898e-01 6.297365188598632812e+00 8.772397041320800781e+00
9.125000238418579102e-01 6.265241622924804688e+00 8.780529975891113281e+00
9.250000119209289551e-01 6.182782649993896484e+00 8.809168815612792969e+00
9.375000000000000000e-01 6.049091339111328125e+00 8.848863601684570312e+00
9.499999880790710449e-01 5.867301464080810547e+00 8.899047851562500000e+00
9.624999761581420898e-01 5.642336368560791016e+00 8.971535682678222656e+00
9.750000238418579102e-01 5.376376152038574219e+00 9.078918457031250000e+00
9.875000119209289551e-01 5.067804336547851562e+00 9.220100402832031250e+00
1.000000000000000000e+00 4.715939521789550781e+00 9.380747795104980469e+00
1.012500047683715820e+00 4.326901435852050781e+00 9.551487922668457031e+00
1.024999976158142090e+00 3.913171768188476562e+00 9.745571136474609375e+00
1.037500023841857910e+00 3.484964847564697266e+00 9.993677139282226562e+00
1.049999952316284180e+00 3.040498495101928711e+00 1.031381130218505859e+01
1.062500000000000000e+00 2.565382480621337891e+00 1.068091297149658203e+01
1.075000047683715820e+00 2.044198513031005859e+00 1.102662754058837891e+01
1.087499976158142090e+00 1.475849509239196777e+00 1.127605342864990234e+01
1.100000023841857910e+00 8.794007897377014160e-01 1.139511299133300781e+01
1.112499952316284180e+00 2.844005227088928223e-01 1.141057968139648438e+01
1.125000000000000000e+00 -2.870062887668609619e-01 1.138665962219238281e+01
1.137500047683715820e+00 -8.315930366516113281e-01 1.137837123870849609e+01
1.149999976158142090e+00 -1.361259222030639648e+00 1.139988613128662109e+01
1.162500023841857910e+00 -1.888352990150451660e+00 1.143013000488281250e+01
1.174999952316284180e+00 -2.413350105285644531e+00 1.144420051574707031e+01
1.187500000000000000e+00 -2.924685716629028320e+00 1.143903636932373047e+01
1.200000047683715820e+00 -3.408780813217163086e+00 1.143208885192871094e+01
1.212499976158142090e+00 -3.859609603881835938e+00 1.143984794616699219e+01
1.225000023841857910e+00 -4.279223442077636719e+00 1.146083927154541016e+01
1.237499952316284180e+00 -4.670407295227050781e+00 1.147953605651855469e+01
1.250000000000000000e+00 -5.030023097991943359e+00 1.148449325561523438e+01
1.262500047683715820e+00 -5.349730968475341797e+00 1.148022651672363281e+01
1.274999976158142090e+00 -5.622479438781738281e+00 1.148096466064453125e+01
1.287500023841857910e+00 -5.847363948822021484e+00 1.149443817138671875e+01
1.299999952316284180e+00 -6.027836799621582031e+00 1.151380538940429688e+01
1.312500000000000000e+00 -6.165686130523681641e+00 1.152591991424560547e+01
1.325000047683715820e+00 -6.257568359375000000e+00 1.152612018585205078e+01
1.337499976158142090e+00 -6.297755718231201172e+00 1.152310657501220703e+01
1.350000023841857910e+00 -6.283852577209472656e+00 1.152885532379150391e+01
1.362499952316284180e+00 -6.219088554382324219e+00 1.154507255554199219e+01
1.375000000000000000e+00 -6.108715534210205078e+00 1.156128120422363281e+01
1.387500047683715820e+00 -5.954585552215576172e+00 1.156660366058349609e+01
1.399999976158142090e+00 -5.753986358642578125e+00 1.156209182739257812e+01
1.412500023841857910e+00 -5.504074096679687500e+00 1.155971527099609375e+01
1.424999952316284180e+00 -5.206978797912597656e+00 1.156885814666748047e+01
1.437500000000000000e+00 -4.869767665863037109e+00 1.158527851104736328e+01
1.450000047683715820e+00 -4.499077796936035156e+00 1.159524536132812500e+01
1.462499976158142090e+00 -4.096299648284912109e+00 1.159092807769775391e+01
1.475000023841857910e+00 -3.658909797668457031e+00 1.158004474639892578e+01
1.487499952316284180e+00 -3.186886310577392578e+00 1.157809925079345703e+01
1.500000000000000000e+00 -2.687139511108398438e+00 1.159056091308593750e+01
1.512500047683715820e+00 -2.170375585556030273e+00 1.160473728179931641e+01
1.524999976158142090e+00 -1.642865896224975586e+00 1.160228538513183594e+01
1.537500023841857910e+00 -1.101911544799804688e+00 1.158099937438964844e+01
1.549999952316284180e+00 -5.411778688430786133e-01 1.156173610687255859e+01
1.562500000000000000e+00 3.774829953908920288e-02 1.156842136383056641e+01
1.575000047683715820e+00 6.186751127243041992e-01 1.159616470336914062e+01
1.587499976158142090e+00 1.177066683769226074e+00 1.159806632995605469e+01
1.600000023841857910e+00 1.695731997489929199e+00 1.150808525085449219e+01
1.612499952316284180e+00 2.176960229873657227e+00 1.128566360473632812e+01
1.625000000000000000e+00 2.640113353729248047e+00 1.094674491882324219e+01
1.637500047683715820e+00 3.105882883071899414e+00 1.055578136444091797e+01
1.649999976158142090e+00 3.579840660095214844e+00 1.018571567535400391e+01
1.662500023841857910e+00 4.048205852508544922e+00 9.878478050231933594e+00
1.674999952316284180e+00 4.487916469573974609e+00 9.634740829467773438e+00
1.687500000000000000e+00 4.881300926208496094e+00 9.434041976928710938e+00
1.700000047683715820e+00 5.223333358764648438e+00 9.261561393737792969e+00
1.712499976158142090e+00 5.517676830291748047e+00 9.117722511291503906e+00
1.725000023841857910e+00 5.767862319946289062e+00 9.007928848266601562e+00
1.737499952316284180e+00 5.972572803497314453e+00 8.929229736328125000e+00
1.750000000000000000e+00 6.127960205078125000e+00 8.869968414306640625e+00
1.762500047683715820e+00 6.232374668121337891e+00 8.821251869201660156e+00
1.774999976158142090e+00 6.287539958953857422e+00 8.785537719726562500e+00
1.787500023841857910e+00 6.295390129089355469e+00 8.771966934204101562e+00
1.799999952316284180e+00 6.255064487457275391e+00 8.784154891967773438e+00
1.812500000000000000e+00 6.164031505584716797e+00 8.815198898315429688e+00
1.825000047683715820e+00 6.022007465362548828e+00 8.856302261352539062e+00
1.837499976158142090e+00 5.832705020904541016e+00 8.909152984619140625e+00
1.850000023841857910e+00 5.600880622863769531e+00 8.986812591552734375e+00
1.862499952316284180e+00 5.327991962432861328e+00 9.100380897521972656e+00
1.875000000000000000e+00 5.012126445770263672e+00 9.245954513549804688e+00
1.887500047683715820e+00 4.653416633605957031e+00 9.408464431762695312e+00
1.899999976158142090e+00 4.259319305419921875e+00 9.581476211547851562e+00
1.912500023841857910e+00 3.842698097229003906e+00 9.782311439514160156e+00
1.924999952316284180e+00 3.412309885025024414e+00 1.004205131530761719e+01
1.937500000000000000e+00 2.963960647583007812e+00 1.037313938140869141e+01
1.950000047683715820e+00 2.482023954391479492e+00 1.074221038818359375e+01
1.962499976158142090e+00 1.952503323554992676e+00 1.107650852203369141e+01
1.975000023841857910e+00 1.377668976783752441e+00 1.130495071411132812e+01
1.987499952316284180e+00 7.793851494789123535e-01 1.140337753295898438e+01
2.000000000000000000e+00 1.872199475765228271e-01 1.140747928619384766e+01
