0.000000000000000000e+00 6.274137020111083984e+00 8.795726776123046875e+00
1.250000018626451492e-02 6.297841072082519531e+00 8.773717880249023438e+00
2.500000037252902985e-02 6.273666381835937500e+00 8.777644157409667969e+00
3.750000149011611938e-02 6.199229717254638672e+00 8.803726196289062500e+00
5.000000074505805969e-02 6.073091030120849609e+00 8.842181205749511719e+00
6.250000000000000000e-02 5.897792816162109375e+00 8.890372276306152344e+00
7.500000298023223877e-02 5.678333282470703125e+00 8.958723068237304688e+00
8.749999850988388062e-02 5.417557716369628906e+00 9.060913085937500000e+00
1.000000014901161194e-01 5.114226818084716797e+00 9.198365211486816406e+00
1.124999970197677612e-01 4.767090797424316406e+00 9.357727050781250000e+00
1.250000000000000000e-01 4.381175994873046875e+00 9.527466773986816406e+00
1.375000029802322388e-01 3.968574762344360352e+00 9.717443466186523438e+00
1.500000059604644775e-01 3.540582656860351562e+00 9.957602500915527344e+00
1.624999940395355225e-01 3.097307682037353516e+00 1.026984786987304688e+01
1.749999970197677612e-01 2.625401496887207031e+00 1.063527297973632812e+01
1.875000000000000000e-01 2.108499765396118164e+00 1.098892688751220703e+01
2.000000029802322388e-01 1.543109893798828125e+00 1.125333595275878906e+01
2.125000059604644775e-01 9.463098049163818359e-01 1.138743400573730469e+01
2.249999940395355225e-01 3.476383090019226074e-01 1.141166877746582031e+01
2.374999970197677612e-01 -2.288643419742584229e-01 1.138884449005126953e+01
2.500000000000000000e-01 -7.777571082115173340e-01 1.137753582000732422e+01
2.624999880790710449e-01 -1.310060143470764160e+00 1.139671039581298828e+01
2.750000059604644775e-01 -1.838921785354614258e+00 1.142746448516845703e+01
2.874999940395355225e-01 -2.366235256195068359e+00 1.144362258911132812e+01
3.000000119209289551e-01 -2.881134033203125000e+00 1.143966197967529297e+01
3.125000000000000000e-01 -3.369600534439086914e+00 1.143206596374511719e+01
3.249999880790710449e-01 -3.824706315994262695e+00 1.143844032287597656e+01
3.375000059604644775e-01 -4.248057842254638672e+00 1.145893955230712891e+01
3.499999940395355225e-01 -4.642721652984619141e+00 1.147843170166015625e+01
3.625000119209289551e-01 -5.006067276000976562e+00 1.148445987701416016e+01
3.750000000000000000e-01 -5.329866886138916016e+00 1.148042011260986328e+01
3.874999880790710449e-01 -5.606688022613525391e+00 1.148049545288085938e+01
4.000000059604644775e-01 -5.835184574127197266e+00 1.149331474304199219e+01
4.124999940395355225e-01 -6.018733501434326172e+00 1.151278495788574219e+01
4.250000119209289551e-01 -6.159392356872558594e+00 1.152559375762939453e+01
4.375000000000000000e-01 -6.254054069519042969e+00 1.152631378173828125e+01
4.499999880790710449e-01 -6.296916007995605469e+00 1.152318000793457031e+01
4.625000059604644775e-01 -6.285294532775878906e+00 1.152845668792724609e+01
4.749999940395355225e-01 -6.222235679626464844e+00 1.154447174072265625e+01
4.875000119209289551e-01 -6.113080024719238281e+00 1.156098270416259766e+01
5.000000000000000000e-01 -5.959890842437744141e+00 1.156677150726318359e+01
5.124999880790710449e-01 -5.760037422180175781e+00 1.156242847442626953e+01
5.249999761581420898e-01 -5.510561466217041016e+00 1.155986022949218750e+01
5.375000238418579102e-01 -5.213447093963623047e+00 1.156878471374511719e+01
5.500000119209289551e-01 -4.875764846801757812e+00 1.158525180816650391e+01
5.625000000000000000e-01 -4.504292488098144531e+00 1.159545993804931641e+01
5.749999880790710449e-01 -4.100534915924072266e+00 1.159131050109863281e+01
5.874999761581420898e-01 -3.661957979202270508e+00 1.158041095733642578e+01
6.000000238418579102e-01 -3.188483715057373047e+00 1.157840728759765625e+01
6.125000119209289551e-01 -2.687050580978393555e+00 1.159090232849121094e+01
6.250000000000000000e-01 -2.168476819992065430e+00 1.160511302947998047e+01
6.374999880790710449e-01 -1.639093279838562012e+00 1.160254669189453125e+01
6.499999761581420898e-01 -1.096135497093200684e+00 1.158111190795898438e+01
6.625000238418579102e-01 -5.332112908363342285e-01 1.156200790405273438e+01
6.750000119209289551e-01 4.793215915560722351e-02 1.156920433044433594e+01
6.875000000000000000e-01 6.307222247123718262e-01 1.159710884094238281e+01
6.999999880790710449e-01 1.190324306488037109e+00 1.159767150878906250e+01
7.124999761581420898e-01 1.709674239158630371e+00 1.150428867340087891e+01
7.250000238418579102e-01 2.191605329513549805e+00 1.127722835540771484e+01
7.375000119209289551e-01 2.655998945236206055e+00 1.093433284759521484e+01
7.500000000000000000e-01 3.123537540435791016e+00 1.054167175292968750e+01
7.624999880790710449e-01 3.599182128906250000e+00 1.017232608795166016e+01
7.749999761581420898e-01 4.068402767181396484e+00 9.866949081420898438e+00
7.875000238418579102e-01 4.507831096649169922e+00 9.624769210815429688e+00
8.000000119209289551e-01 4.900091648101806641e+00 9.424900054931640625e+00
8.125000000000000000e-01 5.240675926208496094e+00 9.253144264221191406e+00
8.249999880790710449e-01 5.533483028411865234e+00 9.110580444335937500e+00
8.374999761581420898e-01 5.781865596771240234e+00 9.002457618713378906e+00
8.500000238418579102e-01 5.984228134155273438e+00 8.925098419189453125e+00
8.625000119209289551e-01 6.136702060699462891e+00 8.866499900817871094e+00
8.750000000000000000e-01 6.237872123718261719e+00 8.818303108215332031e+00
8.874999880790710449e-01 6.289629936218261719e+00 8.783774375915527344e+00
8.999999761581420898e-01 6.293790340423583984e+00 8.772149085998535156e+00
9.125000238418579102e-01 6.249259471893310547e+00 8.786257743835449219e+00
9.250000119209289551e-01 6.153512477874755859e+00 8.818507194519042969e+00
9.375000000000000000e-01 6.006596565246582031e+00 8.860507011413574219e+00
9.499999880790710449e-01 5.812529563903808594e+00 8.915178298950195312e+00
9.624999761581420898e-01 5.575969219207763672e+00 8.996212959289550781e+00
9.750000238418579102e-01 5.297975063323974609e+00 9.113765716552734375e+00
9.875000119209289551e-01 4.976520538330078125e+00 9.262280464172363281e+00
1.000000000000000000e+00 4.612325191497802734e+00 9.426403045654296875e+00
1.012500047683715820e+00 4.213749408721923828e+00 9.601773262023925781e+00
1.024999976158142090e+00 3.793887615203857422e+00 9.808395385742187500e+00
1.037500023841857910e+00 3.360449552536010742e+00 1.007733154296875000e+01
1.049999952316284180e+00 2.907531499862670898e+00 1.041671752929687500e+01
1.062500000000000000e+00 2.418682575225830078e+00 1.078698348999023438e+01
1.075000047683715820e+00 1.881077051162719727e+00 1.111222648620605469e+01
1.087499976158142090e+00 1.299626350402832031e+00 1.132455158233642578e+01
1.100000023841857910e+00 6.983647942543029785e-01 1.140763378143310547e+01
1.112499952316284180e+00 1.068168729543685913e-01 1.140400791168212891e+01
1.125000000000000000e+00 -4.578102827072143555e-01 1.138064289093017578e+01
1.137500047683715820e+00 -9.980320334434509277e-01 1.138221931457519531e+01
1.149999976158142090e+00 -1.527764797210693359e+00 1.140969276428222656e+01
1.162500023841857910e+00 -2.056608438491821289e+00 1.143682861328125000e+01
1.174999952316284180e+00 -2.580590248107910156e+00 1.144381713867187500e+01
1.187500000000000000e+00 -3.086062908172607422e+00 1.143572139739990234e+01
1.200000047683715820e+00 -3.561059713363647461e+00 1.143250560760498047e+01
1.212499976158142090e+00 -4.002604961395263672e+00 1.144584941864013672e+01
1.225000023841857910e+00 -4.413997173309326172e+00 1.146807289123535156e+01
1.237499952316284180e+00 -4.796502113342285156e+00 1.148274517059326172e+01
1.250000000000000000e+00 -5.144690036773681641e+00 1.148328590393066406e+01
1.262500047683715820e+00 -5.449759483337402344e+00 1.147916126251220703e+01
1.274999976158142090e+00 -5.706469535827636719e+00 1.148425006866455078e+01
1.287500023841857910e+00 -5.915980339050292969e+00 1.150129032135009766e+01
1.299999952316284180e+00 -6.081894397735595703e+00 1.151949310302734375e+01
1.312500000000000000e+00 -6.204267978668212891e+00 1.152715110778808594e+01
1.325000047683715820e+00 -6.278254508972167969e+00 1.152470970153808594e+01
1.337499976158142090e+00 -6.298673629760742188e+00 1.152386856079101562e+01
1.350000023841857910e+00 -6.265243053436279297e+00 1.153412628173828125e+01
1.362499952316284180e+00 -6.182640075683593750e+00 1.155200195312500000e+01
1.375000000000000000e+00 -6.055413722991943359e+00 1.156497478485107422e+01
1.387500047683715820e+00 -5.883492469787597656e+00 1.156567668914794922e+01
1.399999976158142090e+00 -5.663370132446289062e+00 1.156037521362304688e+01
1.412500023841857910e+00 -5.393677234649658203e+00 1.156201553344726562e+01
1.424999952316284180e+00 -5.078867435455322266e+00 1.157536220550537109e+01
1.437500000000000000e+00 -4.726692199707031250e+00 1.159098243713378906e+01
1.450000047683715820e+00 -4.342085361480712891e+00 1.159541702270507812e+01
1.462499976158142090e+00 -3.924325704574584961e+00 1.158674049377441406e+01
1.475000023841857910e+00 -3.471022129058837891e+00 1.157777881622314453e+01
1.487499952316284180e+00 -2.984813928604125977e+00 1.158214855194091797e+01
1.500000000000000000e+00 -2.475073814392089844e+00 1.159772109985351562e+01
1.512500047683715820e+00 -1.951796650886535645e+00 1.160677909851074219e+01
1.524999976158142090e+00 -1.417602300643920898e+00 1.159522533416748047e+01
1.537500023841857910e+00 -8.670046329498291016e-01 1.157129478454589844e+01
1.549999952316284180e+00 -2.955453097820281982e-01 1.156113338470458984e+01
1.562500000000000000e+00 2.890546321868896484e-01 1.158005046844482422e+01
1.575000047683715820e+00 8.652552366256713867e-01 1.160449790954589844e+01
1.587499976158142090e+00 1.409358263015747070e+00 1.157396602630615234e+01
1.600000023841857910e+00 1.911735177040100098e+00 1.142738723754882812e+01
1.612499952316284180e+00 2.383545637130737305e+00 1.114704704284667969e+01
1.625000000000000000e+00 2.847347497940063477e+00 1.077416610717773438e+01
1.637500047683715820e+00 3.318831205368041992e+00 1.038346004486083984e+01
1.649999976158142090e+00 3.794446945190429688e+00 1.003809261322021484e+01
1.662500023841857910e+00 4.254184246063232422e+00 9.760661125183105469e+00
1.674999952316284180e+00 4.675583839416503906e+00 9.538529396057128906e+00
1.687500000000000000e+00 5.046437263488769531e+00 9.351009368896484375e+00
1.700000047683715820e+00 5.366723537445068359e+00 9.190526962280273438e+00
1.712499976158142090e+00 5.641104221343994141e+00 9.061828613281250000e+00
1.725000023841857910e+00 5.870980262756347656e+00 8.967485427856445312e+00
1.737499952316284180e+00 6.053215980529785156e+00 8.899403572082519531e+00
1.750000000000000000e+00 6.184509277343750000e+00 8.845478057861328125e+00
1.762500047683715820e+00 6.265012741088867188e+00 8.801901817321777344e+00
1.774999976158142090e+00 6.297097206115722656e+00 8.775794982910156250e+00
1.787500023841857910e+00 6.281507968902587891e+00 8.775089263916015625e+00
1.799999952316284180e+00 6.216136455535888672e+00 8.797959327697753906e+00
1.812500000000000000e+00 6.099066734313964844e+00 8.834785461425781250e+00
1.825000047683715820e+00 5.932100296020507812e+00 8.880828857421875000e+00
1.837499976158142090e+00 5.720114707946777344e+00 8.944498062133789062e+00
1.850000023841857910e+00 5.466628551483154297e+00 9.040109634399414062e+00
1.862499952316284180e+00 5.170992374420166016e+00 9.172009468078613281e+00
1.875000000000000000e+00 4.831466197967529297e+00 9.328700065612792969e+00
1.887500047683715820e+00 4.451663017272949219e+00 9.496652603149414062e+00
1.899999976158142090e+00 4.042780876159667969e+00 9.681208610534667969e+00
1.912500023841857910e+00 3.617078781127929688e+00 9.910192489624023438e+00
1.924999952316284180e+00 3.177158355712890625e+00 1.020962429046630859e+01
1.937500000000000000e+00 2.711622953414916992e+00 1.056930637359619141e+01
1.950000047683715820e+00 2.203469038009643555e+00 1.093096828460693359e+01
1.962499976158142090e+00 1.645971894264221191e+00 1.121571826934814453e+01
1.975000023841857910e+00 1.052713274955749512e+00 1.137309741973876953e+01
1.987499952316284180e+00 4.522289931774139404e-01 1.141282844543457031e+01
2.000000000000000000e+00 -1.291826963424682617e-01 1.139330863952636719e+01
