0.000000000000000000e+00 6.273806095123291016e+00 8.795921325683593750e+00
1.250000018626451492e-02 6.297664165496826172e+00 8.773758888244628906e+00
2.500000037252902985e-02 6.273315906524658203e+00 8.777702331542968750e+00
3.750000149011611938e-02 6.198356628417968750e+00 8.803931236267089844e+00
5.000000074505805969e-02 6.071342468261718750e+00 8.842579841613769531e+00
6.250000000000000000e-02 5.894869804382324219e+00 8.891088485717773438e+00
7.500000298023223877e-02 5.673989772796630859e+00 8.960091590881347656e+00
8.749999850988388062e-02 5.411520957946777344e+00 9.063308715820312500e+00
1.000000014901161194e-01 5.106165409088134766e+00 9.201865196228027344e+00
1.124999970197677612e-01 4.756739139556884766e+00 9.362107276916503906e+00
1.250000000000000000e-01 4.368524074554443359e+00 9.532751083374023438e+00
1.375000029802322388e-01 3.953859329223632812e+00 9.724485397338867188e+00
1.500000059604644775e-01 3.523946523666381836e+00 9.967797279357910156e+00
1.624999940395355225e-01 3.078383445739746094e+00 1.028378295898437500e+01
1.749999970197677612e-01 2.603291511535644531e+00 1.065137004852294922e+01
1.875000000000000000e-01 2.082354307174682617e+00 1.100355815887451172e+01
2.000000029802322388e-01 1.512908577919006348e+00 1.126282787322998047e+01
2.125000059604644775e-01 9.131321907043457031e-01 1.139055824279785156e+01
2.249999940395355225e-01 3.130633234977722168e-01 1.141048431396484375e+01
2.374999970197677612e-01 -2.637969255447387695e-01 1.138703823089599609e+01
2.500000000000000000e-01 -8.131308555603027344e-01 1.137761783599853516e+01
2.624999880790710449e-01 -1.346684813499450684e+00 1.139848709106445312e+01
2.750000059604644775e-01 -1.877323508262634277e+00 1.142900657653808594e+01
2.874999940395355225e-01 -2.405968189239501953e+00 1.144357585906982422e+01
3.000000119209289551e-01 -2.921016931533813477e+00 1.143859386444091797e+01
3.125000000000000000e-01 -3.408567428588867188e+00 1.143165111541748047e+01
3.249999880790710449e-01 -3.862393856048583984e+00 1.143955230712890625e+01
3.375000059604644775e-01 -4.284575462341308594e+00 1.146074104309082031e+01
3.499999940395355225e-01 -4.677921295166015625e+00 1.147939109802246094e+01
3.625000119209289551e-01 -5.039132595062255859e+00 1.148409175872802734e+01
3.750000000000000000e-01 -5.359656333923339844e+00 1.147981452941894531e+01
3.874999880790710449e-01 -5.632434368133544922e+00 1.148106193542480469e+01
4.000000059604644775e-01 -5.856766700744628906e+00 1.149517345428466797e+01
4.124999940395355225e-01 -6.036230087280273438e+00 1.151461791992187500e+01
4.250000119209289551e-01 -6.172426700592041016e+00 1.152613353729248047e+01
4.375000000000000000e-01 -6.261682510375976562e+00 1.152580928802490234e+01
4.499999880790710449e-01 -6.298203945159912109e+00 1.152315330505371094e+01
4.625000059604644775e-01 -6.279944896697998047e+00 1.152997207641601562e+01
4.749999940395355225e-01 -6.210552215576171875e+00 1.154685783386230469e+01
4.875000119209289551e-01 -6.095282077789306641e+00 1.156251811981201172e+01
5.000000000000000000e-01 -5.935553073883056641e+00 1.156663608551025391e+01
5.124999880790710449e-01 -5.728323936462402344e+00 1.156173133850097656e+01
5.249999761581420898e-01 -5.471035480499267578e+00 1.156046199798583984e+01
5.375000238418579102e-01 -5.166555881500244141e+00 1.157112312316894531e+01
5.500000119209289551e-01 -4.822391986846923828e+00 1.158765411376953125e+01
5.625000000000000000e-01 -4.444820880889892578e+00 1.159591388702392578e+01
5.749999880790710449e-01 -4.034494876861572266e+00 1.158985328674316406e+01
5.874999761581420898e-01 -3.588757753372192383e+00 1.157935523986816406e+01
6.000000238418579102e-01 -3.108496904373168945e+00 1.157981395721435547e+01
6.125000119209289551e-01 -2.601778268814086914e+00 1.159393501281738281e+01
6.250000000000000000e-01 -2.079391956329345703e+00 1.160647583007812500e+01
6.374999880790710449e-01 -1.546285152435302734e+00 1.160011005401611328e+01
6.499999761581420898e-01 -9.983605146408081055e-01 1.157701683044433594e+01
6.625000238418579102e-01 -4.297091960906982422e-01 1.156126499176025391e+01
6.750000119209289551e-01 1.554136425256729126e-01 1.157396411895751953e+01
6.875000000000000000e-01 7.378445863723754883e-01 1.160161209106445312e+01
6.999999880790710449e-01 1.292602777481079102e+00 1.158936595916748047e+01
7.124999761581420898e-01 1.805617332458496094e+00 1.147150993347167969e+01
7.250000238418579102e-01 2.283785820007324219e+00 1.121774101257324219e+01
7.375000119209289551e-01 2.748901128768920898e+00 1.085764980316162109e+01
7.500000000000000000e-01 3.219820022583007812e+00 1.046313667297363281e+01
7.624999880790710449e-01 3.697402238845825195e+00 1.010385227203369141e+01
7.749999761581420898e-01 4.163935184478759766e+00 9.811785697937011719e+00
7.875000238418579102e-01 4.595932483673095703e+00 9.579534530639648438e+00
8.000000119209289551e-01 4.978389263153076172e+00 9.385598182678222656e+00
8.125000000000000000e-01 5.309236049652099609e+00 9.219094276428222656e+00
8.249999880790710449e-01 5.593010902404785156e+00 9.083404541015625000e+00
8.374999761581420898e-01 5.832104682922363281e+00 8.982608795166015625e+00
8.500000238418579102e-01 6.023973464965820312e+00 8.910437583923339844e+00
8.625000119209289551e-01 6.164932727813720703e+00 8.854413032531738281e+00
8.750000000000000000e-01 6.254455566406250000e+00 8.808566093444824219e+00
8.874999880790710449e-01 6.294819355010986328e+00 8.778616905212402344e+00
8.999999761581420898e-01 6.287283420562744141e+00 8.773393630981445312e+00
9.125000238418579102e-01 6.230086326599121094e+00 8.793001174926757812e+00
9.250000119209289551e-01 6.120956897735595703e+00 8.828293800354003906e+00
9.375000000000000000e-01 5.961006164550781250e+00 8.872809410095214844e+00
9.499999880790710449e-01 5.754915714263916016e+00 8.932991027832031250e+00
9.624999761581420898e-01 5.506758213043212891e+00 9.023392677307128906e+00
9.750000238418579102e-01 5.216479301452636719e+00 9.150753974914550781e+00
9.875000119209289551e-01 4.882083892822265625e+00 9.305414199829101562e+00
1.000000000000000000e+00 4.506115913391113281e+00 9.472628593444824219e+00
1.012500047683715820e+00 4.099005222320556641e+00 9.654253959655761719e+00
1.024999976158142090e+00 3.673643112182617188e+00 9.876112937927246094e+00
1.037500023841857910e+00 3.234476327896118164e+00 1.016679763793945312e+01
1.049999952316284180e+00 2.771635293960571289e+00 1.052222824096679688e+01
1.062500000000000000e+00 2.267797708511352539e+00 1.088902664184570312e+01
1.075000047683715820e+00 1.714055180549621582e+00 1.118758201599121094e+01
1.087499976158142090e+00 1.121593594551086426e+00 1.136114025115966797e+01
1.100000023841857910e+00 5.182504057884216309e-01 1.141212177276611328e+01
1.112499952316284180e+00 -6.817735731601715088e-02 1.139577388763427734e+01
1.125000000000000000e+00 -6.262444257736206055e-01 1.137727642059326172e+01
1.137500047683715820e+00 -1.163486003875732422e+00 1.138868427276611328e+01
1.149999976158142090e+00 -1.694264769554138184e+00 1.141928100585937500e+01
1.162500023841857910e+00 -2.224419355392456055e+00 1.144116497039794922e+01
1.174999952316284180e+00 -2.745878219604492188e+00 1.144166278839111328e+01
1.187500000000000000e+00 -3.244128942489624023e+00 1.143292808532714844e+01
1.200000047683715820e+00 -3.709663391113281250e+00 1.143480682373046875e+01
1.212499976158142090e+00 -4.142283916473388672e+00 1.145281124114990234e+01
1.225000023841857910e+00 -4.545567989349365234e+00 1.147425842285156250e+01
1.237499952316284180e+00 -4.918673992156982422e+00 1.148408412933349609e+01
1.250000000000000000e+00 -5.254260063171386719e+00 1.148141288757324219e+01
1.262500047683715820e+00 -5.543935775756835938e+00 1.147923851013183594e+01
1.274999976158142090e+00 -5.784669399261474609e+00 1.148904895782470703e+01
1.287500023841857910e+00 -5.979198455810546875e+00 1.150820159912109375e+01
1.299999952316284180e+00 -6.130469799041748047e+00 1.152361869812011719e+01
1.312500000000000000e+00 -6.236588954925537109e+00 1.152687263488769531e+01
1.325000047683715820e+00 -6.291822433471679688e+00 1.152346324920654297e+01
1.337499976158142090e+00 -6.292297840118408203e+00 1.152619457244873047e+01
1.350000023841857910e+00 -6.239896297454833984e+00 1.154046058654785156e+01
1.362499952316284180e+00 -6.140014171600341797e+00 1.155809688568115234e+01
1.375000000000000000e+00 -5.995799541473388672e+00 1.156667709350585938e+01
1.387500047683715820e+00 -5.805402278900146484e+00 1.156372451782226562e+01
1.399999976158142090e+00 -5.565383434295654297e+00 1.155970859527587891e+01
1.412500023841857910e+00 -5.276472568511962891e+00 1.156616973876953125e+01
1.424999952316284180e+00 -4.945083141326904297e+00 1.158217811584472656e+01
1.437500000000000000e+00 -4.578649044036865234e+00 1.159470939636230469e+01
1.450000047683715820e+00 -4.179879665374755859e+00 1.159323787689208984e+01
1.462499976158142090e+00 -3.746578693389892578e+00 1.158241653442382812e+01
1.475000023841857910e+00 -3.277666091918945312e+00 1.157782745361328125e+01
1.487499952316284180e+00 -2.778814315795898438e+00 1.158819389343261719e+01
1.500000000000000000e+00 -2.260815620422363281e+00 1.160364151000976562e+01
1.512500047683715820e+00 -1.731461167335510254e+00 1.160487079620361328e+01
1.524999976158142090e+00 -1.189476013183593750e+00 1.158564949035644531e+01
1.537500023841857910e+00 -6.282291412353515625e-01 1.156409072875976562e+01
1.549999952316284180e+00 -4.732402041554450989e-02 1.156624317169189453e+01
1.562500000000000000e+00 5.388944149017333984e-01 1.159313583374023438e+01
1.575000047683715820e+00 1.105679392814636230e+00 1.160249710083007812e+01
1.587499976158142090e+00 1.633417487144470215e+00 1.152716445922851562e+01
1.600000023841857910e+00 2.121586084365844727e+00 1.132001399993896484e+01
1.612499952316284180e+00 2.588510751724243164e+00 1.098980140686035156e+01
1.625000000000000000e+00 3.056238889694213867e+00 1.059818267822265625e+01
1.637500047683715820e+00 3.532758235931396484e+00 1.022082042694091797e+01
1.649999976158142090e+00 4.005810260772705078e+00 9.904777526855468750e+00
1.662500023841857910e+00 4.452063083648681641e+00 9.654266357421875000e+00
1.674999952316284180e+00 4.852444171905517578e+00 9.449204444885253906e+00
1.687500000000000000e+00 5.200706005096435547e+00 9.273391723632812500e+00
1.700000047683715820e+00 5.500196933746337891e+00 9.126301765441894531e+00
1.712499976158142090e+00 5.754771232604980469e+00 9.013581275939941406e+00
1.725000023841857910e+00 5.963403224945068359e+00 8.932884216308593750e+00
1.737499952316284180e+00 6.122188091278076172e+00 8.872541427612304688e+00
1.750000000000000000e+00 6.229269027709960938e+00 8.823070526123046875e+00
1.762500047683715820e+00 6.286310195922851562e+00 8.786508560180664062e+00
1.774999976158142090e+00 6.295351028442382812e+00 8.772136688232421875e+00
1.787500023841857910e+00 6.255604743957519531e+00 8.783911705017089844e+00
1.799999952316284180e+00 6.164489269256591797e+00 8.814971923828125000e+00
1.812500000000000000e+00 6.021660327911376953e+00 8.856307029724121094e+00
1.825000047683715820e+00 5.830881595611572266e+00 8.909563064575195312e+00
1.837499976158142090e+00 5.597008705139160156e+00 8.988042831420898438e+00
1.850000023841857910e+00 5.321502208709716797e+00 9.102949142456054688e+00
1.862499952316284180e+00 5.002403259277343750e+00 9.250050544738769531e+00
1.875000000000000000e+00 4.639974594116210938e+00 9.413972854614257812e+00
1.887500047683715820e+00 4.242060661315917969e+00 9.588763236999511719e+00
1.899999976158142090e+00 3.821839570999145508e+00 9.792923927307128906e+00
1.912500023841857910e+00 3.387830495834350586e+00 1.005799674987792969e+01
1.924999952316284180e+00 2.935024023056030273e+00 1.039470386505126953e+01
1.937500000000000000e+00 2.447109699249267578e+00 1.076616287231445312e+01
1.950000047683715820e+00 1.910433411598205566e+00 1.109689426422119141e+01
1.962499976158142090e+00 1.328761577606201172e+00 1.131663227081298828e+01
1.975000023841857910e+00 7.256104946136474609e-01 1.140566444396972656e+01
1.987499952316284180e+00 1.310008168220520020e-01 1.140458774566650391e+01
2.000000000000000000e+00 -4.368173480033874512e-01 1.138091278076171875e+01
