0.000000000000000000e+00 6.273465633392333984e+00 8.796215057373046875e+00
1.250000018626451492e-02 6.297478199005126953e+00 8.773899078369140625e+00
2.500000037252902985e-02 6.272955894470214844e+00 8.777859687805175781e+00
3.750000149011611938e-02 6.197472095489501953e+00 8.804234504699707031e+00
5.000000074505805969e-02 6.069580554962158203e+00 8.843077659606933594e+00
6.250000000000000000e-02 5.891930580139160156e+00 8.891906738281250000e+00
7.500000298023223877e-02 5.669626235961914062e+00 8.961568832397460938e+00
8.749999850988388062e-02 5.405459403991699219e+00 9.065817832946777344e+00
1.000000014901161194e-01 5.098072528839111328e+00 9.205475807189941406e+00
1.124999970197677612e-01 4.746352672576904297e+00 9.366591453552246094e+00
1.250000000000000000e-01 4.355842590332031250e+00 9.538153648376464844e+00
1.375000029802322388e-01 3.939124345779418945e+00 9.731687545776367188e+00
1.500000059604644775e-01 3.507289648056030273e+00 9.978194236755371094e+00
1.624999940395355225e-01 3.059412956237792969e+00 1.029790115356445312e+01
1.749999970197677612e-01 2.581093788146972656e+00 1.066752433776855469e+01
1.875000000000000000e-01 2.056097030639648438e+00 1.101805973052978516e+01
2.000000029802322388e-01 1.482623577117919922e+00 1.127206230163574219e+01
2.125000059604644775e-01 8.799489140510559082e-01 1.139346218109130859e+01
2.249999940395355225e-01 2.785645127296447754e-01 1.140927219390869141e+01
2.374999970197677612e-01 -2.986237406730651855e-01 1.138541126251220703e+01
2.500000000000000000e-01 -8.484341502189636230e-01 1.137794303894042969e+01
2.624999880790710449e-01 -1.383290767669677734e+00 1.140040683746337891e+01
2.750000059604644775e-01 -1.915707707405090332e+00 1.143055152893066406e+01
2.874999940395355225e-01 -2.445613145828247070e+00 1.144350910186767578e+01
3.000000119209289551e-01 -2.960713863372802734e+00 1.143762016296386719e+01
3.125000000000000000e-01 -3.447290182113647461e+00 1.143145465850830078e+01
3.249999880790710449e-01 -3.899836301803588867e+00 1.144087314605712891e+01
3.375000059604644775e-01 -4.320854663848876953e+00 1.146261787414550781e+01
3.499999940395355225e-01 -4.712835311889648438e+00 1.148031806945800781e+01
3.625000119209289551e-01 -5.071806907653808594e+00 1.148373889923095703e+01
3.750000000000000000e-01 -5.388953685760498047e+00 1.147937965393066406e+01
3.874999880790710449e-01 -5.657648086547851562e+00 1.148188686370849609e+01
4.000000059604644775e-01 -5.877826690673828125e+00 1.149720382690429688e+01
4.124999940395355225e-01 -6.053194522857666016e+00 1.151644706726074219e+01
4.250000119209289551e-01 -6.184846401214599609e+00 1.152661037445068359e+01
4.375000000000000000e-01 -6.268573760986328125e+00 1.152538108825683594e+01
4.499999880790710449e-01 -6.298678874969482422e+00 1.152339076995849609e+01
4.625000059604644775e-01 -6.273797035217285156e+00 1.153176593780517578e+01
4.749999940395355225e-01 -6.198119163513183594e+00 1.154932689666748047e+01
4.875000119209289551e-01 -6.076720237731933594e+00 1.156393909454345703e+01
5.000000000000000000e-01 -5.910351276397705078e+00 1.156642818450927734e+01
5.124999880790710449e-01 -5.695645332336425781e+00 1.156122112274169922e+01
5.249999761581420898e-01 -5.430554389953613281e+00 1.156143760681152344e+01
5.375000238418579102e-01 -5.118831157684326172e+00 1.157370471954345703e+01
5.500000119209289551e-01 -4.768292903900146484e+00 1.158996009826660156e+01
5.625000000000000000e-01 -4.384602546691894531e+00 1.159610652923583984e+01
5.749999880790710449e-01 -3.967597007751464844e+00 1.158838367462158203e+01
5.874999761581420898e-01 -3.514674901962280273e+00 1.157871246337890625e+01
6.000000238418579102e-01 -3.027808904647827148e+00 1.158172893524169922e+01
6.125000119209289551e-01 -2.516090631484985352e+00 1.159703350067138672e+01
6.250000000000000000e-01 -1.990028381347656250e+00 1.160735034942626953e+01
6.374999880790710449e-01 -1.453050971031188965e+00 1.159721851348876953e+01
6.499999761581420898e-01 -8.999251723289489746e-01 1.157326030731201172e+01
6.625000238418579102e-01 -3.256329596042633057e-01 1.156164264678955078e+01
6.750000119209289551e-01 2.628378272056579590e-01 1.157945346832275391e+01
6.875000000000000000e-01 8.439919352531433105e-01 1.160488128662109375e+01
6.999999880790710449e-01 1.393312573432922363e+00 1.157727718353271484e+01
7.124999761581420898e-01 1.900176644325256348e+00 1.143360805511474609e+01
7.250000238418579102e-01 2.375403881072998047e+00 1.115415000915527344e+01
7.375000119209289551e-01 2.842019557952880859e+00 1.077973556518554688e+01
7.500000000000000000e-01 3.316385984420776367e+00 1.038630485534667969e+01
7.624999880790710449e-01 3.795149087905883789e+00 1.003847694396972656e+01
7.749999761581420898e-01 4.257920265197753906e+00 9.759368896484375000e+00
7.875000238418579102e-01 4.681747913360595703e+00 9.536047935485839844e+00
8.000000119209289551e-01 5.054251194000244141e+00 9.347579956054687500e+00
8.125000000000000000e-01 5.375527381896972656e+00 9.186608314514160156e+00
8.249999880790710449e-01 5.650317668914794922e+00 9.058106422424316406e+00
8.374999761581420898e-01 5.879898071289062500e+00 8.964356422424316406e+00
8.500000238418579102e-01 6.060978412628173828e+00 8.896694183349609375e+00
8.625000119209289551e-01 6.190310955047607422e+00 8.842914581298828125e+00
8.750000000000000000e-01 6.268248558044433594e+00 8.799798011779785156e+00
8.874999880790710449e-01 6.297221660614013672e+00 8.775028228759765625e+00
8.999999761581420898e-01 6.277793407440185547e+00 8.776258468627929688e+00
9.125000238418579102e-01 6.207686901092529297e+00 8.800782203674316406e+00
9.250000119209289551e-01 6.085153579711914062e+00 8.838681221008300781e+00
9.375000000000000000e-01 5.912405014038085938e+00 8.886173248291015625e+00
9.499999880790710449e-01 5.694503784179687500e+00 8.952956199645996094e+00
9.624999761581420898e-01 5.434662818908691406e+00 9.053290367126464844e+00
9.750000238418579102e-01 5.131848335266113281e+00 9.189780235290527344e+00
9.875000119209289551e-01 4.784593582153320312e+00 9.349439620971679688e+00
1.000000000000000000e+00 4.397579193115234375e+00 9.519856452941894531e+00
1.012500047683715820e+00 3.982928991317749023e+00 9.709847450256347656e+00
1.024999976158142090e+00 3.552433967590332031e+00 9.949454307556152344e+00
1.037500023841857910e+00 3.106703519821166992e+00 1.026178455352783203e+01
1.049999952316284180e+00 2.632383346557617188e+00 1.062886047363281250e+01
1.062500000000000000e+00 2.112637758255004883e+00 1.098523330688476562e+01
1.075000047683715820e+00 1.543606042861938477e+00 1.125189304351806641e+01
1.087499976158142090e+00 9.425781965255737305e-01 1.138674736022949219e+01
1.100000023841857910e+00 3.397265672683715820e-01 1.141068649291992188e+01
1.112499952316284180e+00 -2.404651641845703125e-01 1.138777542114257812e+01
1.125000000000000000e+00 -7.926830053329467773e-01 1.137718200683593750e+01
1.137500047683715820e+00 -1.328368425369262695e+00 1.139720821380615234e+01
1.149999976158142090e+00 -1.860779166221618652e+00 1.142795562744140625e+01
1.162500023841857910e+00 -2.391372203826904297e+00 1.144323825836181641e+01
1.174999952316284180e+00 -2.908713102340698242e+00 1.143862152099609375e+01
1.187500000000000000e+00 -3.398662805557250977e+00 1.143150711059570312e+01
1.200000047683715820e+00 -3.854688167572021484e+00 1.143911361694335938e+01
1.212499976158142090e+00 -4.278769493103027344e+00 1.146026611328125000e+01
1.225000023841857910e+00 -4.673802375793457031e+00 1.147910881042480469e+01
1.237499952316284180e+00 -5.036554813385009766e+00 1.148397922515869141e+01
1.250000000000000000e+00 -5.358417034149169922e+00 1.147974205017089844e+01
1.262500047683715820e+00 -5.632225513458251953e+00 1.148100757598876953e+01
1.274999976158142090e+00 -5.857250213623046875e+00 1.149520111083984375e+01
1.287500023841857910e+00 -6.037100791931152344e+00 1.151470851898193359e+01
1.299999952316284180e+00 -6.173377990722656250e+00 1.152617645263671875e+01
1.312500000000000000e+00 -6.262339115142822266e+00 1.152578449249267578e+01
1.325000047683715820e+00 -6.298145771026611328e+00 1.152323341369628906e+01
1.337499976158142090e+00 -6.278813838958740234e+00 1.153033542633056641e+01
1.350000023841857910e+00 -6.208103179931640625e+00 1.154741382598876953e+01
1.362499952316284180e+00 -6.091289997100830078e+00 1.156293201446533203e+01
1.375000000000000000e+00 -5.929679393768310547e+00 1.156671619415283203e+01
1.387500047683715820e+00 -5.720128059387207031e+00 1.156173229217529297e+01
1.399999976158142090e+00 -5.460169792175292969e+00 1.156085300445556641e+01
1.412500023841857910e+00 -5.152919292449951172e+00 1.157201385498046875e+01
1.424999952316284180e+00 -4.806035995483398438e+00 1.158854389190673828e+01
1.437500000000000000e+00 -4.425676822662353516e+00 1.159619045257568359e+01
1.450000047683715820e+00 -4.012243747711181641e+00 1.158956336975097656e+01
1.462499976158142090e+00 -3.563061237335205078e+00 1.157929801940917969e+01
1.475000023841857910e+00 -3.079376697540283203e+00 1.158067321777343750e+01
1.487499952316284180e+00 -2.569684743881225586e+00 1.159531974792480469e+01
1.500000000000000000e+00 -2.044772863388061523e+00 1.160710239410400391e+01
1.512500047683715820e+00 -1.509057044982910156e+00 1.159923362731933594e+01
1.524999976158142090e+00 -9.579389095306396484e-01 1.157565689086914062e+01
1.537500023841857910e+00 -3.857798576354980469e-01 1.156152629852294922e+01
1.549999952316284180e+00 2.020259648561477661e-01 1.157651138305664062e+01
1.562500000000000000e+00 7.851599454879760742e-01 1.160349273681640625e+01
1.575000047683715820e+00 1.338606715202331543e+00 1.158463764190673828e+01
1.587499976158142090e+00 1.849695801734924316e+00 1.145487689971923828e+01
1.600000023841857910e+00 2.327185392379760742e+00 1.118849468231201172e+01
1.612499952316284180e+00 2.793669223785400391e+00 1.082059383392333984e+01
1.625000000000000000e+00 3.267019987106323242e+00 1.042558956146240234e+01
1.637500047683715820e+00 3.746078729629516602e+00 1.007120418548583984e+01
1.649999976158142090e+00 4.211650848388671875e+00 9.785189628601074219e+00
1.662500023841857910e+00 4.640308380126953125e+00 9.557186126708984375e+00
1.674999952316284180e+00 5.018270015716552734e+00 9.365764617919921875e+00
1.687500000000000000e+00 5.344608306884765625e+00 9.201828002929687500e+00
1.700000047683715820e+00 5.624039173126220703e+00 9.069705963134765625e+00
1.712499976158142090e+00 5.858385086059570312e+00 8.972598075866699219e+00
1.725000023841857910e+00 6.044662952423095703e+00 8.902862548828125000e+00
1.737499952316284180e+00 6.179383277893066406e+00 8.848021507263183594e+00
1.750000000000000000e+00 6.262512207031250000e+00 8.803576469421386719e+00
1.762500047683715820e+00 6.296452999114990234e+00 8.776445388793945312e+00
1.774999976158142090e+00 6.282091140747070312e+00 8.774912834167480469e+00
1.787500023841857910e+00 6.217339515686035156e+00 8.797466278076171875e+00
1.799999952316284180e+00 6.100189208984375000e+00 8.834372520446777344e+00
1.812500000000000000e+00 5.932401657104492188e+00 8.880639076232910156e+00
1.825000047683715820e+00 5.718939304351806641e+00 8.944712638854980469e+00
1.837499976158142090e+00 5.463409900665283203e+00 9.041164398193359375e+00
1.850000023841857910e+00 5.165144920349121094e+00 9.174331665039062500e+00
1.862499952316284180e+00 4.822402954101562500e+00 9.332380294799804688e+00
1.875000000000000000e+00 4.439021587371826172e+00 9.501745223999023438e+00
1.887500047683715820e+00 4.026575565338134766e+00 9.688539505004882812e+00
1.899999976158142090e+00 3.597429990768432617e+00 9.921528816223144531e+00
1.912500023841857910e+00 3.153693675994873047e+00 1.022629737854003906e+01
1.924999952316284180e+00 2.683177232742309570e+00 1.059009742736816406e+01
1.937500000000000000e+00 2.168633222579956055e+00 1.095141601562500000e+01
1.950000047683715820e+00 1.604235291481018066e+00 1.123025989532470703e+01
1.962499976158142090e+00 1.005193710327148438e+00 1.137881088256835938e+01
1.975000023841857910e+00 4.011487662792205811e-01 1.141160774230957031e+01
1.987499952316284180e+00 -1.819925457239151001e-01 1.139031219482421875e+01
2.000000000000000000e+00 -7.367546558380126953e-01 1.137678527832031250e+01
