0.000000000000000000e+00 6.273135185241699219e+00 8.796410560607910156e+00
1.250000018626451492e-02 6.297302246093750000e+00 8.773940086364746094e+00
2.500000037252902985e-02 6.272605419158935547e+00 8.777916908264160156e+00
3.750000149011611938e-02 6.196595191955566406e+00 8.804439544677734375e+00
5.000000074505805969e-02 6.067822933197021484e+00 8.843477249145507812e+00
6.250000000000000000e-02 5.888992309570312500e+00 8.892629623413085938e+00
7.500000298023223877e-02 5.665259361267089844e+00 8.962955474853515625e+00
8.749999850988388062e-02 5.399387836456298828e+00 9.068240165710449219e+00
1.000000014901161194e-01 5.089962005615234375e+00 9.208996772766113281e+00
1.124999970197677612e-01 4.735944271087646484e+00 9.370982170104980469e+00
1.250000000000000000e-01 4.343143463134765625e+00 9.543473243713378906e+00
1.375000029802322388e-01 3.924379348754882812e+00 9.738847732543945312e+00
1.500000059604644775e-01 3.490619421005249023e+00 9.988589286804199219e+00
1.624999940395355225e-01 3.040401458740234375e+00 1.031199359893798828e+01
1.749999970197677612e-01 2.558811902999877930e+00 1.068352603912353516e+01
1.875000000000000000e-01 2.029731512069702148e+00 1.103222179412841797e+01
2.000000029802322388e-01 1.452258944511413574e+00 1.128083419799804688e+01
2.125000059604644775e-01 8.467637300491333008e-01 1.139595127105712891e+01
2.249999940395355225e-01 2.441418766975402832e-01 1.140784454345703125e+01
2.374999970197677612e-01 -3.333507478237152100e-01 1.138376903533935547e+01
2.500000000000000000e-01 -8.836772441864013672e-01 1.137830829620361328e+01
2.624999880790710449e-01 -1.419888377189636230e+00 1.140225696563720703e+01
2.750000059604644775e-01 -1.954081177711486816e+00 1.143189334869384766e+01
2.874999940395355225e-01 -2.485173940658569336e+00 1.144322681427001953e+01
3.000000119209289551e-01 -3.000232458114624023e+00 1.143655395507812500e+01
3.125000000000000000e-01 -3.485782623291015625e+00 1.143128299713134766e+01
3.249999880790710449e-01 -3.937051057815551758e+00 1.144219589233398438e+01
3.375000059604644775e-01 -4.356910705566406250e+00 1.146435737609863281e+01
3.499999940395355225e-01 -4.747474193572998047e+00 1.148101234436035156e+01
3.625000119209289551e-01 -5.104100704193115234e+00 1.148321533203125000e+01
3.750000000000000000e-01 -5.417773723602294922e+00 1.147893047332763672e+01
3.874999880790710449e-01 -5.682352542877197266e+00 1.148276996612548828e+01
4.000000059604644775e-01 -5.898390293121337891e+00 1.149918651580810547e+01
4.124999940395355225e-01 -6.069644927978515625e+00 1.151805782318115234e+01
4.250000119209289551e-01 -6.196661949157714844e+00 1.152683162689208984e+01
4.375000000000000000e-01 -6.274739265441894531e+00 1.152484989166259766e+01
4.499999880790710449e-01 -6.298363208770751953e+00 1.152370357513427734e+01
4.625000059604644775e-01 -6.266880989074707031e+00 1.153362274169921875e+01
4.749999940395355225e-01 -6.184963226318359375e+00 1.155164813995361328e+01
4.875000119209289551e-01 -6.057409286499023438e+00 1.156503677368164062e+01
5.000000000000000000e-01 -5.884291648864746094e+00 1.156597518920898438e+01
5.124999880790710449e-01 -5.662017822265625000e+00 1.156073665618896484e+01
5.249999761581420898e-01 -5.389151573181152344e+00 1.156258964538574219e+01
5.375000238418579102e-01 -5.070310592651367188e+00 1.157628726959228516e+01
5.500000119209289551e-01 -4.713490962982177734e+00 1.159192848205566406e+01
5.625000000000000000e-01 -4.323639392852783203e+00 1.159585475921630859e+01
5.749999880790710449e-01 -3.899842977523803711e+00 1.158677005767822266e+01
5.874999761581420898e-01 -3.439737796783447266e+00 1.157833099365234375e+01
6.000000238418579102e-01 -2.946475267410278320e+00 1.158391284942626953e+01
6.125000119209289551e-01 -2.430035114288330078e+00 1.159989452362060547e+01
6.250000000000000000e-01 -1.900385379791259766e+00 1.160748863220214844e+01
6.374999880790710449e-01 -1.359350562095642090e+00 1.159376621246337891e+01
6.499999761581420898e-01 -8.008134365081787109e-01 1.156980800628662109e+01
6.625000238418579102e-01 -2.210556715726852417e-01 1.156297397613525391e+01
6.750000119209289551e-01 3.700498640537261963e-01 1.158521747589111328e+01
6.875000000000000000e-01 9.490233063697814941e-01 1.160624408721923828e+01
6.999999880790710449e-01 1.492440104484558105e+00 1.156083106994628906e+01
7.124999761581420898e-01 1.993491888046264648e+00 1.139041996002197266e+01
7.250000238418579102e-01 2.466652870178222656e+00 1.108674240112304688e+01
7.375000119209289551e-01 2.935450553894042969e+00 1.070103740692138672e+01
7.500000000000000000e-01 3.413155078887939453e+00 1.031140041351318359e+01
7.624999880790710449e-01 3.892226457595825195e+00 9.976024627685546875e+00
7.749999761581420898e-01 4.350187301635742188e+00 9.709278106689453125e+00
7.875000238418579102e-01 4.765232086181640625e+00 9.493928909301757812e+00
8.000000119209289551e-01 5.127736091613769531e+00 9.310653686523437500e+00
8.125000000000000000e-01 5.439614772796630859e+00 9.155575752258300781e+00
8.249999880790710449e-01 5.705409049987792969e+00 9.034474372863769531e+00
8.374999761581420898e-01 5.925210952758789062e+00 8.947350502014160156e+00
8.500000238418579102e-01 6.095235347747802734e+00 8.883533477783203125e+00
8.625000119209289551e-01 6.212882041931152344e+00 8.831832885742187500e+00
8.750000000000000000e-01 6.279304504394531250e+00 8.791948318481445312e+00
8.874999880790710449e-01 6.296844959259033203e+00 8.772882461547851562e+00
8.999999761581420898e-01 6.265293598175048828e+00 8.780434608459472656e+00
9.125000238418579102e-01 6.182067871093750000e+00 8.809238433837890625e+00
9.250000119209289551e-01 6.046184062957763672e+00 8.849488258361816406e+00
9.375000000000000000e-01 5.860902786254882812e+00 8.900648117065429688e+00
9.499999880790710449e-01 5.631339550018310547e+00 8.975102424621582031e+00
9.624999761581420898e-01 5.359652519226074219e+00 9.085629463195800781e+00
9.750000238418579102e-01 5.044085025787353516e+00 9.230310440063476562e+00
9.875000119209289551e-01 4.684214115142822266e+00 9.393994331359863281e+00
1.000000000000000000e+00 4.287017822265625000e+00 9.568273544311523438e+00
1.012500047683715820e+00 3.865740776062011719e+00 9.769093513488769531e+00
1.024999976158142090e+00 3.430167913436889648e+00 1.002852725982666016e+01
1.037500023841857910e+00 2.976739168167114258e+00 1.036124038696289062e+01
1.049999952316284180e+00 2.489413022994995117e+00 1.073452758789062500e+01
1.062500000000000000e+00 1.953271627426147461e+00 1.107356929779052734e+01
1.075000047683715820e+00 1.370341658592224121e+00 1.130444622039794922e+01
1.087499976158142090e+00 7.634074091911315918e-01 1.140234756469726562e+01
1.100000023841857910e+00 1.633117944002151489e-01 1.140510368347167969e+01
1.112499952316284180e+00 -4.101148247718811035e-01 1.138117694854736328e+01
1.125000000000000000e+00 -9.575752615928649902e-01 1.138015174865722656e+01
1.137500047683715820e+00 -1.493013978004455566e+00 1.140667629241943359e+01
1.149999976158142090e+00 -2.027190685272216797e+00 1.143481731414794922e+01
1.162500023841857910e+00 -2.557000875473022461e+00 1.144305133819580078e+01
1.174999952316284180e+00 -3.068678617477416992e+00 1.143525981903076172e+01
1.187500000000000000e+00 -3.549584388732910156e+00 1.143171119689941406e+01
1.200000047683715820e+00 -3.996300697326660156e+00 1.144490146636962891e+01
1.212499976158142090e+00 -4.412146091461181641e+00 1.146732711791992188e+01
1.225000023841857910e+00 -4.798497200012207031e+00 1.148215770721435547e+01
1.237499952316284180e+00 -5.149788379669189453e+00 1.148267269134521484e+01
1.250000000000000000e+00 -5.456959724426269531e+00 1.147871017456054688e+01
1.262500047683715820e+00 -5.714721679687500000e+00 1.148437500000000000e+01
1.274999976158142090e+00 -5.924416065216064453e+00 1.150195980072021484e+01
1.287500023841857910e+00 -6.089709758758544922e+00 1.152003574371337891e+01
1.299999952316284180e+00 -6.210389614105224609e+00 1.152702236175537109e+01
1.312500000000000000e+00 -6.281274318695068359e+00 1.152432537078857422e+01
1.325000047683715820e+00 -6.297244548797607422e+00 1.152431392669677734e+01
1.337499976158142090e+00 -6.258508682250976562e+00 1.153585052490234375e+01
1.350000023841857910e+00 -6.170132637023925781e+00 1.155405139923095703e+01
1.362499952316284180e+00 -6.036460399627685547e+00 1.156591129302978516e+01
1.375000000000000000e+00 -5.856844425201416016e+00 1.156533145904541016e+01
1.387500047683715820e+00 -5.627607345581054688e+00 1.156031227111816406e+01
1.399999976158142090e+00 -5.348039150238037109e+00 1.156384944915771484e+01
1.412500023841857910e+00 -5.023526668548583984e+00 1.157866096496582031e+01
1.424999952316284180e+00 -4.662025928497314453e+00 1.159337139129638672e+01
1.437500000000000000e+00 -4.267687320709228516e+00 1.159519195556640625e+01
1.450000047683715820e+00 -3.838999032974243164e+00 1.158517932891845703e+01
1.462499976158142090e+00 -3.373987913131713867e+00 1.157812595367431641e+01
1.475000023841857910e+00 -2.876862764358520508e+00 1.158581447601318359e+01
1.487499952316284180e+00 -2.358142375946044922e+00 1.160189628601074219e+01
1.500000000000000000e+00 -1.827058672904968262e+00 1.160690498352050781e+01
1.512500047683715820e+00 -1.284075140953063965e+00 1.159053897857666016e+01
1.524999976158142090e+00 -7.226361632347106934e-01 1.156726646423339844e+01
1.537500023841857910e+00 -1.403671354055404663e-01 1.156448078155517578e+01
1.549999952316284180e+00 4.506521821022033691e-01 1.158939647674560547e+01
1.562500000000000000e+00 1.025916576385498047e+00 1.160556411743164062e+01
1.575000047683715820e+00 1.563427209854125977e+00 1.154573249816894531e+01
1.587499976158142090e+00 2.059409618377685547e+00 1.135611724853515625e+01
1.600000023841857910e+00 2.530618190765380859e+00 1.103709030151367188e+01
1.612499952316284180e+00 3.000278234481811523e+00 1.064622306823730469e+01
1.625000000000000000e+00 3.479081392288208008e+00 1.026147556304931641e+01
1.637500047683715820e+00 3.956749439239501953e+00 9.935625076293945312e+00
1.649999976158142090e+00 4.409921646118164062e+00 9.677292823791503906e+00
1.662500023841857910e+00 4.818019866943359375e+00 9.467206954956054688e+00
1.674999952316284180e+00 5.173312664031982422e+00 9.287653923034667969e+00
1.687500000000000000e+00 5.478669166564941406e+00 9.136866569519042969e+00
1.700000047683715820e+00 5.738287448883056641e+00 9.020685195922851562e+00
1.712499976158142090e+00 5.951526641845703125e+00 8.937546730041503906e+00
1.725000023841857910e+00 6.114450931549072266e+00 8.875886917114257812e+00
1.737499952316284180e+00 6.224943637847900391e+00 8.825525283813476562e+00
1.750000000000000000e+00 6.284562110900878906e+00 8.787882804870605469e+00
1.762500047683715820e+00 6.295472145080566406e+00 8.772344589233398438e+00
1.774999976158142090e+00 6.257009983062744141e+00 8.783357620239257812e+00
1.787500023841857910e+00 6.166544914245605469e+00 8.814234733581542969e+00
1.799999952316284180e+00 6.023615360260009766e+00 8.855680465698242188e+00
1.812500000000000000e+00 5.831988334655761719e+00 8.909102439880371094e+00
1.825000047683715820e+00 5.596637725830078125e+00 8.987952232360839844e+00
1.837499976158142090e+00 5.319092750549316406e+00 9.103684425354003906e+00
1.850000023841857910e+00 4.997364044189453125e+00 9.251970291137695312e+00
1.862499952316284180e+00 4.631772518157958984e+00 9.417161941528320312e+00
1.875000000000000000e+00 4.230445384979248047e+00 9.593540191650390625e+00
1.887500047683715820e+00 3.806857109069824219e+00 9.800466537475585938e+00
1.899999976158142090e+00 3.369403839111328125e+00 1.006992053985595703e+01
1.912500023841857910e+00 2.912440538406372070e+00 1.041132164001464844e+01
1.924999952316284180e+00 2.419070243835449219e+00 1.078488731384277344e+01
1.937500000000000000e+00 1.875898599624633789e+00 1.111280632019042969e+01
1.950000047683715820e+00 1.287960410118103027e+00 1.132545757293701172e+01
1.962499976158142090e+00 6.801984906196594238e-01 1.140690803527832031e+01
1.975000023841857910e+00 8.301722258329391479e-02 1.140189647674560547e+01
1.987499952316284180e+00 -4.863696396350860596e-01 1.137909221649169922e+01
2.000000000000000000e+00 -1.031254172325134277e+00 1.138256359100341797e+01
