0.000000000000000000e+00 6.272795200347900391e+00 8.796706199645996094e+00
1.250000018626451492e-02 6.297117710113525391e+00 8.774080276489257812e+00
2.500000037252902985e-02 6.272244930267333984e+00 8.778074264526367188e+00
3.750000149011611938e-02 6.195706844329833984e+00 8.804743766784667969e+00
5.000000074505805969e-02 6.066051006317138672e+00 8.843976020812988281e+00
6.250000000000000000e-02 5.886036396026611328e+00 8.893455505371093750e+00
7.500000298023223877e-02 5.660871982574462891e+00 8.964451789855957031e+00
8.749999850988388062e-02 5.393290519714355469e+00 9.070775985717773438e+00
1.000000014901161194e-01 5.081819057464599609e+00 9.212626457214355469e+00
1.124999970197677612e-01 4.725500583648681641e+00 9.375475883483886719e+00
1.250000000000000000e-01 4.330413818359375000e+00 9.548912048339843750e+00
1.375000029802322388e-01 3.909613370895385742e+00 9.746169090270996094e+00
1.500000059604644775e-01 3.473926067352294922e+00 9.999184608459472656e+00
1.624999940395355225e-01 3.021339654922485352e+00 1.032625865936279297e+01
1.749999970197677612e-01 2.536438465118408203e+00 1.069957065582275391e+01
1.875000000000000000e-01 2.003254413604736328e+00 1.104624080657958984e+01
2.000000029802322388e-01 1.421815872192382812e+00 1.128934860229492188e+01
2.125000059604644775e-01 8.135806322097778320e-01 1.139824008941650391e+01
2.249999940395355225e-01 2.097992897033691406e-01 1.140641784667968750e+01
2.374999970197677612e-01 -3.679764866828918457e-01 1.138232421875000000e+01
2.500000000000000000e-01 -9.188597202301025391e-01 1.137891101837158203e+01
2.624999880790710449e-01 -1.456473469734191895e+00 1.140422916412353516e+01
2.750000059604644775e-01 -1.992433190345764160e+00 1.143322753906250000e+01
2.874999940395355225e-01 -2.524635076522827148e+00 1.144293880462646484e+01
3.000000119209289551e-01 -3.039556264877319336e+00 1.143560695648193359e+01
3.125000000000000000e-01 -3.524032354354858398e+00 1.143133640289306641e+01
3.249999880790710449e-01 -3.974027872085571289e+00 1.144370841979980469e+01
3.375000059604644775e-01 -4.392729282379150391e+00 1.146614837646484375e+01
3.499999940395355225e-01 -4.781816482543945312e+00 1.148167324066162109e+01
3.625000119209289551e-01 -5.135988712310791016e+00 1.148273372650146484e+01
3.750000000000000000e-01 -5.446095943450927734e+00 1.147867774963378906e+01
3.874999880790710449e-01 -5.706532955169677734e+00 1.148390483856201172e+01
4.000000059604644775e-01 -5.918441295623779297e+00 1.150130081176757812e+01
4.124999940395355225e-01 -6.085558891296386719e+00 1.151963615417480469e+01
4.250000119209289551e-01 -6.207843780517578125e+00 1.152700805664062500e+01
4.375000000000000000e-01 -6.280153274536132812e+00 1.152444267272949219e+01
4.499999880790710449e-01 -6.297241210937500000e+00 1.152430248260498047e+01
4.625000059604644775e-01 -6.259189605712890625e+00 1.153572177886962891e+01
4.749999940395355225e-01 -6.171072483062744141e+00 1.155399036407470703e+01
4.875000119209289551e-01 -6.037325382232666016e+00 1.156600570678710938e+01
5.000000000000000000e-01 -5.857346534729003906e+00 1.156550979614257812e+01
5.124999880790710449e-01 -5.627426147460937500e+00 1.156050872802734375e+01
5.249999761581420898e-01 -5.346831321716308594e+00 1.156410884857177734e+01
5.375000238418579102e-01 -5.021005153656005859e+00 1.157902145385742188e+01
5.500000119209289551e-01 -4.657980918884277344e+00 1.159372043609619141e+01
5.625000000000000000e-01 -4.261908054351806641e+00 1.159538078308105469e+01
5.749999880790710449e-01 -3.831216096878051758e+00 1.158527946472167969e+01
5.874999761581420898e-01 -3.363962650299072266e+00 1.157844448089599609e+01
6.000000238418579102e-01 -2.864538908004760742e+00 1.158650779724121094e+01
6.125000119209289551e-01 -2.343641519546508789e+00 1.160261821746826172e+01
6.250000000000000000e-01 -1.810446143150329590e+00 1.160706615447998047e+01
6.374999880790710449e-01 -1.265138745307922363e+00 1.159007358551025391e+01
6.499999761581420898e-01 -7.010211348533630371e-01 1.156702613830566406e+01
6.625000238418579102e-01 -1.160709410905838013e-01 1.156545352935791016e+01
6.750000119209289551e-01 4.768823385238647461e-01 1.159115409851074219e+01
6.875000000000000000e-01 1.052803993225097656e+00 1.160543346405029297e+01
6.999999880790710449e-01 1.589987516403198242e+00 1.153992366790771484e+01
7.124999761581420898e-01 2.085705041885375977e+00 1.134228134155273438e+01
7.250000238418579102e-01 2.557696819305419922e+00 1.101626491546630859e+01
7.375000119209289551e-01 3.029232740402221680e+00 1.062238121032714844e+01
7.500000000000000000e-01 3.509989500045776367e+00 1.023896312713623047e+01
7.624999880790710449e-01 3.988404750823974609e+00 9.916647911071777344e+00
7.749999761581420898e-01 4.440558433532714844e+00 9.661478996276855469e+00
7.875000238418579102e-01 4.846333503723144531e+00 9.453236579895019531e+00
8.000000119209289551e-01 5.198876857757568359e+00 9.275056838989257812e+00
8.125000000000000000e-01 5.501516819000244141e+00 9.126273155212402344e+00
8.249999880790710449e-01 5.758237361907958984e+00 9.012657165527343750e+00
8.374999761581420898e-01 5.967970371246337891e+00 8.931625366210937500e+00
8.500000238418579102e-01 6.126708507537841797e+00 8.871047973632812500e+00
8.625000119209289551e-01 6.232657432556152344e+00 8.821434020996093750e+00
8.750000000000000000e-01 6.287630558013916016e+00 8.785361289978027344e+00
8.874999880790710449e-01 6.293647766113281250e+00 8.772406578063964844e+00
8.999999761581420898e-01 6.249722003936767578e+00 8.785973548889160156e+00
9.125000238418579102e-01 6.153216838836669922e+00 8.818428039550781250e+00
9.250000119209289551e-01 6.004107475280761719e+00 8.860995292663574219e+00
9.375000000000000000e-01 5.806562423706054688e+00 8.916704177856445312e+00
9.499999880790710449e-01 5.565412044525146484e+00 8.999796867370605469e+00
9.624999761581420898e-01 5.281661033630371094e+00 9.120442390441894531e+00
9.750000238418579102e-01 4.953197956085205078e+00 9.272206306457519531e+00
9.875000119209289551e-01 4.581131935119628906e+00 9.439241409301757812e+00
1.000000000000000000e+00 4.174712181091308594e+00 9.618608474731445312e+00
1.012500047683715820e+00 3.747571468353271484e+00 9.832903861999511719e+00
1.024999976158142090e+00 3.306638479232788086e+00 1.011356925964355469e+01
1.037500023841857910e+00 2.844146966934204102e+00 1.046418094635009766e+01
1.049999952316284180e+00 2.342441082000732422e+00 1.083744812011718750e+01
1.062500000000000000e+00 1.789923548698425293e+00 1.115270042419433594e+01
1.075000047683715820e+00 1.194977164268493652e+00 1.134544754028320312e+01
1.087499976158142090e+00 5.848626494407653809e-01 1.140967845916748047e+01
1.100000023841857910e+00 -1.064073015004396439e-02 1.139749050140380859e+01
1.112499952316284180e+00 -5.773416757583618164e-01 1.137714481353759766e+01
1.125000000000000000e+00 -1.121374249458312988e+00 1.138600635528564453e+01
1.137500047683715820e+00 -1.657619476318359375e+00 1.141632938385009766e+01
1.149999976158142090e+00 -2.193227291107177734e+00 1.143962478637695312e+01
1.162500023841857910e+00 -2.720793247222900391e+00 1.144125652313232422e+01
1.174999952316284180e+00 -3.225430011749267578e+00 1.143252849578857422e+01
1.187500000000000000e+00 -3.696893930435180664e+00 1.143394374847412109e+01
1.200000047683715820e+00 -4.134647846221923828e+00 1.145185089111328125e+01
1.212499976158142090e+00 -4.542378425598144531e+00 1.147357082366943359e+01
1.225000023841857910e+00 -4.919338703155517578e+00 1.148358345031738281e+01
1.237499952316284180e+00 -5.258005619049072266e+00 1.148094844818115234e+01
1.250000000000000000e+00 -5.549750328063964844e+00 1.147902774810791016e+01
1.262500047683715820e+00 -5.791546821594238281e+00 1.148939323425292969e+01
1.274999976158142090e+00 -5.986294746398925781e+00 1.150888442993164062e+01
1.287500023841857910e+00 -6.136912822723388672e+00 1.152398490905761719e+01
1.299999952316284180e+00 -6.241197109222412109e+00 1.152667045593261719e+01
1.312500000000000000e+00 -6.293183326721191406e+00 1.152337455749511719e+01
1.325000047683715820e+00 -6.289212703704833984e+00 1.152716159820556641e+01
1.337499976158142090e+00 -6.231662273406982422e+00 1.154244709014892578e+01
1.350000023841857910e+00 -6.126127719879150391e+00 1.155986881256103516e+01
1.362499952316284180e+00 -5.975376605987548828e+00 1.156714344024658203e+01
1.375000000000000000e+00 -5.777063369750976562e+00 1.156339359283447266e+01
1.387500047683715820e+00 -5.527875900268554688e+00 1.156035423278808594e+01
1.399999976158142090e+00 -5.229382991790771484e+00 1.156876182556152344e+01
1.412500023841857910e+00 -4.888736248016357422e+00 1.158542156219482422e+01
1.424999952316284180e+00 -4.513170242309570312e+00 1.159620571136474609e+01
1.437500000000000000e+00 -4.104478359222412109e+00 1.159233188629150391e+01
1.450000047683715820e+00 -3.660055875778198242e+00 1.158141136169433594e+01
1.462499976158142090e+00 -3.179772615432739258e+00 1.157963371276855469e+01
1.475000023841857910e+00 -2.670897722244262695e+00 1.159259033203125000e+01
1.487499952316284180e+00 -2.144698381423950195e+00 1.160665416717529297e+01
1.500000000000000000e+00 -1.607477903366088867e+00 1.160293483734130859e+01
1.512500047683715820e+00 -1.055946350097656250e+00 1.158060455322265625e+01
1.524999976158142090e+00 -4.835727810859680176e-01 1.156276416778564453e+01
1.537500023841857910e+00 1.067665666341781616e-01 1.157296943664550781e+01
1.549999952316284180e+00 6.965000033378601074e-01 1.160127544403076172e+01
1.562500000000000000e+00 1.259648919105529785e+00 1.159389781951904297e+01
1.575000047683715820e+00 1.780322670936584473e+00 1.148247528076171875e+01
1.587499976158142090e+00 2.264308929443359375e+00 1.123266792297363281e+01
1.600000023841857910e+00 2.733774662017822266e+00 1.087201309204101562e+01
1.612499952316284180e+00 3.208795547485351562e+00 1.047354888916015625e+01
1.625000000000000000e+00 3.691029071807861328e+00 1.010957527160644531e+01
1.637500047683715820e+00 4.162525653839111328e+00 9.813837051391601562e+00
1.649999976158142090e+00 4.598990440368652344e+00 9.579041481018066406e+00
1.662500023841857910e+00 4.984857082366943359e+00 9.383196830749511719e+00
1.674999952316284180e+00 5.318033218383789062e+00 9.215408325195312500e+00
1.687500000000000000e+00 5.603201866149902344e+00 9.079361915588378906e+00
1.700000047683715820e+00 5.842681407928466797e+00 8.978957176208496094e+00
1.712499976158142090e+00 6.033720493316650391e+00 8.907207489013671875e+00
1.725000023841857910e+00 6.172627925872802734e+00 8.851283073425292969e+00
1.737499952316284180e+00 6.259116172790527344e+00 8.805809020996093750e+00
1.750000000000000000e+00 6.295606136322021484e+00 8.777349472045898438e+00
1.762500047683715820e+00 6.283162593841552734e+00 8.774604797363281250e+00
1.774999976158142090e+00 6.219759941101074219e+00 8.796551704406738281e+00
1.787500023841857910e+00 6.103263854980468750e+00 8.833395957946777344e+00
1.799999952316284180e+00 5.935330867767333984e+00 8.879728317260742188e+00
1.812500000000000000e+00 5.720991134643554688e+00 8.943855285644531250e+00
1.825000047683715820e+00 5.463990688323974609e+00 9.040631294250488281e+00
1.837499976158142090e+00 5.163697242736816406e+00 9.174613952636718750e+00
1.850000023841857910e+00 4.818337440490722656e+00 9.333793640136718750e+00
1.862499952316284180e+00 4.431866645812988281e+00 9.504442214965820312e+00
1.875000000000000000e+00 4.016162395477294922e+00 9.693105697631835938e+00
1.887500047683715820e+00 3.583753824234008789e+00 9.929289817810058594e+00
1.899999976158142090e+00 3.136430501937866211e+00 1.023838233947753906e+01
1.912500023841857910e+00 2.661365270614624023e+00 1.060568141937255859e+01
1.924999952316284180e+00 2.141060113906860352e+00 1.096697807312011719e+01
1.937500000000000000e+00 1.570400714874267578e+00 1.124124526977539062e+01
1.950000047683715820e+00 9.659731388092041016e-01 1.138278961181640625e+01
1.962499976158142090e+00 3.583810329437255859e-01 1.141017913818359375e+01
1.975000023841857910e+00 -2.267927080392837524e-01 1.138777542114257812e+01
1.987499952316284180e+00 -7.834175229072570801e-01 1.137659454345703125e+01
2.000000000000000000e+00 -1.322884559631347656e+00 1.139634990692138672e+01
