0.000000000000000000e+00 6.283949375152587891e+00 8.788751602172851562e+00
1.250000018626451492e-02 6.303111553192138672e+00 8.771195411682128906e+00
2.500000037252902985e-02 6.284003734588623047e+00 8.774525642395019531e+00
3.750000149011611938e-02 6.224875450134277344e+00 8.796161651611328125e+00
5.000000074505805969e-02 6.124460697174072266e+00 8.828853607177734375e+00
6.250000000000000000e-02 5.983932018280029297e+00 8.868464469909667969e+00
7.500000298023223877e-02 5.806618690490722656e+00 8.919528961181640625e+00
8.749999850988388062e-02 5.595574378967285156e+00 8.992621421813964844e+00
1.000000014901161194e-01 5.351346492767333984e+00 9.095148086547851562e+00
1.124999970197677612e-01 5.072455406188964844e+00 9.224026679992675781e+00
1.250000000000000000e-01 4.758672237396240234e+00 9.368103027343750000e+00
1.375000029802322388e-01 4.414285659790039062e+00 9.519842147827148438e+00
1.500000059604644775e-01 4.047899723052978516e+00 9.686585426330566406e+00
1.624999940395355225e-01 3.667814731597900391e+00 9.889921188354492188e+00
1.749999970197677612e-01 3.275996208190917969e+00 1.015010547637939453e+01
1.875000000000000000e-01 2.865569353103637695e+00 1.046505069732666016e+01
2.000000029802322388e-01 2.424801349639892578e+00 1.079997253417968750e+01
2.125000059604644775e-01 1.945751428604125977e+00 1.109802150726318359e+01
2.249999940395355225e-01 1.431826353073120117e+00 1.130760288238525391e+01
2.374999970197677612e-01 8.986409902572631836e-01 1.140937423706054688e+01
2.500000000000000000e-01 3.670646846294403076e-01 1.142502212524414062e+01
2.624999880790710449e-01 -1.471080482006072998e-01 1.140210247039794922e+01
2.750000059604644775e-01 -6.399536728858947754e-01 1.138558578491210938e+01
2.874999940395355225e-01 -1.118323564529418945e+00 1.139524841308593750e+01
3.000000119209289551e-01 -1.592148661613464355e+00 1.142261886596679688e+01
3.125000000000000000e-01 -2.065938711166381836e+00 1.144644832611083984e+01
3.249999880790710449e-01 -2.535329580307006836e+00 1.145293235778808594e+01
3.375000059604644775e-01 -2.990350484848022461e+00 1.144550418853759766e+01
3.499999940395355225e-01 -3.422044754028320312e+00 1.143891811370849609e+01
3.625000119209289551e-01 -3.827056646347045898e+00 1.144501018524169922e+01
3.750000000000000000e-01 -4.207053661346435547e+00 1.146296405792236328e+01
3.874999880790710449e-01 -4.564265251159667969e+00 1.148153972625732422e+01
4.000000059604644775e-01 -4.897334098815917969e+00 1.149000263214111328e+01
4.124999940395355225e-01 -5.200900077819824219e+00 1.148752212524414062e+01
4.250000119209289551e-01 -5.468873500823974609e+00 1.148310279846191406e+01
4.375000000000000000e-01 -5.698233127593994141e+00 1.148685169219970703e+01
4.499999880790710449e-01 -5.890013217926025391e+00 1.150085735321044922e+01
4.625000059604644775e-01 -6.046821594238281250e+00 1.151773166656494141e+01
4.749999940395355225e-01 -6.169302463531494141e+00 1.152771377563476562e+01
4.875000119209289551e-01 -6.254741191864013672e+00 1.152760505676269531e+01
5.000000000000000000e-01 -6.298979282379150391e+00 1.152346992492675781e+01
5.124999880790710449e-01 -6.299795627593994141e+00 1.152484798431396484e+01
5.249999761581420898e-01 -6.258668422698974609e+00 1.153591251373291016e+01
5.375000238418579102e-01 -6.179352760314941406e+00 1.155164051055908203e+01
5.500000119209289551e-01 -6.064609527587890625e+00 1.156245708465576172e+01
5.625000000000000000e-01 -5.914083957672119141e+00 1.156307411193847656e+01
5.749999880790710449e-01 -5.725285053253173828e+00 1.155744647979736328e+01
5.874999761581420898e-01 -5.496789455413818359e+00 1.155522060394287109e+01
6.000000238418579102e-01 -5.230735778808593750e+00 1.156277751922607422e+01
6.125000119209289551e-01 -4.932259559631347656e+00 1.157704162597656250e+01
6.250000000000000000e-01 -4.606279373168945312e+00 1.158792591094970703e+01
6.374999880790710449e-01 -4.254520893096923828e+00 1.158753681182861328e+01
6.499999761581420898e-01 -3.875586509704589844e+00 1.157785701751708984e+01
6.625000238418579102e-01 -3.468209505081176758e+00 1.156957340240478516e+01
6.750000119209289551e-01 -3.034836530685424805e+00 1.157243251800537109e+01
6.875000000000000000e-01 -2.582105159759521484e+00 1.158551597595214844e+01
6.999999880790710449e-01 -2.117349863052368164e+00 1.159671688079833984e+01
7.124999761581420898e-01 -1.643891096115112305e+00 1.159311866760253906e+01
7.250000238418579102e-01 -1.159404635429382324e+00 1.157395172119140625e+01
7.375000119209289551e-01 -6.595150232315063477e-01 1.155410766601562500e+01
7.500000000000000000e-01 -1.444097757339477539e-01 1.155275154113769531e+01
7.624999880790710449e-01 3.767300248146057129e-01 1.157383632659912109e+01
7.749999761581420898e-01 8.876618742942810059e-01 1.159345912933349609e+01
7.875000238418579102e-01 1.372963905334472656e+00 1.156574344635009766e+01
8.000000119209289551e-01 1.826727509498596191e+00 1.144605159759521484e+01
8.125000000000000000e-01 2.255815267562866211e+00 1.121717262268066406e+01
8.249999880790710449e-01 2.675014019012451172e+00 1.090109443664550781e+01
8.374999761581420898e-01 3.097099781036376953e+00 1.054843997955322266e+01
8.500000238418579102e-01 3.524395465850830078e+00 1.021290302276611328e+01
8.625000119209289551e-01 3.947195529937744141e+00 9.927541732788085938e+00
8.750000000000000000e-01 4.349480628967285156e+00 9.697026252746582031e+00
8.874999880790710449e-01 4.717411041259765625e+00 9.507547378540039062e+00
8.999999761581420898e-01 5.044782638549804688e+00 9.344001770019531250e+00
9.125000238418579102e-01 5.332551479339599609e+00 9.201069831848144531e+00
9.250000119209289551e-01 5.584150791168212891e+00 9.082103729248046875e+00
9.375000000000000000e-01 5.800929546356201172e+00 8.990377426147460938e+00
9.499999880790710449e-01 5.981018543243408203e+00 8.922453880310058594e+00
9.624999761581420898e-01 6.121517658233642578e+00 8.869682312011718750e+00
9.750000238418579102e-01 6.221221923828125000e+00 8.825469970703125000e+00
9.875000119209289551e-01 6.281198978424072266e+00 8.790672302246093750e+00
1.000000000000000000e+00 6.303002357482910156e+00 8.771759033203125000e+00
1.012500047683715820e+00 6.286614418029785156e+00 8.773628234863281250e+00
1.024999976158142090e+00 6.230341911315917969e+00 8.794205665588378906e+00
1.037500023841857910e+00 6.132805347442626953e+00 8.826341629028320312e+00
1.049999952316284180e+00 5.994984149932861328e+00 8.865428924560546875e+00
1.062500000000000000e+00 5.820121288299560547e+00 8.915376663208007812e+00
1.075000047683715820e+00 5.611380100250244141e+00 8.986597061157226562e+00
1.087499976158142090e+00 5.369507789611816406e+00 9.087032318115234375e+00
1.100000023841857910e+00 5.093082427978515625e+00 9.214390754699707031e+00
1.112499952316284180e+00 4.781658649444580078e+00 9.357771873474121094e+00
1.125000000000000000e+00 4.439162731170654297e+00 9.508943557739257812e+00
1.137500047683715820e+00 4.074004173278808594e+00 9.674044609069824219e+00
1.149999976158142090e+00 3.694710969924926758e+00 9.874029159545898438e+00
1.162500023841857910e+00 3.303839445114135742e+00 1.012995243072509766e+01
1.174999952316284180e+00 2.895079851150512695e+00 1.044183158874511719e+01
1.187500000000000000e+00 2.456784725189208984e+00 1.077707958221435547e+01
1.200000047683715820e+00 1.980453610420227051e+00 1.107961463928222656e+01
1.212499976158142090e+00 1.468574881553649902e+00 1.129648208618164062e+01
1.225000023841857910e+00 9.360598921775817871e-01 1.140551853179931641e+01
1.237499952316284180e+00 4.037459790706634521e-01 1.142578697204589844e+01
1.250000000000000000e+00 -1.119207516312599182e-01 1.140390872955322266e+01
1.262500047683715820e+00 -6.061250567436218262e-01 1.138594245910644531e+01
1.274999976158142090e+00 -1.085165500640869141e+00 1.139377880096435547e+01
1.287500023841857910e+00 -1.559063196182250977e+00 1.142057704925537109e+01
1.299999952316284180e+00 -2.032898902893066406e+00 1.144528007507324219e+01
1.312500000000000000e+00 -2.502891302108764648e+00 1.145306396484375000e+01
1.325000047683715820e+00 -2.959254264831542969e+00 1.144618415832519531e+01
1.337499976158142090e+00 -3.392760992050170898e+00 1.143904304504394531e+01
1.350000023841857910e+00 -3.799620151519775391e+00 1.144411277770996094e+01
1.362499952316284180e+00 -4.181268692016601562e+00 1.146153354644775391e+01
1.375000000000000000e+00 -4.540061473846435547e+00 1.148048877716064453e+01
1.387500047683715820e+00 -4.874956130981445312e+00 1.148982524871826172e+01
1.399999976158142090e+00 -5.180796623229980469e+00 1.148789501190185547e+01
1.412500023841857910e+00 -5.451404094696044922e+00 1.148323345184326172e+01
1.424999952316284180e+00 -5.683465957641601562e+00 1.148622035980224609e+01
1.437500000000000000e+00 -5.877782344818115234e+00 1.149966430664062500e+01
1.450000047683715820e+00 -6.036973953247070312e+00 1.151668357849121094e+01
1.462499976158142090e+00 -6.161904811859130859e+00 1.152736282348632812e+01
1.475000023841857910e+00 -6.250067710876464844e+00 1.152785396575927734e+01
1.487499952316284180e+00 -6.297294616699218750e+00 1.152367877960205078e+01
1.500000000000000000e+00 -6.301137447357177734e+00 1.152443313598632812e+01
1.512500047683715820e+00 -6.262826442718505859e+00 1.153488540649414062e+01
1.524999976158142090e+00 -6.186058521270751953e+00 1.155059528350830078e+01
1.537500023841857910e+00 -6.073762893676757812e+00 1.156202125549316406e+01
1.549999952316284180e+00 -5.925807952880859375e+00 1.156332874298095703e+01
1.562500000000000000e+00 -5.739759445190429688e+00 1.155784416198730469e+01
1.575000047683715820e+00 -5.514013290405273438e+00 1.155508518218994141e+01
1.587499976158142090e+00 -5.250435829162597656e+00 1.156194114685058594e+01
1.600000023841857910e+00 -4.954040050506591797e+00 1.157602596282958984e+01
1.612499952316284180e+00 -4.629879474639892578e+00 1.158748626708984375e+01
1.625000000000000000e+00 -4.279943466186523438e+00 1.158795166015625000e+01
1.637500047683715820e+00 -3.902972698211669922e+00 1.157863426208496094e+01
1.649999976158142090e+00 -3.497558355331420898e+00 1.156985950469970703e+01
1.662500023841857910e+00 -3.065821886062622070e+00 1.157181453704833984e+01
1.674999952316284180e+00 -2.614183664321899414e+00 1.158448505401611328e+01
1.687500000000000000e+00 -2.150093317031860352e+00 1.159630870819091797e+01
1.700000047683715820e+00 -1.677260637283325195e+00 1.159396266937255859e+01
1.712499976158142090e+00 -1.193697810173034668e+00 1.157555007934570312e+01
1.725000023841857910e+00 -6.949667930603027344e-01 1.155507564544677734e+01
1.737499952316284180e+00 -1.807363331317901611e-01 1.155201911926269531e+01
1.750000000000000000e+00 3.404621183872222900e-01 1.157197380065917969e+01
1.762500047683715820e+00 8.526716828346252441e-01 1.159303474426269531e+01
1.774999976158142090e+00 1.340102195739746094e+00 1.157025051116943359e+01
1.787500023841857910e+00 1.795984268188476562e+00 1.145797348022460938e+01
1.799999952316284180e+00 2.226356506347656250e+00 1.123645210266113281e+01
1.812500000000000000e+00 2.645748853683471680e+00 1.092502498626708984e+01
1.825000047683715820e+00 3.067408561706542969e+00 1.057305908203125000e+01
1.837499976158142090e+00 3.494534492492675781e+00 1.023492431640625000e+01
1.850000023841857910e+00 3.918143749237060547e+00 9.945601463317871094e+00
1.862499952316284180e+00 4.322379112243652344e+00 9.711585998535156250e+00
1.875000000000000000e+00 4.693010330200195312e+00 9.519804954528808594e+00
1.887500047683715820e+00 5.023244857788085938e+00 9.354755401611328125e+00
1.899999976158142090e+00 5.313665866851806641e+00 9.210333824157714844e+00
1.912500023841857910e+00 5.567707061767578125e+00 9.089533805847167969e+00
1.924999952316284180e+00 5.786947727203369141e+00 8.995927810668945312e+00
1.937500000000000000e+00 5.969698905944824219e+00 8.926597595214843750e+00
1.950000047683715820e+00 6.113031864166259766e+00 8.873049736022949219e+00
1.962499976158142090e+00 6.215569972991943359e+00 8.828306198120117188e+00
1.975000023841857910e+00 6.278262615203857422e+00 8.792671203613281250e+00
1.987499952316284180e+00 6.302707672119140625e+00 8.772428512573242188e+00
2.000000000000000000e+00 6.289030075073242188e+00 8.772824287414550781e+00
