0.000000000000000000e+00 6.272455215454101562e+00 8.796900749206542969e+00
1.250000018626451492e-02 6.296933650970458984e+00 8.774119377136230469e+00
2.500000037252902985e-02 6.271884918212890625e+00 8.778129577636718750e+00
3.750000149011611938e-02 6.194817066192626953e+00 8.804947853088378906e+00
5.000000074505805969e-02 6.064274787902832031e+00 8.844376564025878906e+00
6.250000000000000000e-02 5.883073329925537109e+00 8.894186019897460938e+00
7.500000298023223877e-02 5.656472682952880859e+00 8.965857505798339844e+00
8.749999850988388062e-02 5.387175559997558594e+00 9.073225975036621094e+00
1.000000014901161194e-01 5.073651790618896484e+00 9.216168403625488281e+00
1.124999970197677612e-01 4.715028762817382812e+00 9.379878997802734375e+00
1.250000000000000000e-01 4.317661762237548828e+00 9.554272651672363281e+00
1.375000029802322388e-01 3.894833326339721680e+00 9.753455162048339844e+00
1.500000059604644775e-01 3.457214832305908203e+00 1.000978279113769531e+01
1.624999940395355225e-01 3.002231359481811523e+00 1.034049606323242188e+01
1.749999970197677612e-01 2.513976573944091797e+00 1.071545124053955078e+01
1.875000000000000000e-01 1.976669430732727051e+00 1.105991077423095703e+01
2.000000029802322388e-01 1.391299962997436523e+00 1.129740619659423828e+01
2.125000059604644775e-01 7.804056406021118164e-01 1.140013980865478516e+01
2.249999940395355225e-01 1.755397319793701172e-01 1.140480613708496094e+01
2.374999970197677612e-01 -4.025029242038726807e-01 1.138088130950927734e+01
2.500000000000000000e-01 -9.539867043495178223e-01 1.137954521179199219e+01
2.624999880790710449e-01 -1.493049979209899902e+00 1.140611267089843750e+01
2.750000059604644775e-01 -2.030763387680053711e+00 1.143434906005859375e+01
2.874999940395355225e-01 -2.563993692398071289e+00 1.144244956970214844e+01
3.000000119209289551e-01 -3.078686237335205078e+00 1.143459033966064453e+01
3.125000000000000000e-01 -3.562045574188232422e+00 1.143141937255859375e+01
3.249999880790710449e-01 -4.010775566101074219e+00 1.144520282745361328e+01
3.375000059604644775e-01 -4.428316116333007812e+00 1.146777725219726562e+01
3.499999940395355225e-01 -4.815862178802490234e+00 1.148210144042968750e+01
3.625000119209289551e-01 -5.167470455169677734e+00 1.148210906982421875e+01
3.750000000000000000e-01 -5.473926067352294922e+00 1.147843551635742188e+01
3.874999880790710449e-01 -5.730201721191406250e+00 1.148508548736572266e+01
4.000000059604644775e-01 -5.937994003295898438e+00 1.150332736968994141e+01
4.124999940395355225e-01 -6.100943088531494141e+00 1.152097225189208984e+01
4.250000119209289551e-01 -6.218392848968505859e+00 1.152695083618164062e+01
4.375000000000000000e-01 -6.284819126129150391e+00 1.152398109436035156e+01
4.499999880790710449e-01 -6.295328140258789062e+00 1.152499198913574219e+01
4.625000059604644775e-01 -6.250744819641113281e+00 1.153784084320068359e+01
4.749999940395355225e-01 -6.156462669372558594e+00 1.155612564086914062e+01
4.875000119209289551e-01 -6.016470909118652344e+00 1.156664752960205078e+01
5.000000000000000000e-01 -5.829516887664794922e+00 1.156486511230468750e+01
5.124999880790710449e-01 -5.591885089874267578e+00 1.156037044525146484e+01
5.249999761581420898e-01 -5.303624153137207031e+00 1.156578350067138672e+01
5.375000238418579102e-01 -4.970945358276367188e+00 1.158165836334228516e+01
5.500000119209289551e-01 -4.601774215698242188e+00 1.159510707855224609e+01
5.625000000000000000e-01 -4.199403285980224609e+00 1.159451961517333984e+01
5.749999880790710449e-01 -3.761720418930053711e+00 1.158378314971923828e+01
5.874999761581420898e-01 -3.287385225296020508e+00 1.157887744903564453e+01
6.000000238418579102e-01 -2.782055854797363281e+00 1.158924674987792969e+01
6.125000119209289551e-01 -2.256942749023437500e+00 1.160490608215332031e+01
6.250000000000000000e-01 -1.720193743705749512e+00 1.160587978363037109e+01
6.374999880790710449e-01 -1.170377612113952637e+00 1.158607292175292969e+01
6.499999761581420898e-01 -6.005610823631286621e-01 1.156485652923583984e+01
6.625000238418579102e-01 -1.078918017446994781e-02 1.156882381439208984e+01
6.750000119209289551e-01 5.831686854362487793e-01 1.159671306610107422e+01
6.875000000000000000e-01 1.155224919319152832e+00 1.160178279876708984e+01
6.999999880790710449e-01 1.685995101928710938e+00 1.151411628723144531e+01
7.124999761581420898e-01 2.176983356475830078e+00 1.128921222686767578e+01
7.250000238418579102e-01 2.648697614669799805e+00 1.094310092926025391e+01
7.375000119209289551e-01 3.123386383056640625e+00 1.054415225982666016e+01
7.500000000000000000e-01 3.606742143630981445e+00 1.016905021667480469e+01
7.624999880790710449e-01 4.083475589752197266e+00 9.860037803649902344e+00
7.749999761581420898e-01 4.528902530670166016e+00 9.615539550781250000e+00
7.875000238418579102e-01 4.925049781799316406e+00 9.413668632507324219e+00
8.000000119209289551e-01 5.267735958099365234e+00 9.240652084350585938e+00
8.125000000000000000e-01 5.561264514923095703e+00 9.098558425903320312e+00
8.249999880790710449e-01 5.808773040771484375e+00 8.992367744445800781e+00
8.374999761581420898e-01 6.008134841918945312e+00 8.916811943054199219e+00
8.500000238418579102e-01 6.155405044555664062e+00 8.858964920043945312e+00
8.625000119209289551e-01 6.249684333801269531e+00 8.811615943908691406e+00
8.750000000000000000e-01 6.293253898620605469e+00 8.779970169067382812e+00
8.874999880790710449e-01 6.287607669830322266e+00 8.773383140563964844e+00
8.999999761581420898e-01 6.231051445007324219e+00 8.792513847351074219e+00
9.125000238418579102e-01 6.121168613433837891e+00 8.828053474426269531e+00
9.250000119209289551e-01 5.959020137786865234e+00 8.873146057128906250e+00
9.375000000000000000e-01 5.749461650848388672e+00 8.934416770935058594e+00
9.499999880790710449e-01 5.496715068817138672e+00 9.026930809020996094e+00
9.624999761581420898e-01 5.200650691986083984e+00 9.157288551330566406e+00
9.750000238418579102e-01 4.859260559082031250e+00 9.314968109130859375e+00
9.875000119209289551e-01 4.475593566894531250e+00 9.485095977783203125e+00
1.000000000000000000e+00 4.060947418212890625e+00 9.671302795410156250e+00
1.012500047683715820e+00 3.628485202789306641e+00 9.901683807373046875e+00
1.024999976158142090e+00 3.181567192077636719e+00 1.020410156250000000e+01
1.037500023841857910e+00 2.708504199981689453e+00 1.056892585754394531e+01
1.049999952316284180e+00 2.191314220428466797e+00 1.093544483184814453e+01
1.062500000000000000e+00 1.622983694076538086e+00 1.122126770019531250e+01
1.075000047683715820e+00 1.018298983573913574e+00 1.137520217895507812e+01
1.087499976158142090e+00 4.076372087001800537e-01 1.141032028198242188e+01
1.100000023841857910e+00 -1.819573640823364258e-01 1.138937187194824219e+01
1.112499952316284180e+00 -7.424837350845336914e-01 1.137601470947265625e+01
1.125000000000000000e+00 -1.284504294395446777e+00 1.139387893676757812e+01
1.137500047683715820e+00 -1.822247624397277832e+00 1.142507934570312500e+01
1.149999976158142090e+00 -2.358516693115234375e+00 1.144203090667724609e+01
1.162500023841857910e+00 -2.882268190383911133e+00 1.143829250335693359e+01
1.174999952316284180e+00 -3.378750562667846680e+00 1.143087196350097656e+01
1.187500000000000000e+00 -3.840691804885864258e+00 1.143795394897460938e+01
1.200000047683715820e+00 -4.269867897033691406e+00 1.145912170410156250e+01
1.212499976158142090e+00 -4.669356346130371094e+00 1.147832393646240234e+01
1.225000023841857910e+00 -5.035985469818115234e+00 1.148340606689453125e+01
1.237499952316284180e+00 -5.360918998718261719e+00 1.147924995422363281e+01
1.250000000000000000e+00 -5.636782169342041016e+00 1.148081493377685547e+01
1.262500047683715820e+00 -5.862889289855957031e+00 1.149548625946044922e+01
1.274999976158142090e+00 -6.042976379394531250e+00 1.151513576507568359e+01
1.287500023841857910e+00 -6.178536891937255859e+00 1.152619361877441406e+01
1.299999952316284180e+00 -6.265521049499511719e+00 1.152543449401855469e+01
1.312500000000000000e+00 -6.297985076904296875e+00 1.152333641052246094e+01
1.325000047683715820e+00 -6.274270057678222656e+00 1.153155612945556641e+01
1.337499976158142090e+00 -6.198568820953369141e+00 1.154926681518554688e+01
1.350000023841857910e+00 -6.076152801513671875e+00 1.156411552429199219e+01
1.362499952316284180e+00 -5.907850742340087891e+00 1.156665229797363281e+01
1.375000000000000000e+00 -5.690198421478271484e+00 1.156149196624755859e+01
1.387500047683715820e+00 -5.421141147613525391e+00 1.156209850311279297e+01
1.399999976158142090e+00 -5.104682922363281250e+00 1.157490634918212891e+01
1.412500023841857910e+00 -4.748915672302246094e+00 1.159116840362548828e+01
1.424999952316284180e+00 -4.359454154968261719e+00 1.159657096862792969e+01
1.437500000000000000e+00 -3.935848951339721680e+00 1.158821487426757812e+01
1.450000047683715820e+00 -3.475512504577636719e+00 1.157910633087158203e+01
1.462499976158142090e+00 -2.981033086776733398e+00 1.158361530303955078e+01
1.475000023841857910e+00 -2.462237119674682617e+00 1.159952449798583984e+01
1.487499952316284180e+00 -1.929602980613708496e+00 1.160820007324218750e+01
1.500000000000000000e+00 -1.385604381561279297e+00 1.159547901153564453e+01
1.512500047683715820e+00 -8.242219090461730957e-01 1.157131195068359375e+01
1.524999976158142090e+00 -2.412343770265579224e-01 1.156339168548583984e+01
1.537500023841857910e+00 3.539333939552307129e-01 1.158509922027587891e+01
1.549999952316284180e+00 9.375767707824707031e-01 1.160699748992919922e+01
1.562500000000000000e+00 1.485490679740905762e+00 1.156309413909912109e+01
1.575000047683715820e+00 1.990252017974853516e+00 1.139317131042480469e+01
1.587499976158142090e+00 2.466417312622070312e+00 1.108809471130371094e+01
1.600000023841857910e+00 2.938075780868530273e+00 1.069983291625976562e+01
1.612499952316284180e+00 3.418850183486938477e+00 1.030793285369873047e+01
1.625000000000000000e+00 3.900948286056518555e+00 9.971334457397460938e+00
1.637500047683715820e+00 4.361317157745361328e+00 9.704034805297851562e+00
1.649999976158142090e+00 4.777824878692626953e+00 9.488169670104980469e+00
1.662500023841857910e+00 5.140977382659912109e+00 9.304450035095214844e+00
1.674999952316284180e+00 5.452950954437255859e+00 9.149533271789550781e+00
1.687500000000000000e+00 5.718282699584960938e+00 9.029344558715820312e+00
1.700000047683715820e+00 5.936815738677978516e+00 8.943277359008789062e+00
1.712499976158142090e+00 6.104629993438720703e+00 8.880030632019042969e+00
1.725000023841857910e+00 6.219297885894775391e+00 8.828639984130859375e+00
1.737499952316284180e+00 6.282214641571044922e+00 8.789701461791992188e+00
1.750000000000000000e+00 6.295684814453125000e+00 8.772633552551269531e+00
1.762500047683715820e+00 6.259221553802490234e+00 8.782520294189453125e+00
1.774999976158142090e+00 6.170153617858886719e+00 8.812996864318847656e+00
1.787500023841857910e+00 6.027844429016113281e+00 8.854429244995117188e+00
1.799999952316284180e+00 5.836011886596679688e+00 8.907778739929199219e+00
1.812500000000000000e+00 5.599767208099365234e+00 8.986544609069824219e+00
1.825000047683715820e+00 5.320773124694824219e+00 9.102582931518554688e+00
1.837499976158142090e+00 4.997030258178710938e+00 9.251707077026367188e+00
1.850000023841857910e+00 4.628837108612060547e+00 9.418026924133300781e+00
1.862499952316284180e+00 4.224495887756347656e+00 9.595775604248046875e+00
1.875000000000000000e+00 3.797764301300048828e+00 9.804855346679687500e+00
1.887500047683715820e+00 3.357052087783813477e+00 1.007770538330078125e+01
1.899999976158142090e+00 2.896268367767333984e+00 1.042292404174804688e+01
1.912500023841857910e+00 2.398008346557617188e+00 1.079848003387451172e+01
1.924999952316284180e+00 1.849013447761535645e+00 1.112453365325927734e+01
1.937500000000000000e+00 1.255334019660949707e+00 1.133181190490722656e+01
1.950000047683715820e+00 6.431319117546081543e-01 1.140740585327148438e+01
1.962499976158142090e+00 4.318065941333770752e-02 1.139949512481689453e+01
1.975000023841857910e+00 -5.281586050987243652e-01 1.137767410278320312e+01
1.987499952316284180e+00 -1.075457692146301270e+00 1.138374996185302734e+01
2.000000000000000000e+00 -1.613677620887756348e+00 1.141339397430419922e+01
