0.000000000000000000e+00 6.272115230560302734e+00 8.797206878662109375e+00
1.250000018626451492e-02 6.296750068664550781e+00 8.774269104003906250e+00
2.500000037252902985e-02 6.271524906158447266e+00 8.778296470642089844e+00
3.750000149011611938e-02 6.193925380706787109e+00 8.805261611938476562e+00
5.000000074505805969e-02 6.062494277954101562e+00 8.844886779785156250e+00
6.250000000000000000e-02 5.880102634429931641e+00 8.895027160644531250e+00
7.500000298023223877e-02 5.652061939239501953e+00 8.967380523681640625e+00
8.749999850988388062e-02 5.381043434143066406e+00 9.075796127319335938e+00
1.000000014901161194e-01 5.065459728240966797e+00 9.219825744628906250e+00
1.124999970197677612e-01 4.704529762268066406e+00 9.384390830993652344e+00
1.250000000000000000e-01 4.304887771606445312e+00 9.559758186340332031e+00
1.375000029802322388e-01 3.880039691925048828e+00 9.760907173156738281e+00
1.500000059604644775e-01 3.440485000610351562e+00 1.002058219909667969e+01
1.624999940395355225e-01 2.983075141906738281e+00 1.035490036010742188e+01
1.749999970197677612e-01 2.491425037384033203e+00 1.073135948181152344e+01
1.875000000000000000e-01 1.949977397918701172e+00 1.107342529296875000e+01
2.000000029802322388e-01 1.360714912414550781e+00 1.130520820617675781e+01
2.125000059604644775e-01 7.472435832023620605e-01 1.140185737609863281e+01
2.249999940395355225e-01 1.413656026124954224e-01 1.140322113037109375e+01
2.374999970197677612e-01 -4.369319081306457520e-01 1.137964439392089844e+01
2.500000000000000000e-01 -9.890621900558471680e-01 1.138040351867675781e+01
2.624999880790710449e-01 -1.529619455337524414e+00 1.140809249877929688e+01
2.750000059604644775e-01 -2.069067955017089844e+00 1.143544960021972656e+01
2.874999940395355225e-01 -2.603243112564086914e+00 1.144196319580078125e+01
3.000000119209289551e-01 -3.117617130279541016e+00 1.143370914459228516e+01
3.125000000000000000e-01 -3.599822521209716797e+00 1.143172550201416016e+01
3.249999880790710449e-01 -4.047296047210693359e+00 1.144685935974121094e+01
3.375000059604644775e-01 -4.463670253753662109e+00 1.146942520141601562e+01
3.499999940395355225e-01 -4.849605560302734375e+00 1.148249149322509766e+01
3.625000119209289551e-01 -5.198538780212402344e+00 1.148154735565185547e+01
3.750000000000000000e-01 -5.501262187957763672e+00 1.147840309143066406e+01
3.874999880790710449e-01 -5.753363609313964844e+00 1.148649406433105469e+01
4.000000059604644775e-01 -5.957051277160644531e+00 1.150543880462646484e+01
4.124999940395355225e-01 -6.115793228149414062e+00 1.152224922180175781e+01
4.250000119209289551e-01 -6.228299617767333984e+00 1.152686691284179688e+01
4.375000000000000000e-01 -6.288733005523681641e+00 1.152367877960205078e+01
4.499999880790710449e-01 -6.292630195617675781e+00 1.152596664428710938e+01
4.625000059604644775e-01 -6.241557598114013672e+00 1.154014587402343750e+01
4.749999940395355225e-01 -6.141137599945068359e+00 1.155821895599365234e+01
4.875000119209289551e-01 -5.994838714599609375e+00 1.156715965270996094e+01
5.000000000000000000e-01 -5.800793647766113281e+00 1.156426906585693359e+01
5.124999880790710449e-01 -5.555400371551513672e+00 1.156053829193115234e+01
5.249999761581420898e-01 -5.259553432464599609e+00 1.156778717041015625e+01
5.375000238418579102e-01 -4.920151710510253906e+00 1.158434009552001953e+01
5.500000119209289551e-01 -4.544872283935546875e+00 1.159626102447509766e+01
5.625000000000000000e-01 -4.136112689971923828e+00 1.159350776672363281e+01
5.749999880790710449e-01 -3.691358327865600586e+00 1.158254337310791016e+01
5.874999761581420898e-01 -3.210041284561157227e+00 1.157983303070068359e+01
6.000000238418579102e-01 -2.699076652526855469e+00 1.159224700927734375e+01
6.125000119209289551e-01 -2.169961929321289062e+00 1.160686874389648438e+01
6.250000000000000000e-01 -1.629601478576660156e+00 1.160415267944335938e+01
6.374999880790710449e-01 -1.075029730796813965e+00 1.158211517333984375e+01
6.499999761581420898e-01 -4.994592964649200439e-01 1.156362533569335938e+01
6.625000238418579102e-01 9.466599673032760620e-02 1.157317733764648438e+01
6.750000119209289551e-01 6.887454390525817871e-01 1.160171031951904297e+01
6.875000000000000000e-01 1.256200432777404785e+00 1.159505081176757812e+01
6.999999880790710449e-01 1.780530691146850586e+00 1.148345851898193359e+01
7.124999761581420898e-01 2.267501592636108398e+00 1.123172855377197266e+01
7.250000238418579102e-01 2.739794015884399414e+00 1.086806869506835938e+01
7.375000119209289551e-01 3.217890977859497070e+00 1.046709156036376953e+01
7.500000000000000000e-01 3.703238725662231445e+00 1.010204219818115234e+01
7.624999880790710449e-01 4.177232742309570312e+00 9.806248664855957031e+00
7.749999761581420898e-01 4.615108966827392578e+00 9.571452140808105469e+00
7.875000238418579102e-01 5.001391887664794922e+00 9.375378608703613281e+00
8.000000119209289551e-01 5.334368228912353516e+00 9.207729339599609375e+00
8.125000000000000000e-01 5.618866443634033203e+00 9.072677612304687500e+00
8.249999880790710449e-01 5.856968879699707031e+00 8.973707199096679688e+00
8.374999761581420898e-01 6.045663356781005859e+00 8.902964591979980469e+00
8.500000238418579102e-01 6.181334495544433594e+00 8.847468376159667969e+00
8.625000119209289551e-01 6.263999462127685547e+00 8.802714347839355469e+00
8.750000000000000000e-01 6.296179294586181641e+00 8.776097297668457031e+00
8.874999880790710449e-01 6.278685569763183594e+00 8.775963783264160156e+00
8.999999761581420898e-01 6.209255218505859375e+00 8.800096511840820312e+00
9.125000238418579102e-01 6.085967540740966797e+00 8.838279724121093750e+00
9.250000119209289551e-01 5.911013126373291016e+00 8.886347770690917969e+00
9.375000000000000000e-01 5.689649105072021484e+00 8.954250335693359375e+00
9.499999880790710449e-01 5.425214290618896484e+00 9.056714057922363281e+00
9.624999761581420898e-01 5.116591930389404297e+00 9.196076393127441406e+00
9.750000238418579102e-01 4.762382507324218750e+00 9.358567237854003906e+00
9.875000119209289551e-01 4.367868423461914062e+00 9.532021522521972656e+00
1.000000000000000000e+00 3.945964097976684570e+00 9.727256774902343750e+00
1.012500047683715820e+00 3.508446931838989258e+00 9.976071357727050781e+00
1.024999976158142090e+00 3.054599761962890625e+00 1.029971027374267578e+01
1.037500023841857910e+00 2.569418907165527344e+00 1.067395687103271484e+01
1.049999952316284180e+00 2.036015987396240234e+00 1.102685737609863281e+01
1.062500000000000000e+00 1.452982783317565918e+00 1.127875709533691406e+01
1.075000047683715820e+00 8.411141037940979004e-01 1.139486789703369141e+01
1.087499976158142090e+00 2.322956770658493042e-01 1.140636444091796875e+01
1.100000023841857910e+00 -3.506398797035217285e-01 1.138237953186035156e+01
1.112499952316284180e+00 -9.059556722640991211e-01 1.137809848785400391e+01
1.125000000000000000e+00 -1.447311878204345703e+00 1.140311241149902344e+01
1.137500047683715820e+00 -1.986812353134155273e+00 1.143239688873291016e+01
1.149999976158142090e+00 -2.522608041763305664e+00 1.144236755371093750e+01
1.162500023841857910e+00 -3.040996789932250977e+00 1.143508434295654297e+01
1.174999952316284180e+00 -3.528532743453979492e+00 1.143094444274902344e+01
1.187500000000000000e+00 -3.981122255325317383e+00 1.144363689422607422e+01
1.200000047683715820e+00 -4.402031421661376953e+00 1.146623992919921875e+01
1.212499976158142090e+00 -4.792870998382568359e+00 1.148151302337646484e+01
1.225000023841857910e+00 -5.148074626922607422e+00 1.148224449157714844e+01
1.237499952316284180e+00 -5.458317279815673828e+00 1.147838020324707031e+01
1.250000000000000000e+00 -5.718129634857177734e+00 1.148435020446777344e+01
1.262500047683715820e+00 -5.928925514221191406e+00 1.150230789184570312e+01
1.274999976158142090e+00 -6.094454288482666016e+00 1.152036666870117188e+01
1.287500023841857910e+00 -6.214334011077880859e+00 1.152694702148437500e+01
1.299999952316284180e+00 -6.283114910125732422e+00 1.152414035797119141e+01
1.312500000000000000e+00 -6.295701503753662109e+00 1.152483940124511719e+01
1.325000047683715820e+00 -6.252688407897949219e+00 1.153739261627197266e+01
1.337499976158142090e+00 -6.159452915191650391e+00 1.155578231811523438e+01
1.350000023841857910e+00 -6.020152568817138672e+00 1.156667900085449219e+01
1.362499952316284180e+00 -5.833660602569580078e+00 1.156513690948486328e+01
1.375000000000000000e+00 -5.596211910247802734e+00 1.156058311462402344e+01
1.387500047683715820e+00 -5.307733535766601562e+00 1.156584262847900391e+01
1.399999976158142090e+00 -4.974414825439453125e+00 1.158171558380126953e+01
1.412500023841857910e+00 -4.604286193847656250e+00 1.159530544281005859e+01
1.424999952316284180e+00 -4.200735569000244141e+00 1.159481620788574219e+01
1.437500000000000000e+00 -3.761652469635009766e+00 1.158408260345458984e+01
1.450000047683715820e+00 -3.285669088363647461e+00 1.157921123504638672e+01
1.462499976158142090e+00 -2.778505325317382812e+00 1.158969497680664062e+01
1.475000023841857910e+00 -2.251492977142333984e+00 1.160536575317382812e+01
1.487499952316284180e+00 -1.712804555892944336e+00 1.160608959197998047e+01
1.500000000000000000e+00 -1.160887479782104492e+00 1.158601379394531250e+01
1.512500047683715820e+00 -5.887354016304016113e-01 1.156501197814941406e+01
1.524999976158142090e+00 3.374299965798854828e-03 1.156971073150634766e+01
1.537500023841857910e+00 5.991713404655456543e-01 1.159787273406982422e+01
1.549999952316284180e+00 1.172215342521667480e+00 1.160127353668212891e+01
1.562500000000000000e+00 1.703341841697692871e+00 1.150935935974121094e+01
1.575000047683715820e+00 2.194785594940185547e+00 1.127880477905273438e+01
1.587499976158142090e+00 2.667691469192504883e+00 1.092807292938232422e+01
1.600000023841857910e+00 3.144230604171752930e+00 1.052743625640869141e+01
1.612499952316284180e+00 3.629285812377929688e+00 1.015353488922119141e+01
1.625000000000000000e+00 4.106667995452880859e+00 9.846908569335937500e+00
1.637500047683715820e+00 4.551409721374511719e+00 9.604279518127441406e+00
1.649999976158142090e+00 4.945977210998535156e+00 9.403421401977539062e+00
1.662500023841857910e+00 5.286813735961914062e+00 9.231389045715332031e+00
1.674999952316284180e+00 5.578434944152832031e+00 9.090925216674804688e+00
1.687500000000000000e+00 5.823717117309570312e+00 8.986662864685058594e+00
1.700000047683715820e+00 6.020238399505615234e+00 8.912489891052246094e+00
1.712499976158142090e+00 6.164106369018554688e+00 8.855290412902832031e+00
1.725000023841857910e+00 6.254711627960205078e+00 8.808642387390136719e+00
1.737499952316284180e+00 6.294458866119384766e+00 8.778565406799316406e+00
1.750000000000000000e+00 6.284636020660400391e+00 8.774214744567871094e+00
1.762500047683715820e+00 6.223320960998535156e+00 8.795244216918945312e+00
1.774999976158142090e+00 6.108231067657470703e+00 8.831871032714843750e+00
1.787500023841857910e+00 5.940847396850585938e+00 8.878117561340332031e+00
1.799999952316284180e+00 5.726243495941162109e+00 8.941951751708984375e+00
1.812500000000000000e+00 5.468357563018798828e+00 9.038528442382812500e+00
1.825000047683715820e+00 5.166647434234619141e+00 9.172863960266113281e+00
1.837499976158142090e+00 4.819279670715332031e+00 9.332947731018066406e+00
1.850000023841857910e+00 4.430212497711181641e+00 9.504743576049804688e+00
1.862499952316284180e+00 4.011551380157470703e+00 9.694873809814453125e+00
1.875000000000000000e+00 3.576060056686401367e+00 9.933399200439453125e+00
1.887500047683715820e+00 3.125399589538574219e+00 1.024580192565917969e+01
1.899999976158142090e+00 2.646257400512695312e+00 1.061607551574707031e+01
1.912500023841857910e+00 2.120851278305053711e+00 1.097784328460693359e+01
1.924999952316284180e+00 1.544555425643920898e+00 1.124900436401367188e+01
1.937500000000000000e+00 9.350752234458923340e-01 1.138536357879638672e+01
1.950000047683715820e+00 3.238736987113952637e-01 1.140871524810791016e+01
1.962499976158142090e+00 -2.636721730232238770e-01 1.138567256927490234e+01
1.975000023841857910e+00 -8.225284814834594727e-01 1.137654876708984375e+01
1.987499952316284180e+00 -1.364991903305053711e+00 1.139822578430175781e+01
2.000000000000000000e+00 -1.904495954513549805e+00 1.142883682250976562e+01
