0.000000000000000000e+00 6.271775722503662109e+00 8.797402381896972656e+00
1.250000018626451492e-02 6.296566963195800781e+00 8.774308204650878906e+00
2.500000037252902985e-02 6.271164894104003906e+00 8.778350830078125000e+00
3.750000149011611938e-02 6.193031787872314453e+00 8.805465698242187500e+00
5.000000074505805969e-02 6.060708522796630859e+00 8.845287322998046875e+00
6.250000000000000000e-02 5.877123355865478516e+00 8.895763397216796875e+00
7.500000298023223877e-02 5.647639274597167969e+00 8.968803405761718750e+00
8.749999850988388062e-02 5.374893188476562500e+00 9.078270912170410156e+00
1.000000014901161194e-01 5.057242870330810547e+00 9.223384857177734375e+00
1.124999970197677612e-01 4.694002151489257812e+00 9.388802528381347656e+00
1.250000000000000000e-01 4.292090415954589844e+00 9.565159797668457031e+00
1.375000029802322388e-01 3.865231513977050781e+00 9.768320083618164062e+00
1.500000059604644775e-01 3.423735618591308594e+00 1.003137874603271484e+01
1.624999940395355225e-01 2.963869094848632812e+00 1.036926364898681641e+01
1.749999970197677612e-01 2.468782186508178711e+00 1.074708843231201172e+01
1.875000000000000000e-01 1.923178791999816895e+00 1.108657836914062500e+01
2.000000029802322388e-01 1.330063581466674805e+00 1.131255722045898438e+01
2.125000059604644775e-01 7.140976190567016602e-01 1.140320777893066406e+01
2.249999940395355225e-01 1.072777435183525085e-01 1.140147781372070312e+01
2.374999970197677612e-01 -4.712664783000946045e-01 1.137842369079589844e+01
2.500000000000000000e-01 -1.024090886116027832e+00 1.138128471374511719e+01
2.624999880790710449e-01 -1.566183805465698242e+00 1.140996646881103516e+01
2.750000059604644775e-01 -2.107343912124633789e+00 1.143633747100830078e+01
2.874999940395355225e-01 -2.642377614974975586e+00 1.144129753112792969e+01
3.000000119209289551e-01 -3.156346559524536133e+00 1.143278312683105469e+01
3.125000000000000000e-01 -3.637365818023681641e+00 1.143206596374511719e+01
3.249999880790710449e-01 -4.083593845367431641e+00 1.144847965240478516e+01
3.375000059604644775e-01 -4.498789787292480469e+00 1.147089767456054688e+01
3.499999940395355225e-01 -4.883038997650146484e+00 1.148266410827636719e+01
3.625000119209289551e-01 -5.229187488555908203e+00 1.148088169097900391e+01
3.750000000000000000e-01 -5.528104305267333984e+00 1.147840976715087891e+01
3.874999880790710449e-01 -5.776023387908935547e+00 1.148794269561767578e+01
4.000000059604644775e-01 -5.975615978240966797e+00 1.150743675231933594e+01
4.124999940395355225e-01 -6.130103111267089844e+00 1.152328109741210938e+01
4.250000119209289551e-01 -6.237554550170898438e+00 1.152659416198730469e+01
4.375000000000000000e-01 -6.291890621185302734e+00 1.152337932586669922e+01
4.499999880790710449e-01 -6.289155483245849609e+00 1.152704620361328125e+01
4.625000059604644775e-01 -6.231639385223388672e+00 1.154242992401123047e+01
4.749999940395355225e-01 -6.125099182128906250e+00 1.156006717681884766e+01
4.875000119209289551e-01 -5.972419261932373047e+00 1.156736850738525391e+01
5.000000000000000000e-01 -5.771169662475585938e+00 1.156357479095458984e+01
5.124999880790710449e-01 -5.517982006072998047e+00 1.156084823608398438e+01
5.249999761581420898e-01 -5.214642047882080078e+00 1.156990432739257812e+01
5.375000238418579102e-01 -4.868642807006835938e+00 1.158682918548583984e+01
5.500000119209289551e-01 -4.487273216247558594e+00 1.159697818756103516e+01
5.625000000000000000e-01 -4.072024345397949219e+00 1.159220218658447266e+01
5.749999880790710449e-01 -3.620135784149169922e+00 1.158142757415771484e+01
5.874999761581420898e-01 -3.131969451904296875e+00 1.158111190795898438e+01
6.000000238418579102e-01 -2.615648746490478516e+00 1.159522628784179688e+01
6.125000119209289551e-01 -2.082710504531860352e+00 1.160823345184326172e+01
6.250000000000000000e-01 -1.538635015487670898e+00 1.160173130035400391e+01
6.374999880790710449e-01 -9.790630340576171875e-01 1.157815742492675781e+01
6.499999761581420898e-01 -3.977576792240142822e-01 1.156322669982910156e+01
6.625000238418579102e-01 2.001584917306900024e-01 1.157815361022949219e+01
6.750000119209289551e-01 7.934555411338806152e-01 1.160552978515625000e+01
6.875000000000000000e-01 1.355670928955078125e+00 1.158462238311767578e+01
6.999999880790710449e-01 1.873688697814941406e+00 1.144766712188720703e+01
7.124999761581420898e-01 2.357438802719116211e+00 1.117000389099121094e+01
7.250000238418579102e-01 2.831099510192871094e+00 1.079158020019531250e+01
7.375000119209289551e-01 3.312692642211914062e+00 1.039146137237548828e+01
7.500000000000000000e-01 3.799288272857666016e+00 1.003781890869140625e+01
7.624999880790710449e-01 4.269482612609863281e+00 9.754872322082519531e+00
7.749999761581420898e-01 4.699095249176025391e+00 9.528805732727050781e+00
7.875000238418579102e-01 5.075389385223388672e+00 9.338128089904785156e+00
8.000000119209289551e-01 5.398823261260986328e+00 9.176154136657714844e+00
8.125000000000000000e-01 5.674317836761474609e+00 9.048414230346679688e+00
8.249999880790710449e-01 5.902774333953857422e+00 8.956315040588378906e+00
8.374999761581420898e-01 6.080523490905761719e+00 8.889719963073730469e+00
8.500000238418579102e-01 6.204517364501953125e+00 8.836346626281738281e+00
8.625000119209289551e-01 6.275637149810791016e+00 8.794646263122558594e+00
8.750000000000000000e-01 6.296399593353271484e+00 8.773596763610839844e+00
8.874999880790710449e-01 6.266837596893310547e+00 8.779824256896972656e+00
8.999999761581420898e-01 6.184319972991943359e+00 8.808337211608886719e+00
9.125000238418579102e-01 6.047672748565673828e+00 8.848899841308593750e+00
9.250000119209289551e-01 5.860172748565673828e+00 8.900615692138671875e+00
9.375000000000000000e-01 5.627151489257812500e+00 8.976202011108398438e+00
9.499999880790710449e-01 5.350864887237548828e+00 9.088849067687988281e+00
9.624999761581420898e-01 5.029477596282958984e+00 9.236267089843750000e+00
9.750000238418579102e-01 4.662720203399658203e+00 9.402658462524414062e+00
9.875000119209289551e-01 4.258237838745117188e+00 9.580220222473144531e+00
1.000000000000000000e+00 3.829946756362915039e+00 9.786972999572753906e+00
1.012500047683715820e+00 3.387326240539550781e+00 1.005607032775878906e+01
1.024999976158142090e+00 2.925334215164184570e+00 1.039924430847167969e+01
1.037500023841857910e+00 2.426567554473876953e+00 1.077720832824707031e+01
1.049999952316284180e+00 1.876682281494140625e+00 1.110984992980957031e+01
1.062500000000000000e+00 1.280567884445190430e+00 1.132473659515380859e+01
1.075000047683715820e+00 6.642043590545654297e-01 1.140558719635009766e+01
1.087499976158142090e+00 5.924703925848007202e-02 1.139949607849121094e+01
1.100000023841857910e+00 -5.168485045433044434e-01 1.137738800048828125e+01
1.112499952316284180e+00 -1.068202614784240723e+00 1.138294315338134766e+01
1.125000000000000000e+00 -1.610033035278320312e+00 1.141259384155273438e+01
1.137500047683715820e+00 -2.151092052459716797e+00 1.143760395050048828e+01
1.149999976158142090e+00 -2.685017347335815430e+00 1.144083786010742188e+01
1.162500023841857910e+00 -3.196638345718383789e+00 1.143217563629150391e+01
1.174999952316284180e+00 -3.674776077270507812e+00 1.143279075622558594e+01
1.187500000000000000e+00 -4.118342399597167969e+00 1.145032215118408203e+01
1.200000047683715820e+00 -4.531128406524658203e+00 1.147241115570068359e+01
1.212499976158142090e+00 -4.912635803222656250e+00 1.148292636871337891e+01
1.225000023841857910e+00 -5.255264282226562500e+00 1.148048114776611328e+01
1.237499952316284180e+00 -5.550086498260498047e+00 1.147864913940429688e+01
1.250000000000000000e+00 -5.793933868408203125e+00 1.148929500579833984e+01
1.262500047683715820e+00 -5.989797115325927734e+00 1.150905323028564453e+01
1.274999976158142090e+00 -6.140628337860107422e+00 1.152403450012207031e+01
1.287500023841857910e+00 -6.244019985198974609e+00 1.152640151977539062e+01
1.299999952316284180e+00 -6.293805122375488281e+00 1.152326107025146484e+01
1.312500000000000000e+00 -6.286463260650634766e+00 1.152790164947509766e+01
1.325000047683715820e+00 -6.224759101867675781e+00 1.154397106170654297e+01
1.337499976158142090e+00 -6.114448547363281250e+00 1.156115818023681641e+01
1.350000023841857910e+00 -5.957979679107666016e+00 1.156737041473388672e+01
1.362499952316284180e+00 -5.752610683441162109e+00 1.156311130523681641e+01
1.375000000000000000e+00 -5.495198249816894531e+00 1.156108570098876953e+01
1.387500047683715820e+00 -5.188076972961425781e+00 1.157114791870117188e+01
1.399999976158142090e+00 -4.838995456695556641e+00 1.158810520172119141e+01
1.412500023841857910e+00 -4.454915523529052734e+00 1.159713935852050781e+01
1.424999952316284180e+00 -4.036811828613281250e+00 1.159132766723632812e+01
1.437500000000000000e+00 -3.581875801086425781e+00 1.158083057403564453e+01
1.450000047683715820e+00 -3.091026782989501953e+00 1.158181667327880859e+01
1.462499976158142090e+00 -2.572950601577758789e+00 1.159662055969238281e+01
1.475000023841857910e+00 -2.039043664932250977e+00 1.160858345031738281e+01
1.487499952316284180e+00 -1.493981480598449707e+00 1.160022163391113281e+01
1.500000000000000000e+00 -9.328091144561767578e-01 1.157620811462402344e+01
1.512500047683715820e+00 -3.497411906719207764e-01 1.156324100494384766e+01
1.524999976158142090e+00 2.487710267305374146e-01 1.158049392700195312e+01
1.537500023841857910e+00 8.404738903045654297e-01 1.160663795471191406e+01
1.549999952316284180e+00 1.399304270744323730e+00 1.157857131958007812e+01
1.562500000000000000e+00 1.913878321647644043e+00 1.143027973175048828e+01
1.575000047683715820e+00 2.395853042602539062e+00 1.114215946197509766e+01
1.587499976158142090e+00 2.869710445404052734e+00 1.075885105133056641e+01
1.600000023841857910e+00 3.352131843566894531e+00 1.036043357849121094e+01
1.612499952316284180e+00 3.838351249694824219e+00 1.001226902008056641e+01
1.625000000000000000e+00 4.306069850921630859e+00 9.734766006469726562e+00
1.637500047683715820e+00 4.731632709503173828e+00 9.512250900268554688e+00
1.649999976158142090e+00 5.103495597839355469e+00 9.323901176452636719e+00
1.662500023841857910e+00 5.422878265380859375e+00 9.164441108703613281e+00
1.674999952316284180e+00 5.694609165191650391e+00 9.039692878723144531e+00
1.687500000000000000e+00 5.919124126434326172e+00 8.950162887573242188e+00
1.700000047683715820e+00 6.092585563659667969e+00 8.885015487670898438e+00
1.712499976158142090e+00 6.212212562561035156e+00 8.832456588745117188e+00
1.725000023841857910e+00 6.279169559478759766e+00 8.792027473449707031e+00
1.737499952316284180e+00 6.295903682708740234e+00 8.773073196411132812e+00
1.750000000000000000e+00 6.262161731719970703e+00 8.781446456909179688e+00
1.762500047683715820e+00 6.175249576568603516e+00 8.811282157897949219e+00
1.774999976158142090e+00 6.034302234649658203e+00 8.852577209472656250e+00
1.787500023841857910e+00 5.842925548553466797e+00 8.905624389648437500e+00
1.799999952316284180e+00 5.606382369995117188e+00 8.983853340148925781e+00
1.812500000000000000e+00 5.326539516448974609e+00 9.099662780761718750e+00
1.825000047683715820e+00 5.001409053802490234e+00 9.249269485473632812e+00
1.837499976158142090e+00 4.631186008453369141e+00 9.416570663452148438e+00
1.850000023841857910e+00 4.224231719970703125e+00 9.595460891723632812e+00
1.862499952316284180e+00 3.794577121734619141e+00 9.806047439575195312e+00
1.875000000000000000e+00 3.350797414779663086e+00 1.008127975463867188e+01
1.887500047683715820e+00 2.886556386947631836e+00 1.042947864532470703e+01
1.899999976158142090e+00 2.384006023406982422e+00 1.080702686309814453e+01
1.912500023841857910e+00 1.829869270324707031e+00 1.113231372833251953e+01
1.924999952316284180e+00 1.230935811996459961e+00 1.133599758148193359e+01
1.937500000000000000e+00 6.143947243690490723e-01 1.140738201141357422e+01
1.950000047683715820e+00 1.141905039548873901e-02 1.139742755889892578e+01
1.962499976158142090e+00 -5.622614622116088867e-01 1.137656307220458984e+01
1.975000023841857910e+00 -1.112256169319152832e+00 1.138477516174316406e+01
1.987499952316284180e+00 -1.653886556625366211e+00 1.141518306732177734e+01
2.000000000000000000e+00 -2.194798469543457031e+00 1.143871116638183594e+01
