0.000000000000000000e+00 6.271436214447021484e+00 8.797598838806152344e+00
1.250000018626451492e-02 6.296384811401367188e+00 8.774346351623535156e+00
2.500000037252902985e-02 6.270804882049560547e+00 8.778406143188476562e+00
3.750000149011611938e-02 6.192136764526367188e+00 8.805668830871582031e+00
5.000000074505805969e-02 6.058918476104736328e+00 8.845688819885253906e+00
6.250000000000000000e-02 5.874136447906494141e+00 8.896502494812011719e+00
7.500000298023223877e-02 5.643204689025878906e+00 8.970236778259277344e+00
8.749999850988388062e-02 5.368725299835205078e+00 9.080760002136230469e+00
1.000000014901161194e-01 5.049001693725585938e+00 9.226953506469726562e+00
1.124999970197677612e-01 4.683447837829589844e+00 9.393219947814941406e+00
1.250000000000000000e-01 4.279272079467773438e+00 9.570583343505859375e+00
1.375000029802322388e-01 3.850409984588623047e+00 9.775796890258789062e+00
1.500000059604644775e-01 3.406966686248779297e+00 1.004227256774902344e+01
1.624999940395355225e-01 2.944612503051757812e+00 1.038368225097656250e+01
1.749999970197677612e-01 2.446047544479370117e+00 1.076272773742675781e+01
1.875000000000000000e-01 1.896275401115417480e+00 1.109946346282958984e+01
2.000000029802322388e-01 1.299350619316101074e+00 1.131955432891845703e+01
2.125000059604644775e-01 6.809735298156738281e-01 1.140429878234863281e+01
2.249999940395355225e-01 7.327924668788909912e-02 1.139968776702880859e+01
2.374999970197677612e-01 -5.055077075958251953e-01 1.137732028961181641e+01
2.500000000000000000e-01 -1.059075474739074707e+00 1.138227939605712891e+01
2.624999880790710449e-01 -1.602742791175842285e+00 1.141182041168212891e+01
2.750000059604644775e-01 -2.145585775375366211e+00 1.143710422515869141e+01
2.874999940395355225e-01 -2.681390047073364258e+00 1.144055747985839844e+01
3.000000119209289551e-01 -3.194869995117187500e+00 1.143192100524902344e+01
3.125000000000000000e-01 -3.674675464630126953e+00 1.143253707885742188e+01
3.249999880790710449e-01 -4.119669437408447266e+00 1.145014762878417969e+01
3.375000059604644775e-01 -4.533672332763671875e+00 1.147228050231933594e+01
3.499999940395355225e-01 -4.916154861450195312e+00 1.148271751403808594e+01
3.625000119209289551e-01 -5.259409427642822266e+00 1.148021888732910156e+01
3.750000000000000000e-01 -5.554452419281005859e+00 1.147855281829833984e+01
3.874999880790710449e-01 -5.798186302185058594e+00 1.148950767517089844e+01
4.000000059604644775e-01 -5.993690013885498047e+00 1.150939083099365234e+01
4.124999940395355225e-01 -6.143867492675781250e+00 1.152415370941162109e+01
4.250000119209289551e-01 -6.246148109436035156e+00 1.152623844146728516e+01
4.375000000000000000e-01 -6.294290065765380859e+00 1.152318954467773438e+01
4.499999880790710449e-01 -6.284912109375000000e+00 1.152831459045410156e+01
4.625000059604644775e-01 -6.221000194549560547e+00 1.154475498199462891e+01
4.749999940395355225e-01 -6.108349323272705078e+00 1.156173896789550781e+01
4.875000119209289551e-01 -5.949204444885253906e+00 1.156738185882568359e+01
5.000000000000000000e-01 -5.740641117095947266e+00 1.156291103363037109e+01
5.124999880790710449e-01 -5.479642868041992188e+00 1.156140899658203125e+01
5.249999761581420898e-01 -5.168916225433349609e+00 1.157219886779785156e+01
5.375000238418579102e-01 -4.816435813903808594e+00 1.158917427062988281e+01
5.500000119209289551e-01 -4.428972244262695312e+00 1.159735202789306641e+01
5.625000000000000000e-01 -4.007127285003662109e+00 1.159075736999511719e+01
5.749999880790710449e-01 -3.548064947128295898e+00 1.158059120178222656e+01
5.874999761581420898e-01 -3.053213596343994141e+00 1.158279037475585938e+01
6.000000238418579102e-01 -2.531818151473999023e+00 1.159818744659423828e+01
6.125000119209289551e-01 -1.995195508003234863e+00 1.160903549194335938e+01
6.250000000000000000e-01 -1.447258710861206055e+00 1.159878444671630859e+01
6.374999880790710449e-01 -8.824548125267028809e-01 1.157446098327636719e+01
6.499999761581420898e-01 -2.955162525177001953e-01 1.156382369995117188e+01
6.625000238418579102e-01 3.055405914783477783e-01 1.158364105224609375e+01
6.750000119209289551e-01 8.971505165100097656e-01 1.160783290863037109e+01
6.875000000000000000e-01 1.453602433204650879e+00 1.157022666931152344e+01
6.999999880790710449e-01 1.965585827827453613e+00 1.140685844421386719e+01
7.124999761581420898e-01 2.446970462799072266e+00 1.110459232330322266e+01
7.250000238418579102e-01 2.922698974609375000e+00 1.071435546875000000e+01
7.375000119209289551e-01 3.407703161239624023e+00 1.031776714324951172e+01
7.500000000000000000e-01 3.894688606262207031e+00 9.976506233215332031e+00
7.624999880790710449e-01 4.360048294067382812e+00 9.705805778503417969e+00
7.749999761581420898e-01 4.780805587768554688e+00 9.487547874450683594e+00
7.875000238418579102e-01 5.147083282470703125e+00 9.302043914794921875e+00
8.000000119209289551e-01 5.461143493652343750e+00 9.146119117736816406e+00
8.125000000000000000e-01 5.727598667144775391e+00 9.025848388671875000e+00
8.249999880790710449e-01 5.946135997772216797e+00 8.940151214599609375e+00
8.374999761581420898e-01 6.112695217132568359e+00 8.877073287963867188e+00
8.500000238418579102e-01 6.224982261657714844e+00 8.825762748718261719e+00
8.625000119209289551e-01 6.284626007080078125e+00 8.787664413452148438e+00
8.750000000000000000e-01 6.293896675109863281e+00 8.772620201110839844e+00
8.874999880790710449e-01 6.252022266387939453e+00 8.784942626953125000e+00
8.999999761581420898e-01 6.156250000000000000e+00 8.817213058471679688e+00
9.125000238418579102e-01 6.006359100341796875e+00 8.860098838806152344e+00
9.250000119209289551e-01 5.806579589843750000e+00 8.916321754455566406e+00
9.375000000000000000e-01 5.561974048614501953e+00 9.000538825988769531e+00
9.499999880790710449e-01 5.273618698120117188e+00 9.123274803161621094e+00
9.624999761581420898e-01 4.939336299896240234e+00 9.277648925781250000e+00
9.750000238418579102e-01 4.560474395751953125e+00 9.447341918945312500e+00
9.875000119209289551e-01 4.146985530853271484e+00 9.630330085754394531e+00
1.000000000000000000e+00 3.713011264801025391e+00 9.851208686828613281e+00
1.012500047683715820e+00 3.264903068542480469e+00 1.014171600341796875e+01
1.024999976158142090e+00 2.793352842330932617e+00 1.050154781341552734e+01
1.037500023841857910e+00 2.279727458953857422e+00 1.087686252593994141e+01
1.049999952316284180e+00 1.713605880737304688e+00 1.118320560455322266e+01
1.062500000000000000e+00 1.106472134590148926e+00 1.135955905914306641e+01
1.075000047683715820e+00 4.882862269878387451e-01 1.140907859802246094e+01
1.087499976158142090e+00 -1.112661734223365784e-01 1.139155864715576172e+01
1.100000023841857910e+00 -6.808694005012512207e-01 1.137516117095947266e+01
1.112499952316284180e+00 -1.229650378227233887e+00 1.139008426666259766e+01
1.125000000000000000e+00 -1.772769331932067871e+00 1.142153549194335938e+01
1.137500047683715820e+00 -2.314748048782348633e+00 1.144058227539062500e+01
1.149999976158142090e+00 -2.845266819000244141e+00 1.143812084197998047e+01
1.162500023841857910e+00 -3.348955154418945312e+00 1.143030929565429688e+01
1.174999952316284180e+00 -3.817560434341430664e+00 1.143649101257324219e+01
1.187500000000000000e+00 -4.252485752105712891e+00 1.145749664306640625e+01
1.200000047683715820e+00 -4.657053947448730469e+00 1.147726058959960938e+01
1.212499976158142090e+00 -5.028315544128417969e+00 1.148285865783691406e+01
1.225000023841857910e+00 -5.357265949249267578e+00 1.147882938385009766e+01
1.237499952316284180e+00 -5.636211395263671875e+00 1.148045444488525391e+01
1.250000000000000000e+00 -5.864368438720703125e+00 1.149537086486816406e+01
1.262500047683715820e+00 -6.045576095581054688e+00 1.151519870758056641e+01
1.274999976158142090e+00 -6.181314468383789062e+00 1.152609825134277344e+01
1.287500023841857910e+00 -6.267317295074462891e+00 1.152516460418701172e+01
1.299999952316284180e+00 -6.297520160675048828e+00 1.152345180511474609e+01
1.312500000000000000e+00 -6.270487308502197266e+00 1.153254127502441406e+01
1.325000047683715820e+00 -6.190750598907470703e+00 1.155071830749511719e+01
1.337499976158142090e+00 -6.063584804534912109e+00 1.156499958038330078e+01
1.350000023841857910e+00 -5.889430522918701172e+00 1.156657791137695312e+01
1.362499952316284180e+00 -5.664584159851074219e+00 1.156144237518310547e+01
1.375000000000000000e+00 -5.387393951416015625e+00 1.156342315673828125e+01
1.387500047683715820e+00 -5.062641620635986328e+00 1.157753276824951172e+01
1.399999976158142090e+00 -4.698731899261474609e+00 1.159329700469970703e+01
1.412500023841857910e+00 -4.300732135772705078e+00 1.159665584564208984e+01
1.424999952316284180e+00 -3.867494583129882812e+00 1.158710193634033203e+01
1.437500000000000000e+00 -3.396693229675292969e+00 1.157947254180908203e+01
1.450000047683715820e+00 -2.892248153686523438e+00 1.158676242828369141e+01
1.462499976158142090e+00 -2.365052938461303711e+00 1.160313224792480469e+01
1.475000023841857910e+00 -1.824987649917602539e+00 1.160834980010986328e+01
1.487499952316284180e+00 -1.272635579109191895e+00 1.159158325195312500e+01
1.500000000000000000e+00 -7.010549902915954590e-01 1.156827926635742188e+01
1.512500047683715820e+00 -1.079929471015930176e-01 1.156696414947509766e+01
1.524999976158142090e+00 4.931246042251586914e-01 1.159332561492919922e+01
1.537500023841857910e+00 1.076044678688049316e+00 1.160627174377441406e+01
1.549999952316284180e+00 1.618441462516784668e+00 1.153456020355224609e+01
1.562500000000000000e+00 2.118439197540283203e+00 1.132589626312255859e+01
1.575000047683715820e+00 2.595434188842773438e+00 1.098816490173339844e+01
1.587499976158142090e+00 3.073424816131591797e+00 1.058716964721679688e+01
1.600000023841857910e+00 3.560878992080688477e+00 1.020331001281738281e+01
1.612499952316284180e+00 4.043961524963378906e+00 9.884644508361816406e+00
1.625000000000000000e+00 4.497346401214599609e+00 9.633006095886230469e+00
1.637500047683715820e+00 4.901394844055175781e+00 9.426452636718750000e+00
1.649999976158142090e+00 5.250753402709960938e+00 9.249781608581542969e+00
1.662500023841857910e+00 5.549575328826904297e+00 9.104424476623535156e+00
1.674999952316284180e+00 5.801335334777832031e+00 8.995715141296386719e+00
1.687500000000000000e+00 6.004058837890625000e+00 8.918650627136230469e+00
1.700000047683715820e+00 6.153673171997070312e+00 8.859956741333007812e+00
1.712499976158142090e+00 6.249175548553466797e+00 8.811999320983886719e+00
1.725000023841857910e+00 6.292906761169433594e+00 8.780039787292480469e+00
1.737499952316284180e+00 6.286414623260498047e+00 8.773682594299316406e+00
1.750000000000000000e+00 6.227934837341308594e+00 8.793454170227050781e+00
1.762500047683715820e+00 6.115019321441650391e+00 8.829691886901855469e+00
1.774999976158142090e+00 5.948901653289794922e+00 8.875708580017089844e+00
1.787500023841857910e+00 5.734664916992187500e+00 8.938918113708496094e+00
1.799999952316284180e+00 5.476487159729003906e+00 9.034770011901855469e+00
1.812500000000000000e+00 5.173982620239257812e+00 9.168978691101074219e+00
1.825000047683715820e+00 4.825227260589599609e+00 9.329729080200195312e+00
1.837499976158142090e+00 4.434066772460937500e+00 9.502533912658691406e+00
1.850000023841857910e+00 4.012752056121826172e+00 9.693714141845703125e+00
1.862499952316284180e+00 3.574358463287353516e+00 9.933700561523437500e+00
1.875000000000000000e+00 3.120623350143432617e+00 1.024839878082275391e+01
1.887500047683715820e+00 2.637904644012451172e+00 1.062119197845458984e+01
1.899999976158142090e+00 2.108081340789794922e+00 1.098404884338378906e+01
1.912500023841857910e+00 1.526763081550598145e+00 1.125367927551269531e+01
1.924999952316284180e+00 9.125130772590637207e-01 1.138666915893554688e+01
1.937500000000000000e+00 2.975787520408630371e-01 1.140722942352294922e+01
1.950000047683715820e+00 -2.927070260047912598e-01 1.138386535644531250e+01
1.962499976158142090e+00 -8.541436195373535156e-01 1.137644672393798828e+01
1.975000023841857910e+00 -1.399763107299804688e+00 1.139961624145507812e+01
1.987499952316284180e+00 -1.942809224128723145e+00 1.142985439300537109e+01
2.000000000000000000e+00 -2.482826471328735352e+00 1.144173431396484375e+01
