0.000000000000000000e+00 6.271086692810058594e+00 8.797904968261718750e+00
1.250000018626451492e-02 6.296193599700927734e+00 8.774495124816894531e+00
2.500000037252902985e-02 6.270435333251953125e+00 8.778571128845214844e+00
3.750000149011611938e-02 6.191230297088623047e+00 8.805982589721679688e+00
5.000000074505805969e-02 6.057114601135253906e+00 8.846201896667480469e+00
6.250000000000000000e-02 5.871133327484130859e+00 8.897355079650878906e+00
7.500000298023223877e-02 5.638750076293945312e+00 8.971788406372070312e+00
8.749999850988388062e-02 5.362532138824462891e+00 9.083369255065917969e+00
1.000000014901161194e-01 5.040729045867919922e+00 9.230638504028320312e+00
1.124999970197677612e-01 4.672860145568847656e+00 9.397748947143554688e+00
1.250000000000000000e-01 4.266426563262939453e+00 9.576136589050292969e+00
1.375000029802322388e-01 3.835569858551025391e+00 9.783447265625000000e+00
1.500000059604644775e-01 3.390173196792602539e+00 1.005336952209472656e+01
1.624999940395355225e-01 2.925300598144531250e+00 1.039825725555419922e+01
1.749999970197677612e-01 2.423218011856079102e+00 1.077837657928466797e+01
1.875000000000000000e-01 1.869266867637634277e+00 1.111217975616455078e+01
2.000000029802322388e-01 1.268578767776489258e+00 1.132630443572998047e+01
2.125000059604644775e-01 6.478753089904785156e-01 1.140524387359619141e+01
2.249999940395355225e-01 3.937239944934844971e-02 1.139796352386474609e+01
2.374999970197677612e-01 -5.396562218666076660e-01 1.137643814086914062e+01
2.500000000000000000e-01 -1.094017148017883301e+00 1.138347816467285156e+01
2.624999880790710449e-01 -1.639293551445007324e+00 1.141374301910400391e+01
2.750000059604644775e-01 -2.183785200119018555e+00 1.143784618377685547e+01
2.874999940395355225e-01 -2.720269203186035156e+00 1.143984699249267578e+01
3.000000119209289551e-01 -3.233179330825805664e+00 1.143122196197509766e+01
3.125000000000000000e-01 -3.711747407913208008e+00 1.143322849273681641e+01
3.249999880790710449e-01 -4.155518054962158203e+00 1.145194244384765625e+01
3.375000059604644775e-01 -4.568306922912597656e+00 1.147365665435791016e+01
3.499999940395355225e-01 -4.948937416076660156e+00 1.148275089263916016e+01
3.625000119209289551e-01 -5.289188861846923828e+00 1.147966480255126953e+01
3.750000000000000000e-01 -5.580296516418457031e+00 1.147892761230468750e+01
3.874999880790710449e-01 -5.819846630096435547e+00 1.149126815795898438e+01
4.000000059604644775e-01 -6.011264324188232422e+00 1.151137542724609375e+01
4.124999940395355225e-01 -6.157069683074951172e+00 1.152495861053466797e+01
4.250000119209289551e-01 -6.254062175750732422e+00 1.152591323852539062e+01
4.375000000000000000e-01 -6.295920848846435547e+00 1.152322006225585938e+01
4.499999880790710449e-01 -6.279899597167968750e+00 1.152985668182373047e+01
4.625000059604644775e-01 -6.209641456604003906e+00 1.154718399047851562e+01
4.749999940395355225e-01 -6.090877056121826172e+00 1.156331157684326172e+01
4.875000119209289551e-01 -5.925175666809082031e+00 1.156730937957763672e+01
5.000000000000000000e-01 -5.709195613861083984e+00 1.156240653991699219e+01
5.124999880790710449e-01 -5.440388679504394531e+00 1.156231880187988281e+01
5.249999761581420898e-01 -5.122391700744628906e+00 1.157472324371337891e+01
5.375000238418579102e-01 -4.763536930084228516e+00 1.159142112731933594e+01
5.500000119209289551e-01 -4.369956970214843750e+00 1.159747886657714844e+01
5.625000000000000000e-01 -3.941406488418579102e+00 1.158932495117187500e+01
5.749999880790710449e-01 -3.475157260894775391e+00 1.158017349243164062e+01
5.874999761581420898e-01 -2.973815679550170898e+00 1.158492946624755859e+01
6.000000238418579102e-01 -2.447622537612915039e+00 1.160113143920898438e+01
6.125000119209289551e-01 -1.907411694526672363e+00 1.160932636260986328e+01
6.250000000000000000e-01 -1.355431675910949707e+00 1.159550189971923828e+01
6.374999880790710449e-01 -7.851918935775756836e-01 1.157128143310546875e+01
6.499999761581420898e-01 -1.928119957447052002e-01 1.156553649902343750e+01
6.625000238418579102e-01 4.106564223766326904e-01 1.158948230743408203e+01
6.750000119209289551e-01 9.996945858001708984e-01 1.160827922821044922e+01
6.875000000000000000e-01 1.549987196922302246e+00 1.155165481567382812e+01
6.999999880790710449e-01 2.056355476379394531e+00 1.136123466491699219e+01
7.124999761581420898e-01 2.536261320114135742e+00 1.103610515594482422e+01
7.250000238418579102e-01 3.014640092849731445e+00 1.063709545135498047e+01
7.375000119209289551e-01 3.502798795700073242e+00 1.024644279479980469e+01
7.500000000000000000e-01 3.989226102828979492e+00 9.918163299560546875e+00
7.624999880790710449e-01 4.448768138885498047e+00 9.658934593200683594e+00
7.749999761581420898e-01 4.860202312469482422e+00 9.447660446166992188e+00
7.875000238418579102e-01 5.216514110565185547e+00 9.267279624938964844e+00
8.000000119209289551e-01 5.521348953247070312e+00 9.117800712585449219e+00
8.125000000000000000e-01 5.778668403625488281e+00 9.005027770996093750e+00
8.249999880790710449e-01 5.986994266510009766e+00 8.925163269042968750e+00
8.374999761581420898e-01 6.142160415649414062e+00 8.865051269531250000e+00
8.500000238418579102e-01 6.242753028869628906e+00 8.815908432006835938e+00
8.625000119209289551e-01 6.290975570678710938e+00 8.782011985778808594e+00
8.750000000000000000e-01 6.288632392883300781e+00 8.773271560668945312e+00
8.874999880790710449e-01 6.234192371368408203e+00 8.791275978088378906e+00
8.999999761581420898e-01 6.125056743621826172e+00 8.826733589172363281e+00
9.125000238418579102e-01 5.962099075317382812e+00 8.872118949890136719e+00
9.250000119209289551e-01 5.750289916992187500e+00 8.933836936950683594e+00
9.375000000000000000e-01 5.494093894958496094e+00 9.027454376220703125e+00
9.499999880790710449e-01 5.193424701690673828e+00 9.159861564636230469e+00
9.624999761581420898e-01 4.846229076385498047e+00 9.320047378540039062e+00
9.750000238418579102e-01 4.455875396728515625e+00 9.492856025695800781e+00
9.875000119209289551e-01 4.034365653991699219e+00 9.683088302612304688e+00
1.000000000000000000e+00 3.595184326171875000e+00 9.920613288879394531e+00
1.012500047683715820e+00 3.140875101089477539e+00 1.023274040222167969e+01
1.024999976158142090e+00 2.658247232437133789e+00 1.060520839691162109e+01
1.037500023841857910e+00 2.128796339035034180e+00 1.097115612030029297e+01
1.049999952316284180e+00 1.547224164009094238e+00 1.124610519409179688e+01
1.062500000000000000e+00 9.314700365066528320e-01 1.138403987884521484e+01
1.075000047683715820e+00 3.139689862728118896e-01 1.140723133087158203e+01
1.087499976158142090e+00 -2.791722714900970459e-01 1.138416004180908203e+01
1.100000023841857910e+00 -8.430779576301574707e-01 1.137606143951416016e+01
1.112499952316284180e+00 -1.390662312507629395e+00 1.139885044097900391e+01
1.125000000000000000e+00 -1.935479044914245605e+00 1.142928028106689453e+01
1.137500047683715820e+00 -2.477356910705566406e+00 1.144148921966552734e+01
1.149999976158142090e+00 -3.002920150756835938e+00 1.143500328063964844e+01
1.162500023841857910e+00 -3.497815370559692383e+00 1.143005943298339844e+01
1.174999952316284180e+00 -3.957013607025146484e+00 1.144188594818115234e+01
1.187500000000000000e+00 -4.383623123168945312e+00 1.146460628509521484e+01
1.200000047683715820e+00 -4.779604434967041016e+00 1.148060321807861328e+01
1.212499976158142090e+00 -5.139547824859619141e+00 1.148180389404296875e+01
1.225000023841857910e+00 -5.453861236572265625e+00 1.147797203063964844e+01
1.237499952316284180e+00 -5.716753959655761719e+00 1.148396778106689453e+01
1.250000000000000000e+00 -5.929595470428466797e+00 1.150214290618896484e+01
1.262500047683715820e+00 -6.096242427825927734e+00 1.152032279968261719e+01
1.274999976158142090e+00 -6.216256618499755859e+00 1.152676296234130859e+01
1.287500023841857910e+00 -6.283982276916503906e+00 1.152394962310791016e+01
1.299999952316284180e+00 -6.294286727905273438e+00 1.152519607543945312e+01
1.312500000000000000e+00 -6.248034954071044922e+00 1.153851985931396484e+01
1.325000047683715820e+00 -6.150857448577880859e+00 1.155703353881835938e+01
1.337499976158142090e+00 -6.006776332855224609e+00 1.156716632843017578e+01
1.350000023841857910e+00 -5.814281463623046875e+00 1.156494235992431641e+01
1.362499952316284180e+00 -5.569568634033203125e+00 1.156093120574951172e+01
1.375000000000000000e+00 -5.273143291473388672e+00 1.156768321990966797e+01
1.387500047683715820e+00 -4.931871891021728516e+00 1.158428859710693359e+01
1.399999976158142090e+00 -4.553781509399414062e+00 1.159669780731201172e+01
1.412500023841857910e+00 -4.141562461853027344e+00 1.159425926208496094e+01
1.424999952316284180e+00 -3.692678213119506836e+00 1.158328914642333984e+01
1.437500000000000000e+00 -3.206477165222167969e+00 1.158065700531005859e+01
1.450000047683715820e+00 -2.690071582794189453e+00 1.159335994720458984e+01
1.462499976158142090e+00 -2.155311346054077148e+00 1.160793209075927734e+01
1.475000023841857910e+00 -1.609137892723083496e+00 1.160447311401367188e+01
1.487499952316284180e+00 -1.048221945762634277e+00 1.158184051513671875e+01
1.500000000000000000e+00 -4.656628072261810303e-01 1.156427001953125000e+01
1.512500047683715820e+00 1.352603137493133545e-01 1.157591724395751953e+01
1.524999976158142090e+00 7.344554662704467773e-01 1.160445117950439453e+01
1.537500023841857910e+00 1.304538369178771973e+00 1.159152698516845703e+01
1.549999952316284180e+00 1.829987168312072754e+00 1.146644973754882812e+01
1.562500000000000000e+00 2.318811893463134766e+00 1.119844913482666016e+01
1.575000047683715820e+00 2.795241832733154297e+00 1.082297134399414062e+01
1.587499976158142090e+00 3.279007434844970703e+00 1.041917037963867188e+01
1.600000023841857910e+00 3.768916130065917969e+00 1.005882072448730469e+01
1.612499952316284180e+00 4.243987560272216797e+00 9.769800186157226562e+00
1.625000000000000000e+00 4.679175376892089844e+00 9.539621353149414062e+00
1.637500047683715820e+00 5.060614109039306641e+00 9.346127510070800781e+00
1.649999976158142090e+00 5.388239860534667969e+00 9.181731224060058594e+00
1.662500023841857910e+00 5.667079448699951172e+00 9.051871299743652344e+00
1.674999952316284180e+00 5.898262023925781250e+00 8.958292961120605469e+00
1.687500000000000000e+00 6.078128814697265625e+00 8.890875816345214844e+00
1.700000047683715820e+00 6.203516960144042969e+00 8.836996078491210938e+00
1.712499976158142090e+00 6.275280475616455078e+00 8.794909477233886719e+00
1.725000023841857910e+00 6.295996189117431641e+00 8.773726463317871094e+00
1.737499952316284180e+00 6.265703201293945312e+00 8.780179977416992188e+00
1.750000000000000000e+00 6.181718349456787109e+00 8.809105873107910156e+00
1.762500047683715820e+00 6.042895317077636719e+00 8.850131034851074219e+00
1.774999976158142090e+00 5.852659702301025391e+00 8.902667999267578125e+00
1.787500023841857910e+00 5.616428375244140625e+00 8.979915618896484375e+00
1.799999952316284180e+00 5.336345195770263672e+00 9.094952583312988281e+00
1.812500000000000000e+00 5.010466575622558594e+00 9.244662284851074219e+00
1.825000047683715820e+00 4.638801097869873047e+00 9.412792205810546875e+00
1.837499976158142090e+00 4.229644775390625000e+00 9.592592239379882812e+00
1.850000023841857910e+00 3.797291278839111328e+00 9.804026603698730469e+00
1.862499952316284180e+00 3.350640296936035156e+00 1.008061122894287109e+01
1.875000000000000000e+00 2.883323192596435547e+00 1.043096828460693359e+01
1.887500047683715820e+00 2.377109527587890625e+00 1.081059265136718750e+01
1.899999976158142090e+00 1.818524360656738281e+00 1.113631725311279297e+01
1.912500023841857910e+00 1.214799880981445312e+00 1.133823299407958984e+01
1.924999952316284180e+00 5.939698219299316406e-01 1.140699291229248047e+01
1.937500000000000000e+00 -1.232540979981422424e-02 1.139571475982666016e+01
1.950000047683715820e+00 -5.887361168861389160e-01 1.137567806243896484e+01
1.962499976158142090e+00 -1.141674041748046875e+00 1.138556575775146484e+01
1.975000023841857910e+00 -1.686766028404235840e+00 1.141650104522705078e+01
1.987499952316284180e+00 -2.231054544448852539e+00 1.143890953063964844e+01
2.000000000000000000e+00 -2.766119480133056641e+00 1.143919658660888672e+01
