0.000000000000000000e+00 6.270747661590576172e+00 8.798101425170898438e+00
1.250000018626451492e-02 6.296012401580810547e+00 8.774532318115234375e+00
2.500000037252902985e-02 6.270075321197509766e+00 8.778625488281250000e+00
3.750000149011611938e-02 6.190331935882568359e+00 8.806186676025390625e+00
5.000000074505805969e-02 6.055315494537353516e+00 8.846604347229003906e+00
6.250000000000000000e-02 5.868130683898925781e+00 8.898101806640625000e+00
7.500000298023223877e-02 5.634291648864746094e+00 8.973239898681640625e+00
8.749999850988388062e-02 5.356328964233398438e+00 9.085884094238281250e+00
1.000000014901161194e-01 5.032438278198242188e+00 9.234226226806640625e+00
1.124999970197677612e-01 4.662251472473144531e+00 9.402177810668945312e+00
1.250000000000000000e-01 4.253565788269042969e+00 9.581607818603515625e+00
1.375000029802322388e-01 3.820721626281738281e+00 9.791059494018554688e+00
1.500000059604644775e-01 3.373363018035888672e+00 1.006445884704589844e+01
1.624999940395355225e-01 2.905938386917114258e+00 1.041277694702148438e+01
1.749999970197677612e-01 2.400297403335571289e+00 1.079382038116455078e+01
1.875000000000000000e-01 1.842157483100891113e+00 1.112451744079589844e+01
2.000000029802322388e-01 1.237753391265869141e+00 1.133260822296142578e+01
2.125000059604644775e-01 6.148067116737365723e-01 1.140585327148437500e+01
2.249999940395355225e-01 5.556030198931694031e-03 1.139611721038818359e+01
2.374999970197677612e-01 -5.737191438674926758e-01 1.137558078765869141e+01
2.500000000000000000e-01 -1.128925681114196777e+00 1.138467788696289062e+01
2.624999880790710449e-01 -1.675844311714172363e+00 1.141552925109863281e+01
2.750000059604644775e-01 -2.221946477890014648e+00 1.143837070465087891e+01
2.874999940395355225e-01 -2.759019613265991211e+00 1.143898391723632812e+01
3.000000119209289551e-01 -3.271283626556396484e+00 1.143050670623779297e+01
3.125000000000000000e-01 -3.748596906661987305e+00 1.143394660949707031e+01
3.249999880790710449e-01 -4.191156864166259766e+00 1.145366573333740234e+01
3.375000059604644775e-01 -4.602707386016845703e+00 1.147483253479003906e+01
3.499999940395355225e-01 -4.981396198272705078e+00 1.148258590698242188e+01
3.625000119209289551e-01 -5.318538665771484375e+00 1.147905158996582031e+01
3.750000000000000000e-01 -5.605657577514648438e+00 1.147935581207275391e+01
3.874999880790710449e-01 -5.841029167175292969e+00 1.149302768707275391e+01
4.000000059604644775e-01 -6.028359413146972656e+00 1.151319217681884766e+01
4.124999940395355225e-01 -6.169722080230712891e+00 1.152551555633544922e+01
4.250000119209289551e-01 -6.261307239532470703e+00 1.152545738220214844e+01
4.375000000000000000e-01 -6.296802997589111328e+00 1.152330493927001953e+01
4.499999880790710449e-01 -6.274147510528564453e+00 1.153147888183593750e+01
4.625000059604644775e-01 -6.197590827941894531e+00 1.154950714111328125e+01
4.749999940395355225e-01 -6.072699546813964844e+00 1.156458950042724609e+01
4.875000119209289551e-01 -5.900340080261230469e+00 1.156699466705322266e+01
5.000000000000000000e-01 -5.676848411560058594e+00 1.156191444396972656e+01
5.124999880790710449e-01 -5.400252342224121094e+00 1.156339931488037109e+01
5.249999761581420898e-01 -5.075107574462890625e+00 1.157725620269775391e+01
5.375000238418579102e-01 -4.709969997406005859e+00 1.159334659576416016e+01
5.500000119209289551e-01 -4.310229301452636719e+00 1.159718990325927734e+01
5.625000000000000000e-01 -3.874865293502807617e+00 1.158778285980224609e+01
5.749999880790710449e-01 -3.401443243026733398e+00 1.158002567291259766e+01
5.874999761581420898e-01 -2.893830537796020508e+00 1.158729076385498047e+01
6.000000238418579102e-01 -2.363103151321411133e+00 1.160377025604248047e+01
6.125000119209289551e-01 -1.819351792335510254e+00 1.160888957977294922e+01
6.250000000000000000e-01 -1.263115167617797852e+00 1.159179878234863281e+01
6.374999880790710449e-01 -6.872720122337341309e-01 1.156857299804687500e+01
6.499999761581420898e-01 -8.973444253206253052e-02 1.156814765930175781e+01
6.625000238418579102e-01 5.153521895408630371e-01 1.159517288208007812e+01
6.750000119209289551e-01 1.100977182388305664e+00 1.160622215270996094e+01
6.875000000000000000e-01 1.644856452941894531e+00 1.152844905853271484e+01
6.999999880790710449e-01 2.146159887313842773e+00 1.131077384948730469e+01
7.124999761581420898e-01 2.625478029251098633e+00 1.096487998962402344e+01
7.250000238418579102e-01 3.106957197189331055e+00 1.056015205383300781e+01
7.375000119209289551e-01 3.597850561141967773e+00 1.017752456665039062e+01
7.500000000000000000e-01 4.082710742950439453e+00 9.862474441528320312e+00
7.624999880790710449e-01 4.535527229309082031e+00 9.613826751708984375e+00
7.749999761581420898e-01 4.937295913696289062e+00 9.408841133117675781e+00
7.875000238418579102e-01 5.283751964569091797e+00 9.233683586120605469e+00
8.000000119209289551e-01 5.579476833343505859e+00 9.091028213500976562e+00
8.125000000000000000e-01 5.827506065368652344e+00 8.985639572143554688e+00
8.249999880790710449e-01 6.025324821472167969e+00 8.910974502563476562e+00
8.374999761581420898e-01 6.168942451477050781e+00 8.853385925292968750e+00
8.500000238418579102e-01 6.257885932922363281e+00 8.806674003601074219e+00
8.625000119209289551e-01 6.294714927673339844e+00 8.777581214904785156e+00
8.750000000000000000e-01 6.280589580535888672e+00 8.775282859802246094e+00
8.874999880790710449e-01 6.213339328765869141e+00 8.798439025878906250e+00
8.999999761581420898e-01 6.090798854827880859e+00 8.836626052856445312e+00
9.125000238418579102e-01 5.914998054504394531e+00 8.884924888610839844e+00
9.250000119209289551e-01 5.691369533538818359e+00 8.953188896179199219e+00
9.375000000000000000e-01 5.423494815826416016e+00 9.056733131408691406e+00
9.499999880790710449e-01 5.110270023345947266e+00 9.198108673095703125e+00
9.624999761581420898e-01 4.750280380249023438e+00 9.363034248352050781e+00
9.750000238418579102e-01 4.349197864532470703e+00 9.539266586303710938e+00
9.875000119209289551e-01 3.920611858367919922e+00 9.738961219787597656e+00
1.000000000000000000e+00 3.476417303085327148e+00 9.995339393615722656e+00
1.012500047683715820e+00 3.014890432357788086e+00 1.032824134826660156e+01
1.024999976158142090e+00 2.519662857055664062e+00 1.070831012725830078e+01
1.037500023841857910e+00 1.973818540573120117e+00 1.105817413330078125e+01
1.049999952316284180e+00 1.378105163574218750e+00 1.129786300659179688e+01
1.062500000000000000e+00 7.563378214836120605e-01 1.139908885955810547e+01
1.075000047683715820e+00 1.417236328125000000e-01 1.140167331695556641e+01
1.087499976158142090e+00 -4.445636868476867676e-01 1.137828540802001953e+01
1.100000023841857910e+00 -1.003903746604919434e+00 1.137977409362792969e+01
1.112499952316284180e+00 -1.551516413688659668e+00 1.140816974639892578e+01
1.125000000000000000e+00 -2.097997426986694336e+00 1.143509197235107422e+01
1.137500047683715820e+00 -2.638465166091918945e+00 1.144044971466064453e+01
1.149999976158142090e+00 -3.157634258270263672e+00 1.143200683593750000e+01
1.162500023841857910e+00 -3.643209218978881836e+00 1.143150711059570312e+01
1.174999952316284180e+00 -4.093302249908447266e+00 1.144834613800048828e+01
1.187500000000000000e+00 -4.511772155761718750e+00 1.147086715698242188e+01
1.200000047683715820e+00 -4.898527622222900391e+00 1.148220252990722656e+01
1.212499976158142090e+00 -5.246016502380371094e+00 1.148011493682861328e+01
1.225000023841857910e+00 -5.544953346252441406e+00 1.147820663452148438e+01
1.237499952316284180e+00 -5.791869640350341797e+00 1.148885726928710938e+01
1.250000000000000000e+00 -5.989770889282226562e+00 1.150882530212402344e+01
1.262500047683715820e+00 -6.141714096069335938e+00 1.152390480041503906e+01
1.274999976158142090e+00 -6.245199203491210938e+00 1.152618980407714844e+01
1.287500023841857910e+00 -6.293876171112060547e+00 1.152320289611816406e+01
1.299999952316284180e+00 -6.284263610839843750e+00 1.152846813201904297e+01
1.312500000000000000e+00 -6.219408512115478516e+00 1.154512214660644531e+01
1.325000047683715820e+00 -6.105211734771728516e+00 1.156212615966796875e+01
1.337499976158142090e+00 -5.943883419036865234e+00 1.156753921508789062e+01
1.350000023841857910e+00 -5.732374191284179688e+00 1.156298923492431641e+01
1.362499952316284180e+00 -5.467710494995117188e+00 1.156191921234130859e+01
1.375000000000000000e+00 -5.152894973754882812e+00 1.157333660125732422e+01
1.387500047683715820e+00 -4.796159744262695312e+00 1.159035205841064453e+01
1.399999976158142090e+00 -4.404174804687500000e+00 1.159775829315185547e+01
1.412500023841857910e+00 -3.977214574813842773e+00 1.159045600891113281e+01
1.424999952316284180e+00 -3.512425184249877930e+00 1.158072185516357422e+01
1.437500000000000000e+00 -3.011795759201049805e+00 1.158426094055175781e+01
1.450000047683715820e+00 -2.485228061676025391e+00 1.160023307800292969e+01
1.462499976158142090e+00 -1.943980813026428223e+00 1.160967731475830078e+01
1.475000023841857910e+00 -1.391086101531982422e+00 1.159722518920898438e+01
1.487499952316284180e+00 -8.203104138374328613e-01 1.157279109954833984e+01
1.500000000000000000e+00 -2.271246314048767090e-01 1.156528568267822266e+01
1.512500047683715820e+00 3.783681094646453857e-01 1.158811187744140625e+01
1.524999976158142090e+00 9.708854556083679199e-01 1.160883522033691406e+01
1.537500023841857910e+00 1.525257229804992676e+00 1.155742549896240234e+01
1.549999952316284180e+00 2.035017251968383789e+00 1.137310981750488281e+01
1.562500000000000000e+00 2.516968011856079102e+00 1.105181694030761719e+01
1.575000047683715820e+00 2.996474742889404297e+00 1.065287590026855469e+01
1.587499976158142090e+00 3.485856533050537109e+00 1.025944995880126953e+01
1.600000023841857910e+00 3.974294662475585938e+00 9.927668571472167969e+00
1.612499952316284180e+00 4.436552047729492188e+00 9.665709495544433594e+00
1.625000000000000000e+00 4.850824832916259766e+00 9.452659606933593750e+00
1.637500047683715820e+00 5.209601879119873047e+00 9.270941734313964844e+00
1.649999976158142090e+00 5.516412258148193359e+00 9.120244026184082031e+00
1.662500023841857910e+00 5.775335788726806641e+00 9.006473541259765625e+00
1.674999952316284180e+00 5.984977245330810547e+00 8.925985336303710938e+00
1.687500000000000000e+00 6.141132354736328125e+00 8.865532875061035156e+00
1.700000047683715820e+00 6.242335319519042969e+00 8.816147804260253906e+00
1.712499976158142090e+00 6.290798187255859375e+00 8.782070159912109375e+00
1.725000023841857910e+00 6.288355827331542969e+00 8.773303985595703125e+00
1.737499952316284180e+00 6.233465194702148438e+00 8.791443824768066406e+00
1.750000000000000000e+00 6.123508930206298828e+00 8.827098846435546875e+00
1.762500047683715820e+00 5.959400177001953125e+00 8.872752189636230469e+00
1.774999976158142090e+00 5.746181011199951172e+00 8.935025215148925781e+00
1.787500023841857910e+00 5.488317012786865234e+00 9.029624938964843750e+00
1.799999952316284180e+00 5.185648918151855469e+00 9.163205146789550781e+00
1.812500000000000000e+00 4.836143493652343750e+00 9.324359893798828125e+00
1.825000047683715820e+00 4.443411350250244141e+00 9.498033523559570312e+00
1.837499976158142090e+00 4.019756793975830078e+00 9.689849853515625000e+00
1.850000023841857910e+00 3.578644037246704102e+00 9.930403709411621094e+00
1.862499952316284180e+00 3.122103691101074219e+00 1.024637031555175781e+01
1.875000000000000000e+00 2.636328697204589844e+00 1.062125301361083984e+01
1.887500047683715820e+00 2.102792501449584961e+00 1.098589420318603516e+01
1.899999976158142090e+00 1.517065286636352539e+00 1.125564098358154297e+01
1.912500023841857910e+00 8.982952237129211426e-01 1.138707351684570312e+01
1.924999952316284180e+00 2.794615328311920166e-01 1.140599250793457031e+01
1.937500000000000000e+00 -3.139511048793792725e-01 1.138250637054443359e+01
1.950000047683715820e+00 -8.782987594604492188e-01 1.137639999389648438e+01
1.962499976158142090e+00 -1.427203416824340820e+00 1.140068626403808594e+01
1.975000023841857910e+00 -1.973784923553466797e+00 1.143056201934814453e+01
1.987499952316284180e+00 -2.516792058944702148e+00 1.144113540649414062e+01
2.000000000000000000e+00 -3.042196035385131836e+00 1.143397998809814453e+01
