0.000000000000000000e+00 6.270398616790771484e+00 8.798397064208984375e+00
1.250000018626451492e-02 6.295822143554687500e+00 8.774669647216796875e+00
2.500000037252902985e-02 6.269705295562744141e+00 8.778779029846191406e+00
3.750000149011611938e-02 6.189421176910400391e+00 8.806489944458007812e+00
5.000000074505805969e-02 6.053502082824707031e+00 8.847106933593750000e+00
6.250000000000000000e-02 5.865110874176025391e+00 8.898951530456542969e+00
7.500000298023223877e-02 5.629813194274902344e+00 8.974801063537597656e+00
8.749999850988388062e-02 5.350099563598632812e+00 9.088510513305664062e+00
1.000000014901161194e-01 5.024115562438964844e+00 9.237920761108398438e+00
1.124999970197677612e-01 4.651608943939208984e+00 9.406712532043457031e+00
1.250000000000000000e-01 4.240678310394287109e+00 9.587203979492187500e+00
1.375000029802322388e-01 3.805854558944702148e+00 9.798840522766113281e+00
1.500000059604644775e-01 3.356526613235473633e+00 1.007574558258056641e+01
1.624999940395355225e-01 2.886517763137817383e+00 1.042744064331054688e+01
1.749999970197677612e-01 2.377279520034790039e+00 1.080925750732421875e+01
1.875000000000000000e-01 1.814944863319396973e+00 1.113667678833007812e+01
2.000000029802322388e-01 1.206875920295715332e+00 1.133867454528808594e+01
2.125000059604644775e-01 5.817712545394897461e-01 1.140634250640869141e+01
2.249999940395355225e-01 -2.816730923950672150e-02 1.139436244964599609e+01
2.374999970197677612e-01 -6.076956391334533691e-01 1.137495422363281250e+01
2.500000000000000000e-01 -1.163799285888671875e+00 1.138607120513916016e+01
2.624999880790710449e-01 -1.712387561798095703e+00 1.141736984252929688e+01
2.750000059604644775e-01 -2.260056495666503906e+00 1.143887519836425781e+01
2.874999940395355225e-01 -2.797625303268432617e+00 1.143817520141601562e+01
3.000000119209289551e-01 -3.309169530868530273e+00 1.142997646331787109e+01
3.125000000000000000e-01 -3.785212993621826172e+00 1.143488407135009766e+01
3.249999880790710449e-01 -4.226572990417480469e+00 1.145549678802490234e+01
3.375000059604644775e-01 -4.636852741241455078e+00 1.147599601745605469e+01
3.499999940395355225e-01 -5.013506412506103516e+00 1.148242568969726562e+01
3.625000119209289551e-01 -5.347436428070068359e+00 1.147858524322509766e+01
3.750000000000000000e-01 -5.630518436431884766e+00 1.148003101348876953e+01
3.874999880790710449e-01 -5.861720085144042969e+00 1.149496173858642578e+01
4.000000059604644775e-01 -6.044955730438232422e+00 1.151501750946044922e+01
4.124999940395355225e-01 -6.181797504425048828e+00 1.152602195739746094e+01
4.250000119209289551e-01 -6.267856597900390625e+00 1.152508258819580078e+01
4.375000000000000000e-01 -6.296917915344238281e+00 1.152364921569824219e+01
4.499999880790710449e-01 -6.267647266387939453e+00 1.153335762023925781e+01
4.625000059604644775e-01 -6.184836864471435547e+00 1.155188751220703125e+01
4.749999940395355225e-01 -6.053793907165527344e+00 1.156575679779052734e+01
4.875000119209289551e-01 -5.874670982360839844e+00 1.156665229797363281e+01
5.000000000000000000e-01 -5.643583297729492188e+00 1.156165504455566406e+01
5.124999880790710449e-01 -5.359235286712646484e+00 1.156483364105224609e+01
5.249999761581420898e-01 -5.027071475982666016e+00 1.157993984222412109e+01
5.375000238418579102e-01 -4.655727386474609375e+00 1.159510707855224609e+01
5.500000119209289551e-01 -4.249766826629638672e+00 1.159669971466064453e+01
5.625000000000000000e-01 -3.807488441467285156e+00 1.158638668060302734e+01
5.749999880790710449e-01 -3.326939344406127930e+00 1.158036613464355469e+01
5.874999761581420898e-01 -2.813297748565673828e+00 1.159000778198242188e+01
6.000000238418579102e-01 -2.278283119201660156e+00 1.160620880126953125e+01
6.125000119209289551e-01 -1.730993151664733887e+00 1.160791778564453125e+01
6.250000000000000000e-01 -1.170268058776855469e+00 1.158800220489501953e+01
6.374999880790710449e-01 -5.887066721916198730e-01 1.156666851043701172e+01
6.499999761581420898e-01 1.360750012099742889e-02 1.157179164886474609e+01
6.625000238418579102e-01 6.194662451744079590e-01 1.160057067871093750e+01
6.750000119209289551e-01 1.200897812843322754e+00 1.160143184661865234e+01
6.875000000000000000e-01 1.738254666328430176e+00 1.150062942504882812e+01
6.999999880790710449e-01 2.235154390335083008e+00 1.125594329833984375e+01
7.124999761581420898e-01 2.714749574661254883e+00 1.089169502258300781e+01
7.250000238418579102e-01 3.199625968933105469e+00 1.048424339294433594e+01
7.375000119209289551e-01 3.692680120468139648e+00 1.011138725280761719e+01
7.500000000000000000e-01 4.174929141998291016e+00 9.809496879577636719e+00
7.624999880790710449e-01 4.620205402374267578e+00 9.570483207702636719e+00
7.749999761581420898e-01 5.012082576751708984e+00 9.371248245239257812e+00
7.875000238418579102e-01 5.348831176757812500e+00 9.201540946960449219e+00
8.000000119209289551e-01 5.635513782501220703e+00 9.066035270690917969e+00
8.125000000000000000e-01 5.874045848846435547e+00 8.967774391174316406e+00
8.249999880790710449e-01 6.061071395874023438e+00 8.897648811340332031e+00
8.374999761581420898e-01 6.193037033081054688e+00 8.842281341552734375e+00
8.500000238418579102e-01 6.270395755767822266e+00 8.798399925231933594e+00
8.625000119209289551e-01 6.295822143554687500e+00 8.774670600891113281e+00
8.750000000000000000e-01 6.269708633422851562e+00 8.778778076171875000e+00
8.874999880790710449e-01 6.189427375793457031e+00 8.806488037109375000e+00
8.999999761581420898e-01 6.053511142730712891e+00 8.847105026245117188e+00
9.125000238418579102e-01 5.865123271942138672e+00 8.898947715759277344e+00
9.250000119209289551e-01 5.629827976226806641e+00 8.974795341491699219e+00
9.375000000000000000e-01 5.350117206573486328e+00 9.088502883911132812e+00
9.499999880790710449e-01 5.024135589599609375e+00 9.237911224365234375e+00
9.624999761581420898e-01 4.651631832122802734e+00 9.406702041625976562e+00
9.750000238418579102e-01 4.240702629089355469e+00 9.587193489074707031e+00
9.875000119209289551e-01 3.805880069732666016e+00 9.798827171325683594e+00
1.000000000000000000e+00 3.356552839279174805e+00 1.007572746276855469e+01
1.012500047683715820e+00 2.886545658111572266e+00 1.042741966247558594e+01
1.024999976158142090e+00 2.377310276031494141e+00 1.080923652648925781e+01
1.037500023841857910e+00 1.814978599548339844e+00 1.113666152954101562e+01
1.049999952316284180e+00 1.206911683082580566e+00 1.133866786956787109e+01
1.062500000000000000e+00 5.818070173263549805e-01 1.140634155273437500e+01
1.075000047683715820e+00 -2.813312038779258728e-02 1.139436435699462891e+01
1.087499976158142090e+00 -6.076631546020507812e-01 1.137495422363281250e+01
1.100000023841857910e+00 -1.163767695426940918e+00 1.138607025146484375e+01
1.112499952316284180e+00 -1.712356090545654297e+00 1.141736793518066406e+01
1.125000000000000000e+00 -2.260025262832641602e+00 1.143887424468994141e+01
1.137500047683715820e+00 -2.797595024108886719e+00 1.143817615509033203e+01
1.149999976158142090e+00 -3.309141159057617188e+00 1.142997741699218750e+01
1.162500023841857910e+00 -3.785186529159545898e+00 1.143488311767578125e+01
1.174999952316284180e+00 -4.226548671722412109e+00 1.145549583435058594e+01
1.187500000000000000e+00 -4.636830329895019531e+00 1.147599506378173828e+01
1.200000047683715820e+00 -5.013485908508300781e+00 1.148242568969726562e+01
1.212499976158142090e+00 -5.347418308258056641e+00 1.147858619689941406e+01
1.225000023841857910e+00 -5.630503654479980469e+00 1.148003005981445312e+01
1.237499952316284180e+00 -5.861708164215087891e+00 1.149496078491210938e+01
1.250000000000000000e+00 -6.044946670532226562e+00 1.151501655578613281e+01
1.262500047683715820e+00 -6.181791305541992188e+00 1.152602195739746094e+01
1.274999976158142090e+00 -6.267853260040283203e+00 1.152508354187011719e+01
1.287500023841857910e+00 -6.296917915344238281e+00 1.152364921569824219e+01
1.299999952316284180e+00 -6.267650604248046875e+00 1.153335666656494141e+01
1.312500000000000000e+00 -6.184843063354492188e+00 1.155188655853271484e+01
1.325000047683715820e+00 -6.053802490234375000e+00 1.156575584411621094e+01
1.337499976158142090e+00 -5.874682903289794922e+00 1.156665229797363281e+01
1.350000023841857910e+00 -5.643598079681396484e+00 1.156165599822998047e+01
1.362499952316284180e+00 -5.359252929687500000e+00 1.156483364105224609e+01
1.375000000000000000e+00 -5.027091503143310547e+00 1.157993888854980469e+01
1.387500047683715820e+00 -4.655749797821044922e+00 1.159510612487792969e+01
1.399999976158142090e+00 -4.249791145324707031e+00 1.159670066833496094e+01
1.412500023841857910e+00 -3.807514905929565430e+00 1.158638763427734375e+01
1.424999952316284180e+00 -3.326967954635620117e+00 1.158036613464355469e+01
1.437500000000000000e+00 -2.813328027725219727e+00 1.159000682830810547e+01
1.450000047683715820e+00 -2.278314113616943359e+00 1.160620784759521484e+01
1.462499976158142090e+00 -1.731024980545043945e+00 1.160791778564453125e+01
1.475000023841857910e+00 -1.170300722122192383e+00 1.158800411224365234e+01
1.487499952316284180e+00 -5.887407660484313965e-01 1.156666946411132812e+01
1.500000000000000000e+00 1.357255969196557999e-02 1.157178974151611328e+01
1.512500047683715820e+00 6.194318532943725586e-01 1.160056972503662109e+01
1.524999976158142090e+00 1.200865626335144043e+00 1.160143470764160156e+01
1.537500023841857910e+00 1.738225102424621582e+00 1.150063896179199219e+01
1.549999952316284180e+00 2.235126733779907227e+00 1.125596141815185547e+01
1.562500000000000000e+00 2.714721918106079102e+00 1.089171791076660156e+01
1.575000047683715820e+00 3.199597597122192383e+00 1.048426628112792969e+01
1.587499976158142090e+00 3.692651987075805664e+00 1.011140632629394531e+01
1.600000023841857910e+00 4.174902439117431641e+00 9.809512138366699219e+00
1.612499952316284180e+00 4.620181083679199219e+00 9.570495605468750000e+00
1.625000000000000000e+00 5.012061595916748047e+00 9.371258735656738281e+00
1.637500047683715820e+00 5.348813056945800781e+00 9.201550483703613281e+00
1.649999976158142090e+00 5.635498523712158203e+00 9.066041946411132812e+00
1.662500023841857910e+00 5.874033927917480469e+00 8.967779159545898438e+00
1.674999952316284180e+00 6.061062335968017578e+00 8.897651672363281250e+00
1.687500000000000000e+00 6.193031311035156250e+00 8.842284202575683594e+00
1.700000047683715820e+00 6.270392894744873047e+00 8.798401832580566406e+00
1.712499976158142090e+00 6.295822143554687500e+00 8.774670600891113281e+00
1.725000023841857910e+00 6.269711494445800781e+00 8.778777122497558594e+00
1.737499952316284180e+00 6.189433574676513672e+00 8.806486129760742188e+00
1.750000000000000000e+00 6.053520679473876953e+00 8.847102165222167969e+00
1.762500047683715820e+00 5.865135192871093750e+00 8.898944854736328125e+00
1.774999976158142090e+00 5.629842758178710938e+00 8.974790573120117188e+00
1.787500023841857910e+00 5.350134372711181641e+00 9.088494300842285156e+00
1.799999952316284180e+00 5.024156093597412109e+00 9.237901687622070312e+00
1.812500000000000000e+00 4.651654243469238281e+00 9.406692504882812500e+00
1.825000047683715820e+00 4.240726947784423828e+00 9.587182044982910156e+00
1.837499976158142090e+00 3.805905342102050781e+00 9.798812866210937500e+00
1.850000023841857910e+00 3.356579065322875977e+00 1.007570934295654297e+01
1.862499952316284180e+00 2.886573553085327148e+00 1.042739772796630859e+01
1.875000000000000000e+00 2.377340793609619141e+00 1.080921554565429688e+01
1.887500047683715820e+00 1.815012454986572266e+00 1.113664531707763672e+01
1.899999976158142090e+00 1.206947445869445801e+00 1.133866024017333984e+01
1.912500023841857910e+00 5.818427205085754395e-01 1.140634059906005859e+01
1.924999952316284180e+00 -2.809892967343330383e-02 1.139436531066894531e+01
1.937500000000000000e+00 -6.076307296752929688e-01 1.137495422363281250e+01
1.950000047683715820e+00 -1.163736104965209961e+00 1.138606834411621094e+01
1.962499976158142090e+00 -1.712324619293212891e+00 1.141736602783203125e+01
1.975000023841857910e+00 -2.259993791580200195e+00 1.143887329101562500e+01
1.987499952316284180e+00 -2.797564744949340820e+00 1.143817615509033203e+01
2.000000000000000000e+00 -3.309112787246704102e+00 1.142997741699218750e+01
