0.000000000000000000e+00 6.270050048828125000e+00 8.798605918884277344e+00
1.250000018626451492e-02 6.295632839202880859e+00 8.774718284606933594e+00
2.500000037252902985e-02 6.269336223602294922e+00 8.778843879699707031e+00
3.750000149011611938e-02 6.188509941101074219e+00 8.806703567504882812e+00
5.000000074505805969e-02 6.051684379577636719e+00 8.847521781921386719e+00
6.250000000000000000e-02 5.862084388732910156e+00 8.899714469909667969e+00
7.500000298023223877e-02 5.625323295593261719e+00 8.976280212402343750e+00
8.749999850988388062e-02 5.343853473663330078e+00 9.091057777404785156e+00
1.000000014901161194e-01 5.015769481658935547e+00 9.241530418395996094e+00
1.124999970197677612e-01 4.640941143035888672e+00 9.411158561706542969e+00
1.250000000000000000e-01 4.227771282196044922e+00 9.592730522155761719e+00
1.375000029802322388e-01 3.790975809097290039e+00 9.806595802307128906e+00
1.500000059604644775e-01 3.339669227600097656e+00 1.008703041076660156e+01
1.624999940395355225e-01 2.867042541503906250e+00 1.044204521179199219e+01
1.749999970197677612e-01 2.354168176651000977e+00 1.082448005676269531e+01
1.875000000000000000e-01 1.787634611129760742e+00 1.114845085144042969e+01
2.000000029802322388e-01 1.175953745841979980e+00 1.134430313110351562e+01
2.125000059604644775e-01 5.487754940986633301e-01 1.140651798248291016e+01
2.249999940395355225e-01 -6.179518997669219971e-02 1.139250564575195312e+01
2.374999970197677612e-01 -6.415881514549255371e-01 1.137435245513916016e+01
2.500000000000000000e-01 -1.198641777038574219e+00 1.138744354248046875e+01
2.624999880790710449e-01 -1.748924493789672852e+00 1.141905117034912109e+01
2.750000059604644775e-01 -2.298112154006958008e+00 1.143915557861328125e+01
2.874999940395355225e-01 -2.836083650588989258e+00 1.143722629547119141e+01
3.000000119209289551e-01 -3.346839427947998047e+00 1.142943572998046875e+01
3.125000000000000000e-01 -3.821602821350097656e+00 1.143582820892333984e+01
3.249999880790710449e-01 -4.261773109436035156e+00 1.145722007751464844e+01
3.375000059604644775e-01 -4.670746803283691406e+00 1.147693634033203125e+01
3.499999940395355225e-01 -5.045268058776855469e+00 1.148207187652587891e+01
3.625000119209289551e-01 -5.375885486602783203e+00 1.147807216644287109e+01
3.750000000000000000e-01 -5.654890537261962891e+00 1.148074340820312500e+01
3.874999880790710449e-01 -5.881931781768798828e+00 1.149684715270996094e+01
4.000000059604644775e-01 -6.061061382293701172e+00 1.151662826538085938e+01
4.124999940395355225e-01 -6.193297386169433594e+00 1.152627277374267578e+01
4.250000119209289551e-01 -6.273712635040283203e+00 1.152460193634033203e+01
4.375000000000000000e-01 -6.296278476715087891e+00 1.152405357360839844e+01
4.499999880790710449e-01 -6.260418415069580078e+00 1.153526687622070312e+01
4.625000059604644775e-01 -6.171396255493164062e+00 1.155408668518066406e+01
4.749999940395355225e-01 -6.034164905548095703e+00 1.156659984588623047e+01
4.875000119209289551e-01 -5.848168849945068359e+00 1.156610488891601562e+01
5.000000000000000000e-01 -5.609412670135498047e+00 1.156145381927490234e+01
5.124999880790710449e-01 -5.317367076873779297e+00 1.156640720367431641e+01
5.249999761581420898e-01 -4.978313922882080078e+00 1.158252620697021484e+01
5.375000238418579102e-01 -4.600822925567626953e+00 1.159646987915039062e+01
5.500000119209289551e-01 -4.188566684722900391e+00 1.159583759307861328e+01
5.625000000000000000e-01 -3.739282369613647461e+00 1.158499717712402344e+01
5.749999880790710449e-01 -3.251682996749877930e+00 1.158100700378417969e+01
5.874999761581420898e-01 -2.732272148132324219e+00 1.159280681610107422e+01
6.000000238418579102e-01 -2.193189859390258789e+00 1.160815811157226562e+01
6.125000119209289551e-01 -1.642315149307250977e+00 1.160622501373291016e+01
6.250000000000000000e-01 -1.076857686042785645e+00 1.158404827117919922e+01
6.374999880790710449e-01 -4.895239472389221191e-01 1.156547832489013672e+01
6.499999761581420898e-01 1.170923635363578796e-01 1.157615184783935547e+01
6.625000238418579102e-01 7.228434085845947266e-01 1.160510158538818359e+01
6.750000119209289551e-01 1.299384713172912598e+00 1.159330272674560547e+01
6.875000000000000000e-01 1.830261230468750000e+00 1.146789073944091797e+01
6.999999880790710449e-01 2.323511838912963867e+00 1.119688510894775391e+01
7.124999761581420898e-01 2.804195642471313477e+00 1.081694221496582031e+01
7.250000238418579102e-01 3.292606115341186523e+00 1.040963459014892578e+01
7.375000119209289551e-01 3.787111997604370117e+00 1.004793357849121094e+01
7.500000000000000000e-01 4.265702247619628906e+00 9.758859634399414062e+00
7.624999880790710449e-01 4.702730178833007812e+00 9.528533935546875000e+00
7.749999761581420898e-01 5.084598064422607422e+00 9.334682464599609375e+00
7.875000238418579102e-01 5.411805152893066406e+00 9.170744895935058594e+00
8.000000119209289551e-01 5.689458370208740234e+00 9.042626380920410156e+00
8.125000000000000000e-01 5.918247222900390625e+00 8.951106071472167969e+00
8.249999880790710449e-01 6.094217777252197266e+00 8.884873390197753906e+00
8.374999761581420898e-01 6.214477539062500000e+00 8.831579208374023438e+00
8.500000238418579102e-01 6.280322551727294922e+00 8.791030883789062500e+00
8.625000119209289551e-01 6.294293880462646484e+00 8.773139953613281250e+00
8.750000000000000000e-01 6.255957603454589844e+00 8.783449172973632812e+00
8.874999880790710449e-01 6.162467002868652344e+00 8.815093994140625000e+00
8.999999761581420898e-01 6.013273715972900391e+00 8.858039855957031250e+00
9.125000238418579102e-01 5.812561511993408203e+00 8.914245605468750000e+00
9.250000119209289551e-01 5.565681934356689453e+00 8.998620986938476562e+00
9.375000000000000000e-01 5.273923397064208984e+00 9.122410774230957031e+00
9.499999880790710449e-01 4.935058116912841797e+00 9.278771400451660156e+00
9.624999761581420898e-01 4.550487995147705078e+00 9.450862884521484375e+00
9.750000238418579102e-01 4.130668163299560547e+00 9.636967658996582031e+00
9.875000119209289551e-01 3.690273284912109375e+00 9.863101005554199219e+00
1.000000000000000000e+00 3.235365629196166992e+00 1.016144466400146484e+01
1.012500047683715820e+00 2.755441188812255859e+00 1.052879142761230469e+01
1.024999976158142090e+00 2.231013536453247070e+00 1.090595245361328125e+01
1.037500023841857910e+00 1.652616381645202637e+00 1.120528697967529297e+01
1.049999952316284180e+00 1.034377574920654297e+00 1.136875057220458984e+01
1.062500000000000000e+00 4.085308313369750977e-01 1.140723896026611328e+01
1.075000047683715820e+00 -1.954473406076431274e-01 1.138667201995849609e+01
1.087499976158142090e+00 -7.687994241714477539e-01 1.137438678741455078e+01
1.100000023841857910e+00 -1.323055028915405273e+00 1.139407253265380859e+01
1.112499952316284180e+00 -1.873199582099914551e+00 1.142546081542968750e+01
1.125000000000000000e+00 -2.421182632446289062e+00 1.144039535522460938e+01
1.137500047683715820e+00 -2.954314947128295898e+00 1.143510818481445312e+01
1.149999976158142090e+00 -3.457293272018432617e+00 1.142922019958496094e+01
1.162500023841857910e+00 -3.923872947692871094e+00 1.143978691101074219e+01
1.174999952316284180e+00 -4.356847286224365234e+00 1.146250629425048828e+01
1.187500000000000000e+00 -4.758630275726318359e+00 1.147948741912841797e+01
1.200000047683715820e+00 -5.124144554138183594e+00 1.148143100738525391e+01
1.212499976158142090e+00 -5.443550109863281250e+00 1.147758483886718750e+01
1.225000023841857910e+00 -5.710585594177246094e+00 1.148332595825195312e+01
1.237499952316284180e+00 -5.926446437835693359e+00 1.150156307220458984e+01
1.250000000000000000e+00 -6.095121383666992188e+00 1.152001285552978516e+01
1.262500047683715820e+00 -6.216242790222167969e+00 1.152658176422119141e+01
1.274999976158142090e+00 -6.284004211425781250e+00 1.152383708953857422e+01
1.287500023841857910e+00 -6.293161392211914062e+00 1.152544021606445312e+01
1.299999952316284180e+00 -6.244724273681640625e+00 1.153930377960205078e+01
1.312500000000000000e+00 -6.144536018371582031e+00 1.155793571472167969e+01
1.325000047683715820e+00 -5.996552467346191406e+00 1.156753921508789062e+01
1.337499976158142090e+00 -5.798978328704833984e+00 1.156486988067626953e+01
1.350000023841857910e+00 -5.547986984252929688e+00 1.156139278411865234e+01
1.362499952316284180e+00 -5.244573116302490234e+00 1.156937885284423828e+01
1.375000000000000000e+00 -4.896168708801269531e+00 1.158647441864013672e+01
1.387500047683715820e+00 -4.510767936706542969e+00 1.159776401519775391e+01
1.399999976158142090e+00 -4.090456962585449219e+00 1.159375286102294922e+01
1.412500023841857910e+00 -3.632417440414428711e+00 1.158288860321044922e+01
1.424999952316284180e+00 -3.136750459671020508e+00 1.158239173889160156e+01
1.437500000000000000e+00 -2.611810684204101562e+00 1.159675598144531250e+01
1.450000047683715820e+00 -2.069730520248413086e+00 1.160978889465332031e+01
1.462499976158142090e+00 -1.516160607337951660e+00 1.160248947143554688e+01
1.475000023841857910e+00 -9.462817907333374023e-01 1.157836532592773438e+01
1.487499952316284180e+00 -3.537532985210418701e-01 1.156491851806640625e+01
1.500000000000000000e+00 2.549938857555389404e-01 1.158253860473632812e+01
1.512500047683715820e+00 8.565315008163452148e-01 1.160877227783203125e+01
1.524999976158142090e+00 1.423398256301879883e+00 1.157705116271972656e+01
1.537500023841857910e+00 1.944197535514831543e+00 1.141918945312500000e+01
1.549999952316284180e+00 2.432208299636840820e+00 1.111804676055908203e+01
1.562500000000000000e+00 2.913482904434204102e+00 1.072421455383300781e+01
1.575000047683715820e+00 3.404312849044799805e+00 1.032215309143066406e+01
1.587499976158142090e+00 3.897596120834350586e+00 9.976334571838378906e+00
1.600000023841857910e+00 4.368784904479980469e+00 9.702614784240722656e+00
1.612499952316284180e+00 4.793961048126220703e+00 9.482113838195800781e+00
1.625000000000000000e+00 5.163084030151367188e+00 9.294909477233886719e+00
1.637500047683715820e+00 5.478718757629394531e+00 9.138453483581542969e+00
1.649999976158142090e+00 5.745504856109619141e+00 9.019000053405761719e+00
1.662500023841857910e+00 5.962771415710449219e+00 8.934482574462890625e+00
1.674999952316284180e+00 6.126266479492187500e+00 8.871953010559082031e+00
1.687500000000000000e+00 6.233997821807861328e+00 8.821027755737304688e+00
1.700000047683715820e+00 6.287964344024658203e+00 8.784633636474609375e+00
1.712499976158142090e+00 6.290299415588378906e+00 8.773061752319335938e+00
1.725000023841857910e+00 6.239755153656005859e+00 8.789160728454589844e+00
1.737499952316284180e+00 6.133559703826904297e+00 8.824003219604492188e+00
1.750000000000000000e+00 5.972229003906250000e+00 8.869171142578125000e+00
1.762500047683715820e+00 5.760704517364501953e+00 8.930230140686035156e+00
1.774999976158142090e+00 5.503770351409912109e+00 9.023059844970703125e+00
1.787500023841857910e+00 5.201575279235839844e+00 9.155478477478027344e+00
1.799999952316284180e+00 4.851972103118896484e+00 9.316746711730957031e+00
1.812500000000000000e+00 4.458214282989501953e+00 9.491148948669433594e+00
1.825000047683715820e+00 4.032552719116210938e+00 9.683208465576171875e+00
1.837499976158142090e+00 3.588907241821289062e+00 9.923444747924804688e+00
1.850000023841857910e+00 3.129829406738281250e+00 1.023963546752929688e+01
1.862499952316284180e+00 2.641526222229003906e+00 1.061617183685302734e+01
1.875000000000000000e+00 2.104998588562011719e+00 1.098332309722900391e+01
1.887500047683715820e+00 1.515483140945434570e+00 1.125488090515136719e+01
1.899999976158142090e+00 8.924261927604675293e-01 1.138657665252685547e+01
1.912500023841857910e+00 2.694968581199645996e-01 1.140494823455810547e+01
1.924999952316284180e+00 -3.274451494216918945e-01 1.138146400451660156e+01
1.937500000000000000e+00 -8.950230479240417480e-01 1.137625122070312500e+01
1.950000047683715820e+00 -1.447320699691772461e+00 1.140132617950439453e+01
1.962499976158142090e+00 -1.997431993484497070e+00 1.143091106414794922e+01
1.975000023841857910e+00 -2.543505668640136719e+00 1.144049453735351562e+01
1.987499952316284180e+00 -3.070963859558105469e+00 1.143297481536865234e+01
2.000000000000000000e+00 -3.565847873687744141e+00 1.142994785308837891e+01
