0.000000000000000000e+00 6.269701004028320312e+00 8.798900604248046875e+00
1.250000018626451492e-02 6.295444011688232422e+00 8.774853706359863281e+00
2.500000037252902985e-02 6.268966674804687500e+00 8.778995513916015625e+00
3.750000149011611938e-02 6.187596321105957031e+00 8.807005882263183594e+00
5.000000074505805969e-02 6.049861907958984375e+00 8.848025321960449219e+00
6.250000000000000000e-02 5.859049320220947266e+00 8.900570869445800781e+00
7.500000298023223877e-02 5.620821475982666016e+00 8.977859497070312500e+00
8.749999850988388062e-02 5.337589263916015625e+00 9.093708992004394531e+00
1.000000014901161194e-01 5.007398605346679688e+00 9.245243072509765625e+00
1.124999970197677612e-01 4.630247116088867188e+00 9.415704727172851562e+00
1.250000000000000000e-01 4.214844703674316406e+00 9.598379135131835938e+00
1.375000029802322388e-01 3.776083946228027344e+00 9.814517021179199219e+00
1.500000059604644775e-01 3.322788953781127930e+00 1.009850692749023438e+01
1.624999940395355225e-01 2.847509622573852539e+00 1.045678234100341797e+01
1.749999970197677612e-01 2.330960750579833984e+00 1.083967876434326172e+01
1.875000000000000000e-01 1.760226249694824219e+00 1.116003608703613281e+01
2.000000029802322388e-01 1.144988656044006348e+00 1.134970092773437500e+01
2.125000059604644775e-01 5.158210396766662598e-01 1.140659427642822266e+01
2.249999940395355225e-01 -9.532915800809860229e-02 1.139076232910156250e+01
2.374999970197677612e-01 -6.754016876220703125e-01 1.137398338317871094e+01
2.500000000000000000e-01 -1.233458518981933594e+00 1.138899421691894531e+01
2.624999880790710449e-01 -1.785456180572509766e+00 1.142077350616455078e+01
2.750000059604644775e-01 -2.336110353469848633e+00 1.143942356109619141e+01
2.874999940395355225e-01 -2.874390840530395508e+00 1.143635559082031250e+01
3.000000119209289551e-01 -3.384293317794799805e+00 1.142909908294677734e+01
3.125000000000000000e-01 -3.857770919799804688e+00 1.143698596954345703e+01
3.249999880790710449e-01 -4.296759605407714844e+00 1.145903491973876953e+01
3.375000059604644775e-01 -4.704385280609130859e+00 1.147786617279052734e+01
3.499999940395355225e-01 -5.076674461364746094e+00 1.148175239562988281e+01
3.625000119209289551e-01 -5.403882503509521484e+00 1.147774028778076172e+01
3.750000000000000000e-01 -5.678776741027832031e+00 1.148171043395996094e+01
3.874999880790710449e-01 -5.901669979095458984e+00 1.149888324737548828e+01
4.000000059604644775e-01 -6.076674461364746094e+00 1.151822948455810547e+01
4.124999940395355225e-01 -6.204213142395019531e+00 1.152649784088134766e+01
4.250000119209289551e-01 -6.278869628906250000e+00 1.152425575256347656e+01
4.375000000000000000e-01 -6.294888973236083984e+00 1.152474212646484375e+01
4.499999880790710449e-01 -6.252472877502441406e+00 1.153740596771240234e+01
4.625000059604644775e-01 -6.157274246215820312e+00 1.155629825592041016e+01
4.749999940395355225e-01 -6.013806343078613281e+00 1.156733894348144531e+01
4.875000119209289551e-01 -5.820824623107910156e+00 1.156560230255126953e+01
5.000000000000000000e-01 -5.574340820312500000e+00 1.156155109405517578e+01
5.124999880790710449e-01 -5.274668216705322266e+00 1.156831741333007812e+01
5.249999761581420898e-01 -4.928853988647460938e+00 1.158518028259277344e+01
5.375000238418579102e-01 -4.545256137847900391e+00 1.159762763977050781e+01
5.500000119209289551e-01 -4.126615047454833984e+00 1.159485435485839844e+01
5.625000000000000000e-01 -3.670248270034790039e+00 1.158388328552246094e+01
5.749999880790710449e-01 -3.175707817077636719e+00 1.158215713500976562e+01
5.874999761581420898e-01 -2.650797605514526367e+00 1.159581470489501953e+01
6.000000238418579102e-01 -2.107836961746215820e+00 1.160974884033203125e+01
6.125000119209289551e-01 -1.553285121917724609e+00 1.160405635833740234e+01
6.250000000000000000e-01 -9.828517436981201172e-01 1.158028888702392578e+01
6.374999880790710449e-01 -3.897632956504821777e-01 1.156529331207275391e+01
6.499999761581420898e-01 2.205897122621536255e-01 1.158127021789550781e+01
6.625000238418579102e-01 8.253372907638549805e-01 1.160856533050537109e+01
6.750000119209289551e-01 1.396391630172729492e+00 1.158165836334228516e+01
6.875000000000000000e-01 1.920978665351867676e+00 1.143040370941162109e+01
6.999999880790710449e-01 2.411404132843017578e+00 1.113419723510742188e+01
7.124999761581420898e-01 2.893909692764282227e+00 1.074139976501464844e+01
7.250000238418579102e-01 3.385824203491210938e+00 1.033691024780273438e+01
7.375000119209289551e-01 3.880956411361694336e+00 9.987378120422363281e+00
7.500000000000000000e-01 4.354860305786132812e+00 9.710547447204589844e+00
7.624999880790710449e-01 4.783051013946533203e+00 9.488013267517089844e+00
7.749999761581420898e-01 5.154884338378906250e+00 9.299345970153808594e+00
7.875000238418579102e-01 5.472713947296142578e+00 9.141551017761230469e+00
8.000000119209289551e-01 5.741290569305419922e+00 9.020940780639648438e+00
8.125000000000000000e-01 5.960060596466064453e+00 8.935661315917968750e+00
8.249999880790710449e-01 6.124750137329101562e+00 8.872724533081054688e+00
8.374999761581420898e-01 6.233294963836669922e+00 8.821517944335937500e+00
8.500000238418579102e-01 6.287689685821533203e+00 8.784875869750976562e+00
8.625000119209289551e-01 6.290106296539306641e+00 8.773177146911621094e+00
8.750000000000000000e-01 6.239299774169921875e+00 8.789330482482910156e+00
8.874999880790710449e-01 6.132472515106201172e+00 8.824331283569335938e+00
8.999999761581420898e-01 5.970163345336914062e+00 8.869728088378906250e+00
9.125000238418579102e-01 5.757378101348876953e+00 8.931250572204589844e+00
9.250000119209289551e-01 5.498917579650878906e+00 9.024932861328125000e+00
9.375000000000000000e-01 5.194871902465820312e+00 9.158417701721191406e+00
9.499999880790710449e-01 4.843101978302001953e+00 9.320607185363769531e+00
9.624999761581420898e-01 4.447078227996826172e+00 9.495843887329101562e+00
9.750000238418579102e-01 4.019340991973876953e+00 9.689393043518066406e+00
9.875000119209289551e-01 3.573806524276733398e+00 9.932465553283691406e+00
1.000000000000000000e+00 3.112550258636474609e+00 1.025225639343261719e+01
1.012500047683715820e+00 2.621191501617431641e+00 1.063103675842285156e+01
1.024999976158142090e+00 2.080713987350463867e+00 1.099690055847167969e+01
1.037500023841857910e+00 1.487199544906616211e+00 1.126351833343505859e+01
1.049999952316284180e+00 8.612558245658874512e-01 1.138916587829589844e+01
1.062500000000000000e+00 2.370417267084121704e-01 1.140373611450195312e+01
1.075000047683715820e+00 -3.602289557456970215e-01 1.138010501861572266e+01
1.087499976158142090e+00 -9.283689260482788086e-01 1.137684154510498047e+01
1.100000023841857910e+00 -1.482074618339538574e+00 1.140317916870117188e+01
1.112499952316284180e+00 -2.033932685852050781e+00 1.143205070495605469e+01
1.125000000000000000e+00 -2.581034898757934570e+00 1.144009113311767578e+01
1.137500047683715820e+00 -3.108257293701171875e+00 1.143214511871337891e+01
1.149999976158142090e+00 -3.602043151855468750e+00 1.143026638031005859e+01
1.162500023841857910e+00 -4.059416770935058594e+00 1.144604492187500000e+01
1.174999952316284180e+00 -4.484219074249267578e+00 1.146899986267089844e+01
1.187500000000000000e+00 -4.876923084259033203e+00 1.148147201538085938e+01
1.200000047683715820e+00 -5.230175018310546875e+00 1.147994136810302734e+01
1.212499976158142090e+00 -5.534289360046386719e+00 1.147780704498291016e+01
1.225000023841857910e+00 -5.785326957702636719e+00 1.148818016052246094e+01
1.237499952316284180e+00 -5.986218929290771484e+00 1.150829887390136719e+01
1.250000000000000000e+00 -6.140199661254882812e+00 1.152370357513427734e+01
1.262500047683715820e+00 -6.244801521301269531e+00 1.152613830566406250e+01
1.274999976158142090e+00 -6.293502330780029297e+00 1.152327442169189453e+01
1.287500023841857910e+00 -6.282749176025390625e+00 1.152892303466796875e+01
1.299999952316284180e+00 -6.215759754180908203e+00 1.154599380493164062e+01
1.312500000000000000e+00 -6.098584651947021484e+00 1.156291675567626953e+01
1.325000047683715820e+00 -5.933295726776123047e+00 1.156780052185058594e+01
1.337499976158142090e+00 -5.716610431671142578e+00 1.156311321258544922e+01
1.350000023841857910e+00 -5.445693492889404297e+00 1.156287002563476562e+01
1.362499952316284180e+00 -5.124102115631103516e+00 1.157535934448242188e+01
1.375000000000000000e+00 -4.760466575622558594e+00 1.159230327606201172e+01
1.387500047683715820e+00 -4.361190795898437500e+00 1.159829044342041016e+01
1.399999976158142090e+00 -3.925976514816284180e+00 1.158989429473876953e+01
1.412500023841857910e+00 -3.452030181884765625e+00 1.158109855651855469e+01
1.424999952316284180e+00 -2.942369937896728516e+00 1.158687973022460938e+01
1.437500000000000000e+00 -2.407915115356445312e+00 1.160346412658691406e+01
1.450000047683715820e+00 -1.859608650207519531e+00 1.161023807525634766e+01
1.462499976158142090e+00 -1.298918247222900391e+00 1.159436893463134766e+01
1.475000023841857910e+00 -7.187046408653259277e-01 1.157052326202392578e+01
1.487499952316284180e+00 -1.160531416535377502e-01 1.156857585906982422e+01
1.500000000000000000e+00 4.953827261924743652e-01 1.159530162811279297e+01
1.512500047683715820e+00 1.087963581085205078e+00 1.160792350769042969e+01
1.524999976158142090e+00 1.638168573379516602e+00 1.153180503845214844e+01
1.537500023841857910e+00 2.144536733627319336e+00 1.131352901458740234e+01
1.549999952316284180e+00 2.628148794174194336e+00 1.096442031860351562e+01
1.562500000000000000e+00 3.114027500152587891e+00 1.055574703216552734e+01
1.575000047683715820e+00 3.609594345092773438e+00 1.017047786712646484e+01
1.587499976158142090e+00 4.098653316497802734e+00 9.854372024536132812e+00
1.600000023841857910e+00 4.554344177246093750e+00 9.605162620544433594e+00
1.612499952316284180e+00 4.957509994506835938e+00 9.399475097656250000e+00
1.625000000000000000e+00 5.304320335388183594e+00 9.224088668823242188e+00
1.637500047683715820e+00 5.599627494812011719e+00 9.082423210144042969e+00
1.649999976158142090e+00 5.846199989318847656e+00 8.978796005249023438e+00
1.662500023841857910e+00 6.041139125823974609e+00 8.905439376831054688e+00
1.674999952316284180e+00 6.180522441864013672e+00 8.848379135131835938e+00
1.687500000000000000e+00 6.264302253723144531e+00 8.802596092224121094e+00
1.700000047683715820e+00 6.295197486877441406e+00 8.776031494140625000e+00
1.712499976158142090e+00 6.274004936218261719e+00 8.777344703674316406e+00
1.725000023841857910e+00 6.198221683502197266e+00 8.803483009338378906e+00
1.737499952316284180e+00 6.066027164459228516e+00 8.843535423278808594e+00
1.750000000000000000e+00 5.880233764648437500e+00 8.894529342651367188e+00
1.762500047683715820e+00 5.646524906158447266e+00 8.968580245971679688e+00
1.774999976158142090e+00 5.367813587188720703e+00 9.080380439758300781e+00
1.787500023841857910e+00 5.042394638061523438e+00 9.229034423828125000e+00
1.799999952316284180e+00 4.669687747955322266e+00 9.398295402526855469e+00
1.812500000000000000e+00 4.257448673248291016e+00 9.579274177551269531e+00
1.825000047683715820e+00 3.820404529571533203e+00 9.790476799011230469e+00
1.837499976158142090e+00 3.368596553802490234e+00 1.006663608551025391e+01
1.850000023841857910e+00 2.896287679672241211e+00 1.041879558563232422e+01
1.862499952316284180e+00 2.384690999984741211e+00 1.080290794372558594e+01
1.875000000000000000e+00 1.819342613220214844e+00 1.113333511352539062e+01
1.887500047683715820e+00 1.207392096519470215e+00 1.133734321594238281e+01
1.899999976158142090e+00 5.780111551284790039e-01 1.140547561645507812e+01
1.912500023841857910e+00 -3.592396154999732971e-02 1.139337062835693359e+01
1.924999952316284180e+00 -6.189696788787841797e-01 1.137433815002441406e+01
1.937500000000000000e+00 -1.178450107574462891e+00 1.138624191284179688e+01
1.950000047683715820e+00 -1.730558872222900391e+00 1.141779327392578125e+01
1.962499976158142090e+00 -2.281630277633666992e+00 1.143865108489990234e+01
1.975000023841857910e+00 -2.821897029876708984e+00 1.143725204467773438e+01
1.987499952316284180e+00 -3.335175514221191406e+00 1.142933940887451172e+01
2.000000000000000000e+00 -3.812305688858032227e+00 1.143536567687988281e+01
