0.000000000000000000e+00 6.269352436065673828e+00 8.799108505249023438e+00
1.250000018626451492e-02 6.295255661010742188e+00 8.774900436401367188e+00
2.500000037252902985e-02 6.268597126007080078e+00 8.779059410095214844e+00
3.750000149011611938e-02 6.186680793762207031e+00 8.807220458984375000e+00
5.000000074505805969e-02 6.048035144805908203e+00 8.848440170288085938e+00
6.250000000000000000e-02 5.856006145477294922e+00 8.901341438293457031e+00
7.500000298023223877e-02 5.616307258605957031e+00 8.979356765747070312e+00
8.749999850988388062e-02 5.331306457519531250e+00 9.096281051635742188e+00
1.000000014901161194e-01 4.999002933502197266e+00 9.248869895935058594e+00
1.124999970197677612e-01 4.619526386260986328e+00 9.420164108276367188e+00
1.250000000000000000e-01 4.201898574829101562e+00 9.603960037231445312e+00
1.375000029802322388e-01 3.761178970336914062e+00 9.822415351867675781e+00
1.500000059604644775e-01 3.305884838104248047e+00 1.010998058319091797e+01
1.624999940395355225e-01 2.827918052673339844e+00 1.047145080566406250e+01
1.749999970197677612e-01 2.307657241821289062e+00 1.085465240478515625e+01
1.875000000000000000e-01 1.732721924781799316e+00 1.117123317718505859e+01
2.000000029802322388e-01 1.113984942436218262e+00 1.135467338562011719e+01
2.125000059604644775e-01 4.829117357730865479e-01 1.140638542175292969e+01
2.249999940395355225e-01 -1.287686377763748169e-01 1.138894081115722656e+01
2.374999970197677612e-01 -7.091392278671264648e-01 1.137364482879638672e+01
2.500000000000000000e-01 -1.268252134323120117e+00 1.139051055908203125e+01
2.624999880790710449e-01 -1.821981668472290039e+00 1.142232322692871094e+01
2.750000059604644775e-01 -2.374045372009277344e+00 1.143947410583496094e+01
2.874999940395355225e-01 -2.912541627883911133e+00 1.143536376953125000e+01
3.000000119209289551e-01 -3.421530723571777344e+00 1.142876052856445312e+01
3.125000000000000000e-01 -3.893719196319580078e+00 1.143813705444335938e+01
3.249999880790710449e-01 -4.331532955169677734e+00 1.146071529388427734e+01
3.375000059604644775e-01 -4.737763881683349609e+00 1.147856521606445312e+01
3.499999940395355225e-01 -5.107717990875244141e+00 1.148126220703125000e+01
3.625000119209289551e-01 -5.431425094604492188e+00 1.147738552093505859e+01
3.750000000000000000e-01 -5.702180862426757812e+00 1.148270797729492188e+01
3.874999880790710449e-01 -5.920938491821289062e+00 1.150083541870117188e+01
4.000000059604644775e-01 -6.091792106628417969e+00 1.151959514617919922e+01
4.124999940395355225e-01 -6.214536190032958984e+00 1.152648830413818359e+01
4.250000119209289551e-01 -6.283321857452392578e+00 1.152384757995605469e+01
4.375000000000000000e-01 -6.292754173278808594e+00 1.152550315856933594e+01
4.499999880790710449e-01 -6.243820667266845703e+00 1.153953361511230469e+01
4.625000059604644775e-01 -6.142474651336669922e+00 1.155827903747558594e+01
4.749999940395355225e-01 -5.992710590362548828e+00 1.156776046752929688e+01
4.875000119209289551e-01 -5.792631149291992188e+00 1.156495952606201172e+01
5.000000000000000000e-01 -5.538375854492187500e+00 1.156175231933593750e+01
5.124999880790710449e-01 -5.231160163879394531e+00 1.157032680511474609e+01
5.249999761581420898e-01 -4.878709793090820312e+00 1.158764266967773438e+01
5.375000238418579102e-01 -4.489025592803955078e+00 1.159835529327392578e+01
5.500000119209289551e-01 -4.063900470733642578e+00 1.159358596801757812e+01
5.625000000000000000e-01 -3.600393533706665039e+00 1.158289337158203125e+01
5.749999880790710449e-01 -3.099051952362060547e+00 1.158359718322753906e+01
5.874999761581420898e-01 -2.568918704986572266e+00 1.159874057769775391e+01
6.000000238418579102e-01 -2.022232055664062500e+00 1.161071491241455078e+01
6.125000119209289551e-01 -1.463868498802185059e+00 1.160127258300781250e+01
6.250000000000000000e-01 -8.882274031639099121e-01 1.157667541503906250e+01
6.374999880790710449e-01 -2.894816994667053223e-01 1.156596755981445312e+01
6.499999761581420898e-01 3.239586353302001953e-01 1.158673763275146484e+01
6.625000238418579102e-01 9.268107414245605469e-01 1.161034965515136719e+01
6.750000119209289551e-01 1.491897463798522949e+00 1.156597328186035156e+01
6.875000000000000000e-01 2.010529041290283203e+00 1.138802433013916016e+01
6.999999880790710449e-01 2.498997688293457031e+00 1.106814193725585938e+01
7.124999761581420898e-01 2.983954191207885742e+00 1.066544437408447266e+01
7.250000238418579102e-01 3.479174852371215820e+00 1.026620197296142578e+01
7.375000119209289551e-01 3.974016189575195312e+00 9.929491043090820312e+00
7.500000000000000000e-01 4.442255020141601562e+00 9.664161682128906250e+00
7.624999880790710449e-01 4.861138820648193359e+00 9.448616027832031250e+00
7.749999761581420898e-01 5.222988605499267578e+00 9.265099525451660156e+00
7.875000238418579102e-01 5.531584262847900391e+00 9.113838195800781250e+00
8.000000119209289551e-01 5.790977954864501953e+00 9.000731468200683594e+00
8.125000000000000000e-01 5.999440193176269531e+00 8.921110153198242188e+00
8.249999880790710449e-01 6.152664661407470703e+00 8.860962867736816406e+00
8.374999761581420898e-01 6.249522686004638672e+00 8.812019348144531250e+00
8.500000238418579102e-01 6.292510509490966797e+00 8.779878616333007812e+00
8.625000119209289551e-01 6.283226490020751953e+00 8.774578094482421875e+00
8.750000000000000000e-01 6.219703197479248047e+00 8.796092987060546875e+00
8.874999880790710449e-01 6.099477291107177734e+00 8.833959579467773438e+00
8.999999761581420898e-01 5.924263000488281250e+00 8.882155418395996094e+00
9.125000238418579102e-01 5.699622154235839844e+00 8.950021743774414062e+00
9.250000119209289551e-01 5.429505825042724609e+00 9.053559303283691406e+00
9.375000000000000000e-01 5.112933635711669922e+00 9.196064949035644531e+00
9.499999880790710449e-01 4.748374938964843750e+00 9.363030433654785156e+00
9.624999761581420898e-01 4.341655254364013672e+00 9.541730880737304688e+00
9.750000238418579102e-01 3.906929731369018555e+00 9.744929313659667969e+00
9.875000119209289551e-01 3.456409215927124023e+00 1.000704383850097656e+01
1.000000000000000000e+00 2.987749814987182617e+00 1.034723663330078125e+01
1.012500047683715820e+00 2.483463764190673828e+00 1.073228549957275391e+01
1.024999976158142090e+00 1.926492810249328613e+00 1.108030796051025391e+01
1.037500023841857910e+00 1.319311857223510742e+00 1.131085491180419922e+01
1.049999952316284180e+00 6.882861852645874023e-01 1.140091705322265625e+01
1.062500000000000000e+00 6.773436814546585083e-02 1.139737319946289062e+01
1.075000047683715820e+00 -5.226290225982666016e-01 1.137543392181396484e+01
1.087499976158142090e+00 -1.086788535118103027e+00 1.138183593750000000e+01
1.100000023841857910e+00 -1.641027092933654785e+00 1.141233348846435547e+01
1.112499952316284180e+00 -2.194318294525146484e+00 1.143654918670654297e+01
1.125000000000000000e+00 -2.739126205444335938e+00 1.143818569183349609e+01
1.137500047683715820e+00 -3.259140491485595703e+00 1.142972850799560547e+01
1.149999976158142090e+00 -3.743429422378540039e+00 1.143299770355224609e+01
1.162500023841857910e+00 -4.191956520080566406e+00 1.145291519165039062e+01
1.174999952316284180e+00 -4.608599662780761719e+00 1.147427177429199219e+01
1.187500000000000000e+00 -4.991405010223388672e+00 1.148186397552490234e+01
1.200000047683715820e+00 -5.331292152404785156e+00 1.147831439971923828e+01
1.212499976158142090e+00 -5.619606018066406250e+00 1.147934818267822266e+01
1.225000023841857910e+00 -5.854891300201416016e+00 1.149404716491699219e+01
1.237499952316284180e+00 -6.041099548339843750e+00 1.151437759399414062e+01
1.250000000000000000e+00 -6.180007457733154297e+00 1.152575588226318359e+01
1.262500047683715820e+00 -6.267206192016601562e+00 1.152497291564941406e+01
1.274999976158142090e+00 -6.296291351318359375e+00 1.152369022369384766e+01
1.287500023841857910e+00 -6.265898227691650391e+00 1.153376293182373047e+01
1.299999952316284180e+00 -6.180999279022216797e+00 1.155257034301757812e+01
1.312500000000000000e+00 -6.046986103057861328e+00 1.156622505187988281e+01
1.325000047683715820e+00 -5.863831043243408203e+00 1.156669616699218750e+01
1.337499976158142090e+00 -5.627505779266357422e+00 1.156188201904296875e+01
1.350000023841857910e+00 -5.336993694305419922e+00 1.156603813171386719e+01
1.362499952316284180e+00 -4.998283863067626953e+00 1.158189201354980469e+01
1.375000000000000000e+00 -4.620203495025634766e+00 1.159647274017333984e+01
1.387500047683715820e+00 -4.206888675689697266e+00 1.159661769866943359e+01
1.399999976158142090e+00 -3.756215095520019531e+00 1.158588218688964844e+01
1.412500023841857910e+00 -3.266652107238769531e+00 1.158144664764404297e+01
1.424999952316284180e+00 -2.744521856307983398e+00 1.159299087524414062e+01
1.437500000000000000e+00 -2.202163696289062500e+00 1.160858917236328125e+01
1.450000047683715820e+00 -1.647812604904174805e+00 1.160697460174560547e+01
1.462499976158142090e+00 -1.078771352767944336e+00 1.158478355407714844e+01
1.475000023841857910e+00 -4.875691533088684082e-01 1.156614780426025391e+01
1.487499952316284180e+00 1.231848001480102539e-01 1.157712745666503906e+01
1.500000000000000000e+00 7.328432202339172363e-01 1.160619640350341797e+01
1.512500047683715820e+00 1.312460780143737793e+00 1.159275150299072266e+01
1.524999976158142090e+00 1.845582962036132812e+00 1.146290302276611328e+01
1.537500023841857910e+00 2.341000795364379883e+00 1.118575954437255859e+01
1.549999952316284180e+00 2.824542045593261719e+00 1.080076217651367188e+01
1.562500000000000000e+00 3.316386461257934570e+00 1.039165973663330078e+01
1.575000047683715820e+00 3.813846349716186523e+00 1.003115272521972656e+01
1.587499976158142090e+00 4.293822765350341797e+00 9.744126319885253906e+00
1.600000023841857910e+00 4.730478286743164062e+00 9.515033721923828125e+00
1.612499952316284180e+00 5.110893726348876953e+00 9.321843147277832031e+00
1.625000000000000000e+00 5.436244487762451172e+00 9.159248352050781250e+00
1.637500047683715820e+00 5.711615085601806641e+00 9.033489227294921875e+00
1.649999976158142090e+00 5.937205314636230469e+00 8.944264411926269531e+00
1.662500023841857910e+00 6.108838558197021484e+00 8.879262924194335938e+00
1.674999952316284180e+00 6.223949909210205078e+00 8.826682090759277344e+00
1.687500000000000000e+00 6.284219264984130859e+00 8.787821769714355469e+00
1.700000047683715820e+00 6.292069911956787109e+00 8.773063659667968750e+00
1.712499976158142090e+00 6.246630668640136719e+00 8.786670684814453125e+00
1.725000023841857910e+00 6.145009517669677734e+00 8.820434570312500000e+00
1.737499952316284180e+00 5.987257003784179688e+00 8.865003585815429688e+00
1.750000000000000000e+00 5.778129577636718750e+00 8.924614906311035156e+00
1.762500047683715820e+00 5.522753238677978516e+00 9.015172958374023438e+00
1.774999976158142090e+00 5.221672534942626953e+00 9.145865440368652344e+00
1.787500023841857910e+00 4.872641086578369141e+00 9.306913375854492188e+00
1.799999952316284180e+00 4.478433609008789062e+00 9.481904029846191406e+00
1.812500000000000000e+00 4.051123619079589844e+00 9.673854827880859375e+00
1.825000047683715820e+00 3.605137109756469727e+00 9.912910461425781250e+00
1.837499976158142090e+00 3.143778562545776367e+00 1.022825622558593750e+01
1.850000023841857910e+00 2.653470993041992188e+00 1.060596084594726562e+01
1.862499952316284180e+00 2.114686965942382812e+00 1.097632789611816406e+01
1.875000000000000000e+00 1.522020936012268066e+00 1.125141239166259766e+01
1.887500047683715820e+00 8.949117064476013184e-01 1.138520908355712891e+01
1.899999976158142090e+00 2.676746249198913574e-01 1.140410995483398438e+01
1.912500023841857910e+00 -3.332130610942840576e-01 1.138071250915527344e+01
1.924999952316284180e+00 -9.043366909027099609e-01 1.137596035003662109e+01
1.937500000000000000e+00 -1.460123538970947266e+00 1.140152835845947266e+01
1.950000047683715820e+00 -2.013762712478637695e+00 1.143094158172607422e+01
1.962499976158142090e+00 -2.563009023666381836e+00 1.143984794616699219e+01
1.975000023841857910e+00 -3.092833042144775391e+00 1.143211269378662109e+01
1.987499952316284180e+00 -3.589286565780639648e+00 1.142982578277587891e+01
2.000000000000000000e+00 -4.049032688140869141e+00 1.144526481628417969e+01
