0.000000000000000000e+00 6.283651828765869141e+00 8.788922309875488281e+00
1.250000018626451492e-02 6.302953243255615234e+00 8.771231651306152344e+00
2.500000037252902985e-02 6.283691883087158203e+00 8.774584770202636719e+00
3.750000149011611938e-02 6.224096775054931641e+00 8.796362876892089844e+00
5.000000074505805969e-02 6.122895240783691406e+00 8.829235076904296875e+00
6.250000000000000000e-02 5.981294631958007812e+00 8.869087219238281250e+00
7.500000298023223877e-02 5.802678585052490234e+00 8.920621871948242188e+00
8.749999850988388062e-02 5.590109348297119141e+00 8.994554519653320312e+00
1.000000014901161194e-01 5.344086647033691406e+00 9.098197937011718750e+00
1.124999970197677612e-01 5.063098430633544922e+00 9.228160858154296875e+00
1.250000000000000000e-01 4.747003555297851562e+00 9.373086929321289062e+00
1.375000029802322388e-01 4.400310039520263672e+00 9.525709152221679688e+00
1.500000059604644775e-01 4.031816482543945312e+00 9.694076538085937500e+00
1.624999940395355225e-01 3.649783849716186523e+00 9.900332450866699219e+00
1.749999970197677612e-01 3.255826950073242188e+00 1.016436958312988281e+01
1.875000000000000000e-01 2.842608451843261719e+00 1.048258304595947266e+01
2.000000029802322388e-01 2.398205280303955078e+00 1.081820774078369141e+01
2.125000059604644775e-01 1.915034294128417969e+00 1.111327457427978516e+01
2.249999940395355225e-01 1.397311687469482422e+00 1.131692695617675781e+01
2.374999970197677612e-01 8.614457249641418457e-01 1.141223239898681641e+01
2.500000000000000000e-01 3.285521864891052246e-01 1.142357063293457031e+01
2.624999880790710449e-01 -1.860598325729370117e-01 1.139979267120361328e+01
2.750000059604644775e-01 -6.793499588966369629e-01 1.138502883911132812e+01
2.874999940395355225e-01 -1.158822059631347656e+00 1.139684200286865234e+01
3.000000119209289551e-01 -1.634372115135192871e+00 1.142485332489013672e+01
3.125000000000000000e-01 -2.109848260879516602e+00 1.144751548767089844e+01
3.249999880790710449e-01 -2.580120801925659180e+00 1.145230102539062500e+01
3.375000059604644775e-01 -3.034910440444946289e+00 1.144423294067382812e+01
3.499999940395355225e-01 -3.465571403503417969e+00 1.143857955932617188e+01
3.625000119209289551e-01 -3.869333505630493164e+00 1.144625949859619141e+01
3.750000000000000000e-01 -4.248185634613037109e+00 1.146500587463378906e+01
3.874999880790710449e-01 -4.604146480560302734e+00 1.148291492462158203e+01
4.000000059604644775e-01 -4.935326576232910156e+00 1.148993968963623047e+01
4.124999940395355225e-01 -5.236001968383789062e+00 1.148663330078125000e+01
4.250000119209289551e-01 -5.500212192535400391e+00 1.148279953002929688e+01
4.375000000000000000e-01 -5.725433826446533203e+00 1.148803234100341797e+01
4.499999880790710449e-01 -5.913112640380859375e+00 1.150306987762451172e+01
4.625000059604644775e-01 -6.065814495086669922e+00 1.151958274841308594e+01
4.749999940395355225e-01 -6.183736801147460938e+00 1.152815818786621094e+01
4.875000119209289551e-01 -6.263750076293945312e+00 1.152693557739257812e+01
5.000000000000000000e-01 -6.301722049713134766e+00 1.152307319641113281e+01
5.124999880790710449e-01 -6.295917987823486328e+00 1.152592658996582031e+01
5.249999761581420898e-01 -6.248349189758300781e+00 1.153832912445068359e+01
5.375000238418579102e-01 -6.162885665893554688e+00 1.155398178100585938e+01
5.500000119209289551e-01 -6.041893005371093750e+00 1.156331062316894531e+01
5.625000000000000000e-01 -5.884507656097412109e+00 1.156237506866455078e+01
5.749999880790710449e-01 -5.688141345977783203e+00 1.155662441253662109e+01
5.874999761581420898e-01 -5.451857089996337891e+00 1.155591201782226562e+01
6.000000238418579102e-01 -5.178487777709960938e+00 1.156524753570556641e+01
6.125000119209289551e-01 -4.873469829559326172e+00 1.157979011535644531e+01
6.250000000000000000e-01 -4.541354179382324219e+00 1.158897590637207031e+01
6.374999880790710449e-01 -4.183176994323730469e+00 1.158631229400634766e+01
6.499999761581420898e-01 -3.797230482101440430e+00 1.157591247558593750e+01
6.625000238418579102e-01 -3.382734775543212891e+00 1.156930637359619141e+01
6.750000119209289551e-01 -2.943103313446044922e+00 1.157478713989257812e+01
6.875000000000000000e-01 -2.485581874847412109e+00 1.158876705169677734e+01
6.999999880790710449e-01 -2.017105817794799805e+00 1.159771919250488281e+01
7.124999761581420898e-01 -1.539802432060241699e+00 1.159024429321289062e+01
7.250000238418579102e-01 -1.050397992134094238e+00 1.156917858123779297e+01
7.375000119209289551e-01 -5.448794364929199219e-01 1.155197048187255859e+01
7.500000000000000000e-01 -2.524472959339618683e-02 1.155627822875976562e+01
7.624999880790710449e-01 4.971682131290435791e-01 1.158027935028076172e+01
7.749999761581420898e-01 1.005254030227661133e+00 1.159339714050292969e+01
7.875000238418579102e-01 1.484953761100769043e+00 1.154703521728515625e+01
8.000000119209289551e-01 1.933341622352600098e+00 1.140055561065673828e+01
8.125000000000000000e-01 2.360033750534057617e+00 1.114588165283203125e+01
8.249999880790710449e-01 2.780514478683471680e+00 1.081414222717285156e+01
8.374999761581420898e-01 3.205711364746093750e+00 1.045993423461914062e+01
8.500000238418579102e-01 3.634753942489624023e+00 1.013404560089111328e+01
8.625000119209289551e-01 4.055423736572265625e+00 9.862476348876953125e+00
8.750000000000000000e-01 4.451274871826171875e+00 9.643584251403808594e+00
8.874999880790710449e-01 4.810011863708496094e+00 9.461446762084960938e+00
8.999999761581420898e-01 5.127561569213867188e+00 9.302871704101562500e+00
9.125000238418579102e-01 5.406107902526855469e+00 9.165472984313964844e+00
9.250000119209289551e-01 5.648895263671875000e+00 9.053580284118652344e+00
9.375000000000000000e-01 5.856323719024658203e+00 8.968953132629394531e+00
9.499999880790710449e-01 6.025902748107910156e+00 8.906085014343261719e+00
9.624999761581420898e-01 6.154973030090332031e+00 8.855999946594238281e+00
9.750000238418579102e-01 6.243053436279296875e+00 8.813946723937988281e+00
9.875000119209289551e-01 6.291623115539550781e+00 8.783013343811035156e+00
1.000000000000000000e+00 6.301939010620117188e+00 8.770096778869628906e+00
1.012500047683715820e+00 6.273365020751953125e+00 8.778298377990722656e+00
1.024999976158142090e+00 6.204016685485839844e+00 8.803371429443359375e+00
1.037500023841857910e+00 6.093087673187255859e+00 8.837971687316894531e+00
1.049999952316284180e+00 5.942429542541503906e+00 8.879814147949218750e+00
1.062500000000000000e+00 5.755615711212158203e+00 8.935610771179199219e+00
1.075000047683715820e+00 5.535234451293945312e+00 9.016213417053222656e+00
1.087499976158142090e+00 5.281132221221923828e+00 9.126787185668945312e+00
1.100000023841857910e+00 4.991755485534667969e+00 9.261380195617675781e+00
1.112499952316284180e+00 4.667848587036132812e+00 9.408329010009765625e+00
1.125000000000000000e+00 4.315145492553710938e+00 9.563268661499023438e+00
1.137500047683715820e+00 3.942878007888793945e+00 9.738291740417480469e+00
1.149999976158142090e+00 3.558232545852661133e+00 9.956914901733398438e+00
1.162500023841857910e+00 3.160690784454345703e+00 1.023524951934814453e+01
1.174999952316284180e+00 2.741200923919677734e+00 1.056201553344726562e+01
1.187500000000000000e+00 2.287998914718627930e+00 1.089356899261474609e+01
1.200000047683715820e+00 1.795802950859069824e+00 1.117077541351318359e+01
1.212499976158142090e+00 1.271988987922668457e+00 1.134884166717529297e+01
1.225000023841857910e+00 7.349723577499389648e-01 1.142084693908691406e+01
1.237499952316284180e+00 2.054087668657302856e-01 1.141920566558837891e+01
1.250000000000000000e+00 -3.039750754833221436e-01 1.139433193206787109e+01
1.262500047683715820e+00 -7.930880784988403320e-01 1.138542461395263672e+01
1.274999976158142090e+00 -1.270857810974121094e+00 1.140275955200195312e+01
1.287500023841857910e+00 -1.746383428573608398e+00 1.143140125274658203e+01
1.299999952316284180e+00 -2.221390008926391602e+00 1.145034694671630859e+01
1.312500000000000000e+00 -2.688991069793701172e+00 1.145105648040771484e+01
1.325000047683715820e+00 -3.138692617416381836e+00 1.144210624694824219e+01
1.337499976158142090e+00 -3.563035726547241211e+00 1.143903923034667969e+01
1.350000023841857910e+00 -3.960664987564086914e+00 1.145003318786621094e+01
1.362499952316284180e+00 -4.334049224853515625e+00 1.146979141235351562e+01
1.375000000000000000e+00 -4.684522628784179688e+00 1.148572921752929688e+01
1.387500047683715820e+00 -5.009117603302001953e+00 1.148982524871826172e+01
1.399999976158142090e+00 -5.301661014556884766e+00 1.148533725738525391e+01
1.412500023841857910e+00 -5.556750297546386719e+00 1.148300647735595703e+01
1.424999952316284180e+00 -5.772896766662597656e+00 1.149088954925537109e+01
1.437500000000000000e+00 -5.952149868011474609e+00 1.150723171234130859e+01
1.450000047683715820e+00 -6.096779346466064453e+00 1.152255153656005859e+01
1.462499976158142090e+00 -6.206151962280273438e+00 1.152860736846923828e+01
1.475000023841857910e+00 -6.276598930358886719e+00 1.152588176727294922e+01
1.487499952316284180e+00 -6.304278850555419922e+00 1.152287960052490234e+01
1.500000000000000000e+00 -6.288339138031005859e+00 1.152808952331542969e+01
1.512500047683715820e+00 -6.231502532958984375e+00 1.154209136962890625e+01
1.524999976158142090e+00 -6.137574195861816406e+00 1.155704212188720703e+01
1.537500023841857910e+00 -6.008202075958251953e+00 1.156395721435546875e+01
1.549999952316284180e+00 -5.841867446899414062e+00 1.156109523773193359e+01
1.562500000000000000e+00 -5.636060237884521484e+00 1.155567455291748047e+01
1.575000047683715820e+00 -5.390648365020751953e+00 1.155722236633300781e+01
1.587499976158142090e+00 -5.109307765960693359e+00 1.156856536865234375e+01
1.600000023841857910e+00 -4.797607421875000000e+00 1.158281612396240234e+01
1.612499952316284180e+00 -4.459404945373535156e+00 1.158944892883300781e+01
1.625000000000000000e+00 -4.094879150390625000e+00 1.158418941497802734e+01
1.637500047683715820e+00 -3.702160120010375977e+00 1.157356739044189453e+01
1.649999976158142090e+00 -3.281257152557373047e+00 1.156941890716552734e+01
1.662500023841857910e+00 -2.836686849594116211e+00 1.157771682739257812e+01
1.674999952316284180e+00 -2.376082658767700195e+00 1.159189414978027344e+01
1.687500000000000000e+00 -1.905568242073059082e+00 1.159762191772460938e+01
1.700000047683715820e+00 -1.425846219062805176e+00 1.158603858947753906e+01
1.712499976158142090e+00 -9.328902363777160645e-01 1.156397819519042969e+01
1.725000023841857910e+00 -4.235307872295379639e-01 1.155067157745361328e+01
1.737499952316284180e+00 9.810353815555572510e-02 1.156082725524902344e+01
1.750000000000000000e+00 6.187326312065124512e-01 1.158601284027099609e+01
1.762500047683715820e+00 1.121086597442626953e+00 1.158968639373779297e+01
1.774999976158142090e+00 1.593171238899230957e+00 1.152251720428466797e+01
1.787500023841857910e+00 2.035208940505981445e+00 1.134977054595947266e+01
1.799999952316284180e+00 2.459043264389038086e+00 1.107288074493408203e+01
1.812500000000000000e+00 2.880018472671508789e+00 1.073061752319335938e+01
1.825000047683715820e+00 3.306688785552978516e+00 1.037919425964355469e+01
1.837499976158142090e+00 3.735164165496826172e+00 1.006488132476806641e+01
1.850000023841857910e+00 4.151436805725097656e+00 9.806688308715820312e+00
1.862499952316284180e+00 4.539371490478515625e+00 9.598027229309082031e+00
1.875000000000000000e+00 4.888474464416503906e+00 9.422260284423828125e+00
1.887500047683715820e+00 5.196514606475830078e+00 9.268496513366699219e+00
1.899999976158142090e+00 5.466416358947753906e+00 9.136661529541015625e+00
1.912500023841857910e+00 5.700977802276611328e+00 9.031286239624023438e+00
1.924999952316284180e+00 5.899777889251708984e+00 8.952524185180664062e+00
1.937500000000000000e+00 6.060000896453857422e+00 8.893438339233398438e+00
1.950000047683715820e+00 6.179366111755371094e+00 8.845384597778320312e+00
1.962499976158142090e+00 6.257977485656738281e+00 8.805414199829101562e+00
1.975000023841857910e+00 6.297483921051025391e+00 8.778122901916503906e+00
1.987499952316284180e+00 6.298775672912597656e+00 8.770169258117675781e+00
2.000000000000000000e+00 6.260772228240966797e+00 8.782963752746582031e+00
