0.000000000000000000e+00 6.269004344940185547e+00 8.799416542053222656e+00
1.250000018626451492e-02 6.295068264007568359e+00 8.775046348571777344e+00
2.500000037252902985e-02 6.268227577209472656e+00 8.779221534729003906e+00
3.750000149011611938e-02 6.185763359069824219e+00 8.807534217834472656e+00
5.000000074505805969e-02 6.046203136444091797e+00 8.848956108093261719e+00
6.250000000000000000e-02 5.852955818176269531e+00 8.902215003967285156e+00
7.500000298023223877e-02 5.611781597137451172e+00 8.980964660644531250e+00
8.749999850988388062e-02 5.325006961822509766e+00 9.098965644836425781e+00
1.000000014901161194e-01 4.990583419799804688e+00 9.252604484558105469e+00
1.124999970197677612e-01 4.608779907226562500e+00 9.424730300903320312e+00
1.250000000000000000e-01 4.188933372497558594e+00 9.609669685363769531e+00
1.375000029802322388e-01 3.746262073516845703e+00 9.830484390258789062e+00
1.500000059604644775e-01 3.288957118988037109e+00 1.012164497375488281e+01
1.624999940395355225e-01 2.808267354965209961e+00 1.048624324798583984e+01
1.749999970197677612e-01 2.284257888793945312e+00 1.086958789825439453e+01
1.875000000000000000e-01 1.705124378204345703e+00 1.118223476409912109e+01
2.000000029802322388e-01 1.082947254180908203e+00 1.135942459106445312e+01
2.125000059604644775e-01 4.500519633293151855e-01 1.140609931945800781e+01
2.249999940395355225e-01 -1.621125936508178711e-01 1.138724994659423828e+01
2.374999970197677612e-01 -7.428029179573059082e-01 1.137353515625000000e+01
2.500000000000000000e-01 -1.303024649620056152e+00 1.139218235015869141e+01
2.624999880790710449e-01 -1.858498096466064453e+00 1.142389488220214844e+01
2.750000059604644775e-01 -2.411910772323608398e+00 1.143951511383056641e+01
2.874999940395355225e-01 -2.950530290603637695e+00 1.143446731567382812e+01
3.000000119209289551e-01 -3.458549737930297852e+00 1.142863082885742188e+01
3.125000000000000000e-01 -3.929449796676635742e+00 1.143947982788085938e+01
3.249999880790710449e-01 -4.366093158721923828e+00 1.146245861053466797e+01
3.375000059604644775e-01 -4.770875453948974609e+00 1.147924327850341797e+01
3.499999940395355225e-01 -5.138391494750976562e+00 1.148082160949707031e+01
3.625000119209289551e-01 -5.458509922027587891e+00 1.147722721099853516e+01
3.750000000000000000e-01 -5.725105762481689453e+00 1.148394203186035156e+01
3.874999880790710449e-01 -5.939739704132080078e+00 1.150289726257324219e+01
4.000000059604644775e-01 -6.106411457061767578e+00 1.152092456817626953e+01
4.124999940395355225e-01 -6.224257469177246094e+00 1.152646827697753906e+01
4.250000119209289551e-01 -6.287065029144287109e+00 1.152360630035400391e+01
4.375000000000000000e-01 -6.289881229400634766e+00 1.152654743194580078e+01
4.499999880790710449e-01 -6.234472751617431641e+00 1.154183673858642578e+01
4.625000059604644775e-01 -6.127000808715820312e+00 1.156021881103515625e+01
4.749999940395355225e-01 -5.970870494842529297e+00 1.156808567047119141e+01
4.875000119209289551e-01 -5.763582706451416016e+00 1.156441974639892578e+01
5.000000000000000000e-01 -5.501527786254882812e+00 1.156228160858154297e+01
5.124999880790710449e-01 -5.186866760253906250e+00 1.157261371612548828e+01
5.249999761581420898e-01 -4.827897548675537109e+00 1.159007549285888672e+01
5.375000238418579102e-01 -4.432127475738525391e+00 1.159885597229003906e+01
5.500000119209289551e-01 -4.000413417816162109e+00 1.159229087829589844e+01
5.625000000000000000e-01 -3.529730796813964844e+00 1.158228015899658203e+01
5.749999880790710449e-01 -3.021758317947387695e+00 1.158550453186035156e+01
5.874999761581420898e-01 -2.486676454544067383e+00 1.160169792175292969e+01
6.000000238418579102e-01 -1.936375260353088379e+00 1.161121177673339844e+01
6.125000119209289551e-01 -1.374028921127319336e+00 1.159815597534179688e+01
6.250000000000000000e-01 -7.929716706275939941e-01 1.157355403900146484e+01
6.374999880790710449e-01 -1.887523829936981201e-01 1.156771850585937500e+01
6.499999761581420898e-01 4.270509779453277588e-01 1.159250259399414062e+01
6.625000238418579102e-01 1.027139306068420410e+00 1.161023139953613281e+01
6.750000119209289551e-01 1.585906267166137695e+00 1.154617118835449219e+01
6.875000000000000000e-01 2.099050521850585938e+00 1.134108448028564453e+01
6.999999880790710449e-01 2.586447477340698242e+00 1.099942207336425781e+01
7.124999761581420898e-01 3.074360847473144531e+00 1.058981704711914062e+01
7.250000238418579102e-01 3.572527647018432617e+00 1.019795989990234375e+01
7.375000119209289551e-01 4.066093444824218750e+00 9.874380111694335938e+00
7.500000000000000000e-01 4.527757167816162109e+00 9.619694709777832031e+00
7.624999880790710449e-01 4.936985969543457031e+00 9.410458564758300781e+00
7.749999761581420898e-01 5.288960933685302734e+00 9.232203483581542969e+00
7.875000238418579102e-01 5.588430881500244141e+00 9.087841987609863281e+00
8.000000119209289551e-01 5.838480472564697266e+00 8.982093811035156250e+00
8.125000000000000000e-01 6.036345005035400391e+00 8.907492637634277344e+00
8.249999880790710449e-01 6.177970409393310547e+00 8.849745750427246094e+00
8.374999761581420898e-01 6.263195991516113281e+00 8.803383827209472656e+00
8.500000238418579102e-01 6.294789314270019531e+00 8.776322364807128906e+00
8.625000119209289551e-01 6.273617744445800781e+00 8.777462005615234375e+00
8.750000000000000000e-01 6.197149276733398438e+00 8.803769111633300781e+00
8.874999880790710449e-01 6.063529491424560547e+00 8.844155311584472656e+00
8.999999761581420898e-01 5.875656127929687500e+00 8.895719528198242188e+00
9.125000238418579102e-01 5.639323711395263672e+00 8.970955848693847656e+00
9.250000119209289551e-01 5.357406139373779297e+00 9.084623336791992188e+00
9.375000000000000000e-01 5.028103828430175781e+00 9.235247611999511719e+00
9.499999880790710449e-01 4.651027202606201172e+00 9.406123161315917969e+00
9.624999761581420898e-01 4.234485149383544922e+00 9.589120864868164062e+00
9.750000238418579102e-01 3.793590307235717773e+00 9.804411888122558594e+00
9.875000119209289551e-01 3.337927103042602539e+00 1.008711910247802734e+01
1.000000000000000000e+00 2.860578536987304688e+00 1.044555568695068359e+01
1.012500047683715820e+00 2.342005968093872070e+00 1.083097076416015625e+01
1.024999976158142090e+00 1.768573999404907227e+00 1.115505886077880859e+01
1.037500023841857910e+00 1.149621963500976562e+00 1.134762763977050781e+01
1.049999952316284180e+00 5.161526799201965332e-01 1.140566825866699219e+01
1.062500000000000000e+00 -9.914994984865188599e-02 1.138997173309326172e+01
1.075000047683715820e+00 -6.829150319099426270e-01 1.137346553802490234e+01
1.087499976158142090e+00 -1.244454741477966309e+00 1.138902759552001953e+01
1.100000023841857910e+00 -1.799988627433776855e+00 1.142093658447265625e+01
1.112499952316284180e+00 -2.354020118713378906e+00 1.143903160095214844e+01
1.125000000000000000e+00 -2.895019531250000000e+00 1.143546867370605469e+01
1.137500047683715820e+00 -3.406781911849975586e+00 1.142860603332519531e+01
1.149999976158142090e+00 -3.881554365158081055e+00 1.143749904632568359e+01
1.162500023841857910e+00 -4.321593761444091797e+00 1.146001243591308594e+01
1.174999952316284180e+00 -4.729838848114013672e+00 1.147820186614990234e+01
1.187500000000000000e+00 -5.101745605468750000e+00 1.148119544982910156e+01
1.200000047683715820e+00 -5.427277088165283203e+00 1.147732639312744141e+01
1.212499976158142090e+00 -5.699553012847900391e+00 1.148253250122070312e+01
1.225000023841857910e+00 -5.919442176818847656e+00 1.150065612792968750e+01
1.237499952316284180e+00 -6.091084480285644531e+00 1.151952075958251953e+01
1.250000000000000000e+00 -6.214313030242919922e+00 1.152648925781250000e+01
1.262500047683715820e+00 -6.283237934112548828e+00 1.152388000488281250e+01
1.274999976158142090e+00 -6.292416572570800781e+00 1.152563285827636719e+01
1.287500023841857910e+00 -6.242869853973388672e+00 1.153981781005859375e+01
1.299999952316284180e+00 -6.140619754791259766e+00 1.155860042572021484e+01
1.312500000000000000e+00 -5.989644527435302734e+00 1.156793117523193359e+01
1.325000047683715820e+00 -5.787961006164550781e+00 1.156501483917236328e+01
1.337499976158142090e+00 -5.531708240509033203e+00 1.156199836730957031e+01
1.350000023841857910e+00 -5.222261905670166016e+00 1.157095336914062500e+01
1.362499952316284180e+00 -4.867521762847900391e+00 1.158837604522705078e+01
1.375000000000000000e+00 -4.475460529327392578e+00 1.159869766235351562e+01
1.387500047683715820e+00 -4.047673225402832031e+00 1.159347248077392578e+01
1.399999976158142090e+00 -3.581163644790649414e+00 1.158292198181152344e+01
1.412500023841857910e+00 -3.076765060424804688e+00 1.158434772491455078e+01
1.424999952316284180e+00 -2.543912172317504883e+00 1.159988975524902344e+01
1.437500000000000000e+00 -1.994853496551513672e+00 1.161117362976074219e+01
1.450000047683715820e+00 -1.433981418609619141e+00 1.160051822662353516e+01
1.462499976158142090e+00 -8.552804589271545410e-01 1.157579040527343750e+01
1.475000023841857910e+00 -2.532994151115417480e-01 1.156674098968505859e+01
1.487499952316284180e+00 3.623951077461242676e-01 1.158913421630859375e+01
1.500000000000000000e+00 9.655644893646240234e-01 1.161083126068115234e+01
1.512500047683715820e+00 1.529360413551330566e+00 1.155894947052001953e+01
1.524999976158142090e+00 2.046703815460205078e+00 1.136982154846191406e+01
1.537500023841857910e+00 2.535477161407470703e+00 1.104015064239501953e+01
1.549999952316284180e+00 3.022447824478149414e+00 1.063345813751220703e+01
1.562500000000000000e+00 3.519848823547363281e+00 1.023644828796386719e+01
1.575000047683715820e+00 4.015136241912841797e+00 9.904893875122070312e+00
1.587499976158142090e+00 4.481375217437744141e+00 9.643956184387207031e+00
1.600000023841857910e+00 4.896619319915771484e+00 9.430953025817871094e+00
1.612499952316284180e+00 5.254467010498046875e+00 9.249518394470214844e+00
1.625000000000000000e+00 5.559220790863037109e+00 9.101228713989257812e+00
1.637500047683715820e+00 5.814520835876464844e+00 8.991525650024414062e+00
1.649999976158142090e+00 6.018107414245605469e+00 8.914329528808593750e+00
1.662500023841857910e+00 6.165747642517089844e+00 8.855324745178222656e+00
1.674999952316284180e+00 6.256795883178710938e+00 8.807563781738281250e+00
1.687500000000000000e+00 6.293929576873779297e+00 8.777923583984375000e+00
1.700000047683715820e+00 6.278394222259521484e+00 8.775990486145019531e+00
1.712499976158142090e+00 6.207895755767822266e+00 8.800151824951171875e+00
1.725000023841857910e+00 6.080250740051269531e+00 8.839461326599121094e+00
1.737499952316284180e+00 5.897822380065917969e+00 8.889483451843261719e+00
1.750000000000000000e+00 5.666365146636962891e+00 8.961390495300292969e+00
1.762500047683715820e+00 5.389278888702392578e+00 9.070708274841308594e+00
1.774999976158142090e+00 5.065085411071777344e+00 9.218107223510742188e+00
1.787500023841857910e+00 4.692828655242919922e+00 9.387620925903320312e+00
1.799999952316284180e+00 4.279772281646728516e+00 9.568912506103515625e+00
1.812500000000000000e+00 3.840772151947021484e+00 9.779112815856933594e+00
1.825000047683715820e+00 3.386670112609863281e+00 1.005349159240722656e+01
1.837499976158142090e+00 2.912426948547363281e+00 1.040520954132080078e+01
1.850000023841857910e+00 2.399121761322021484e+00 1.079165458679199219e+01
1.862499952316284180e+00 1.831496238708496094e+00 1.112635421752929688e+01
1.875000000000000000e+00 1.216133952140808105e+00 1.133427429199218750e+01
1.887500047683715820e+00 5.824751853942871094e-01 1.140440750122070312e+01
1.899999976158142090e+00 -3.581399098038673401e-02 1.139272785186767578e+01
1.912500023841857910e+00 -6.227739453315734863e-01 1.137380218505859375e+01
1.924999952316284180e+00 -1.185830950736999512e+00 1.138606834411621094e+01
1.937500000000000000e+00 -1.741479516029357910e+00 1.141779994964599609e+01
1.950000047683715820e+00 -2.295989513397216797e+00 1.143827915191650391e+01
1.962499976158142090e+00 -2.839175224304199219e+00 1.143643379211425781e+01
1.975000023841857910e+00 -3.354592800140380859e+00 1.142877960205078125e+01
1.987499952316284180e+00 -3.833273410797119141e+00 1.143568611145019531e+01
2.000000000000000000e+00 -4.276750087738037109e+00 1.145750999450683594e+01
