0.000000000000000000e+00 6.268655776977539062e+00 8.799612998962402344e+00
1.250000018626451492e-02 6.294881343841552734e+00 8.775081634521484375e+00
2.500000037252902985e-02 6.267858028411865234e+00 8.779273033142089844e+00
3.750000149011611938e-02 6.184844970703125000e+00 8.807736396789550781e+00
5.000000074505805969e-02 6.044367313385009766e+00 8.849362373352050781e+00
6.250000000000000000e-02 5.849897384643554688e+00 8.902983665466308594e+00
7.500000298023223877e-02 5.607244491577148438e+00 8.982473373413085938e+00
8.749999850988388062e-02 5.318689346313476562e+00 9.101554870605468750e+00
1.000000014901161194e-01 4.982139587402343750e+00 9.256240844726562500e+00
1.124999970197677612e-01 4.598008632659912109e+00 9.429196357727050781e+00
1.250000000000000000e-01 4.175950527191162109e+00 9.615302085876464844e+00
1.375000029802322388e-01 3.731333255767822266e+00 9.838522911071777344e+00
1.500000059604644775e-01 3.272005081176757812e+00 1.013329696655273438e+01
1.624999940395355225e-01 2.788556098937988281e+00 1.050095176696777344e+01
1.749999970197677612e-01 2.260762691497802734e+00 1.088427925109863281e+01
1.875000000000000000e-01 1.677435636520385742e+00 1.119283771514892578e+01
2.000000029802322388e-01 1.051880121231079102e+00 1.136375999450683594e+01
2.125000059604644775e-01 4.172453582286834717e-01 1.140555000305175781e+01
2.249999940395355225e-01 -1.953609734773635864e-01 1.138549995422363281e+01
2.374999970197677612e-01 -7.763960957527160645e-01 1.137345600128173828e+01
2.500000000000000000e-01 -1.337778925895690918e+00 1.139380741119384766e+01
2.624999880790710449e-01 -1.895004272460937500e+00 1.142528915405273438e+01
2.750000059604644775e-01 -2.449701309204101562e+00 1.143935489654541016e+01
2.874999940395355225e-01 -2.988351821899414062e+00 1.143348026275634766e+01
3.000000119209289551e-01 -3.495350599288940430e+00 1.142852020263671875e+01
3.125000000000000000e-01 -3.964965105056762695e+00 1.144081401824951172e+01
3.249999880790710449e-01 -4.400438785552978516e+00 1.146406173706054688e+01
3.375000059604644775e-01 -4.803715229034423828e+00 1.147970962524414062e+01
3.499999940395355225e-01 -5.168686866760253906e+00 1.148025321960449219e+01
3.625000119209289551e-01 -5.485134601593017578e+00 1.147708415985107422e+01
3.750000000000000000e-01 -5.747555732727050781e+00 1.148521423339843750e+01
3.874999880790710449e-01 -5.958077430725097656e+00 1.150485801696777344e+01
4.000000059604644775e-01 -6.120526790618896484e+00 1.152202129364013672e+01
4.124999940395355225e-01 -6.233368873596191406e+00 1.152626228332519531e+01
4.250000119209289551e-01 -6.290096759796142578e+00 1.152336025238037109e+01
4.375000000000000000e-01 -6.286276817321777344e+00 1.152768039703369141e+01
4.499999880790710449e-01 -6.224439144134521484e+00 1.154409885406494141e+01
4.625000059604644775e-01 -6.110853672027587891e+00 1.156190681457519531e+01
4.749999940395355225e-01 -5.948276996612548828e+00 1.156813526153564453e+01
4.875000119209289551e-01 -5.733674526214599609e+00 1.156382656097412109e+01
5.000000000000000000e-01 -5.463808536529541016e+00 1.156296062469482422e+01
5.124999880790710449e-01 -5.141809940338134766e+00 1.157495594024658203e+01
5.249999761581420898e-01 -4.776430130004882812e+00 1.159224510192871094e+01
5.375000238418579102e-01 -4.374555587768554688e+00 1.159894180297851562e+01
5.500000119209289551e-01 -3.936145067214965820e+00 1.159083175659179688e+01
5.625000000000000000e-01 -3.458276033401489258e+00 1.158189296722412109e+01
5.749999880790710449e-01 -2.943870067596435547e+00 1.158764839172363281e+01
5.874999761581420898e-01 -2.404107332229614258e+00 1.160440063476562500e+01
6.000000238418579102e-01 -1.850259304046630859e+00 1.161101055145263672e+01
6.125000119209289551e-01 -1.283728003501892090e+00 1.159460830688476562e+01
6.250000000000000000e-01 -6.970813870429992676e-01 1.157086753845214844e+01
6.374999880790710449e-01 -8.766298741102218628e-02 1.157032585144042969e+01
6.499999761581420898e-01 5.297157764434814453e-01 1.159807205200195312e+01
6.625000238418579102e-01 1.126216173171997070e+00 1.160759449005126953e+01
6.750000119209289551e-01 1.678449511528015137e+00 1.152183437347412109e+01
6.875000000000000000e-01 2.186694383621215820e+00 1.128959083557128906e+01
6.999999880790710449e-01 2.673895597457885742e+00 1.092836475372314453e+01
7.124999761581420898e-01 3.165131092071533203e+00 1.051481533050537109e+01
7.250000238418579102e-01 3.665730953216552734e+00 1.013215637207031250e+01
7.375000119209289551e-01 4.156998157501220703e+00 9.821704864501953125e+00
7.500000000000000000e-01 4.611264228820800781e+00 9.576743125915527344e+00
7.624999880790710449e-01 5.010604381561279297e+00 9.373288154602050781e+00
7.749999761581420898e-01 5.352849483489990234e+00 9.200522422790527344e+00
7.875000238418579102e-01 5.643257141113281250e+00 9.063368797302246094e+00
8.000000119209289551e-01 5.883752822875976562e+00 8.964696884155273438e+00
8.125000000000000000e-01 6.070743560791015625e+00 8.894463539123535156e+00
8.249999880790710449e-01 6.200684070587158203e+00 8.838870048522949219e+00
8.374999761581420898e-01 6.274346828460693359e+00 8.795527458190917969e+00
8.500000238418579102e-01 6.294518470764160156e+00 8.774061203002929688e+00
8.625000119209289551e-01 6.261240482330322266e+00 8.781516075134277344e+00
8.750000000000000000e-01 6.171631336212158203e+00 8.812010765075683594e+00
8.874999880790710449e-01 6.024692058563232422e+00 8.854750633239746094e+00
8.999999761581420898e-01 5.824419021606445312e+00 8.910442352294921875e+00
9.125000238418579102e-01 5.576493740081787109e+00 8.994002342224121094e+00
9.250000119209289551e-01 5.282574653625488281e+00 9.117771148681640625e+00
9.375000000000000000e-01 4.940407752990722656e+00 9.275465965270996094e+00
9.499999880790710449e-01 4.551247119903564453e+00 9.449685096740722656e+00
9.624999761581420898e-01 4.125827789306640625e+00 9.638318061828613281e+00
9.750000238418579102e-01 3.679409742355346680e+00 9.868211746215820312e+00
9.875000119209289551e-01 3.218125581741333008e+00 1.017231845855712891e+01
1.000000000000000000e+00 2.730645895004272461e+00 1.054573249816894531e+01
1.012500047683715820e+00 2.196668148040771484e+00 1.092514038085937500e+01
1.024999976158142090e+00 1.607318162918090820e+00 1.121997261047363281e+01
1.037500023841857910e+00 9.788483381271362305e-01 1.137419605255126953e+01
1.049999952316284180e+00 3.454480469226837158e-01 1.140485286712646484e+01
1.062500000000000000e+00 -2.635272145271301270e-01 1.138274669647216797e+01
1.075000047683715820e+00 -8.414386510848999023e-01 1.137424468994140625e+01
1.087499976158142090e+00 -1.401707768440246582e+00 1.139750003814697266e+01
1.100000023841857910e+00 -1.958908319473266602e+00 1.142812919616699219e+01
1.112499952316284180e+00 -2.512634992599487305e+00 1.143942260742187500e+01
1.125000000000000000e+00 -3.048329830169677734e+00 1.143240261077880859e+01
1.137500047683715820e+00 -3.551100015640258789e+00 1.142895889282226562e+01
1.149999976158142090e+00 -4.016555309295654297e+00 1.144325447082519531e+01
1.162500023841857910e+00 -4.448367595672607422e+00 1.146655941009521484e+01
1.174999952316284180e+00 -4.847711563110351562e+00 1.148046779632568359e+01
1.187500000000000000e+00 -5.207621097564697266e+00 1.147974109649658203e+01
1.200000047683715820e+00 -5.517995357513427734e+00 1.147726440429687500e+01
1.212499976158142090e+00 -5.774246215820312500e+00 1.148707008361816406e+01
1.225000023841857910e+00 -5.979115962982177734e+00 1.150725936889648438e+01
1.237499952316284180e+00 -6.136086940765380859e+00 1.152320957183837891e+01
1.250000000000000000e+00 -6.242856979370117188e+00 1.152602958679199219e+01
1.262500047683715820e+00 -6.292749881744384766e+00 1.152325248718261719e+01
1.274999976158142090e+00 -6.282017230987548828e+00 1.152903366088867188e+01
1.287500023841857910e+00 -6.213931083679199219e+00 1.154637241363525391e+01
1.299999952316284180e+00 -6.094708919525146484e+00 1.156335163116455078e+01
1.312500000000000000e+00 -5.926394462585449219e+00 1.156797885894775391e+01
1.325000047683715820e+00 -5.705539703369140625e+00 1.156325721740722656e+01
1.337499976158142090e+00 -5.429386615753173828e+00 1.156366634368896484e+01
1.350000023841857910e+00 -5.101925849914550781e+00 1.157696914672851562e+01
1.362499952316284180e+00 -4.732125282287597656e+00 1.159380245208740234e+01
1.375000000000000000e+00 -4.326188087463378906e+00 1.159863567352294922e+01
1.387500047683715820e+00 -3.883363723754882812e+00 1.158947372436523438e+01
1.399999976158142090e+00 -3.400978565216064453e+00 1.158165645599365234e+01
1.412500023841857910e+00 -2.882990121841430664e+00 1.158932304382324219e+01
1.424999952316284180e+00 -2.341159105300903320e+00 1.160610675811767578e+01
1.437500000000000000e+00 -1.786019563674926758e+00 1.161027812957763672e+01
1.450000047683715820e+00 -1.217619419097900391e+00 1.159168624877929688e+01
1.462499976158142090e+00 -6.282389760017395020e-01 1.156914234161376953e+01
1.475000023841857910e+00 -1.678282022476196289e-02 1.157247257232666016e+01
1.487499952316284180e+00 5.997717380523681641e-01 1.160145092010498047e+01
1.500000000000000000e+00 1.192049026489257812e+00 1.160402202606201172e+01
1.512500047683715820e+00 1.738694667816162109e+00 1.150298786163330078e+01
1.524999976158142090e+00 2.243090629577636719e+00 1.125363731384277344e+01
1.537500023841857910e+00 2.729700088500976562e+00 1.088184261322021484e+01
1.549999952316284180e+00 3.222241878509521484e+00 1.046809101104736328e+01
1.562500000000000000e+00 3.723074674606323242e+00 1.009265518188476562e+01
1.575000047683715820e+00 4.211458683013916016e+00 9.790730476379394531e+00
1.587499976158142090e+00 4.660025596618652344e+00 9.551689147949218750e+00
1.600000023841857910e+00 5.052676677703857422e+00 9.351910591125488281e+00
1.612499952316284180e+00 5.388696193695068359e+00 9.182835578918457031e+00
1.625000000000000000e+00 5.673407077789306641e+00 9.050172805786132812e+00
1.637500047683715820e+00 5.908010005950927734e+00 8.955491065979003906e+00
1.649999976158142090e+00 6.088571548461914062e+00 8.887531280517578125e+00
1.662500023841857910e+00 6.211935520172119141e+00 8.833163261413574219e+00
1.674999952316284180e+00 6.279337882995605469e+00 8.791732788085937500e+00
1.687500000000000000e+00 6.293456554412841797e+00 8.773438453674316406e+00
1.700000047683715820e+00 6.253879547119140625e+00 8.784068107604980469e+00
1.712499976158142090e+00 6.157657146453857422e+00 8.816431045532226562e+00
1.725000023841857910e+00 6.004312992095947266e+00 8.860289573669433594e+00
1.737499952316284180e+00 5.798318862915039062e+00 8.918270111083984375e+00
1.750000000000000000e+00 5.545143127441406250e+00 9.006084442138671875e+00
1.762500047683715820e+00 5.245820999145507812e+00 9.134449958801269531e+00
1.774999976158142090e+00 4.898045063018798828e+00 9.294889450073242188e+00
1.787500023841857910e+00 4.504001617431640625e+00 9.470325469970703125e+00
1.799999952316284180e+00 4.075439453125000000e+00 9.661866188049316406e+00
1.812500000000000000e+00 3.627312660217285156e+00 9.898921966552734375e+00
1.825000047683715820e+00 3.163913249969482422e+00 1.021232318878173828e+01
1.837499976158142090e+00 2.672110319137573242e+00 1.059062767028808594e+01
1.850000023841857910e+00 2.131814718246459961e+00 1.096484756469726562e+01
1.862499952316284180e+00 1.536664009094238281e+00 1.124516773223876953e+01
1.875000000000000000e+00 9.057577848434448242e-01 1.138294124603271484e+01
1.887500047683715820e+00 2.740001678466796875e-01 1.140346908569335938e+01
1.899999976158142090e+00 -3.312603533267974854e-01 1.138023281097412109e+01
1.912500023841857910e+00 -9.062483906745910645e-01 1.137550258636474609e+01
1.924999952316284180e+00 -1.465615391731262207e+00 1.140128993988037109e+01
1.937500000000000000e+00 -2.022783994674682617e+00 1.143067836761474609e+01
1.950000047683715820e+00 -2.575331211090087891e+00 1.143922328948974609e+01
1.962499976158142090e+00 -3.107861042022705078e+00 1.143138313293457031e+01
1.975000023841857910e+00 -3.606348276138305664e+00 1.142966175079345703e+01
1.987499952316284180e+00 -4.067707061767578125e+00 1.144582557678222656e+01
2.000000000000000000e+00 -4.495879650115966797e+00 1.146891498565673828e+01
