0.000000000000000000e+00 6.268297672271728516e+00 8.799920082092285156e+00
1.250000018626451492e-02 6.294685363769531250e+00 8.775226593017578125e+00
2.500000037252902985e-02 6.267478942871093750e+00 8.779434204101562500e+00
3.750000149011611938e-02 6.183914661407470703e+00 8.808049201965332031e+00
5.000000074505805969e-02 6.042517185211181641e+00 8.849877357482910156e+00
6.250000000000000000e-02 5.846822261810302734e+00 8.903862953186035156e+00
7.500000298023223877e-02 5.602686882019042969e+00 8.984097480773925781e+00
8.749999850988388062e-02 5.312345981597900391e+00 9.104262351989746094e+00
1.000000014901161194e-01 4.973664283752441406e+00 9.259989738464355469e+00
1.124999970197677612e-01 4.587205410003662109e+00 9.433773994445800781e+00
1.250000000000000000e-01 4.162942886352539062e+00 9.621069908142089844e+00
1.375000029802322388e-01 3.716386556625366211e+00 9.846738815307617188e+00
1.500000059604644775e-01 3.255023002624511719e+00 1.014514160156250000e+01
1.624999940395355225e-01 2.768779039382934570e+00 1.051577854156494141e+01
1.749999970197677612e-01 2.237167358398437500e+00 1.089892482757568359e+01
1.875000000000000000e-01 1.649655342102050781e+00 1.120324420928955078e+01
2.000000029802322388e-01 1.020785808563232422e+00 1.136788749694824219e+01
2.125000059604644775e-01 3.844945430755615234e-01 1.140495014190673828e+01
2.249999940395355225e-01 -2.285136431455612183e-01 1.138389968872070312e+01
2.374999970197677612e-01 -8.099207282066345215e-01 1.137360382080078125e+01
2.500000000000000000e-01 -1.372514843940734863e+00 1.139556980133056641e+01
2.624999880790710449e-01 -1.931494832038879395e+00 1.142669200897216797e+01
2.750000059604644775e-01 -2.487406969070434570e+00 1.143918895721435547e+01
2.874999940395355225e-01 -3.025996923446655273e+00 1.143260192871093750e+01
3.000000119209289551e-01 -3.531927585601806641e+00 1.142861652374267578e+01
3.125000000000000000e-01 -4.000260829925537109e+00 1.144231510162353516e+01
3.249999880790710449e-01 -4.434563159942626953e+00 1.146569824218750000e+01
3.375000059604644775e-01 -4.836269378662109375e+00 1.148014736175537109e+01
3.499999940395355225e-01 -5.198590278625488281e+00 1.147975254058837891e+01
3.625000119209289551e-01 -5.511290550231933594e+00 1.147714710235595703e+01
3.750000000000000000e-01 -5.769525527954101562e+00 1.148669624328613281e+01
3.874999880790710449e-01 -5.975944519042968750e+00 1.150688552856445312e+01
4.000000059604644775e-01 -6.134124755859375000e+00 1.152306461334228516e+01
4.124999940395355225e-01 -6.241851806640625000e+00 1.152606678009033203e+01
4.250000119209289551e-01 -6.292403697967529297e+00 1.152331066131591797e+01
4.375000000000000000e-01 -6.281938552856445312e+00 1.152908039093017578e+01
4.499999880790710449e-01 -6.213719367980957031e+00 1.154647636413574219e+01
4.625000059604644775e-01 -6.094023704528808594e+00 1.156350898742675781e+01
4.749999940395355225e-01 -5.924911975860595703e+00 1.156810951232910156e+01
4.875000119209289551e-01 -5.702894687652587891e+00 1.156339359283447266e+01
5.000000000000000000e-01 -5.425223827362060547e+00 1.156397438049316406e+01
5.124999880790710449e-01 -5.096005439758300781e+00 1.157749748229980469e+01
5.249999761581420898e-01 -4.724310874938964844e+00 1.159429740905761719e+01
5.375000238418579102e-01 -4.316294670104980469e+00 1.159881019592285156e+01
5.500000119209289551e-01 -3.871082544326782227e+00 1.158945465087890625e+01
5.625000000000000000e-01 -3.386045217514038086e+00 1.158195304870605469e+01
5.749999880790710449e-01 -2.865427970886230469e+00 1.159016895294189453e+01
5.874999761581420898e-01 -2.321238040924072266e+00 1.160695362091064453e+01
6.000000238418579102e-01 -1.763866305351257324e+00 1.161030006408691406e+01
6.125000119209289551e-01 -1.192926049232482910e+00 1.159094810485839844e+01
6.250000000000000000e-01 -6.005645990371704102e-01 1.156894683837890625e+01
6.374999880790710449e-01 1.368523016571998596e-02 1.157392883300781250e+01
6.499999761581420898e-01 6.318019032478332520e-01 1.160332202911376953e+01
6.625000238418579102e-01 1.223952889442443848e+00 1.160224151611328125e+01
6.750000119209289551e-01 1.769581675529479980e+00 1.149302196502685547e+01
6.875000000000000000e-01 2.273617267608642578e+00 1.123403453826904297e+01
6.999999880790710449e-01 2.761460304260253906e+00 1.085573005676269531e+01
7.124999761581420898e-01 3.256230354309082031e+00 1.044110298156738281e+01
7.250000238418579102e-01 3.758610963821411133e+00 1.006911182403564453e+01
7.375000119209289551e-01 4.246541976928710938e+00 9.771510124206542969e+00
7.500000000000000000e-01 4.692689895629882812e+00 9.535347938537597656e+00
7.624999880790710449e-01 5.082013130187988281e+00 9.337308883666992188e+00
7.749999761581420898e-01 5.414690494537353516e+00 9.170351028442382812e+00
7.875000238418579102e-01 5.696043491363525391e+00 9.040626525878906250e+00
8.000000119209289551e-01 5.926737308502197266e+00 8.948626518249511719e+00
8.125000000000000000e-01 6.102605342864990234e+00 8.882132530212402344e+00
8.249999880790710449e-01 6.220822334289550781e+00 8.828598022460937500e+00
8.374999761581420898e-01 6.282991409301757812e+00 8.788801193237304688e+00
8.500000238418579102e-01 6.291669845581054688e+00 8.773346900939941406e+00
8.625000119209289551e-01 6.246046543121337891e+00 8.786833763122558594e+00
8.750000000000000000e-01 6.143148422241210938e+00 8.820924758911132812e+00
8.874999880790710449e-01 5.983027458190917969e+00 8.866058349609375000e+00
8.999999761581420898e-01 5.770609378814697266e+00 8.926781654357910156e+00
9.125000238418579102e-01 5.511114120483398438e+00 9.019472122192382812e+00
9.250000119209289551e-01 5.204961299896240234e+00 9.153010368347167969e+00
9.375000000000000000e-01 4.849896907806396484e+00 9.316670417785644531e+00
9.499999880790710449e-01 4.449248313903808594e+00 9.494055747985839844e+00
9.624999761581420898e-01 4.015913963317871094e+00 9.690118789672851562e+00
9.750000238418579102e-01 3.564391374588012695e+00 9.936996459960937500e+00
9.875000119209289551e-01 3.096699237823486328e+00 1.026239776611328125e+01
1.000000000000000000e+00 2.597582578659057617e+00 1.064648628234863281e+01
1.012500047683715820e+00 2.047419786453247070e+00 1.101334762573242188e+01
1.024999976158142090e+00 1.443207979202270508e+00 1.127466011047363281e+01
1.037500023841857910e+00 8.077194690704345703e-01 1.139169406890869141e+01
1.049999952316284180e+00 1.766442507505416870e-01 1.140036296844482422e+01
1.062500000000000000e+00 -4.254606664180755615e-01 1.137702655792236328e+01
1.075000047683715820e+00 -9.985944032669067383e-01 1.137786960601806641e+01
1.087499976158142090e+00 -1.558796525001525879e+00 1.140663719177246094e+01
1.100000023841857910e+00 -2.117608070373535156e+00 1.143363285064697266e+01
1.112499952316284180e+00 -2.669721603393554688e+00 1.143825149536132812e+01
1.125000000000000000e+00 -3.198743104934692383e+00 1.142982578277587891e+01
1.137500047683715820e+00 -3.692097663879394531e+00 1.143114280700683594e+01
1.149999976158142090e+00 -4.148566722869873047e+00 1.144997692108154297e+01
1.162500023841857910e+00 -4.572232723236083984e+00 1.147223281860351562e+01
1.174999952316284180e+00 -4.961925506591796875e+00 1.148132991790771484e+01
1.187500000000000000e+00 -5.308734416961669922e+00 1.147823047637939453e+01
1.200000047683715820e+00 -5.603392124176025391e+00 1.147864723205566406e+01
1.212499976158142090e+00 -5.843832492828369141e+00 1.149284839630126953e+01
1.225000023841857910e+00 -6.033982276916503906e+00 1.151347637176513672e+01
1.237499952316284180e+00 -6.175933837890625000e+00 1.152549743652343750e+01
1.250000000000000000e+00 -6.265374660491943359e+00 1.152503585815429688e+01
1.262500047683715820e+00 -6.295675277709960938e+00 1.152376937866210938e+01
1.274999976158142090e+00 -6.265295028686523438e+00 1.153395366668701172e+01
1.287500023841857910e+00 -6.179306030273437500e+00 1.155298614501953125e+01
1.299999952316284180e+00 -6.043248176574707031e+00 1.156664562225341797e+01
1.312500000000000000e+00 -5.857028961181640625e+00 1.156693363189697266e+01
1.325000047683715820e+00 -5.616498470306396484e+00 1.156229400634765625e+01
1.337499976158142090e+00 -5.320816993713378906e+00 1.156718349456787109e+01
1.350000023841857910e+00 -4.976406574249267578e+00 1.158358860015869141e+01
1.362499952316284180e+00 -4.592274188995361328e+00 1.159767723083496094e+01
1.375000000000000000e+00 -4.172234535217285156e+00 1.159670066833496094e+01
1.387500047683715820e+00 -3.713847398757934570e+00 1.158577537536621094e+01
1.399999976158142090e+00 -3.215997695922851562e+00 1.158278751373291016e+01
1.412500023841857910e+00 -2.686014413833618164e+00 1.159581565856933594e+01
1.424999952316284180e+00 -2.136703968048095703e+00 1.161056613922119141e+01
1.437500000000000000e+00 -1.575442075729370117e+00 1.160596466064453125e+01
1.450000047683715820e+00 -9.982222914695739746e-01 1.158225917816162109e+01
1.462499976158142090e+00 -3.977969586849212646e-01 1.156669425964355469e+01
1.475000023841857910e+00 2.206612527370452881e-01 1.158271026611328125e+01
1.487499952316284180e+00 8.334658145904541016e-01 1.161025047302246094e+01
1.500000000000000000e+00 1.411305665969848633e+00 1.158120441436767578e+01
1.512500047683715820e+00 1.941177845001220703e+00 1.142338848114013672e+01
1.524999976158142090e+00 2.436561584472656250e+00 1.111771392822265625e+01
1.537500023841857910e+00 2.924986362457275391e+00 1.071702194213867188e+01
1.549999952316284180e+00 3.423558473587036133e+00 1.030966377258300781e+01
1.562500000000000000e+00 3.924283742904663086e+00 9.961652755737304688e+00
1.575000047683715820e+00 4.400974750518798828e+00 9.687281608581542969e+00
1.587499976158142090e+00 4.828996181488037109e+00 9.465892791748046875e+00
1.600000023841857910e+00 5.198898315429687500e+00 9.278005599975585938e+00
1.612499952316284180e+00 5.513984680175781250e+00 9.122676849365234375e+00
1.625000000000000000e+00 5.778714656829833984e+00 9.006171226501464844e+00
1.637500047683715820e+00 5.991668224334716797e+00 8.924422264099121094e+00
1.649999976158142090e+00 6.148410797119140625e+00 8.863142967224121094e+00
1.662500023841857910e+00 6.247606754302978516e+00 8.813347816467285156e+00
1.674999952316284180e+00 6.291779518127441406e+00 8.780447959899902344e+00
1.687500000000000000e+00 6.282646179199218750e+00 8.774814605712890625e+00
1.700000047683715820e+00 6.218222618103027344e+00 8.796536445617675781e+00
1.712499976158142090e+00 6.095977306365966797e+00 8.834887504577636719e+00
1.725000023841857910e+00 5.917725563049316406e+00 8.883850097656250000e+00
1.737499952316284180e+00 5.689216613769531250e+00 8.953321456909179688e+00
1.750000000000000000e+00 5.414389610290527344e+00 9.059579849243164062e+00
1.762500047683715820e+00 5.092092514038085938e+00 9.205169677734375000e+00
1.774999976158142090e+00 4.720971584320068359e+00 9.374674797058105469e+00
1.787500023841857910e+00 4.307638645172119141e+00 9.556139945983886719e+00
1.799999952316284180e+00 3.866978883743286133e+00 9.764831542968750000e+00
1.812500000000000000e+00 3.410764694213867188e+00 1.003640937805175781e+01
1.825000047683715820e+00 2.934931516647338867e+00 1.038669967651367188e+01
1.837499976158142090e+00 2.420564651489257812e+00 1.077540683746337891e+01
1.850000023841857910e+00 1.851428866386413574e+00 1.111559295654296875e+01
1.862499952316284180e+00 1.233165979385375977e+00 1.132936191558837891e+01
1.875000000000000000e+00 5.952484607696533203e-01 1.140309810638427734e+01
1.887500047683715820e+00 -2.775835059583187103e-02 1.139242458343505859e+01
1.899999976158142090e+00 -6.190428733825683594e-01 1.137333583831787109e+01
1.912500023841857910e+00 -1.185879588127136230e+00 1.138554096221923828e+01
1.924999952316284180e+00 -1.745085477828979492e+00 1.141740417480468750e+01
1.937500000000000000e+00 -2.303080081939697266e+00 1.143779277801513672e+01
1.950000047683715820e+00 -2.849429845809936523e+00 1.143574047088623047e+01
1.962499976158142090e+00 -3.367416143417358398e+00 1.142828464508056641e+01
1.975000023841857910e+00 -3.848121404647827148e+00 1.143582820892333984e+01
1.987499952316284180e+00 -4.293282985687255859e+00 1.145803833007812500e+01
2.000000000000000000e+00 -4.706204891204833984e+00 1.147713088989257812e+01
