0.000000000000000000e+00 6.267949581146240234e+00 8.800127983093261719e+00
1.250000018626451492e-02 6.294499874114990234e+00 8.775271415710449219e+00
2.500000037252902985e-02 6.267109870910644531e+00 8.779496192932128906e+00
3.750000149011611938e-02 6.182991981506347656e+00 8.808262825012207031e+00
5.000000074505805969e-02 6.040671825408935547e+00 8.850295066833496094e+00
6.250000000000000000e-02 5.843748092651367188e+00 8.904648780822753906e+00
7.500000298023223877e-02 5.598125934600830078e+00 8.985633850097656250e+00
8.749999850988388062e-02 5.305992603302001953e+00 9.106884002685546875e+00
1.000000014901161194e-01 4.965172290802001953e+00 9.263648033142089844e+00
1.124999970197677612e-01 4.576383590698242188e+00 9.438261032104492188e+00
1.250000000000000000e-01 4.149923801422119141e+00 9.626769065856933594e+00
1.375000029802322388e-01 3.701432943344116211e+00 9.854930877685546875e+00
1.500000059604644775e-01 3.238019466400146484e+00 1.015697479248046875e+01
1.624999940395355225e-01 2.748942613601684570e+00 1.053051376342773438e+01
1.749999970197677612e-01 2.213478088378906250e+00 1.091331481933593750e+01
1.875000000000000000e-01 1.621790051460266113e+00 1.121324920654296875e+01
2.000000029802322388e-01 9.896706938743591309e-01 1.137161254882812500e+01
2.125000059604644775e-01 3.518030047416687012e-01 1.140410900115966797e+01
2.249999940395355225e-01 -2.615725398063659668e-01 1.138225460052490234e+01
2.374999970197677612e-01 -8.433834910392761230e-01 1.137377452850341797e+01
2.500000000000000000e-01 -1.407239913940429688e+00 1.139726161956787109e+01
2.624999880790710449e-01 -1.967974305152893066e+00 1.142790126800537109e+01
2.750000059604644775e-01 -2.525031089782714844e+00 1.143882751464843750e+01
2.874999940395355225e-01 -3.063472032546997070e+00 1.143164730072021484e+01
3.000000119209289551e-01 -3.568293094635009766e+00 1.142873001098632812e+01
3.125000000000000000e-01 -4.035353660583496094e+00 1.144378280639648438e+01
3.249999880790710449e-01 -4.468478679656982422e+00 1.146716690063476562e+01
3.375000059604644775e-01 -4.868546962738037109e+00 1.148037052154541016e+01
3.499999940395355225e-01 -5.228111743927001953e+00 1.147914218902587891e+01
3.625000119209289551e-01 -5.536993980407714844e+00 1.147723197937011719e+01
3.750000000000000000e-01 -5.791038990020751953e+00 1.148818969726562500e+01
3.874999880790710449e-01 -5.993361473083496094e+00 1.150877094268798828e+01
4.000000059604644775e-01 -6.147218227386474609e+00 1.152386093139648438e+01
4.124999940395355225e-01 -6.249717712402343750e+00 1.152571105957031250e+01
4.250000119209289551e-01 -6.294005870819091797e+00 1.152328300476074219e+01
4.375000000000000000e-01 -6.276895999908447266e+00 1.153054904937744141e+01
4.499999880790710449e-01 -6.202342510223388672e+00 1.154875469207763672e+01
4.625000059604644775e-01 -6.076528072357177734e+00 1.156482410430908203e+01
4.749999940395355225e-01 -5.900785446166992188e+00 1.156783962249755859e+01
4.875000119209289551e-01 -5.671260356903076172e+00 1.156296348571777344e+01
5.000000000000000000e-01 -5.385806560516357422e+00 1.156513595581054688e+01
5.124999880790710449e-01 -5.049489974975585938e+00 1.158001041412353516e+01
5.249999761581420898e-01 -4.671562194824218750e+00 1.159600830078125000e+01
5.375000238418579102e-01 -4.257348537445068359e+00 1.159829235076904297e+01
5.500000119209289551e-01 -3.805233478546142578e+00 1.158802604675292969e+01
5.625000000000000000e-01 -3.313073635101318359e+00 1.158228683471679688e+01
5.749999880790710449e-01 -2.786486148834228516e+00 1.159280872344970703e+01
5.874999761581420898e-01 -2.238100290298461914e+00 1.160907649993896484e+01
6.000000238418579102e-01 -1.677179813385009766e+00 1.160888767242431641e+01
6.125000119209289551e-01 -1.101590991020202637e+00 1.158709907531738281e+01
6.250000000000000000e-01 -5.034447908401489258e-01 1.156769561767578125e+01
6.374999880790710449e-01 1.151790171861648560e-01 1.157821559906005859e+01
6.499999761581420898e-01 7.331650257110595703e-01 1.160769176483154297e+01
6.625000238418579102e-01 1.320289373397827148e+00 1.159358882904052734e+01
6.750000119209289551e-01 1.859390139579772949e+00 1.145945358276367188e+01
6.875000000000000000e-01 2.359990835189819336e+00 1.117455577850341797e+01
6.999999880790710449e-01 2.849252462387084961e+00 1.078186893463134766e+01
7.124999761581420898e-01 3.347610235214233398e+00 1.036886882781982422e+01
7.250000238418579102e-01 3.851000070571899414e+00 1.000866127014160156e+01
7.375000119209289551e-01 4.334572792053222656e+00 9.723403930664062500e+00
7.500000000000000000e-01 4.771995544433593750e+00 9.495158195495605469e+00
7.624999880790710449e-01 5.151266098022460938e+00 9.302334785461425781e+00
7.749999761581420898e-01 5.474536895751953125e+00 9.141552925109863281e+00
7.875000238418579102e-01 5.746787071228027344e+00 9.019364356994628906e+00
8.000000119209289551e-01 5.967406749725341797e+00 8.933526039123535156e+00
8.125000000000000000e-01 6.131937503814697266e+00 8.870203971862792969e+00
8.249999880790710449e-01 6.238436222076416016e+00 8.818791389465332031e+00
8.374999761581420898e-01 6.289169311523437500e+00 8.783119201660156250e+00
8.500000238418579102e-01 6.286236763000488281e+00 8.773962974548339844e+00
8.625000119209289551e-01 6.228022098541259766e+00 8.793063163757324219e+00
8.750000000000000000e-01 6.111744880676269531e+00 8.830226898193359375e+00
8.874999880790710449e-01 5.938633441925048828e+00 8.878018379211425781e+00
8.999999761581420898e-01 5.714296817779541016e+00 8.944766998291015625e+00
9.125000238418579102e-01 5.443177700042724609e+00 9.047186851501464844e+00
9.250000119209289551e-01 5.124552726745605469e+00 9.189879417419433594e+00
9.375000000000000000e-01 4.756686210632324219e+00 9.358459472656250000e+00
9.499999880790710449e-01 4.345287322998046875e+00 9.539291381835937500e+00
9.624999761581420898e-01 3.904958248138427734e+00 9.744942665100097656e+00
9.750000238418579102e-01 3.448472738265991211e+00 1.001084709167480469e+01
9.875000119209289551e-01 2.973307371139526367e+00 1.035641479492187500e+01
1.000000000000000000e+00 2.461084127426147461e+00 1.074598312377929688e+01
1.012500047683715820e+00 1.894371509552001953e+00 1.109392356872558594e+01
1.024999976158142090e+00 1.276833891868591309e+00 1.131873989105224609e+01
1.037500023841857910e+00 6.369403600692749023e-01 1.140116214752197266e+01
1.049999952316284180e+00 1.007410045713186264e-02 1.139364147186279297e+01
1.062500000000000000e+00 -5.851446986198425293e-01 1.137340736389160156e+01
1.075000047683715820e+00 -1.154786348342895508e+00 1.138375282287597656e+01
1.087499976158142090e+00 -1.715867280960083008e+00 1.141543769836425781e+01
1.100000023841857910e+00 -2.275815725326538086e+00 1.143700885772705078e+01
1.112499952316284180e+00 -2.824855089187622070e+00 1.143583011627197266e+01
1.125000000000000000e+00 -3.346053123474121094e+00 1.142811489105224609e+01
1.137500047683715820e+00 -3.829865932464599609e+00 1.143491840362548828e+01
1.149999976158142090e+00 -4.277714729309082031e+00 1.145691585540771484e+01
1.162500023841857910e+00 -4.693083763122558594e+00 1.147647857666015625e+01
1.174999952316284180e+00 -5.072181701660156250e+00 1.148086643218994141e+01
1.187500000000000000e+00 -5.404874324798583984e+00 1.147702789306640625e+01
1.200000047683715820e+00 -5.683522224426269531e+00 1.148143005371093750e+01
1.212499976158142090e+00 -5.908492088317871094e+00 1.149923419952392578e+01
1.225000023841857910e+00 -6.084067821502685547e+00 1.151863670349121094e+01
1.237499952316284180e+00 -6.210424900054931641e+00 1.152628231048583984e+01
1.250000000000000000e+00 -6.281669616699218750e+00 1.152388191223144531e+01
1.262500047683715820e+00 -6.292074203491210938e+00 1.152557563781738281e+01
1.274999976158142090e+00 -6.242523670196533203e+00 1.153986454010009766e+01
1.287500023841857910e+00 -6.139183998107910156e+00 1.155885219573974609e+01
1.299999952316284180e+00 -5.986159801483154297e+00 1.156817722320556641e+01
1.312500000000000000e+00 -5.781376838684082031e+00 1.156518459320068359e+01
1.325000047683715820e+00 -5.520910263061523438e+00 1.156250667572021484e+01
1.337499976158142090e+00 -5.206389904022216797e+00 1.157216644287109375e+01
1.350000023841857910e+00 -4.846099376678466797e+00 1.158982372283935547e+01
1.362499952316284180e+00 -4.448035240173339844e+00 1.159939193725585938e+01
1.375000000000000000e+00 -4.013424396514892578e+00 1.159327888488769531e+01
1.387500047683715820e+00 -3.539160728454589844e+00 1.158313179016113281e+01
1.399999976158142090e+00 -3.026740789413452148e+00 1.158619689941406250e+01
1.412500023841857910e+00 -2.486518859863281250e+00 1.160252857208251953e+01
1.424999952316284180e+00 -1.930764317512512207e+00 1.161204624176025391e+01
1.437500000000000000e+00 -1.362714529037475586e+00 1.159858322143554688e+01
1.450000047683715820e+00 -7.754263877868652344e-01 1.157391834259033203e+01
1.462499976158142090e+00 -1.645395904779434204e-01 1.156919384002685547e+01
1.475000023841857910e+00 4.573875665664672852e-01 1.159511661529541016e+01
1.487499952316284180e+00 1.061812043190002441e+00 1.161061954498291016e+01
1.500000000000000000e+00 1.622988343238830566e+00 1.153823375701904297e+01
1.512500047683715820e+00 2.138109683990478516e+00 1.132016658782958984e+01
1.524999976158142090e+00 2.628938913345336914e+00 1.096649932861328125e+01
1.537500023841857910e+00 3.122062921524047852e+00 1.055139255523681641e+01
1.549999952316284180e+00 3.625372886657714844e+00 1.016137790679931641e+01
1.562500000000000000e+00 4.121527194976806641e+00 9.843003273010253906e+00
1.575000047683715820e+00 4.582235336303710938e+00 9.592422485351562500e+00
1.587499976158142090e+00 4.988029956817626953e+00 9.385305404663085938e+00
1.600000023841857910e+00 5.335734844207763672e+00 9.209431648254394531e+00
1.612499952316284180e+00 5.630588054656982422e+00 9.069312095642089844e+00
1.625000000000000000e+00 5.874886989593505859e+00 8.968365669250488281e+00
1.637500047683715820e+00 6.065150737762451172e+00 8.896849632263183594e+00
1.649999976158142090e+00 6.197656154632568359e+00 8.840524673461914062e+00
1.662500023841857910e+00 6.273056030273437500e+00 8.796475410461425781e+00
1.674999952316284180e+00 6.294212341308593750e+00 8.774338722229003906e+00
1.687500000000000000e+00 6.261252880096435547e+00 8.781473159790039062e+00
1.700000047683715820e+00 6.171258926391601562e+00 8.812049865722656250e+00
1.712499976158142090e+00 6.023184299468994141e+00 8.855076789855957031e+00
1.725000023841857910e+00 5.821099281311035156e+00 8.911299705505371094e+00
1.737499952316284180e+00 5.570785045623779297e+00 8.995940208435058594e+00
1.750000000000000000e+00 5.273867130279541016e+00 9.121347427368164062e+00
1.762500047683715820e+00 4.928044795989990234e+00 9.280723571777343750e+00
1.774999976158142090e+00 4.534821510314941406e+00 9.456447601318359375e+00
1.787500023841857910e+00 4.105449199676513672e+00 9.647343635559082031e+00
1.799999952316284180e+00 3.655399322509765625e+00 9.881648063659667969e+00
1.812500000000000000e+00 3.190177440643310547e+00 1.019198036193847656e+01
1.825000047683715820e+00 2.697360992431640625e+00 1.057019233703613281e+01
1.837499976158142090e+00 2.156303644180297852e+00 1.094878005981445312e+01
1.850000023841857910e+00 1.559373974800109863e+00 1.123601055145263672e+01
1.862499952316284180e+00 9.249678254127502441e-01 1.137968254089355469e+01
1.875000000000000000e+00 2.884925305843353271e-01 1.140299701690673828e+01
1.887500047683715820e+00 -3.215762972831726074e-01 1.138002490997314453e+01
1.899999976158142090e+00 -9.007582664489746094e-01 1.137487411499023438e+01
1.912500023841857910e+00 -1.463798522949218750e+00 1.140061092376708984e+01
1.924999952316284180e+00 -2.024499893188476562e+00 1.143013381958007812e+01
1.937500000000000000e+00 -2.580488443374633789e+00 1.143862724304199219e+01
1.950000047683715820e+00 -3.116084098815917969e+00 1.143076705932617188e+01
1.962499976158142090e+00 -3.617081642150878906e+00 1.142941474914550781e+01
1.975000023841857910e+00 -4.080505847930908203e+00 1.144608783721923828e+01
1.987499952316284180e+00 -4.510391712188720703e+00 1.146920108795166016e+01
2.000000000000000000e+00 -4.906831741333007812e+00 1.148077869415283203e+01
