0.000000000000000000e+00 6.267591953277587891e+00 8.800335884094238281e+00
1.250000018626451492e-02 6.294304847717285156e+00 8.775315284729003906e+00
2.500000037252902985e-02 6.266730785369873047e+00 8.779557228088378906e+00
3.750000149011611938e-02 6.182058334350585938e+00 8.808475494384765625e+00
5.000000074505805969e-02 6.038812637329101562e+00 8.850712776184082031e+00
6.250000000000000000e-02 5.840657234191894531e+00 8.905436515808105469e+00
7.500000298023223877e-02 5.593544483184814453e+00 8.987177848815917969e+00
8.749999850988388062e-02 5.299613475799560547e+00 9.109516143798828125e+00
1.000000014901161194e-01 4.956648826599121094e+00 9.267313003540039062e+00
1.124999970197677612e-01 4.565530300140380859e+00 9.442753791809082031e+00
1.250000000000000000e-01 4.136881351470947266e+00 9.632499694824218750e+00
1.375000029802322388e-01 3.686461687088012695e+00 9.863196372985839844e+00
1.500000059604644775e-01 3.220984220504760742e+00 1.016889286041259766e+01
1.624999940395355225e-01 2.729038000106811523e+00 1.054525279998779297e+01
1.749999970197677612e-01 2.189688920974731445e+00 1.092754364013671875e+01
1.875000000000000000e-01 1.593837738037109375e+00 1.122295188903808594e+01
2.000000029802322388e-01 9.585366845130920410e-01 1.137504386901855469e+01
2.125000059604644775e-01 3.191733956336975098e-01 1.140314102172851562e+01
2.249999940395355225e-01 -2.945367991924285889e-01 1.138067722320556641e+01
2.374999970197677612e-01 -8.767842650413513184e-01 1.137407112121582031e+01
2.500000000000000000e-01 -1.441950917243957520e+00 1.139897823333740234e+01
2.624999880790710449e-01 -2.004432916641235352e+00 1.142901515960693359e+01
2.750000059604644775e-01 -2.562558889389038086e+00 1.143837928771972656e+01
2.874999940395355225e-01 -3.100762367248535156e+00 1.143072700500488281e+01
3.000000119209289551e-01 -3.604435920715332031e+00 1.142895984649658203e+01
3.125000000000000000e-01 -4.070231437683105469e+00 1.144530487060546875e+01
3.249999880790710449e-01 -4.502170562744140625e+00 1.146855926513671875e+01
3.375000059604644775e-01 -4.900526046752929688e+00 1.148048305511474609e+01
3.499999940395355225e-01 -5.257227897644042969e+00 1.147853374481201172e+01
3.625000119209289551e-01 -5.562227249145507812e+00 1.147744274139404297e+01
3.750000000000000000e-01 -5.812080860137939453e+00 1.148978137969970703e+01
3.874999880790710449e-01 -6.010310173034667969e+00 1.151059722900390625e+01
4.000000059604644775e-01 -6.159781932830810547e+00 1.152450942993164062e+01
4.124999940395355225e-01 -6.256938934326171875e+00 1.152531147003173828e+01
4.250000119209289551e-01 -6.294883251190185547e+00 1.152338886260986328e+01
4.375000000000000000e-01 -6.271137714385986328e+00 1.153217220306396484e+01
4.499999880790710449e-01 -6.190295696258544922e+00 1.155100250244140625e+01
4.625000059604644775e-01 -6.058344364166259766e+00 1.156594085693359375e+01
4.749999940395355225e-01 -5.875869750976562500e+00 1.156744956970214844e+01
4.875000119209289551e-01 -5.638754367828369141e+00 1.156266498565673828e+01
5.000000000000000000e-01 -5.345557212829589844e+00 1.156653499603271484e+01
5.124999880790710449e-01 -5.002269268035888672e+00 1.158255100250244141e+01
5.249999761581420898e-01 -4.618174076080322266e+00 1.159745121002197266e+01
5.375000238418579102e-01 -4.197693347930908203e+00 1.159751796722412109e+01
5.500000119209289551e-01 -3.738585472106933594e+00 1.158670711517333984e+01
5.625000000000000000e-01 -3.239380836486816406e+00 1.158300876617431641e+01
5.749999880790710449e-01 -2.707080841064453125e+00 1.159560298919677734e+01
5.874999761581420898e-01 -2.154705762863159180e+00 1.161079692840576172e+01
6.000000238418579102e-01 -1.590168237686157227e+00 1.160690784454345703e+01
6.125000119209289551e-01 -1.009689211845397949e+00 1.158330631256103516e+01
6.250000000000000000e-01 -4.057576358318328857e-01 1.156730365753173828e+01
6.374999880790710449e-01 2.166922986507415771e-01 1.158313846588134766e+01
6.499999761581420898e-01 8.336613774299621582e-01 1.161090660095214844e+01
6.625000238418579102e-01 1.415179133415222168e+00 1.158139610290527344e+01
6.750000119209289551e-01 1.947970628738403320e+00 1.142122840881347656e+01
6.875000000000000000e-01 2.445968627929687500e+00 1.111166095733642578e+01
6.999999880790710449e-01 2.937336921691894531e+00 1.070743083953857422e+01
7.124999761581420898e-01 3.439170837402343750e+00 1.029854774475097656e+01
7.250000238418579102e-01 3.942698240280151367e+00 9.950886726379394531e+00
7.375000119209289551e-01 4.420928001403808594e+00 9.677288055419921875e+00
7.500000000000000000e-01 4.849134445190429688e+00 9.456159591674804688e+00
7.624999880790710449e-01 5.218391895294189453e+00 9.268507957458496094e+00
7.749999761581420898e-01 5.532397747039794922e+00 9.114285469055175781e+00
7.875000238418579102e-01 5.795438289642333984e+00 8.999613761901855469e+00
8.000000119209289551e-01 6.005698680877685547e+00 8.919350624084472656e+00
8.125000000000000000e-01 6.158721923828125000e+00 8.858722686767578125e+00
8.249999880790710449e-01 6.253538131713867188e+00 8.809648513793945312e+00
8.374999761581420898e-01 6.292870044708251953e+00 8.778683662414550781e+00
8.500000238418579102e-01 6.278165817260742188e+00 8.775960922241210938e+00
8.625000119209289551e-01 6.207123756408691406e+00 8.800152778625488281e+00
8.750000000000000000e-01 6.077441692352294922e+00 8.839982032775878906e+00
8.874999880790710449e-01 5.891571521759033203e+00 8.890912055969238281e+00
8.999999761581420898e-01 5.655498504638671875e+00 8.964701652526855469e+00
9.125000238418579102e-01 5.372630596160888672e+00 9.077191352844238281e+00
9.250000119209289551e-01 5.041324138641357422e+00 9.228194236755371094e+00
9.375000000000000000e-01 4.660899639129638672e+00 9.400812149047851562e+00
9.499999880790710449e-01 4.239606380462646484e+00 9.585867881774902344e+00
9.624999761581420898e-01 3.793097972869873047e+00 9.803500175476074219e+00
9.750000238418579102e-01 3.331490516662597656e+00 1.008993434906005859e+01
9.875000119209289551e-01 2.847566366195678711e+00 1.045345973968505859e+01
1.000000000000000000e+00 2.320911169052124023e+00 1.084263134002685547e+01
1.012500047683715820e+00 1.737758874893188477e+00 1.116577053070068359e+01
1.024999976158142090e+00 1.108852863311767578e+00 1.135254669189453125e+01
1.037500023841857910e+00 4.671491980552673340e-01 1.140417003631591797e+01
1.049999952316284180e+00 -1.540783196687698364e-01 1.138628959655761719e+01
1.062500000000000000e+00 -7.428699731826782227e-01 1.137244129180908203e+01
1.075000047683715820e+00 -1.310376405715942383e+00 1.139139461517333984e+01
1.087499976158142090e+00 -1.872933149337768555e+00 1.142328834533691406e+01
1.100000023841857910e+00 -2.433162927627563477e+00 1.143836116790771484e+01
1.112499952316284180e+00 -2.977626562118530273e+00 1.143286991119384766e+01
1.125000000000000000e+00 -3.490129470825195312e+00 1.142780303955078125e+01
1.137500047683715820e+00 -3.964516162872314453e+00 1.144014358520507812e+01
1.149999976158142090e+00 -4.404048442840576172e+00 1.146359634399414062e+01
1.162500023841857910e+00 -4.810708999633789062e+00 1.147921085357666016e+01
1.174999952316284180e+00 -5.178145885467529297e+00 1.147959423065185547e+01
1.187500000000000000e+00 -5.495872497558593750e+00 1.147671985626220703e+01
1.200000047683715820e+00 -5.758470058441162109e+00 1.148565483093261719e+01
1.212499976158142090e+00 -5.968344211578369141e+00 1.150579261779785156e+01
1.225000023841857910e+00 -6.129279613494873047e+00 1.152249622344970703e+01
1.237499952316284180e+00 -6.239289760589599609e+00 1.152595233917236328e+01
1.250000000000000000e+00 -6.291573047637939453e+00 1.152323246002197266e+01
1.262500047683715820e+00 -6.282057762145996094e+00 1.152889251708984375e+01
1.274999976158142090e+00 -6.213942527770996094e+00 1.154635429382324219e+01
1.287500023841857910e+00 -6.093630313873291016e+00 1.156354522705078125e+01
1.299999952316284180e+00 -5.923260688781738281e+00 1.156818675994873047e+01
1.312500000000000000e+00 -5.699281215667724609e+00 1.156350231170654297e+01
1.325000047683715820e+00 -5.418933391571044922e+00 1.156435394287109375e+01
1.337499976158142090e+00 -5.086508750915527344e+00 1.157823944091796875e+01
1.350000023841857910e+00 -4.711274623870849609e+00 1.159499454498291016e+01
1.362499952316284180e+00 -4.299325942993164062e+00 1.159897136688232422e+01
1.375000000000000000e+00 -3.849577665328979492e+00 1.158930587768554688e+01
1.387500047683715820e+00 -3.359487295150756836e+00 1.158239459991455078e+01
1.399999976158142090e+00 -2.833829402923583984e+00 1.159158420562744141e+01
1.412500023841857910e+00 -2.285059213638305664e+00 1.160830402374267578e+01
1.424999952316284180e+00 -1.723288893699645996e+00 1.161009788513183594e+01
1.437500000000000000e+00 -1.147329688072204590e+00 1.158943176269531250e+01
1.450000047683715820e+00 -5.491366386413574219e-01 1.156861114501953125e+01
1.462499976158142090e+00 7.050129026174545288e-02 1.157668399810791016e+01
1.475000023841857910e+00 6.915854215621948242e-01 1.160646438598632812e+01
1.487499952316284180e+00 1.283526182174682617e+00 1.159781932830810547e+01
1.500000000000000000e+00 1.827422261238098145e+00 1.147263717651367188e+01
1.512500047683715820e+00 2.331160545349121094e+00 1.119554996490478516e+01
1.524999976158142090e+00 2.821750640869140625e+00 1.080568695068359375e+01
1.537500023841857910e+00 3.320931673049926758e+00 1.039027214050292969e+01
1.549999952316284180e+00 3.826115846633911133e+00 1.002518939971923828e+01
1.562500000000000000e+00 4.312890529632568359e+00 9.735560417175292969e+00
1.575000047683715820e+00 4.754242897033691406e+00 9.504471778869628906e+00
1.587499976158142090e+00 5.137235164642333984e+00 9.309649467468261719e+00
1.600000023841857910e+00 5.463611125946044922e+00 9.146928787231445312e+00
1.612499952316284180e+00 5.738500118255615234e+00 9.022906303405761719e+00
1.625000000000000000e+00 5.961521625518798828e+00 8.935795783996582031e+00
1.637500047683715820e+00 6.128205299377441406e+00 8.871813774108886719e+00
1.649999976158142090e+00 6.236458301544189453e+00 8.819932937622070312e+00
1.662500023841857910e+00 6.288502216339111328e+00 8.783658027648925781e+00
1.674999952316284180e+00 6.286521911621093750e+00 8.773889541625976562e+00
1.687500000000000000e+00 6.228958129882812500e+00 8.792651176452636719e+00
1.700000047683715820e+00 6.112979888916015625e+00 8.829772949218750000e+00
1.712499976158142090e+00 5.939754962921142578e+00 8.877613067626953125e+00
1.725000023841857910e+00 5.714922428131103516e+00 8.944423675537109375e+00
1.737499952316284180e+00 5.442996501922607422e+00 9.047061920166015625e+00
1.750000000000000000e+00 5.123269081115722656e+00 9.190222740173339844e+00
1.762500047683715820e+00 4.753994941711425781e+00 9.359400749206542969e+00
1.774999976158142090e+00 4.340977668762207031e+00 9.540925025939941406e+00
1.787500023841857910e+00 3.898993968963623047e+00 9.747692108154296875e+00
1.799999952316284180e+00 3.440844297409057617e+00 1.001548194885253906e+01
1.812500000000000000e+00 2.963728666305541992e+00 1.036327171325683594e+01
1.825000047683715820e+00 2.448925495147705078e+00 1.075401020050048828e+01
1.837499976158142090e+00 1.879069566726684570e+00 1.110078716278076172e+01
1.850000023841857910e+00 1.258468270301818848e+00 1.132234954833984375e+01
1.862499952316284180e+00 6.163497567176818848e-01 1.140136814117431641e+01
1.875000000000000000e+00 -1.173369027674198151e-02 1.139234828948974609e+01
1.887500047683715820e+00 -6.077692508697509766e-01 1.137284278869628906e+01
1.899999976158142090e+00 -1.178601741790771484e+00 1.138455772399902344e+01
1.912500023841857910e+00 -1.741385817527770996e+00 1.141650295257568359e+01
1.924999952316284180e+00 -2.302916288375854492e+00 1.143709373474121094e+01
1.937500000000000000e+00 -2.852690696716308594e+00 1.143506050109863281e+01
1.950000047683715820e+00 -3.373691797256469727e+00 1.142772006988525391e+01
1.962499976158142090e+00 -3.856903553009033203e+00 1.143565273284912109e+01
1.975000023841857910e+00 -4.304172992706298828e+00 1.145814323425292969e+01
1.987499952316284180e+00 -4.718769073486328125e+00 1.147700500488281250e+01
2.000000000000000000e+00 -5.096319198608398438e+00 1.148046207427978516e+01
