0.000000000000000000e+00 6.267234325408935547e+00 8.800642967224121094e+00
1.250000018626451492e-02 6.294110774993896484e+00 8.775458335876464844e+00
2.500000037252902985e-02 6.266352176666259766e+00 8.779716491699218750e+00
3.750000149011611938e-02 6.181122779846191406e+00 8.808788299560546875e+00
5.000000074505805969e-02 6.036948680877685547e+00 8.851231575012207031e+00
6.250000000000000000e-02 5.837558746337890625e+00 8.906328201293945312e+00
7.500000298023223877e-02 5.588951587677001953e+00 8.988831520080566406e+00
8.749999850988388062e-02 5.293217182159423828e+00 9.112259864807128906e+00
1.000000014901161194e-01 4.948101520538330078e+00 9.271084785461425781e+00
1.124999970197677612e-01 4.554653167724609375e+00 9.447354316711425781e+00
1.250000000000000000e-01 4.123822212219238281e+00 9.638362884521484375e+00
1.375000029802322388e-01 3.671478986740112305e+00 9.871638298034667969e+00
1.500000059604644775e-01 3.203922033309936523e+00 1.018099403381347656e+01
1.624999940395355225e-01 2.709068536758422852e+00 1.056008911132812500e+01
1.749999970197677612e-01 2.165803194046020508e+00 1.094170284271240234e+01
1.875000000000000000e-01 1.565803408622741699e+00 1.123244953155517578e+01
2.000000029802322388e-01 9.273892641067504883e-01 1.137828445434570312e+01
2.125000059604644775e-01 2.866090834140777588e-01 1.140215587615966797e+01
2.249999940395355225e-01 -3.274074792861938477e-01 1.137926959991455078e+01
2.374999970197677612e-01 -9.101275205612182617e-01 1.137458515167236328e+01
2.500000000000000000e-01 -1.476651430130004883e+00 1.140080833435058594e+01
2.624999880790710449e-01 -2.040871143341064453e+00 1.143012905120849609e+01
2.750000059604644775e-01 -2.599988937377929688e+00 1.143794918060302734e+01
2.874999940395355225e-01 -3.137870073318481445e+00 1.142994880676269531e+01
3.000000119209289551e-01 -3.640362739562988281e+00 1.142940711975097656e+01
3.125000000000000000e-01 -4.104903697967529297e+00 1.144697380065917969e+01
3.249999880790710449e-01 -4.535642147064208984e+00 1.146996879577636719e+01
3.375000059604644775e-01 -4.932207107543945312e+00 1.148059082031250000e+01
3.499999940395355225e-01 -5.285942077636718750e+00 1.147804260253906250e+01
3.625000119209289551e-01 -5.586999416351318359e+00 1.147788619995117188e+01
3.750000000000000000e-01 -5.832664966583251953e+00 1.149155902862548828e+01
3.874999880790710449e-01 -6.026801109313964844e+00 1.151245212554931641e+01
4.000000059604644775e-01 -6.171818256378173828e+00 1.152511405944824219e+01
4.124999940395355225e-01 -6.263518333435058594e+00 1.152498817443847656e+01
4.250000119209289551e-01 -6.295047283172607422e+00 1.152374267578125000e+01
4.375000000000000000e-01 -6.264683723449707031e+00 1.153403949737548828e+01
4.499999880790710449e-01 -6.177597522735595703e+00 1.155329799652099609e+01
4.625000059604644775e-01 -6.039478778839111328e+00 1.156695842742919922e+01
4.749999940395355225e-01 -5.850165843963623047e+00 1.156706714630126953e+01
4.875000119209289551e-01 -5.605388164520263672e+00 1.156262588500976562e+01
5.000000000000000000e-01 -5.304502964019775391e+00 1.156826305389404297e+01
5.124999880790710449e-01 -4.954370975494384766e+00 1.158517742156982422e+01
5.249999761581420898e-01 -4.564157009124755859e+00 1.159870433807373047e+01
5.375000238418579102e-01 -4.137325286865234375e+00 1.159662246704101562e+01
5.500000119209289551e-01 -3.671147346496582031e+00 1.158565139770507812e+01
5.625000000000000000e-01 -3.165005207061767578e+00 1.158421421051025391e+01
5.749999880790710449e-01 -2.627259492874145508e+00 1.159857177734375000e+01
5.874999761581420898e-01 -2.071069240570068359e+00 1.161214733123779297e+01
6.000000238418579102e-01 -1.502803087234497070e+00 1.160450744628906250e+01
6.125000119209289551e-01 -9.171987175941467285e-01 1.157980537414550781e+01
6.250000000000000000e-01 -3.075553476810455322e-01 1.156792545318603516e+01
6.374999880790710449e-01 3.180912137031555176e-01 1.158860301971435547e+01
6.499999761581420898e-01 9.331613779067993164e-01 1.161267375946044922e+01
6.625000238418579102e-01 1.508607268333435059e+00 1.156546115875244141e+01
6.750000119209289551e-01 2.035446643829345703e+00 1.137852001190185547e+01
6.875000000000000000e-01 2.531710863113403320e+00 1.104590129852294922e+01
6.999999880790710449e-01 3.025766134262084961e+00 1.063304233551025391e+01
7.124999761581420898e-01 3.530804872512817383e+00 1.023050689697265625e+01
7.250000238418579102e-01 4.033523559570312500e+00 9.895818710327148438e+00
7.375000119209289551e-01 4.505486488342285156e+00 9.633069992065429688e+00
7.500000000000000000e-01 4.924103260040283203e+00 9.418373107910156250e+00
7.624999880790710449e-01 5.283445835113525391e+00 9.235991477966308594e+00
7.749999761581420898e-01 5.588296413421630859e+00 9.088687896728515625e+00
7.875000238418579102e-01 5.841967105865478516e+00 8.981379508972167969e+00
8.000000119209289551e-01 6.041584491729736328e+00 8.906059265136718750e+00
8.125000000000000000e-01 6.182977676391601562e+00 8.847769737243652344e+00
8.249999880790710449e-01 6.266171455383300781e+00 8.801382064819335938e+00
8.374999761581420898e-01 6.294103622436523438e+00 8.775677680969238281e+00
8.500000238418579102e-01 6.267430305480957031e+00 8.779359817504882812e+00
8.625000119209289551e-01 6.183348178863525391e+00 8.808064460754394531e+00
8.750000000000000000e-01 6.040303230285644531e+00 8.850311279296875000e+00
8.874999880790710449e-01 5.841928005218505859e+00 8.905055046081542969e+00
8.999999761581420898e-01 5.594239711761474609e+00 8.986853599548339844e+00
9.125000238418579102e-01 5.299438953399658203e+00 9.109466552734375000e+00
9.250000119209289551e-01 4.955301284790039062e+00 9.267771720886230469e+00
9.375000000000000000e-01 4.562723159790039062e+00 9.443821907043457031e+00
9.499999880790710449e-01 4.132463455200195312e+00 9.634367942810058594e+00
9.624999761581420898e-01 3.680424213409423828e+00 9.866443634033203125e+00
9.750000238418579102e-01 3.213221311569213867e+00 1.017418193817138672e+01
9.875000119209289551e-01 2.719104290008544922e+00 1.055238342285156250e+01
1.000000000000000000e+00 2.176937341690063477e+00 1.093485736846923828e+01
1.012500047683715820e+00 1.577955484390258789e+00 1.122811412811279297e+01
1.024999976158142090e+00 9.399668574333190918e-01 1.137680339813232422e+01
1.037500023841857910e+00 2.988915741443634033e-01 1.140240669250488281e+01
1.049999952316284180e+00 -3.157771229743957520e-01 1.137967872619628906e+01
1.062500000000000000e+00 -8.989966511726379395e-01 1.137433242797851562e+01
1.075000047683715820e+00 -1.465664029121398926e+00 1.140015316009521484e+01
1.087499976158142090e+00 -2.029893875122070312e+00 1.142972850799560547e+01
1.100000023841857910e+00 -2.589244127273559570e+00 1.143801403045654297e+01
1.112499952316284180e+00 -3.127704620361328125e+00 1.143010616302490234e+01
1.125000000000000000e+00 -3.630949735641479492e+00 1.142923831939697266e+01
1.137500047683715820e+00 -4.096193313598632812e+00 1.144651317596435547e+01
1.149999976158142090e+00 -4.527564525604248047e+00 1.146959972381591797e+01
1.162500023841857910e+00 -4.924856662750244141e+00 1.148054313659667969e+01
1.174999952316284180e+00 -5.279532909393310547e+00 1.147812843322753906e+01
1.187500000000000000e+00 -5.581671714782714844e+00 1.147776699066162109e+01
1.200000047683715820e+00 -5.828389167785644531e+00 1.149117565155029297e+01
1.212499976158142090e+00 -6.023487091064453125e+00 1.151208019256591797e+01
1.225000023841857910e+00 -6.169480323791503906e+00 1.152500534057617188e+01
1.237499952316284180e+00 -6.262288570404052734e+00 1.152505493164062500e+01
1.250000000000000000e+00 -6.295032024383544922e+00 1.152367877960205078e+01
1.262500047683715820e+00 -6.265839576721191406e+00 1.153371620178222656e+01
1.274999976158142090e+00 -6.179791450500488281e+00 1.155292701721191406e+01
1.287500023841857910e+00 -6.042645931243896484e+00 1.156682300567626953e+01
1.299999952316284180e+00 -5.854368209838867188e+00 1.156716060638427734e+01
1.312500000000000000e+00 -5.610701084136962891e+00 1.156265163421630859e+01
1.325000047683715820e+00 -5.310863971710205078e+00 1.156801700592041016e+01
1.337499976158142090e+00 -4.961596012115478516e+00 1.158482074737548828e+01
1.350000023841857910e+00 -4.572103500366210938e+00 1.159857654571533203e+01
1.362499952316284180e+00 -4.146000385284423828e+00 1.159680175781250000e+01
1.375000000000000000e+00 -3.680617809295654297e+00 1.158582973480224609e+01
1.387500047683715820e+00 -3.175204753875732422e+00 1.158407306671142578e+01
1.399999976158142090e+00 -2.637946605682373047e+00 1.159821987152099609e+01
1.412500023841857910e+00 -2.082015752792358398e+00 1.161204528808593750e+01
1.424999952316284180e+00 -1.514004111289978027e+00 1.160488796234130859e+01
1.437500000000000000e+00 -9.288247823715209961e-01 1.158027648925781250e+01
1.450000047683715820e+00 -3.196401000022888184e-01 1.156784725189208984e+01
1.462499976158142090e+00 3.059029281139373779e-01 1.158797931671142578e+01
1.475000023841857910e+00 9.214879274368286133e-01 1.161260986328125000e+01
1.487499952316284180e+00 1.497883558273315430e+00 1.156756591796875000e+01
1.500000000000000000e+00 2.025571346282958984e+00 1.138366222381591797e+01
1.512500047683715820e+00 2.522150516510009766e+00 1.105343914031982422e+01
1.524999976158142090e+00 3.016040086746215820e+00 1.064125537872314453e+01
1.537500023841857910e+00 3.520911455154418945e+00 1.023779392242431641e+01
1.549999952316284180e+00 4.023931980133056641e+00 9.901591300964355469e+00
1.562500000000000000e+00 4.496757507324218750e+00 9.637644767761230469e+00
1.575000047683715820e+00 4.916523456573486328e+00 9.422228813171386719e+00
1.587499976158142090e+00 5.276988506317138672e+00 9.239234924316406250e+00
1.600000023841857910e+00 5.582848548889160156e+00 9.091173171997070312e+00
1.612499952316284180e+00 5.837527275085449219e+00 8.983116149902343750e+00
1.625000000000000000e+00 6.038244724273681641e+00 8.907320976257324219e+00
1.637500047683715820e+00 6.180788040161132812e+00 8.848801612854003906e+00
1.649999976158142090e+00 6.265088081359863281e+00 8.802127838134765625e+00
1.662500023841857910e+00 6.294075965881347656e+00 8.775908470153808594e+00
1.674999952316284180e+00 6.268486499786376953e+00 8.779013633728027344e+00
1.687500000000000000e+00 6.185551166534423828e+00 8.807344436645507812e+00
1.700000047683715820e+00 6.043636798858642578e+00 8.849395751953125000e+00
1.712499976158142090e+00 5.846278667449951172e+00 8.903792381286621094e+00
1.725000023841857910e+00 5.599510192871093750e+00 8.984891891479492188e+00
1.737499952316284180e+00 5.305642127990722656e+00 9.106686592102050781e+00
1.750000000000000000e+00 4.962482452392578125e+00 9.264465332031250000e+00
1.762500047683715820e+00 4.570778369903564453e+00 9.440294265747070312e+00
1.774999976158142090e+00 4.141096591949462891e+00 9.630388259887695312e+00
1.787500023841857910e+00 3.689364671707153320e+00 9.861278533935546875e+00
1.799999952316284180e+00 3.222510814666748047e+00 1.016739940643310547e+01
1.812500000000000000e+00 2.729121446609497070e+00 1.054467964172363281e+01
1.825000047683715820e+00 2.188048839569091797e+00 1.092797756195068359e+01
1.837499976158142090e+00 1.590092062950134277e+00 1.122372150421142578e+01
1.850000023841857910e+00 9.525435566902160645e-01 1.137527370452880859e+01
1.862499952316284180e+00 3.111849725246429443e-01 1.140264034271240234e+01
1.875000000000000000e+00 -3.041341006755828857e-01 1.138009738922119141e+01
1.887500047683715820e+00 -8.878595829010009766e-01 1.137409400939941406e+01
1.899999976158142090e+00 -1.454676508903503418e+00 1.139949989318847656e+01
1.912500023841857910e+00 -2.018915176391601562e+00 1.142931747436523438e+01
1.924999952316284180e+00 -2.578491449356079102e+00 1.143807220458984375e+01
1.937500000000000000e+00 -3.117525577545166016e+00 1.143026638031005859e+01
1.950000047683715820e+00 -3.621521949768066406e+00 1.142907619476318359e+01
1.962499976158142090e+00 -4.087469577789306641e+00 1.144605445861816406e+01
1.975000023841857910e+00 -4.519474029541015625e+00 1.146922492980957031e+01
1.987499952316284180e+00 -4.917490482330322266e+00 1.148048973083496094e+01
2.000000000000000000e+00 -5.273103237152099609e+00 1.147821521759033203e+01
