0.000000000000000000e+00 6.266876697540283203e+00 8.800851821899414062e+00
1.250000018626451492e-02 6.293917179107666016e+00 8.775503158569335938e+00
2.500000037252902985e-02 6.265973091125488281e+00 8.779777526855468750e+00
3.750000149011611938e-02 6.180185794830322266e+00 8.809001922607421875e+00
5.000000074505805969e-02 6.035080432891845703e+00 8.851650238037109375e+00
6.250000000000000000e-02 5.834452629089355469e+00 8.907123565673828125e+00
7.500000298023223877e-02 5.584347248077392578e+00 8.990394592285156250e+00
8.749999850988388062e-02 5.286802768707275391e+00 9.114914894104003906e+00
1.000000014901161194e-01 4.939530372619628906e+00 9.274762153625488281e+00
1.124999970197677612e-01 4.543752193450927734e+00 9.451861381530761719e+00
1.250000000000000000e-01 4.110746860504150391e+00 9.644158363342285156e+00
1.375000029802322388e-01 3.656484365463256836e+00 9.880056381225585938e+00
1.500000059604644775e-01 3.186831474304199219e+00 1.019307804107666016e+01
1.624999940395355225e-01 2.689032554626464844e+00 1.057481956481933594e+01
1.749999970197677612e-01 2.141820669174194336e+00 1.095559120178222656e+01
1.875000000000000000e-01 1.537689447402954102e+00 1.124154472351074219e+01
2.000000029802322388e-01 8.962325453758239746e-01 1.138114643096923828e+01
2.125000059604644775e-01 2.541126906871795654e-01 1.140096759796142578e+01
2.249999940395355225e-01 -3.601857423782348633e-01 1.137784194946289062e+01
2.374999970197677612e-01 -9.434168338775634766e-01 1.137511539459228516e+01
2.500000000000000000e-01 -1.511343121528625488e+00 1.140254306793212891e+01
2.624999880790710449e-01 -2.077285528182983398e+00 1.143104171752929688e+01
2.750000059604644775e-01 -2.637315034866333008e+00 1.143734359741210938e+01
2.874999940395355225e-01 -3.174790620803833008e+00 1.142912101745605469e+01
3.000000119209289551e-01 -3.676074504852294922e+00 1.142986869812011719e+01
3.125000000000000000e-01 -4.139371871948242188e+00 1.144857692718505859e+01
3.249999880790710449e-01 -4.568892002105712891e+00 1.147118663787841797e+01
3.375000059604644775e-01 -4.963583946228027344e+00 1.148050022125244141e+01
3.499999940395355225e-01 -5.314249038696289062e+00 1.147748184204101562e+01
3.625000119209289551e-01 -5.611312866210937500e+00 1.147836399078369141e+01
3.750000000000000000e-01 -5.852795600891113281e+00 1.149331283569335938e+01
3.874999880790710449e-01 -6.042833805084228516e+00 1.151412391662597656e+01
4.000000059604644775e-01 -6.183320999145507812e+00 1.152548313140869141e+01
4.124999940395355225e-01 -6.269448757171630859e+00 1.152456283569335938e+01
4.250000119209289551e-01 -6.294500350952148438e+00 1.152415370941162109e+01
4.375000000000000000e-01 -6.257544040679931641e+00 1.153593444824218750e+01
4.499999880790710449e-01 -6.164251804351806641e+00 1.155541706085205078e+01
4.625000059604644775e-01 -6.019925594329833984e+00 1.156767463684082031e+01
4.749999940395355225e-01 -5.823665618896484375e+00 1.156652069091796875e+01
4.875000119209289551e-01 -5.571167945861816406e+00 1.156266689300537109e+01
5.000000000000000000e-01 -5.262664794921875000e+00 1.157009983062744141e+01
5.124999880790710449e-01 -4.905813217163085938e+00 1.158764457702636719e+01
5.249999761581420898e-01 -4.509510517120361328e+00 1.159955215454101562e+01
5.375000238418579102e-01 -4.076233386993408203e+00 1.159544658660888672e+01
5.500000119209289551e-01 -3.602925539016723633e+00 1.158471012115478516e+01
5.625000000000000000e-01 -3.089984178543090820e+00 1.158569049835205078e+01
5.749999880790710449e-01 -2.547063589096069336e+00 1.160143470764160156e+01
5.874999761581420898e-01 -1.987195253372192383e+00 1.161287689208984375e+01
6.000000238418579102e-01 -1.415049791336059570e+00 1.160155773162841797e+01
6.125000119209289551e-01 -8.241024017333984375e-01 1.157653999328613281e+01
6.250000000000000000e-01 -2.089028954505920410e-01 1.156938362121582031e+01
6.374999880790710449e-01 4.192366600036621094e-01 1.159417247772216797e+01
6.499999761581420898e-01 1.031548023223876953e+00 1.161239719390869141e+01
6.625000238418579102e-01 1.600582122802734375e+00 1.154533386230468750e+01
6.750000119209289551e-01 2.121954202651977539e+00 1.133127403259277344e+01
6.875000000000000000e-01 2.617363214492797852e+00 1.097756195068359375e+01
6.999999880790710449e-01 3.114558935165405273e+00 1.055899906158447266e+01
7.124999761581420898e-01 3.622377395629882812e+00 1.016474246978759766e+01
7.250000238418579102e-01 4.123290538787841797e+00 9.843140602111816406e+00
7.375000119209289551e-01 4.588142871856689453e+00 9.590358734130859375e+00
7.500000000000000000e-01 4.996910095214843750e+00 9.381550788879394531e+00
7.624999880790710449e-01 5.346475124359130859e+00 9.204655647277832031e+00
7.749999761581420898e-01 5.642235755920410156e+00 9.064576148986816406e+00
7.875000238418579102e-01 5.886331081390380859e+00 8.964347839355468750e+00
8.000000119209289551e-01 6.075036525726318359e+00 8.893328666687011719e+00
8.125000000000000000e-01 6.204724311828613281e+00 8.837160110473632812e+00
8.249999880790710449e-01 6.276366233825683594e+00 8.793917655944824219e+00
8.374999761581420898e-01 6.292858600616455078e+00 8.773953437805175781e+00
8.500000238418579102e-01 6.253991127014160156e+00 8.783854484558105469e+00
8.625000119209289551e-01 6.156696796417236328e+00 8.816475868225097656e+00
8.750000000000000000e-01 6.000395298004150391e+00 8.861083030700683594e+00
8.874999880790710449e-01 5.789770126342773438e+00 8.920477867126464844e+00
8.999999761581420898e-01 5.530517578125000000e+00 9.011134147644042969e+00
9.125000238418579102e-01 5.223561763763427734e+00 9.143625259399414062e+00
9.250000119209289551e-01 4.866535186767578125e+00 9.308154106140136719e+00
9.375000000000000000e-01 4.462364196777343750e+00 9.487396240234375000e+00
9.499999880790710449e-01 4.024090290069580078e+00 9.685147285461425781e+00
9.624999761581420898e-01 3.566948890686035156e+00 9.934012413024902344e+00
9.750000238418579102e-01 3.093373537063598633e+00 1.026294898986816406e+01
9.875000119209289551e-01 2.587570428848266602e+00 1.065154552459716797e+01
1.000000000000000000e+00 2.029149055480957031e+00 1.102089881896972656e+01
1.012500047683715820e+00 1.415446996688842773e+00 1.128026008605957031e+01
1.024999976158142090e+00 7.708790302276611328e-01 1.139228248596191406e+01
1.037500023841857910e+00 1.325915753841400146e-01 1.139729785919189453e+01
1.049999952316284180e+00 -4.751234352588653564e-01 1.137460041046142578e+01
1.062500000000000000e+00 -1.053913831710815430e+00 1.137868309020996094e+01
1.075000047683715820e+00 -1.620853900909423828e+00 1.140904712677001953e+01
1.087499976158142090e+00 -2.186535120010375977e+00 1.143420314788818359e+01
1.100000023841857910e+00 -2.743633747100830078e+00 1.143618011474609375e+01
1.112499952316284180e+00 -3.274834632873535156e+00 1.142793273925781250e+01
1.125000000000000000e+00 -3.768561840057373047e+00 1.143226242065429688e+01
1.137500047683715820e+00 -4.225019931793212891e+00 1.145331192016601562e+01
1.149999976158142090e+00 -4.648176193237304688e+00 1.147431850433349609e+01
1.162500023841857910e+00 -5.035229206085205078e+00 1.148047828674316406e+01
1.174999952316284180e+00 -5.376102447509765625e+00 1.147680854797363281e+01
1.187500000000000000e+00 -5.662287712097167969e+00 1.148015975952148438e+01
1.200000047683715820e+00 -5.893437862396240234e+00 1.149739170074462891e+01
1.212499976158142090e+00 -6.073943138122558594e+00 1.151741313934326172e+01
1.225000023841857910e+00 -6.204463481903076172e+00 1.152602100372314453e+01
1.237499952316284180e+00 -6.279205799102783203e+00 1.152393150329589844e+01
1.250000000000000000e+00 -6.292076110839843750e+00 1.152536106109619141e+01
1.262500047683715820e+00 -6.243664264678955078e+00 1.153952980041503906e+01
1.274999976158142090e+00 -6.140238285064697266e+00 1.155878067016601562e+01
1.287500023841857910e+00 -5.986135482788085938e+00 1.156837463378906250e+01
1.299999952316284180e+00 -5.779298782348632812e+00 1.156546020507812500e+01
1.312500000000000000e+00 -5.515695571899414062e+00 1.156297588348388672e+01
1.325000047683715820e+00 -5.197071075439453125e+00 1.157308006286621094e+01
1.337499976158142090e+00 -4.832015037536621094e+00 1.159092998504638672e+01
1.350000023841857910e+00 -4.428619384765625000e+00 1.160000610351562500e+01
1.362499952316284180e+00 -3.987874269485473633e+00 1.159329414367675781e+01
1.375000000000000000e+00 -3.506597757339477539e+00 1.158354473114013672e+01
1.387500047683715820e+00 -2.986841201782226562e+00 1.158793354034423828e+01
1.399999976158142090e+00 -2.439731359481811523e+00 1.160477447509765625e+01
1.412500023841857910e+00 -1.877529263496398926e+00 1.161266326904296875e+01
1.424999952316284180e+00 -1.302469849586486816e+00 1.159694480895996094e+01
1.437500000000000000e+00 -7.069092988967895508e-01 1.157277870178222656e+01
1.450000047683715820e+00 -8.765406161546707153e-02 1.157205104827880859e+01
1.462499976158142090e+00 5.399779081344604492e-01 1.160035896301269531e+01
1.475000023841857910e+00 1.145582437515258789e+00 1.160864830017089844e+01
1.487499952316284180e+00 1.704805612564086914e+00 1.151630592346191406e+01
1.500000000000000000e+00 2.218887805938720703e+00 1.127212905883789062e+01
1.512500047683715820e+00 2.712770223617553711e+00 1.089865303039550781e+01
1.524999976158142090e+00 3.212202072143554688e+00 1.047851371765136719e+01
1.537500023841857910e+00 3.720721960067749023e+00 1.009634208679199219e+01
1.549999952316284180e+00 4.216902256011962891e+00 9.789598464965820312e+00
1.562500000000000000e+00 4.671930789947509766e+00 9.547206878662109375e+00
1.575000047683715820e+00 5.069034576416015625e+00 9.344832420349121094e+00
1.587499976158142090e+00 5.407737255096435547e+00 9.174426078796386719e+00
1.600000023841857910e+00 5.693554401397705078e+00 9.042214393615722656e+00
1.612499952316284180e+00 5.927325725555419922e+00 8.948838233947753906e+00
1.625000000000000000e+00 6.104773521423339844e+00 8.881600379943847656e+00
1.637500047683715820e+00 6.223016738891601562e+00 8.827560424804687500e+00
1.649999976158142090e+00 6.283802986145019531e+00 8.787868499755859375e+00
1.662500023841857910e+00 6.289738655090332031e+00 8.773571968078613281e+00
1.674999952316284180e+00 6.239813327789306641e+00 8.788797378540039062e+00
1.687500000000000000e+00 6.130979061126708984e+00 8.824348449707031250e+00
1.700000047683715820e+00 5.963672637939453125e+00 8.871018409729003906e+00
1.712499976158142090e+00 5.743285179138183594e+00 8.935021400451660156e+00
1.725000023841857910e+00 5.474915027618408203e+00 9.033514022827148438e+00
1.737499952316284180e+00 5.158428668975830078e+00 9.173565864562988281e+00
1.750000000000000000e+00 4.791738033294677734e+00 9.342024803161621094e+00
1.762500047683715820e+00 4.379688739776611328e+00 9.523517608642578125e+00
1.774999976158142090e+00 3.936769962310791016e+00 9.728054046630859375e+00
1.787500023841857910e+00 3.476861715316772461e+00 9.991131782531738281e+00
1.799999952316284180e+00 2.998727083206176758e+00 1.033525562286376953e+01
1.812500000000000000e+00 2.484079122543334961e+00 1.072759437561035156e+01
1.825000047683715820e+00 1.914315223693847656e+00 1.108190822601318359e+01
1.837499976158142090e+00 1.292005538940429688e+00 1.131319618225097656e+01
1.850000023841857910e+00 6.458052396774291992e-01 1.139928436279296875e+01
1.862499952316284180e+00 1.230414956808090210e-02 1.139268207550048828e+01
1.875000000000000000e+00 -5.889266133308410645e-01 1.137255287170410156e+01
1.887500047683715820e+00 -1.163991808891296387e+00 1.138333702087402344e+01
1.899999976158142090e+00 -1.730380773544311523e+00 1.141530132293701172e+01
1.912500023841857910e+00 -2.295496940612792969e+00 1.143638515472412109e+01
1.924999952316284180e+00 -2.848960876464843750e+00 1.143459987640380859e+01
1.937500000000000000e+00 -3.373433351516723633e+00 1.142728328704833984e+01
1.950000047683715820e+00 -3.859641790390014648e+00 1.143535804748535156e+01
1.962499976158142090e+00 -4.309446811676025391e+00 1.145803642272949219e+01
1.975000023841857910e+00 -4.726135730743408203e+00 1.147682189941406250e+01
1.987499952316284180e+00 -5.105139255523681641e+00 1.148004627227783203e+01
2.000000000000000000e+00 -5.435878753662109375e+00 1.147643566131591797e+01
