0.000000000000000000e+00 6.266519069671630859e+00 8.801159858703613281e+00
1.250000018626451492e-02 6.293724060058593750e+00 8.775646209716796875e+00
2.500000037252902985e-02 6.265594482421875000e+00 8.779937744140625000e+00
3.750000149011611938e-02 6.179246902465820312e+00 8.809315681457519531e+00
5.000000074505805969e-02 6.033207416534423828e+00 8.852169990539550781e+00
6.250000000000000000e-02 5.831338405609130859e+00 8.908022880554199219e+00
7.500000298023223877e-02 5.579730510711669922e+00 8.992067337036132812e+00
8.749999850988388062e-02 5.280370712280273438e+00 9.117682456970214844e+00
1.000000014901161194e-01 4.930935382843017578e+00 9.278548240661621094e+00
1.124999970197677612e-01 4.532826900482177734e+00 9.456477165222167969e+00
1.250000000000000000e-01 4.097654819488525391e+00 9.650090217590332031e+00
1.375000029802322388e-01 3.641477346420288086e+00 9.888650894165039062e+00
1.500000059604644775e-01 3.169711351394653320e+00 1.020534324645996094e+01
1.624999940395355225e-01 2.668928384780883789e+00 1.058963871002197266e+01
1.749999970197677612e-01 2.117740631103515625e+00 1.096939945220947266e+01
1.875000000000000000e-01 1.509497642517089844e+00 1.125043392181396484e+01
2.000000029802322388e-01 8.650698661804199219e-01 1.138383483886718750e+01
2.125000059604644775e-01 2.216860353946685791e-01 1.139978504180908203e+01
2.249999940395355225e-01 -3.928735256195068359e-01 1.137659740447998047e+01
2.374999970197677612e-01 -9.766564369201660156e-01 1.137585639953613281e+01
2.500000000000000000e-01 -1.546028256416320801e+00 1.140437507629394531e+01
2.624999880790710449e-01 -2.113673925399780273e+00 1.143194866180419922e+01
2.750000059604644775e-01 -2.674532890319824219e+00 1.143677043914794922e+01
2.874999940395355225e-01 -3.211523294448852539e+00 1.142845249176025391e+01
3.000000119209289551e-01 -3.711573839187622070e+00 1.143054389953613281e+01
3.125000000000000000e-01 -4.173638343811035156e+00 1.145030403137207031e+01
3.249999880790710449e-01 -4.601917743682861328e+00 1.147240829467773438e+01
3.375000059604644775e-01 -4.994650363922119141e+00 1.148041820526123047e+01
3.499999940395355225e-01 -5.342144012451171875e+00 1.147706222534179688e+01
3.625000119209289551e-01 -5.635168075561523438e+00 1.147907543182373047e+01
3.750000000000000000e-01 -5.872478008270263672e+00 1.149522399902343750e+01
3.874999880790710449e-01 -6.058407306671142578e+00 1.151579666137695312e+01
4.000000059604644775e-01 -6.194282054901123047e+00 1.152581882476806641e+01
4.124999940395355225e-01 -6.274724483489990234e+00 1.152425289154052734e+01
4.250000119209289551e-01 -6.293245792388916016e+00 1.152482986450195312e+01
4.375000000000000000e-01 -6.249727725982666016e+00 1.153803920745849609e+01
4.499999880790710449e-01 -6.150264263153076172e+00 1.155753707885742188e+01
4.625000059604644775e-01 -5.999679088592529297e+00 1.156829452514648438e+01
4.749999940395355225e-01 -5.796361923217773438e+00 1.156604099273681641e+01
4.875000119209289551e-01 -5.536099433898925781e+00 1.156301021575927734e+01
5.000000000000000000e-01 -5.220062255859375000e+00 1.157222557067871094e+01
5.124999880790710449e-01 -4.856610774993896484e+00 1.159011268615722656e+01
5.249999761581420898e-01 -4.454229831695556641e+00 1.160019111633300781e+01
5.375000238418579102e-01 -4.014406681060791016e+00 1.159424209594726562e+01
5.500000119209289551e-01 -3.533929824829101562e+00 1.158413219451904297e+01
5.625000000000000000e-01 -3.014355421066284180e+00 1.158761501312255859e+01
5.749999880790710449e-01 -2.466529130935668945e+00 1.160431003570556641e+01
5.874999761581420898e-01 -1.903079271316528320e+00 1.161314868927001953e+01
6.000000238418579102e-01 -1.326870799064636230e+00 1.159834575653076172e+01
6.125000119209289551e-01 -7.303921580314636230e-01 1.157384586334228516e+01
6.250000000000000000e-01 -1.098788827657699585e-01 1.157186794281005859e+01
6.374999880790710449e-01 5.199863910675048828e-01 1.159977626800537109e+01
6.499999761581420898e-01 1.128720283508300781e+00 1.160988521575927734e+01
6.625000238418579102e-01 1.691137194633483887e+00 1.152102088928222656e+01
6.750000119209289551e-01 2.207641363143920898e+00 1.127990627288818359e+01
6.875000000000000000e-01 2.703056812286376953e+00 1.090735626220703125e+01
6.999999880790710449e-01 3.203706026077270508e+00 1.048595714569091797e+01
7.124999761581420898e-01 3.713735580444335938e+00 1.010158824920654297e+01
7.250000238418579102e-01 4.211823463439941406e+00 9.792907714843750000e+00
7.375000119209289551e-01 4.668815612792968750e+00 9.549188613891601562e+00
7.500000000000000000e-01 5.067578315734863281e+00 9.345879554748535156e+00
7.624999880790710449e-01 5.407522678375244141e+00 9.174774169921875000e+00
7.749999761581420898e-01 5.694207191467285156e+00 9.042139053344726562e+00
7.875000238418579102e-01 5.928483963012695312e+00 8.948585510253906250e+00
8.000000119209289551e-01 6.106035232543945312e+00 8.881250381469726562e+00
8.125000000000000000e-01 6.223988056182861328e+00 8.827138900756835938e+00
8.249999880790710449e-01 6.284145832061767578e+00 8.787574768066406250e+00
8.374999761581420898e-01 6.289115428924560547e+00 8.773722648620605469e+00
8.500000238418579102e-01 6.237814426422119141e+00 8.789512634277343750e+00
8.625000119209289551e-01 6.127184391021728516e+00 8.825493812561035156e+00
8.750000000000000000e-01 5.957790851593017578e+00 8.872615814208984375e+00
8.874999880790710449e-01 5.735154628753662109e+00 8.937607765197753906e+00
8.999999761581420898e-01 5.464311599731445312e+00 9.037789344787597656e+00
9.125000238418579102e-01 5.144966602325439453e+00 9.179636001586914062e+00
9.250000119209289551e-01 4.775112628936767578e+00 9.349339485168457031e+00
9.375000000000000000e-01 4.360054016113281250e+00 9.531965255737304688e+00
9.499999880790710449e-01 3.914684295654296875e+00 9.739003181457519531e+00
9.624999761581420898e-01 3.452603816986083984e+00 1.000668716430664062e+01
9.750000238418579102e-01 2.971608161926269531e+00 1.035572147369384766e+01
9.875000119209289551e-01 2.452665805816650391e+00 1.074957752227783203e+01
1.000000000000000000e+00 1.877660274505615234e+00 1.109957408905029297e+01
1.012500047683715820e+00 1.250812292098999023e+00 1.132229804992675781e+01
1.024999976158142090e+00 6.022590398788452148e-01 1.140042877197265625e+01
1.037500023841857910e+00 -3.146398067474365234e-02 1.139059257507324219e+01
1.049999952316284180e+00 -6.323349475860595703e-01 1.137191772460937500e+01
1.062500000000000000e+00 -1.208002448081970215e+00 1.138523864746093750e+01
1.075000047683715820e+00 -1.776040196418762207e+00 1.141752719879150391e+01
1.087499976158142090e+00 -2.342552423477172852e+00 1.143678188323974609e+01
1.100000023841857910e+00 -2.895925521850585938e+00 1.143360042572021484e+01
1.112499952316284180e+00 -3.418855190277099609e+00 1.142703437805175781e+01
1.125000000000000000e+00 -3.903070688247680664e+00 1.143692588806152344e+01
1.137500047683715820e+00 -4.351080894470214844e+00 1.146018600463867188e+01
1.149999976158142090e+00 -4.765721797943115234e+00 1.147770881652832031e+01
1.162500023841857910e+00 -5.141515731811523438e+00 1.147957801818847656e+01
1.174999952316284180e+00 -5.467684745788574219e+00 1.147632884979248047e+01
1.187500000000000000e+00 -5.737805366516113281e+00 1.148409271240234375e+01
1.200000047683715820e+00 -5.953758239746093750e+00 1.150399875640869141e+01
1.212499976158142090e+00 -6.119656562805175781e+00 1.152163028717041016e+01
1.225000023841857910e+00 -6.233988285064697266e+00 1.152599143981933594e+01
1.237499952316284180e+00 -6.289885520935058594e+00 1.152333164215087891e+01
1.250000000000000000e+00 -6.282824516296386719e+00 1.152861785888671875e+01
1.262500047683715820e+00 -6.215784549713134766e+00 1.154604816436767578e+01
1.274999976158142090e+00 -6.095367908477783203e+00 1.156360626220703125e+01
1.287500023841857910e+00 -5.923942565917968750e+00 1.156853771209716797e+01
1.299999952316284180e+00 -5.697917461395263672e+00 1.156394195556640625e+01
1.312500000000000000e+00 -5.414440631866455078e+00 1.156501007080078125e+01
1.325000047683715820e+00 -5.077963352203369141e+00 1.157926368713378906e+01
1.337499976158142090e+00 -4.698030948638916016e+00 1.159602546691894531e+01
1.350000023841857910e+00 -4.280741691589355469e+00 1.159946060180664062e+01
1.362499952316284180e+00 -3.824790716171264648e+00 1.158948898315429688e+01
1.375000000000000000e+00 -3.327736616134643555e+00 1.158333206176757812e+01
1.387500047683715820e+00 -2.795026302337646484e+00 1.159369468688964844e+01
1.399999976158142090e+00 -2.239696502685546875e+00 1.161021804809570312e+01
1.412500023841857910e+00 -1.671491622924804688e+00 1.160997200012207031e+01
1.424999952316284180e+00 -1.088188052177429199e+00 1.158778858184814453e+01
1.437500000000000000e+00 -4.815915822982788086e-01 1.156884384155273438e+01
1.450000047683715820e+00 1.456812322139739990e-01 1.158097934722900391e+01
1.462499976158142090e+00 7.709473967552185059e-01 1.161042499542236328e+01
1.475000023841857910e+00 1.362799763679504395e+00 1.159016227722167969e+01
1.487499952316284180e+00 1.904868721961975098e+00 1.144236373901367188e+01
1.500000000000000000e+00 2.409103631973266602e+00 1.114103507995605469e+01
1.512500047683715820e+00 2.904341697692871094e+00 1.073704528808593750e+01
1.524999976158142090e+00 3.409937143325805664e+00 1.032226562500000000e+01
1.537500023841857910e+00 3.918671607971191406e+00 9.967215538024902344e+00
1.549999952316284180e+00 4.403276920318603516e+00 9.687879562377929688e+00
1.562500000000000000e+00 4.837702751159667969e+00 9.462929725646972656e+00
1.575000047683715820e+00 5.212045192718505859e+00 9.272451400756835938e+00
1.587499976158142090e+00 5.529858589172363281e+00 9.116048812866210938e+00
1.600000023841857910e+00 5.795615196228027344e+00 9.000025749206542969e+00
1.612499952316284180e+00 6.007509708404541016e+00 8.919095993041992188e+00
1.625000000000000000e+00 6.160985469818115234e+00 8.858041763305664062e+00
1.637500047683715820e+00 6.255124568939208984e+00 8.808773040771484375e+00
1.649999976158142090e+00 6.292770862579345703e+00 8.778312683105468750e+00
1.662500023841857910e+00 6.275302886962890625e+00 8.776853561401367188e+00
1.674999952316284180e+00 6.200249195098876953e+00 8.802399635314941406e+00
1.687500000000000000e+00 6.065409660339355469e+00 8.843281745910644531e+00
1.700000047683715820e+00 5.873643398284912109e+00 8.895841598510742188e+00
1.712499976158142090e+00 5.631136417388916016e+00 8.973111152648925781e+00
1.725000023841857910e+00 5.340964317321777344e+00 9.090632438659667969e+00
1.737499952316284180e+00 5.001179218292236328e+00 9.246191024780273438e+00
1.750000000000000000e+00 4.611738204956054688e+00 9.421898841857910156e+00
1.762500047683715820e+00 4.182314395904541016e+00 9.611105918884277344e+00
1.774999976158142090e+00 3.729175090789794922e+00 9.838040351867675781e+00
1.787500023841857910e+00 3.260852098464965820e+00 1.013880634307861328e+01
1.799999952316284180e+00 2.767275094985961914e+00 1.051414394378662109e+01
1.812500000000000000e+00 2.226917266845703125e+00 1.090226554870605469e+01
1.825000047683715820e+00 1.628736019134521484e+00 1.120801639556884766e+01
1.837499976158142090e+00 9.884825944900512695e-01 1.136948776245117188e+01
1.850000023841857910e+00 3.421245515346527100e-01 1.140231609344482422e+01
1.862499952316284180e+00 -2.788898050785064697e-01 1.138046741485595703e+01
1.875000000000000000e+00 -8.675379157066345215e-01 1.137319087982177734e+01
1.887500047683715820e+00 -1.438254833221435547e+00 1.139795970916748047e+01
1.899999976158142090e+00 -2.006036281585693359e+00 1.142821693420410156e+01
1.912500023841857910e+00 -2.569343805313110352e+00 1.143754959106445312e+01
1.924999952316284180e+00 -3.112195491790771484e+00 1.142987442016601562e+01
1.937500000000000000e+00 -3.619689464569091797e+00 1.142863464355468750e+01
1.950000047683715820e+00 -4.088626861572265625e+00 1.144571685791015625e+01
1.962499976158142090e+00 -4.523164749145507812e+00 1.146899414062500000e+01
1.975000023841857910e+00 -4.923223972320556641e+00 1.148015975952148438e+01
1.987499952316284180e+00 -5.280177593231201172e+00 1.147782421112060547e+01
2.000000000000000000e+00 -5.583914279937744141e+00 1.147761154174804688e+01
