0.000000000000000000e+00 6.266161918640136719e+00 8.801366806030273438e+00
1.250000018626451492e-02 6.293531894683837891e+00 8.775688171386718750e+00
2.500000037252902985e-02 6.265215873718261719e+00 8.779996871948242188e+00
3.750000149011611938e-02 6.178306102752685547e+00 8.809528350830078125e+00
5.000000074505805969e-02 6.031330108642578125e+00 8.852590560913085938e+00
6.250000000000000000e-02 5.828217029571533203e+00 8.908826828002929688e+00
7.500000298023223877e-02 5.575102329254150391e+00 8.993649482727050781e+00
8.749999850988388062e-02 5.273920536041259766e+00 9.120361328125000000e+00
1.000000014901161194e-01 4.922317028045654297e+00 9.282240867614746094e+00
1.124999970197677612e-01 4.521877765655517578e+00 9.461002349853515625e+00
1.250000000000000000e-01 4.084547519683837891e+00 9.655956268310546875e+00
1.375000029802322388e-01 3.626458168029785156e+00 9.897224426269531250e+00
1.500000059604644775e-01 3.152561426162719727e+00 1.021758651733398438e+01
1.624999940395355225e-01 2.648756027221679688e+00 1.060434150695800781e+01
1.749999970197677612e-01 2.093564748764038086e+00 1.098292446136474609e+01
1.875000000000000000e-01 1.481231808662414551e+00 1.125891971588134766e+01
2.000000029802322388e-01 8.339058756828308105e-01 1.138615989685058594e+01
2.125000059604644775e-01 1.893320977687835693e-01 1.139842128753662109e+01
2.249999940395355225e-01 -4.254713952541351318e-01 1.137534332275390625e+01
2.374999970197677612e-01 -1.009848713874816895e+00 1.137660408020019531e+01
2.500000000000000000e-01 -1.580706715583801270e+00 1.140609550476074219e+01
2.624999880790710449e-01 -2.150031566619873047e+00 1.143265056610107422e+01
2.750000059604644775e-01 -2.711636066436767578e+00 1.143603897094726562e+01
2.874999940395355225e-01 -3.248063802719116211e+00 1.142775058746337891e+01
3.000000119209289551e-01 -3.746861219406127930e+00 1.143122959136962891e+01
3.125000000000000000e-01 -4.207703590393066406e+00 1.145194530487060547e+01
3.249999880790710449e-01 -4.634715080261230469e+00 1.147342777252197266e+01
3.375000059604644775e-01 -5.025398254394531250e+00 1.148015403747558594e+01
3.499999940395355225e-01 -5.369623661041259766e+00 1.147659873962402344e+01
3.625000119209289551e-01 -5.658568382263183594e+00 1.147982215881347656e+01
3.750000000000000000e-01 -5.891715049743652344e+00 1.149708080291748047e+01
3.874999880790710449e-01 -6.073520183563232422e+00 1.151726150512695312e+01
4.000000059604644775e-01 -6.204693794250488281e+00 1.152593231201171875e+01
4.124999940395355225e-01 -6.279340267181396484e+00 1.152387809753417969e+01
4.250000119209289551e-01 -6.291287899017333984e+00 1.152557373046875000e+01
4.375000000000000000e-01 -6.241246223449707031e+00 1.154013252258300781e+01
4.499999880790710449e-01 -6.135638713836669922e+00 1.155943393707275391e+01
4.625000059604644775e-01 -5.978731632232666016e+00 1.156862354278564453e+01
4.749999940395355225e-01 -5.768249511718750000e+00 1.156545734405517578e+01
4.875000119209289551e-01 -5.500192165374755859e+00 1.156346797943115234e+01
5.000000000000000000e-01 -5.176717281341552734e+00 1.157441234588623047e+01
5.124999880790710449e-01 -4.806778907775878906e+00 1.159234046936035156e+01
5.249999761581420898e-01 -4.398311614990234375e+00 1.160042095184326172e+01
5.375000238418579102e-01 -3.951837539672851562e+00 1.159285831451416016e+01
5.500000119209289551e-01 -3.464176177978515625e+00 1.158375644683837891e+01
5.625000000000000000e-01 -2.938161134719848633e+00 1.158974838256835938e+01
5.749999880790710449e-01 -2.385689973831176758e+00 1.160691070556640625e+01
5.874999761581420898e-01 -1.818712711334228516e+00 1.161274242401123047e+01
6.000000238418579102e-01 -1.238231182098388672e+00 1.159477519989013672e+01
6.125000119209289551e-01 -6.360732913017272949e-01 1.157164669036865234e+01
6.250000000000000000e-01 -1.057741045951843262e-02 1.157512664794921875e+01
6.374999880790710449e-01 6.201964020729064941e-01 1.160490894317626953e+01
6.499999761581420898e-01 1.224594831466674805e+00 1.160456085205078125e+01
6.625000238418579102e-01 1.780328750610351562e+00 1.149219322204589844e+01
6.750000119209289551e-01 2.292661428451538086e+00 1.122449970245361328e+01
6.875000000000000000e-01 2.788903474807739258e+00 1.083560657501220703e+01
6.999999880790710449e-01 3.293166875839233398e+00 1.041412162780761719e+01
7.124999761581420898e-01 3.804712772369384766e+00 1.004091072082519531e+01
7.250000238418579102e-01 4.298955917358398438e+00 9.744749069213867188e+00
7.375000119209289551e-01 4.747444152832031250e+00 9.509214401245117188e+00
7.500000000000000000e-01 5.136140823364257812e+00 9.311174392700195312e+00
7.624999880790710449e-01 5.466624259948730469e+00 9.146216392517089844e+00
7.749999761581420898e-01 5.744190692901611328e+00 9.021136283874511719e+00
7.875000238418579102e-01 5.968381404876708984e+00 8.933753013610839844e+00
8.000000119209289551e-01 6.134571075439453125e+00 8.869548797607421875e+00
8.125000000000000000e-01 6.240798950195312500e+00 8.817581176757812500e+00
8.249999880790710449e-01 6.289527416229248047e+00 8.782269477844238281e+00
8.374999761581420898e-01 6.282845973968505859e+00 8.774767875671386719e+00
8.500000238418579102e-01 6.218871116638183594e+00 8.795992851257324219e+00
8.625000119209289551e-01 6.094842910766601562e+00 8.834865570068359375e+00
8.750000000000000000e-01 5.912567138671875000e+00 8.884868621826171875e+00
8.874999880790710449e-01 5.678121566772460938e+00 8.956456184387207031e+00
8.999999761581420898e-01 5.395592212677001953e+00 9.066594123840332031e+00
9.125000238418579102e-01 5.063638687133789062e+00 9.217031478881835938e+00
9.250000119209289551e-01 4.681159496307373047e+00 9.390995979309082031e+00
9.375000000000000000e-01 4.256037712097167969e+00 9.577673912048339844e+00
9.499999880790710449e-01 3.804396152496337891e+00 9.796322822570800781e+00
9.624999761581420898e-01 3.337245941162109375e+00 1.008434486389160156e+01
9.750000238418579102e-01 2.847563743591308594e+00 1.045133209228515625e+01
9.875000119209289551e-01 2.314170122146606445e+00 1.084465694427490234e+01
1.000000000000000000e+00 1.722715735435485840e+00 1.116956615447998047e+01
1.012500047683715820e+00 1.084697127342224121e+00 1.135431671142578125e+01
1.024999976158142090e+00 4.347110092639923096e-01 1.140248203277587891e+01
1.037500023841857910e+00 -1.931300759315490723e-01 1.138348388671875000e+01
1.049999952316284180e+00 -7.877151370048522949e-01 1.137176513671875000e+01
1.062500000000000000e+00 -1.361598134040832520e+00 1.139317035675048828e+01
1.075000047683715820e+00 -1.931197524070739746e+00 1.142475986480712891e+01
1.087499976158142090e+00 -2.497573852539062500e+00 1.143736362457275391e+01
1.100000023841857910e+00 -3.045757532119750977e+00 1.143068408966064453e+01
1.112499952316284180e+00 -3.559694766998291016e+00 1.142754077911376953e+01
1.125000000000000000e+00 -4.034605503082275391e+00 1.144270133972167969e+01
1.137500047683715820e+00 -4.474398136138916016e+00 1.146640491485595703e+01
1.149999976158142090e+00 -4.879971027374267578e+00 1.147951316833496094e+01
1.162500023841857910e+00 -5.243421077728271484e+00 1.147811317443847656e+01
1.174999952316284180e+00 -5.554189205169677734e+00 1.147688102722167969e+01
1.187500000000000000e+00 -5.808355808258056641e+00 1.148917484283447266e+01
1.200000047683715820e+00 -6.009451866149902344e+00 1.151026916503906250e+01
1.212499976158142090e+00 -6.160499572753906250e+00 1.152434730529785156e+01
1.225000023841857910e+00 -6.257810592651367188e+00 1.152512741088867188e+01
1.237499952316284180e+00 -6.294253349304199219e+00 1.152354526519775391e+01
1.250000000000000000e+00 -6.267467498779296875e+00 1.153316974639892578e+01
1.262500047683715820e+00 -6.182427883148193359e+00 1.155249500274658203e+01
1.274999976158142090e+00 -6.045177936553955078e+00 1.156686115264892578e+01
1.287500023841857910e+00 -5.855878353118896484e+00 1.156748104095458984e+01
1.299999952316284180e+00 -5.610176086425781250e+00 1.156304359436035156e+01
1.312500000000000000e+00 -5.307218551635742188e+00 1.156861782073974609e+01
1.325000047683715820e+00 -4.953943252563476562e+00 1.158569622039794922e+01
1.337499976158142090e+00 -4.559791564941406250e+00 1.159931850433349609e+01
1.350000023841857910e+00 -4.128315448760986328e+00 1.159706115722656250e+01
1.362499952316284180e+00 -3.656685829162597656e+00 1.158611011505126953e+01
1.375000000000000000e+00 -3.144426107406616211e+00 1.158531284332275391e+01
1.387500047683715820e+00 -2.600421667098999023e+00 1.160027599334716797e+01
1.399999976158142090e+00 -2.038161754608154297e+00 1.161323833465576172e+01
1.412500023841857910e+00 -1.463585495948791504e+00 1.160399913787841797e+01
1.424999952316284180e+00 -8.707366585731506348e-01 1.157892417907714844e+01
1.437500000000000000e+00 -2.532711327075958252e-01 1.156945133209228516e+01
1.450000047683715820e+00 3.788767755031585693e-01 1.159279060363769531e+01
1.462499976158142090e+00 9.971424341201782227e-01 1.161363220214843750e+01
1.475000023841857910e+00 1.572649598121643066e+00 1.155298995971679688e+01
1.487499952316284180e+00 2.099217891693115234e+00 1.134541606903076172e+01
1.500000000000000000e+00 2.597981214523315430e+00 1.099443340301513672e+01
1.512500047683715820e+00 3.097631692886352539e+00 1.057406234741210938e+01
1.524999976158142090e+00 3.608300685882568359e+00 1.017561912536621094e+01
1.537500023841857910e+00 4.112883090972900391e+00 9.850011825561523438e+00
1.549999952316284180e+00 4.581654548645019531e+00 9.594414710998535156e+00
1.562500000000000000e+00 4.993828773498535156e+00 9.383660316467285156e+00
1.575000047683715820e+00 5.345974922180175781e+00 9.205309867858886719e+00
1.587499976158142090e+00 5.643552780151367188e+00 9.064312934875488281e+00
1.600000023841857910e+00 5.888744831085205078e+00 8.963697433471679688e+00
1.612499952316284180e+00 6.077751159667968750e+00 8.892498970031738281e+00
1.625000000000000000e+00 6.206933975219726562e+00 8.836174011230468750e+00
1.637500047683715820e+00 6.277377605438232422e+00 8.793098449707031250e+00
1.649999976158142090e+00 6.292012214660644531e+00 8.773947715759277344e+00
1.662500023841857910e+00 6.250491619110107422e+00 8.785015106201171875e+00
1.674999952316284180e+00 6.149681568145751953e+00 8.818570137023925781e+00
1.687500000000000000e+00 5.989223003387451172e+00 8.864016532897949219e+00
1.700000047683715820e+00 5.774097919464111328e+00 8.925156593322753906e+00
1.712499976158142090e+00 5.509953498840332031e+00 9.019033432006835938e+00
1.725000023841857910e+00 5.197373867034912109e+00 9.155243873596191406e+00
1.737499952316284180e+00 4.834022998809814453e+00 9.322496414184570312e+00
1.750000000000000000e+00 4.423657417297363281e+00 9.503873825073242188e+00
1.762500047683715820e+00 3.980255842208862305e+00 9.705994606018066406e+00
1.774999976158142090e+00 3.518773555755615234e+00 9.963529586791992188e+00
1.787500023841857910e+00 3.039829492568969727e+00 1.030273628234863281e+01
1.799999952316284180e+00 2.525877475738525391e+00 1.069600391387939453e+01
1.812500000000000000e+00 1.957033276557922363e+00 1.105858230590820312e+01
1.825000047683715820e+00 1.333724379539489746e+00 1.130148983001708984e+01
1.837499976158142090e+00 6.836437582969665527e-01 1.139656448364257812e+01
1.850000023841857910e+00 4.441355168819427490e-02 1.139329910278320312e+01
1.862499952316284180e+00 -5.624793767929077148e-01 1.137240695953369141e+01
1.875000000000000000e+00 -1.142047524452209473e+00 1.138180351257324219e+01
1.887500047683715820e+00 -1.712080121040344238e+00 1.141368865966796875e+01
1.899999976158142090e+00 -2.280826091766357422e+00 1.143555068969726562e+01
1.912500023841857910e+00 -2.838240385055541992e+00 1.143425083160400391e+01
1.924999952316284180e+00 -3.366647720336914062e+00 1.142687129974365234e+01
1.937500000000000000e+00 -3.856353282928466797e+00 1.143483543395996094e+01
1.950000047683715820e+00 -4.309130668640136719e+00 1.145761775970458984e+01
1.962499976158142090e+00 -4.728343486785888672e+00 1.147649097442626953e+01
1.975000023841857910e+00 -5.109339237213134766e+00 1.147967243194580078e+01
1.987499952316284180e+00 -5.441341400146484375e+00 1.147617149353027344e+01
2.000000000000000000e+00 -5.717152118682861328e+00 1.148270988464355469e+01
