0.000000000000000000e+00 6.265804290771484375e+00 8.801675796508789062e+00
1.250000018626451492e-02 6.293340206146240234e+00 8.775830268859863281e+00
2.500000037252902985e-02 6.264837265014648438e+00 8.780156135559082031e+00
3.750000149011611938e-02 6.177363395690917969e+00 8.809842109680175781e+00
5.000000074505805969e-02 6.029447555541992188e+00 8.853112220764160156e+00
6.250000000000000000e-02 5.825087070465087891e+00 8.909733772277832031e+00
7.500000298023223877e-02 5.570462226867675781e+00 8.995342254638671875e+00
8.749999850988388062e-02 5.267452716827392578e+00 9.123151779174804688e+00
1.000000014901161194e-01 4.913674354553222656e+00 9.286039352416992188e+00
1.124999970197677612e-01 4.510905265808105469e+00 9.465635299682617188e+00
1.250000000000000000e-01 4.071424007415771484e+00 9.661958694458007812e+00
1.375000029802322388e-01 3.611426353454589844e+00 9.905974388122558594e+00
1.500000059604644775e-01 3.135380029678344727e+00 1.023000526428222656e+01
1.624999940395355225e-01 2.628513097763061523e+00 1.061911869049072266e+01
1.749999970197677612e-01 2.069292068481445312e+00 1.099635696411132812e+01
1.875000000000000000e-01 1.452893137931823730e+00 1.126719760894775391e+01
2.000000029802322388e-01 8.027434349060058594e-01 1.138832473754882812e+01
2.125000059604644775e-01 1.570519059896469116e-01 1.139708518981933594e+01
2.249999940395355225e-01 -4.579818546772003174e-01 1.137428092956542969e+01
2.374999970197677612e-01 -1.042997717857360840e+00 1.137755298614501953e+01
2.500000000000000000e-01 -1.615380167961120605e+00 1.140789508819580078e+01
2.624999880790710449e-01 -2.186355352401733398e+00 1.143334484100341797e+01
2.750000059604644775e-01 -2.748620033264160156e+00 1.143535518646240234e+01
2.874999940395355225e-01 -3.284411668777465820e+00 1.142722129821777344e+01
3.000000119209289551e-01 -3.781939506530761719e+00 1.143212127685546875e+01
3.125000000000000000e-01 -4.241570472717285156e+00 1.145368862152099609e+01
3.249999880790710449e-01 -4.667280673980712891e+00 1.147444248199462891e+01
3.375000059604644775e-01 -5.055821895599365234e+00 1.147991657257080078e+01
3.499999940395355225e-01 -5.396683692932128906e+00 1.147629928588867188e+01
3.625000119209289551e-01 -5.681516170501708984e+00 1.148080062866210938e+01
3.750000000000000000e-01 -5.910511016845703125e+00 1.149906539916992188e+01
3.874999880790710449e-01 -6.088169574737548828e+00 1.151870822906494141e+01
4.000000059604644775e-01 -6.214548110961914062e+00 1.152603340148925781e+01
4.124999940395355225e-01 -6.283291816711425781e+00 1.152365779876708984e+01
4.250000119209289551e-01 -6.288632869720458984e+00 1.152658653259277344e+01
4.375000000000000000e-01 -6.232108592987060547e+00 1.154239368438720703e+01
4.499999880790710449e-01 -6.120376110076904297e+00 1.156129360198974609e+01
4.625000059604644775e-01 -5.957076072692871094e+00 1.156887531280517578e+01
4.749999940395355225e-01 -5.739323616027832031e+00 1.156500530242919922e+01
4.875000119209289551e-01 -5.463457584381103516e+00 1.156425476074218750e+01
5.000000000000000000e-01 -5.132649898529052734e+00 1.157683086395263672e+01
5.124999880790710449e-01 -4.756328105926513672e+00 1.159449386596679688e+01
5.249999761581420898e-01 -4.341748237609863281e+00 1.160045528411865234e+01
5.375000238418579102e-01 -3.888517618179321289e+00 1.159155273437500000e+01
5.500000119209289551e-01 -3.393682241439819336e+00 1.158381557464599609e+01
5.625000000000000000e-01 -2.861442804336547852e+00 1.159224700927734375e+01
5.749999880790710449e-01 -2.304573059082031250e+00 1.160935974121093750e+01
5.874999761581420898e-01 -1.734077930450439453e+00 1.161185550689697266e+01
6.000000238418579102e-01 -1.149094462394714355e+00 1.159116077423095703e+01
6.125000119209289551e-01 -5.411605238914489746e-01 1.157025241851806641e+01
6.250000000000000000e-01 8.889719098806381226e-02 1.157926750183105469e+01
6.374999880790710449e-01 7.197264432907104492e-01 1.160943698883056641e+01
6.499999761581420898e-01 1.319109320640563965e+00 1.159626579284667969e+01
6.625000238418579102e-01 1.868236064910888672e+00 1.145898532867431641e+01
6.750000119209289551e-01 2.377171516418457031e+00 1.116559410095214844e+01
6.875000000000000000e-01 2.874993801116943359e+00 1.076303577423095703e+01
6.999999880790710449e-01 3.382876157760620117e+00 1.034404087066650391e+01
7.124999761581420898e-01 3.895134210586547852e+00 9.982920646667480469e+00
7.250000238418579102e-01 4.384539604187011719e+00 9.698680877685546875e+00
7.375000119209289551e-01 4.823993206024169922e+00 9.470521926879882812e+00
7.500000000000000000e-01 5.202640056610107422e+00 9.277674674987792969e+00
7.624999880790710449e-01 5.523806571960449219e+00 9.119239807128906250e+00
7.749999761581420898e-01 5.792157173156738281e+00 9.001705169677734375e+00
7.875000238418579102e-01 6.005982398986816406e+00 8.919913291931152344e+00
8.000000119209289551e-01 6.160645961761474609e+00 8.858376502990722656e+00
8.125000000000000000e-01 6.255189418792724609e+00 8.808783531188964844e+00
8.249999880790710449e-01 6.292517662048339844e+00 8.778296470642089844e+00
8.374999761581420898e-01 6.274016857147216797e+00 8.777234077453613281e+00
8.500000238418579102e-01 6.197140693664550781e+00 8.803358078002929688e+00
8.625000119209289551e-01 6.059716224670410156e+00 8.844783782958984375e+00
8.750000000000000000e-01 5.864799022674560547e+00 8.898238182067871094e+00
8.874999880790710449e-01 5.618693351745605469e+00 8.977398872375488281e+00
8.999999761581420898e-01 5.324317932128906250e+00 9.097658157348632812e+00
9.125000238418579102e-01 4.979585647583007812e+00 9.255740165710449219e+00
9.250000119209289551e-01 4.584837436676025391e+00 9.433291435241699219e+00
9.375000000000000000e-01 4.150557994842529297e+00 9.625166893005371094e+00
9.499999880790710449e-01 3.693315744400024414e+00 9.857840538024902344e+00
9.624999761581420898e-01 3.220658779144287109e+00 1.016703033447265625e+01
9.750000238418579102e-01 2.720875024795532227e+00 1.054878044128417969e+01
9.875000119209289551e-01 2.171958208084106445e+00 1.093537902832031250e+01
1.000000000000000000e+00 1.564680933952331543e+00 1.123026657104492188e+01
1.012500047683715820e+00 9.177785515785217285e-01 1.137716197967529297e+01
1.024999976158142090e+00 2.687416672706604004e-01 1.140018081665039062e+01
1.037500023841857910e+00 -3.524031043052673340e-01 1.137733173370361328e+01
1.049999952316284180e+00 -9.416235089302062988e-01 1.137435626983642578e+01
1.062500000000000000e+00 -1.514964461326599121e+00 1.140194511413574219e+01
1.075000047683715820e+00 -2.086188554763793945e+00 1.143047618865966797e+01
1.087499976158142090e+00 -2.651195526123046875e+00 1.143644142150878906e+01
1.100000023841857910e+00 -3.192838907241821289e+00 1.142823028564453125e+01
1.112499952316284180e+00 -3.697364807128906250e+00 1.142979431152343750e+01
1.125000000000000000e+00 -4.163298130035400391e+00 1.144933700561523438e+01
1.137500047683715820e+00 -4.594922065734863281e+00 1.147172641754150391e+01
1.149999976158142090e+00 -4.990647792816162109e+00 1.148005676269531250e+01
1.162500023841857910e+00 -5.340692043304443359e+00 1.147680091857910156e+01
1.174999952316284180e+00 -5.635606288909912109e+00 1.147890186309814453e+01
1.187500000000000000e+00 -5.874091625213623047e+00 1.149525260925292969e+01
1.200000047683715820e+00 -6.060556411743164062e+00 1.151591300964355469e+01
1.212499976158142090e+00 -6.196282386779785156e+00 1.152577304840087891e+01
1.225000023841857910e+00 -6.275712490081787109e+00 1.152413940429687500e+01
1.237499952316284180e+00 -6.292325019836425781e+00 1.152512264251708984e+01
1.250000000000000000e+00 -6.246239662170410156e+00 1.153893089294433594e+01
1.262500047683715820e+00 -6.143763542175292969e+00 1.155848693847656250e+01
1.274999976158142090e+00 -5.989580154418945312e+00 1.156862735748291016e+01
1.287500023841857910e+00 -5.781763076782226562e+00 1.156594753265380859e+01
1.299999952316284180e+00 -5.516131401062011719e+00 1.156349563598632812e+01
1.312500000000000000e+00 -5.194389343261718750e+00 1.157378578186035156e+01
1.325000047683715820e+00 -4.825358867645263672e+00 1.159182262420654297e+01
1.337499976158142090e+00 -4.417319774627685547e+00 1.160069084167480469e+01
1.350000023841857910e+00 -3.971158981323242188e+00 1.159363651275634766e+01
1.362499952316284180e+00 -3.483629941940307617e+00 1.158420848846435547e+01
1.375000000000000000e+00 -2.957199335098266602e+00 1.158958625793457031e+01
1.387500047683715820e+00 -2.403632164001464844e+00 1.160675048828125000e+01
1.399999976158142090e+00 -1.835210442543029785e+00 1.161326599121093750e+01
1.412500023841857910e+00 -1.253354549407958984e+00 1.159580802917480469e+01
1.424999952316284180e+00 -6.498945951461791992e-01 1.157235813140869141e+01
1.437500000000000000e+00 -2.276873029768466949e-02 1.157512664794921875e+01
1.450000047683715820e+00 6.102348566055297852e-01 1.160487174987792969e+01
1.462499976158142090e+00 1.217206239700317383e+00 1.160556507110595703e+01
1.475000023841857910e+00 1.775283455848693848e+00 1.149453735351562500e+01
1.487499952316284180e+00 2.289405107498168945e+00 1.122733783721923828e+01
1.500000000000000000e+00 2.787063360214233398e+00 1.083773517608642578e+01
1.512500047683715820e+00 3.292749404907226562e+00 1.041495513916015625e+01
1.524999976158142090e+00 3.805842161178588867e+00 1.004064083099365234e+01
1.537500023841857910e+00 4.301528453826904297e+00 9.743774414062500000e+00
1.549999952316284180e+00 4.751088142395019531e+00 9.507722854614257812e+00
1.562500000000000000e+00 5.140435695648193359e+00 9.309281349182128906e+00
1.575000047683715820e+00 5.471240997314453125e+00 9.144230842590332031e+00
1.587499976158142090e+00 5.748808383941650391e+00 9.019418716430664062e+00
1.600000023841857910e+00 5.972571849822998047e+00 8.932370185852050781e+00
1.612499952316284180e+00 6.137859821319580078e+00 8.868304252624511719e+00
1.625000000000000000e+00 6.242812156677246094e+00 8.816473007202148438e+00
1.637500047683715820e+00 6.289983272552490234e+00 8.781710624694824219e+00
1.649999976158142090e+00 6.281392574310302734e+00 8.775182723999023438e+00
1.662500023841857910e+00 6.215031147003173828e+00 8.797321319580078125e+00
1.674999952316284180e+00 6.088198661804199219e+00 8.836773872375488281e+00
1.687500000000000000e+00 5.902940273284912109e+00 8.887529373168945312e+00
1.700000047683715820e+00 5.665449142456054688e+00 8.960781097412109375e+00
1.712499976158142090e+00 5.379621982574462891e+00 9.073381423950195312e+00
1.725000023841857910e+00 5.043921947479248047e+00 9.226005554199218750e+00
1.737499952316284180e+00 4.657527923583984375e+00 9.401293754577636719e+00
1.750000000000000000e+00 4.229006767272949219e+00 9.589601516723632812e+00
1.762500047683715820e+00 3.774784326553344727e+00 9.812179565429687500e+00
1.774999976158142090e+00 3.305130720138549805e+00 1.010647964477539062e+01
1.787500023841857910e+00 2.811684131622314453e+00 1.047867774963378906e+01
1.799999952316284180e+00 2.272741794586181641e+00 1.087145614624023438e+01
1.812500000000000000e+00 1.675190806388854980e+00 1.118853759765625000e+01
1.825000047683715820e+00 1.032769441604614258e+00 1.136202144622802734e+01
1.837499976158142090e+00 3.813677430152893066e-01 1.140190029144287109e+01
1.850000023841857910e+00 -2.457814961671829224e-01 1.138115692138671875e+01
1.862499952316284180e+00 -8.397673368453979492e-01 1.137221717834472656e+01
1.875000000000000000e+00 -1.414536237716674805e+00 1.139599990844726562e+01
1.887500047683715820e+00 -1.985866785049438477e+00 1.142681312561035156e+01
1.899999976158142090e+00 -2.553037166595458984e+00 1.143704605102539062e+01
1.912500023841857910e+00 -3.100082397460937500e+00 1.142959117889404297e+01
1.924999952316284180e+00 -3.611581325531005859e+00 1.142809295654296875e+01
1.937500000000000000e+00 -4.083983898162841797e+00 1.144507598876953125e+01
1.950000047683715820e+00 -4.521478652954101562e+00 1.146851539611816406e+01
1.962499976158142090e+00 -4.924061298370361328e+00 1.147979450225830078e+01
1.975000023841857910e+00 -5.282972812652587891e+00 1.147749328613281250e+01
1.987499952316284180e+00 -5.587936401367187500e+00 1.147749996185302734e+01
2.000000000000000000e+00 -5.836074829101562500e+00 1.149158763885498047e+01
