0.000000000000000000e+00 6.283353805541992188e+00 8.789185523986816406e+00
1.250000018626451492e-02 6.302795886993408203e+00 8.771359443664550781e+00
2.500000037252902985e-02 6.283380031585693359e+00 8.774735450744628906e+00
3.750000149011611938e-02 6.223316669464111328e+00 8.796654701232910156e+00
5.000000074505805969e-02 6.121325016021728516e+00 8.829707145690917969e+00
6.250000000000000000e-02 5.978649616241455078e+00 8.869804382324218750e+00
7.500000298023223877e-02 5.798726558685302734e+00 8.921814918518066406e+00
8.749999850988388062e-02 5.584627628326416016e+00 8.996594429016113281e+00
1.000000014901161194e-01 5.336802482604980469e+00 9.101358413696289062e+00
1.124999970197677612e-01 5.053709030151367188e+00 9.232400894165039062e+00
1.250000000000000000e-01 4.735299587249755859e+00 9.378170013427734375e+00
1.375000029802322388e-01 4.386303424835205078e+00 9.531689643859863281e+00
1.500000059604644775e-01 4.015712261199951172e+00 9.701725959777832031e+00
1.624999940395355225e-01 3.631733894348144531e+00 9.910958290100097656e+00
1.749999970197677612e-01 3.235618114471435547e+00 1.017886161804199219e+01
1.875000000000000000e-01 2.819566011428833008e+00 1.050025463104248047e+01
2.000000029802322388e-01 2.371484994888305664e+00 1.083639144897460938e+01
2.125000059604644775e-01 1.884184718132019043e+00 1.112826347351074219e+01
2.249999940395355225e-01 1.362712025642395020e+00 1.132587432861328125e+01
2.374999970197677612e-01 8.242552280426025391e-01 1.141478919982910156e+01
2.500000000000000000e-01 2.901301681995391846e-01 1.142204952239990234e+01
2.624999880790710449e-01 -2.248877286911010742e-01 1.139766407012939453e+01
2.750000059604644775e-01 -7.186542153358459473e-01 1.138477039337158203e+01
2.874999940395355225e-01 -1.199288845062255859e+00 1.139866256713867188e+01
3.000000119209289551e-01 -1.676591396331787109e+00 1.142714118957519531e+01
3.125000000000000000e-01 -2.153709650039672852e+00 1.144852161407470703e+01
3.249999880790710449e-01 -2.624763250350952148e+00 1.145165252685546875e+01
3.375000059604644775e-01 -3.079221487045288086e+00 1.144310283660888672e+01
3.499999940395355225e-01 -3.508800268173217773e+00 1.143850994110107422e+01
3.625000119209289551e-01 -3.911315917968750000e+00 1.144775867462158203e+01
3.750000000000000000e-01 -4.289030551910400391e+00 1.146714496612548828e+01
3.874999880790710449e-01 -4.643696784973144531e+00 1.148424148559570312e+01
4.000000059604644775e-01 -4.972881793975830078e+00 1.148983097076416016e+01
4.124999940395355225e-01 -5.270544052124023438e+00 1.148585319519042969e+01
4.250000119209289551e-01 -5.530912876129150391e+00 1.148277187347412109e+01
4.375000000000000000e-01 -5.751984596252441406e+00 1.148951053619384766e+01
4.499999880790710449e-01 -5.935575008392333984e+00 1.150542449951171875e+01
4.625000059604644775e-01 -6.084139347076416016e+00 1.152138233184814453e+01
4.749999940395355225e-01 -6.197401046752929688e+00 1.152850437164306641e+01
4.875000119209289551e-01 -6.271852970123291016e+00 1.152632522583007812e+01
5.000000000000000000e-01 -6.303468227386474609e+00 1.152296257019042969e+01
5.124999880790710449e-01 -6.291041374206542969e+00 1.152737045288085938e+01
5.249999761581420898e-01 -6.237083435058593750e+00 1.154095077514648438e+01
5.375000238418579102e-01 -6.145492076873779297e+00 1.155625915527343750e+01
5.500000119209289551e-01 -6.018180847167968750e+00 1.156397342681884766e+01
5.625000000000000000e-01 -5.853807926177978516e+00 1.156164455413818359e+01
5.749999880790710449e-01 -5.649788856506347656e+00 1.155608463287353516e+01
5.874999761581420898e-01 -5.405751705169677734e+00 1.155706310272216797e+01
6.000000238418579102e-01 -5.125202178955078125e+00 1.156801795959472656e+01
6.125000119209289551e-01 -4.813762187957763672e+00 1.158245372772216797e+01
6.250000000000000000e-01 -4.475510120391845703e+00 1.158967876434326172e+01
6.374999880790710449e-01 -4.110803604125976562e+00 1.158488845825195312e+01
6.499999761581420898e-01 -3.717762470245361328e+00 1.157423877716064453e+01
6.625000238418579102e-01 -3.296238422393798828e+00 1.156968021392822266e+01
6.750000119209289551e-01 -2.850623130798339844e+00 1.157764434814453125e+01
6.875000000000000000e-01 -2.388601064682006836e+00 1.159190082550048828e+01
6.999999880790710449e-01 -1.916490316390991211e+00 1.159803295135498047e+01
7.124999761581420898e-01 -1.435162067413330078e+00 1.158678245544433594e+01
7.250000238418579102e-01 -9.405960440635681152e-01 1.156469440460205078e+01
7.375000119209289551e-01 -4.294947385787963867e-01 1.155109786987304688e+01
7.500000000000000000e-01 9.410771727561950684e-02 1.156105518341064453e+01
7.624999880790710449e-01 6.168508529663085938e-01 1.158632659912109375e+01
7.749999761581420898e-01 1.121237277984619141e+00 1.159011840820312500e+01
7.875000238418579102e-01 1.595076560974121094e+00 1.152256965637207031e+01
8.000000119209289551e-01 2.038591384887695312e+00 1.134861373901367188e+01
8.125000000000000000e-01 2.463815927505493164e+00 1.106991481781005859e+01
8.249999880790710449e-01 2.886291503906250000e+00 1.072592639923095703e+01
8.374999761581420898e-01 3.314577579498291016e+00 1.037349891662597656e+01
8.500000238418579102e-01 3.744561672210693359e+00 1.005903530120849609e+01
8.625000119209289551e-01 4.161942481994628906e+00 9.801152229309082031e+00
8.750000000000000000e-01 4.550433158874511719e+00 9.592752456665039062e+00
8.874999880790710449e-01 4.899612903594970703e+00 9.417029380798339844e+00
8.999999761581420898e-01 5.207436561584472656e+00 9.263337135314941406e+00
9.125000238418579102e-01 5.476937770843505859e+00 9.131926536560058594e+00
9.250000119209289551e-01 5.710857391357421875e+00 9.027344703674316406e+00
9.375000000000000000e-01 5.908632278442382812e+00 8.949405670166015625e+00
9.499999880790710449e-01 6.067376613616943359e+00 8.890833854675292969e+00
9.624999761581420898e-01 6.184884548187255859e+00 8.843027114868164062e+00
9.750000238418579102e-01 6.261391639709472656e+00 8.803454399108886719e+00
9.875000119209289551e-01 6.298588752746582031e+00 8.777092933654785156e+00
1.000000000000000000e+00 6.297266006469726562e+00 8.770530700683593750e+00
1.012500047683715820e+00 6.256217956542968750e+00 8.784679412841796875e+00
1.024999976158142090e+00 6.173604965209960938e+00 8.813505172729492188e+00
1.037500023841857910e+00 6.049372673034667969e+00 8.850330352783203125e+00
1.049999952316284180e+00 5.886168003082275391e+00 8.895674705505371094e+00
1.062500000000000000e+00 5.687603473663330078e+00 8.958578109741210938e+00
1.075000047683715820e+00 5.455474853515625000e+00 9.049231529235839844e+00
1.087499976158142090e+00 5.188857078552246094e+00 9.169319152832031250e+00
1.100000023841857910e+00 4.886496067047119141e+00 9.309775352478027344e+00
1.112499952316284180e+00 4.550686359405517578e+00 9.459731101989746094e+00
1.125000000000000000e+00 4.188840389251708984e+00 9.619919776916503906e+00
1.137500047683715820e+00 3.810345649719238281e+00 9.807914733886718750e+00
1.149999976158142090e+00 3.420284509658813477e+00 1.004745674133300781e+01
1.162500023841857910e+00 3.014866113662719727e+00 1.034698486328125000e+01
1.174999952316284180e+00 2.582986593246459961e+00 1.068299198150634766e+01
1.187500000000000000e+00 2.114004850387573242e+00 1.100281047821044922e+01
1.200000047683715820e+00 1.606795787811279297e+00 1.124831581115722656e+01
1.212499976158142090e+00 1.073525905609130859e+00 1.138637733459472656e+01
1.225000023841857910e+00 5.349429249763488770e-01 1.142584514617919922e+01
1.237499952316284180e+00 1.002776995301246643e-02 1.140960788726806641e+01
1.250000000000000000e+00 -4.930065572261810303e-01 1.138756370544433594e+01
1.262500047683715820e+00 -9.783546924591064453e-01 1.138921737670898438e+01
1.274999976158142090e+00 -1.456259489059448242e+00 1.141361522674560547e+01
1.287500023841857910e+00 -1.933682322502136230e+00 1.144066047668457031e+01
1.299999952316284180e+00 -2.408723354339599609e+00 1.145243072509765625e+01
1.312500000000000000e+00 -2.872155189514160156e+00 1.144753456115722656e+01
1.325000047683715820e+00 -3.313883781433105469e+00 1.143922138214111328e+01
1.337499976158142090e+00 -3.728781700134277344e+00 1.144168758392333984e+01
1.350000023841857910e+00 -4.117573261260986328e+00 1.145765876770019531e+01
1.362499952316284180e+00 -4.482886791229248047e+00 1.147743511199951172e+01
1.375000000000000000e+00 -4.824433326721191406e+00 1.148884010314941406e+01
1.387500047683715820e+00 -5.137485980987548828e+00 1.148830604553222656e+01
1.399999976158142090e+00 -5.415596008300781250e+00 1.148334884643554688e+01
1.412500023841857910e+00 -5.654765605926513672e+00 1.148496055603027344e+01
1.424999952316284180e+00 -5.855296611785888672e+00 1.149740505218505859e+01
1.437500000000000000e+00 -6.019843578338623047e+00 1.151470565795898438e+01
1.450000047683715820e+00 -6.149674892425537109e+00 1.152659130096435547e+01
1.462499976158142090e+00 -6.242598056793212891e+00 1.152810382843017578e+01
1.475000023841857910e+00 -6.294367790222167969e+00 1.152399158477783203e+01
1.487499952316284180e+00 -6.302162170410156250e+00 1.152404308319091797e+01
1.500000000000000000e+00 -6.266892433166503906e+00 1.153386306762695312e+01
1.512500047683715820e+00 -6.192247867584228516e+00 1.154964542388916016e+01
1.524999976158142090e+00 -6.081406116485595703e+00 1.156174659729003906e+01
1.537500023841857910e+00 -5.934466361999511719e+00 1.156371021270751953e+01
1.549999952316284180e+00 -5.749002456665039062e+00 1.155838012695312500e+01
1.562500000000000000e+00 -5.523235797882080078e+00 1.155534458160400391e+01
1.575000047683715820e+00 -5.258891105651855469e+00 1.156192970275878906e+01
1.587499976158142090e+00 -4.961025714874267578e+00 1.157606124877929688e+01
1.600000023841857910e+00 -4.634870052337646484e+00 1.158778858184814453e+01
1.612499952316284180e+00 -4.282551288604736328e+00 1.158844470977783203e+01
1.625000000000000000e+00 -3.902811527252197266e+00 1.157912921905517578e+01
1.637500047683715820e+00 -3.494189262390136719e+00 1.157035732269287109e+01
1.649999976158142090e+00 -3.058856010437011719e+00 1.157250499725341797e+01
1.662500023841857910e+00 -2.603413820266723633e+00 1.158540344238281250e+01
1.674999952316284180e+00 -2.135468006134033203e+00 1.159709453582763672e+01
1.687500000000000000e+00 -1.658680915832519531e+00 1.159413242340087891e+01
1.700000047683715820e+00 -1.170849919319152832e+00 1.157515048980712891e+01
1.712499976158142090e+00 -6.674476265907287598e-01 1.155500221252441406e+01
1.725000023841857910e+00 -1.484811305999755859e-01 1.155335330963134766e+01
1.737499952316284180e+00 3.767811357975006104e-01 1.157452487945556641e+01
1.750000000000000000e+00 8.917043209075927734e-01 1.159422016143798828e+01
1.762500047683715820e+00 1.380458116531372070e+00 1.156552982330322266e+01
1.774999976158142090e+00 1.837069392204284668e+00 1.144301795959472656e+01
1.787500023841857910e+00 2.268762588500976562e+00 1.120978546142578125e+01
1.799999952316284180e+00 2.690803527832031250e+00 1.088926792144775391e+01
1.812500000000000000e+00 3.116113424301147461e+00 1.053373622894287109e+01
1.825000047683715820e+00 3.546624660491943359e+00 1.019757175445556641e+01
1.837499976158142090e+00 3.971945762634277344e+00 9.913167953491210938e+00
1.850000023841857910e+00 4.375556945800781250e+00 9.683871269226074219e+00
1.862499952316284180e+00 4.743623256683349609e+00 9.495028495788574219e+00
1.875000000000000000e+00 5.070341587066650391e+00 9.331743240356445312e+00
1.887500047683715820e+00 5.357059955596923828e+00 9.189505577087402344e+00
1.899999976158142090e+00 5.607253074645996094e+00 9.072113990783691406e+00
1.912500023841857910e+00 5.821993827819824219e+00 8.982408523559570312e+00
1.924999952316284180e+00 5.999139785766601562e+00 8.916083335876464844e+00
1.937500000000000000e+00 6.135809421539306641e+00 8.864118576049804688e+00
1.950000047683715820e+00 6.231069087982177734e+00 8.820512771606445312e+00
1.962499976158142090e+00 6.286207199096679688e+00 8.787137031555175781e+00
1.975000023841857910e+00 6.302698612213134766e+00 8.770852088928222656e+00
1.987499952316284180e+00 6.280234813690185547e+00 8.775843620300292969e+00
2.000000000000000000e+00 6.216973304748535156e+00 8.798892974853515625e+00
