0.000000000000000000e+00 6.265437126159667969e+00 8.801883697509765625e+00
1.250000018626451492e-02 6.293139457702636719e+00 8.775872230529785156e+00
2.500000037252902985e-02 6.264448642730712891e+00 8.780214309692382812e+00
3.750000149011611938e-02 6.176409721374511719e+00 8.810053825378417969e+00
5.000000074505805969e-02 6.027551651000976562e+00 8.853532791137695312e+00
6.250000000000000000e-02 5.821940898895263672e+00 8.910544395446777344e+00
7.500000298023223877e-02 5.565802097320556641e+00 8.996941566467285156e+00
8.749999850988388062e-02 5.260959625244140625e+00 9.125851631164550781e+00
1.000000014901161194e-01 4.905001163482666016e+00 9.289743423461914062e+00
1.124999970197677612e-01 4.499904155731201172e+00 9.470175743103027344e+00
1.250000000000000000e-01 4.058279991149902344e+00 9.667897224426269531e+00
1.375000029802322388e-01 3.596377849578857422e+00 9.914702415466308594e+00
1.500000059604644775e-01 3.118163108825683594e+00 1.024239730834960938e+01
1.624999940395355225e-01 2.608196258544921875e+00 1.063376903533935547e+01
1.749999970197677612e-01 2.044921398162841797e+00 1.100949478149414062e+01
1.875000000000000000e-01 1.424484491348266602e+00 1.127507305145263672e+01
2.000000029802322388e-01 7.715873122215270996e-01 1.139014434814453125e+01
2.125000059604644775e-01 1.248493790626525879e-01 1.139558982849121094e+01
2.249999940395355225e-01 -4.904038012027740479e-01 1.137321949005126953e+01
2.374999970197677612e-01 -1.076103091239929199e+00 1.137849807739257812e+01
2.500000000000000000e-01 -1.650044441223144531e+00 1.140956783294677734e+01
2.624999880790710449e-01 -2.222636222839355469e+00 1.143383312225341797e+01
2.750000059604644775e-01 -2.785473346710205078e+00 1.143452835083007812e+01
2.874999940395355225e-01 -3.320557117462158203e+00 1.142667102813720703e+01
3.000000119209289551e-01 -3.816803216934204102e+00 1.143301486968994141e+01
3.125000000000000000e-01 -4.275231361389160156e+00 1.145532512664794922e+01
3.249999880790710449e-01 -4.699603080749511719e+00 1.147524929046630859e+01
3.375000059604644775e-01 -5.085905075073242188e+00 1.147951698303222656e+01
3.499999940395355225e-01 -5.423312187194824219e+00 1.147597789764404297e+01
3.625000119209289551e-01 -5.704004287719726562e+00 1.148180866241455078e+01
3.750000000000000000e-01 -5.928859710693359375e+00 1.150096702575683594e+01
3.874999880790710449e-01 -6.102342605590820312e+00 1.151993179321289062e+01
4.000000059604644775e-01 -6.223827362060546875e+00 1.152593708038330078e+01
4.124999940395355225e-01 -6.286565303802490234e+00 1.152341175079345703e+01
4.250000119209289551e-01 -6.285276889801025391e+00 1.152766990661621094e+01
4.375000000000000000e-01 -6.222313404083251953e+00 1.154460048675537109e+01
4.499999880790710449e-01 -6.104467868804931641e+00 1.156289672851562500e+01
4.625000059604644775e-01 -5.934694290161132812e+00 1.156886386871337891e+01
4.749999940395355225e-01 -5.709571838378906250e+00 1.156451034545898438e+01
4.875000119209289551e-01 -5.425899982452392578e+00 1.156516933441162109e+01
5.000000000000000000e-01 -5.087875366210937500e+00 1.157924270629882812e+01
5.124999880790710449e-01 -4.705260753631591797e+00 1.159633350372314453e+01
5.249999761581420898e-01 -4.284524917602539062e+00 1.160010433197021484e+01
5.375000238418579102e-01 -3.824438095092773438e+00 1.159017467498779297e+01
5.500000119209289551e-01 -3.322467803955078125e+00 1.158412647247314453e+01
5.625000000000000000e-01 -2.784240484237670898e+00 1.159485054016113281e+01
5.749999880790710449e-01 -2.223199129104614258e+00 1.161137771606445312e+01
5.874999761581420898e-01 -1.649152278900146484e+00 1.161030387878417969e+01
6.000000238418579102e-01 -1.059429287910461426e+00 1.158743000030517578e+01
6.125000119209289551e-01 -4.456833302974700928e-01 1.156955337524414062e+01
6.250000000000000000e-01 1.884275227785110474e-01 1.158396244049072266e+01
6.374999880790710449e-01 8.184388279914855957e-01 1.161280918121337891e+01
6.499999761581420898e-01 1.412219047546386719e+00 1.158447837829589844e+01
6.625000238418579102e-01 1.954952955245971680e+00 1.142120552062988281e+01
6.750000119209289551e-01 2.461320877075195312e+00 1.110338211059570312e+01
6.875000000000000000e-01 2.961387157440185547e+00 1.068995952606201172e+01
6.999999880790710449e-01 3.472733974456787109e+00 1.027580547332763672e+01
7.124999761581420898e-01 3.984812498092651367e+00 9.927374839782714844e+00
7.250000238418579102e-01 4.468434810638427734e+00 9.654317855834960938e+00
7.375000119209289551e-01 4.898435115814208984e+00 9.432824134826660156e+00
7.500000000000000000e-01 5.267111301422119141e+00 9.245234489440917969e+00
7.624999880790710449e-01 5.579076290130615234e+00 9.093683242797851562e+00
7.749999761581420898e-01 5.838060379028320312e+00 8.983553886413574219e+00
7.875000238418579102e-01 6.041241645812988281e+00 8.906730651855468750e+00
8.000000119209289551e-01 6.184259891510009766e+00 8.847517013549804688e+00
8.125000000000000000e-01 6.267181396484375000e+00 8.800658226013183594e+00
8.249999880790710449e-01 6.293104648590087891e+00 8.775527000427246094e+00
8.374999761581420898e-01 6.262582302093505859e+00 8.780834197998046875e+00
8.500000238418579102e-01 6.172606945037841797e+00 8.811275482177734375e+00
8.625000119209289551e-01 6.021853446960449219e+00 8.855084419250488281e+00
8.750000000000000000e-01 5.814548969268798828e+00 8.912734031677246094e+00
8.874999880790710449e-01 5.556867599487304688e+00 9.000364303588867188e+00
8.999999761581420898e-01 5.250441551208496094e+00 9.130620956420898438e+00
9.125000238418579102e-01 4.892840385437011719e+00 9.295303344726562500e+00
9.250000119209289551e-01 4.486333847045898438e+00 9.476099014282226562e+00
9.375000000000000000e-01 4.043837547302246094e+00 9.674765586853027344e+00
9.499999880790710449e-01 3.581459283828735352e+00 9.923794746398925781e+00
9.624999761581420898e-01 3.102561473846435547e+00 1.025413799285888672e+01
9.750000238418579102e-01 2.591199159622192383e+00 1.064649200439453125e+01
9.875000119209289551e-01 2.026017427444458008e+00 1.102005290985107422e+01
1.000000000000000000e+00 1.404030919075012207e+00 1.128103351593017578e+01
1.012500047683715820e+00 7.507353425025939941e-01 1.139160537719726562e+01
1.024999976158142090e+00 1.047428473830223083e-01 1.139488029479980469e+01
1.037500023841857910e+00 -5.094025135040283203e-01 1.137282371520996094e+01
1.049999952316284180e+00 -1.094433546066284180e+00 1.137923431396484375e+01
1.062500000000000000e+00 -1.668264627456665039e+00 1.141061592102050781e+01
1.075000047683715820e+00 -2.240769147872924805e+00 1.143421173095703125e+01
1.087499976158142090e+00 -2.803003072738647461e+00 1.143427085876464844e+01
1.100000023841857910e+00 -3.336953878402709961e+00 1.142657184600830078e+01
1.112499952316284180e+00 -3.831932306289672852e+00 1.143354415893554688e+01
1.125000000000000000e+00 -4.289242267608642578e+00 1.145610809326171875e+01
1.137500047683715820e+00 -4.712518215179443359e+00 1.147564220428466797e+01
1.149999976158142090e+00 -5.097445011138916016e+00 1.147943210601806641e+01
1.162500023841857910e+00 -5.433126926422119141e+00 1.147594451904296875e+01
1.174999952316284180e+00 -5.711987972259521484e+00 1.148224925994873047e+01
1.187500000000000000e+00 -5.935148715972900391e+00 1.150166797637939453e+01
1.200000047683715820e+00 -6.107030391693115234e+00 1.152035140991210938e+01
1.212499976158142090e+00 -6.226768016815185547e+00 1.152591514587402344e+01
1.225000023841857910e+00 -6.287519454956054688e+00 1.152336597442626953e+01
1.237499952316284180e+00 -6.284191608428955078e+00 1.152803325653076172e+01
1.250000000000000000e+00 -6.219377994537353516e+00 1.154525184631347656e+01
1.262500047683715820e+00 -6.099874496459960938e+00 1.156331825256347656e+01
1.274999976158142090e+00 -5.928416728973388672e+00 1.156882095336914062e+01
1.287500023841857910e+00 -5.701455116271972656e+00 1.156436729431152344e+01
1.299999952316284180e+00 -5.415945053100585938e+00 1.156541728973388672e+01
1.312500000000000000e+00 -5.076344490051269531e+00 1.157983589172363281e+01
1.325000047683715820e+00 -4.692459106445312500e+00 1.159671974182128906e+01
1.337499976158142090e+00 -4.270524978637695312e+00 1.159993839263916016e+01
1.350000023841857910e+00 -3.809122562408447266e+00 1.158981132507324219e+01
1.362499952316284180e+00 -3.305855512619018555e+00 1.158419799804687500e+01
1.375000000000000000e+00 -2.766678333282470703e+00 1.159540843963623047e+01
1.387500047683715820e+00 -2.205128192901611328e+00 1.161171913146972656e+01
1.399999976158142090e+00 -1.630690932273864746e+00 1.160984039306640625e+01
1.412500023841857910e+00 -1.040317535400390625e+00 1.158658885955810547e+01
1.424999952316284180e+00 -4.257598221302032471e-01 1.156945228576660156e+01
1.437500000000000000e+00 2.086955457925796509e-01 1.158491992950439453e+01
1.450000047683715820e+00 8.380228877067565918e-01 1.161325836181640625e+01
1.462499976158142090e+00 1.430257558822631836e+00 1.158167648315429688e+01
1.475000023841857910e+00 1.971464157104492188e+00 1.141335678100585938e+01
1.487499952316284180e+00 2.477161884307861328e+00 1.109123039245605469e+01
1.500000000000000000e+00 2.977449893951416016e+00 1.067631912231445312e+01
1.512500047683715820e+00 3.489130973815917969e+00 1.026351928710937500e+01
1.524999976158142090e+00 4.000792980194091797e+00 9.917617797851562500e+00
1.537500023841857910e+00 4.483020782470703125e+00 9.646626472473144531e+00
1.549999952316284180e+00 4.911093711853027344e+00 9.426372528076171875e+00
1.562500000000000000e+00 5.277867317199707031e+00 9.239815711975097656e+00
1.575000047683715820e+00 5.588124275207519531e+00 9.089545249938964844e+00
1.587499976158142090e+00 5.845406532287597656e+00 8.980681419372558594e+00
1.600000023841857910e+00 6.046728610992431641e+00 8.904648780822753906e+00
1.612499952316284180e+00 6.187806606292724609e+00 8.845817565917968750e+00
1.625000000000000000e+00 6.268867969512939453e+00 8.799455642700195312e+00
1.637500047683715820e+00 6.293012619018554688e+00 8.775214195251464844e+00
1.649999976158142090e+00 6.260654926300048828e+00 8.781480789184570312e+00
1.662500023841857910e+00 6.168742179870605469e+00 8.812509536743164062e+00
1.674999952316284180e+00 6.016097545623779297e+00 8.856648445129394531e+00
1.687500000000000000e+00 5.807106494903564453e+00 8.914955139160156250e+00
1.700000047683715820e+00 5.547884464263916016e+00 9.003831863403320312e+00
1.712499976158142090e+00 5.239871978759765625e+00 9.135426521301269531e+00
1.725000023841857910e+00 4.880629062652587891e+00 9.300877571105957031e+00
1.737499952316284180e+00 4.472727298736572266e+00 9.482035636901855469e+00
1.750000000000000000e+00 4.029376506805419922e+00 9.681685447692871094e+00
1.762500047683715820e+00 3.566526174545288086e+00 9.932972908020019531e+00
1.774999976158142090e+00 3.086927890777587891e+00 1.026594734191894531e+01
1.787500023841857910e+00 2.574146032333374023e+00 1.065919780731201172e+01
1.799999952316284180e+00 2.007053375244140625e+00 1.103049087524414062e+01
1.812500000000000000e+00 1.383544325828552246e+00 1.128683376312255859e+01
1.825000047683715820e+00 7.298920154571533203e-01 1.139295482635498047e+01
1.837499976158142090e+00 8.467113971710205078e-02 1.139414882659912109e+01
1.850000023841857910e+00 -5.283703207969665527e-01 1.137246131896972656e+01
1.862499952316284180e+00 -1.112753510475158691e+00 1.137999725341796875e+01
1.875000000000000000e+00 -1.686485171318054199e+00 1.141165351867675781e+01
1.887500047683715820e+00 -2.258892536163330078e+00 1.143456363677978516e+01
1.899999976158142090e+00 -2.820503711700439453e+00 1.143400573730468750e+01
1.912500023841857910e+00 -3.353309869766235352e+00 1.142648887634277344e+01
1.924999952316284180e+00 -3.847023248672485352e+00 1.143409061431884766e+01
1.937500000000000000e+00 -4.303218841552734375e+00 1.145688819885253906e+01
1.950000047683715820e+00 -4.725395202636718750e+00 1.147601604461669922e+01
1.962499976158142090e+00 -5.108934879302978516e+00 1.147933864593505859e+01
1.975000023841857910e+00 -5.442883491516113281e+00 1.147592258453369141e+01
1.987499952316284180e+00 -5.719914913177490234e+00 1.148270511627197266e+01
2.000000000000000000e+00 -5.941386699676513672e+00 1.150236892700195312e+01
