0.000000000000000000e+00 6.265080451965332031e+00 8.802191734313964844e+00
1.250000018626451492e-02 6.292949199676513672e+00 8.776013374328613281e+00
2.500000037252902985e-02 6.264070034027099609e+00 8.780373573303222656e+00
3.750000149011611938e-02 6.175463676452636719e+00 8.810367584228515625e+00
5.000000074505805969e-02 6.025660037994384766e+00 8.854055404663085938e+00
6.250000000000000000e-02 5.818795204162597656e+00 8.911458969116210938e+00
7.500000298023223877e-02 5.561138153076171875e+00 8.998652458190917969e+00
8.749999850988388062e-02 5.254455566406250000e+00 9.128664016723632812e+00
1.000000014901161194e-01 4.896311283111572266e+00 9.293555259704589844e+00
1.124999970197677612e-01 4.488885402679443359e+00 9.474826812744140625e+00
1.250000000000000000e-01 4.045126914978027344e+00 9.673974990844726562e+00
1.375000029802322388e-01 3.581321001052856445e+00 9.923608779907226562e+00
1.500000059604644775e-01 3.100917100906372070e+00 1.025496196746826172e+01
1.624999940395355225e-01 2.587810516357421875e+00 1.064848613739013672e+01
1.749999970197677612e-01 2.020457029342651367e+00 1.102253341674804688e+01
1.875000000000000000e-01 1.396010279655456543e+00 1.128274440765380859e+01
2.000000029802322388e-01 7.404409646987915039e-01 1.139182281494140625e+01
2.125000059604644775e-01 9.272363036870956421e-02 1.139414405822753906e+01
2.249999940395355225e-01 -5.227437615394592285e-01 1.137235927581787109e+01
2.374999970197677612e-01 -1.109174489974975586e+00 1.137963390350341797e+01
2.500000000000000000e-01 -1.684708237648010254e+00 1.141130733489990234e+01
2.624999880790710449e-01 -2.258879899978637695e+00 1.143431568145751953e+01
2.750000059604644775e-01 -2.822202205657958984e+00 1.143376827239990234e+01
2.874999940395355225e-01 -3.356512308120727539e+00 1.142630767822265625e+01
3.000000119209289551e-01 -3.851468324661254883e+00 1.143410682678222656e+01
3.125000000000000000e-01 -4.308702945709228516e+00 1.145704460144042969e+01
3.249999880790710449e-01 -4.731693267822265625e+00 1.147604846954345703e+01
3.375000059604644775e-01 -5.115658760070800781e+00 1.147916507720947266e+01
3.499999940395355225e-01 -5.449524879455566406e+00 1.147584342956542969e+01
3.625000119209289551e-01 -5.726055622100830078e+00 1.148303985595703125e+01
3.750000000000000000e-01 -5.946782588958740234e+00 1.150296783447265625e+01
3.874999880790710449e-01 -6.116055965423583984e+00 1.152112579345703125e+01
4.000000059604644775e-01 -6.232542991638183594e+00 1.152585411071777344e+01
4.124999940395355225e-01 -6.289178371429443359e+00 1.152335357666015625e+01
4.250000119209289551e-01 -6.281247138977050781e+00 1.152901744842529297e+01
4.375000000000000000e-01 -6.211890697479248047e+00 1.154692840576171875e+01
4.499999880790710449e-01 -6.087933540344238281e+00 1.156443119049072266e+01
4.625000059604644775e-01 -5.911597728729248047e+00 1.156880664825439453e+01
4.749999940395355225e-01 -5.679009914398193359e+00 1.156420516967773438e+01
4.875000119209289551e-01 -5.387550354003906250e+00 1.156641674041748047e+01
5.000000000000000000e-01 -5.042427062988281250e+00 1.158181571960449219e+01
5.124999880790710449e-01 -4.653596878051757812e+00 1.159803581237792969e+01
5.249999761581420898e-01 -4.226644515991210938e+00 1.159959602355957031e+01
5.375000238418579102e-01 -3.759606361389160156e+00 1.158898448944091797e+01
5.500000119209289551e-01 -3.250568151473999023e+00 1.158490371704101562e+01
5.625000000000000000e-01 -2.706602334976196289e+00 1.159769535064697266e+01
5.749999880790710449e-01 -2.141588449478149414e+00 1.161309719085693359e+01
5.874999761581420898e-01 -1.563911318778991699e+00 1.160832023620605469e+01
6.000000238418579102e-01 -9.692091345787048340e-01 1.158390998840332031e+01
6.125000119209289551e-01 -3.496827483177185059e-01 1.156980991363525391e+01
6.250000000000000000e-01 2.878921329975128174e-01 1.158923435211181641e+01
6.374999880790710449e-01 9.162123203277587891e-01 1.161485576629638672e+01
6.499999761581420898e-01 1.503913283348083496e+00 1.156911087036132812e+01
6.625000238418579102e-01 2.040604114532470703e+00 1.137912368774414062e+01
6.750000119209289551e-01 2.545268058776855469e+00 1.103849315643310547e+01
6.875000000000000000e-01 3.048135280609130859e+00 1.061706542968750000e+01
6.999999880790710449e-01 3.562638759613037109e+00 1.020984077453613281e+01
7.124999761581420898e-01 4.073583602905273438e+00 9.874383926391601562e+00
7.250000238418579102e-01 4.550546646118164062e+00 9.611678123474121094e+00
7.375000119209289551e-01 4.970789432525634766e+00 9.396268844604492188e+00
7.500000000000000000e-01 5.329617977142333984e+00 9.214121818542480469e+00
7.624999880790710449e-01 5.632457256317138672e+00 9.069766044616699219e+00
7.749999761581420898e-01 5.881879329681396484e+00 8.966774940490722656e+00
7.875000238418579102e-01 6.074151515960693359e+00 8.894285202026367188e+00
8.000000119209289551e-01 6.205452442169189453e+00 8.837187767028808594e+00
8.125000000000000000e-01 6.276822566986083984e+00 8.793523788452148438e+00
8.249999880790710449e-01 6.291295051574707031e+00 8.774203300476074219e+00
8.374999761581420898e-01 6.248525142669677734e+00 8.785659790039062500e+00
8.500000238418579102e-01 6.145293712615966797e+00 8.819842338562011719e+00
8.625000119209289551e-01 5.981338500976562500e+00 8.866058349609375000e+00
8.750000000000000000e-01 5.761893749237060547e+00 8.928781509399414062e+00
8.874999880790710449e-01 5.492649555206298828e+00 9.025628089904785156e+00
8.999999761581420898e-01 5.173943042755126953e+00 9.165477752685546875e+00
9.125000238418579102e-01 4.803488254547119141e+00 9.335710525512695312e+00
9.250000119209289551e-01 4.385879993438720703e+00 9.519810676574707031e+00
9.375000000000000000e-01 3.936086654663085938e+00 9.727235794067382812e+00
9.499999880790710449e-01 3.468783617019653320e+00 9.994674682617187500e+00
9.624999761581420898e-01 2.982639312744140625e+00 1.034520721435546875e+01
9.750000238418579102e-01 2.458250761032104492e+00 1.074316692352294922e+01
9.875000119209289551e-01 1.876462459564208984e+00 1.109755706787109375e+01
1.000000000000000000e+00 1.241330862045288086e+00 1.132198715209960938e+01
1.012500047683715820e+00 5.842095017433166504e-01 1.139906597137451172e+01
1.024999976158142090e+00 -5.703004077076911926e-02 1.138824653625488281e+01
1.037500023841857910e+00 -6.643607616424560547e-01 1.137072753906250000e+01
1.049999952316284180e+00 -1.246511936187744141e+00 1.138611125946044922e+01
1.062500000000000000e+00 -1.821565032005310059e+00 1.141869163513183594e+01
1.075000047683715820e+00 -2.394630193710327148e+00 1.143612098693847656e+01
1.087499976158142090e+00 -2.952628850936889648e+00 1.143160533905029297e+01
1.100000023841857910e+00 -3.477995634078979492e+00 1.142631435394287109e+01
1.112499952316284180e+00 -3.963526964187622070e+00 1.143876075744628906e+01
1.125000000000000000e+00 -4.412506580352783203e+00 1.146268844604492188e+01
1.137500047683715820e+00 -4.827009677886962891e+00 1.147821521759033203e+01
1.149999976158142090e+00 -5.200084209442138672e+00 1.147825717926025391e+01
1.162500023841857910e+00 -5.520626068115234375e+00 1.147616291046142578e+01
1.174999952316284180e+00 -5.783466339111328125e+00 1.148699665069580078e+01
1.187500000000000000e+00 -5.991659164428710938e+00 1.150810909271240234e+01
1.200000047683715820e+00 -6.148786544799804688e+00 1.152355384826660156e+01
1.212499976158142090e+00 -6.251736640930175781e+00 1.152533435821533203e+01
1.225000023841857910e+00 -6.293160915374755859e+00 1.152349472045898438e+01
1.237499952316284180e+00 -6.270047664642333984e+00 1.153243446350097656e+01
1.250000000000000000e+00 -6.187128543853759766e+00 1.155177974700927734e+01
1.262500047683715820e+00 -6.050786018371582031e+00 1.156683921813964844e+01
1.274999976158142090e+00 -5.861524105072021484e+00 1.156798648834228516e+01
1.287500023841857910e+00 -5.614919185638427734e+00 1.156356620788574219e+01
1.299999952316284180e+00 -5.309905052185058594e+00 1.156907844543457031e+01
1.312500000000000000e+00 -4.953490257263183594e+00 1.158631992340087891e+01
1.325000047683715820e+00 -4.555395603179931641e+00 1.160003566741943359e+01
1.337499976158142090e+00 -4.119263648986816406e+00 1.159760284423828125e+01
1.350000023841857910e+00 -3.642161369323730469e+00 1.158668708801269531e+01
1.362499952316284180e+00 -3.123768568038940430e+00 1.158654785156250000e+01
1.375000000000000000e+00 -2.573511123657226562e+00 1.160208129882812500e+01
1.387500047683715820e+00 -2.005187511444091797e+00 1.161434936523437500e+01
1.399999976158142090e+00 -1.424260854721069336e+00 1.160351276397705078e+01
1.412500023841857910e+00 -8.240922689437866211e-01 1.157825088500976562e+01
1.424999952316284180e+00 -1.988183706998825073e-01 1.157137012481689453e+01
1.437500000000000000e+00 4.396000802516937256e-01 1.159710502624511719e+01
1.450000047683715820e+00 1.060681343078613281e+00 1.161378574371337891e+01
1.462499976158142090e+00 1.636015534400939941e+00 1.153861808776855469e+01
1.475000023841857910e+00 2.162475585937500000e+00 1.131012821197509766e+01
1.487499952316284180e+00 2.664177417755126953e+00 1.094183254241943359e+01
1.500000000000000000e+00 3.169672012329101562e+00 1.051572418212890625e+01
1.512500047683715820e+00 3.685651063919067383e+00 1.012260913848876953e+01
1.524999976158142090e+00 4.191325187683105469e+00 9.806105613708496094e+00
1.537500023841857910e+00 4.656191349029541016e+00 9.557012557983398438e+00
1.549999952316284180e+00 5.061630249023437500e+00 9.349932670593261719e+00
1.562500000000000000e+00 5.406569004058837891e+00 9.176008224487304688e+00
1.575000047683715820e+00 5.696736812591552734e+00 9.041665077209472656e+00
1.587499976158142090e+00 5.933032512664794922e+00 8.947401046752929688e+00
1.600000023841857910e+00 6.110981941223144531e+00 8.879671096801757812e+00
1.612499952316284180e+00 6.227748394012451172e+00 8.825279235839843750e+00
1.625000000000000000e+00 6.285359859466552734e+00 8.786259651184082031e+00
1.637500047683715820e+00 6.286414146423339844e+00 8.774217605590820312e+00
1.649999976158142090e+00 6.229537963867187500e+00 8.792250633239746094e+00
1.662500023841857910e+00 6.111653327941894531e+00 8.829916000366210938e+00
1.674999952316284180e+00 5.933869838714599609e+00 8.878923416137695312e+00
1.687500000000000000e+00 5.702200412750244141e+00 8.948082923889160156e+00
1.700000047683715820e+00 5.421375274658203125e+00 9.055158615112304688e+00
1.712499976158142090e+00 5.090463638305664062e+00 9.204041481018066406e+00
1.725000023841857910e+00 4.707936763763427734e+00 9.378516197204589844e+00
1.737499952316284180e+00 4.281047344207763672e+00 9.565963745117187500e+00
1.750000000000000000e+00 3.826134681701660156e+00 9.783952713012695312e+00
1.762500047683715820e+00 3.355273485183715820e+00 1.007074356079101562e+01
1.774999976158142090e+00 2.862197160720825195e+00 1.043842601776123047e+01
1.787500023841857910e+00 2.325322151184082031e+00 1.083536243438720703e+01
1.799999952316284180e+00 1.729306221008300781e+00 1.116487121582031250e+01
1.812500000000000000e+00 1.085372447967529297e+00 1.135249328613281250e+01
1.825000047683715820e+00 4.289800822734832764e-01 1.140122604370117188e+01
1.837499976158142090e+00 -2.047260999679565430e-01 1.138218879699707031e+01
1.850000023841857910e+00 -8.045062422752380371e-01 1.137124252319335938e+01
1.862499952316284180e+00 -1.383517265319824219e+00 1.139363861083984375e+01
1.875000000000000000e+00 -1.958403587341308594e+00 1.142507553100585938e+01
1.887500047683715820e+00 -2.529547214508056641e+00 1.143653488159179688e+01
1.899999976158142090e+00 -3.081149578094482422e+00 1.142941856384277344e+01
1.912500023841857910e+00 -3.597166538238525391e+00 1.142746162414550781e+01
1.924999952316284180e+00 -4.073523044586181641e+00 1.144413661956787109e+01
1.937500000000000000e+00 -4.514406204223632812e+00 1.146778583526611328e+01
1.950000047683715820e+00 -4.920000553131103516e+00 1.147939491271972656e+01
1.962499976158142090e+00 -5.281500339508056641e+00 1.147722053527832031e+01
1.975000023841857910e+00 -5.588413715362548828e+00 1.147731208801269531e+01
1.987499952316284180e+00 -5.837779045104980469e+00 1.149160766601562500e+01
2.000000000000000000e+00 -6.033679008483886719e+00 1.151288604736328125e+01
