0.000000000000000000e+00 6.264713287353515625e+00 8.802411079406738281e+00
1.250000018626451492e-02 6.292749404907226562e+00 8.776065826416015625e+00
2.500000037252902985e-02 6.263681888580322266e+00 8.780442237854003906e+00
3.750000149011611938e-02 6.174506187438964844e+00 8.810591697692871094e+00
5.000000074505805969e-02 6.023754596710205078e+00 8.854489326477050781e+00
6.250000000000000000e-02 5.815633773803710938e+00 8.912287712097167969e+00
7.500000298023223877e-02 5.556454181671142578e+00 9.000282287597656250e+00
8.749999850988388062e-02 5.247926712036132812e+00 9.131395339965820312e+00
1.000000014901161194e-01 4.887591361999511719e+00 9.297280311584472656e+00
1.124999970197677612e-01 4.477838516235351562e+00 9.479393005371093750e+00
1.250000000000000000e-01 4.031953334808349609e+00 9.679996490478515625e+00
1.375000029802322388e-01 3.566247463226318359e+00 9.932498931884765625e+00
1.500000059604644775e-01 3.083633899688720703e+00 1.026749897003173828e+01
1.624999940395355225e-01 2.567349195480346680e+00 1.066306591033935547e+01
1.749999970197677612e-01 1.995896220207214355e+00 1.103526687622070312e+01
1.875000000000000000e-01 1.367472052574157715e+00 1.129001522064208984e+01
2.000000029802322388e-01 7.093086242675781250e-01 1.139316940307617188e+01
2.125000059604644775e-01 6.067885830998420715e-02 1.139255809783935547e+01
2.249999940395355225e-01 -5.549989342689514160e-01 1.137150096893310547e+01
2.374999970197677612e-01 -1.142208218574523926e+00 1.138074970245361328e+01
2.500000000000000000e-01 -1.719362735748291016e+00 1.141289901733398438e+01
2.624999880790710449e-01 -2.295071601867675781e+00 1.143458843231201172e+01
2.750000059604644775e-01 -2.858790159225463867e+00 1.143287467956542969e+01
2.874999940395355225e-01 -3.392263174057006836e+00 1.142592620849609375e+01
3.000000119209289551e-01 -3.885923147201538086e+00 1.143518066406250000e+01
3.125000000000000000e-01 -4.341969013214111328e+00 1.145862770080566406e+01
3.249999880790710449e-01 -4.763530731201171875e+00 1.147662734985351562e+01
3.375000059604644775e-01 -5.145059108734130859e+00 1.147866249084472656e+01
3.499999940395355225e-01 -5.475301742553710938e+00 1.147569465637207031e+01
3.625000119209289551e-01 -5.747654438018798828e+00 1.148427867889404297e+01
3.750000000000000000e-01 -5.964263916015625000e+00 1.150484275817871094e+01
3.874999880790710449e-01 -6.129284381866455078e+00 1.152207660675048828e+01
4.000000059604644775e-01 -6.240668296813964844e+00 1.152559089660644531e+01
4.124999940395355225e-01 -6.291110038757324219e+00 1.152329158782958984e+01
4.250000119209289551e-01 -6.276530742645263672e+00 1.153041458129882812e+01
4.375000000000000000e-01 -6.200828075408935547e+00 1.154914665222167969e+01
4.499999880790710449e-01 -6.070751667022705078e+00 1.156567955017089844e+01
4.625000059604644775e-01 -5.887758731842041016e+00 1.156851768493652344e+01
4.749999940395355225e-01 -5.647621631622314453e+00 1.156390857696533203e+01
4.875000119209289551e-01 -5.348408699035644531e+00 1.156778240203857422e+01
5.000000000000000000e-01 -4.996311187744140625e+00 1.158430194854736328e+01
5.124999880790710449e-01 -4.601326942443847656e+00 1.159937095642089844e+01
5.249999761581420898e-01 -4.168084621429443359e+00 1.159875583648681641e+01
5.375000238418579102e-01 -3.694014549255371094e+00 1.158782863616943359e+01
5.500000119209289551e-01 -3.178005695343017578e+00 1.158594322204589844e+01
5.625000000000000000e-01 -2.628563165664672852e+00 1.160050868988037109e+01
5.749999880790710449e-01 -2.059746742248535156e+00 1.161425781250000000e+01
5.874999761581420898e-01 -1.478322148323059082e+00 1.160575771331787109e+01
6.000000238418579102e-01 -8.784133791923522949e-01 1.158053684234619141e+01
6.125000119209289551e-01 -2.532158195972442627e-01 1.157085895538330078e+01
6.250000000000000000e-01 3.871567547321319580e-01 1.159467697143554688e+01
6.374999880790710449e-01 1.012927055358886719e+00 1.161500740051269531e+01
6.499999761581420898e-01 1.594190239906311035e+00 1.154972839355468750e+01
6.625000238418579102e-01 2.125310897827148438e+00 1.133268737792968750e+01
6.750000119209289551e-01 2.629140377044677734e+00 1.097119712829589844e+01
6.875000000000000000e-01 3.135238409042358398e+00 1.054461765289306641e+01
6.999999880790710449e-01 3.652441978454589844e+00 1.014611816406250000e+01
7.124999761581420898e-01 4.161258697509765625e+00 9.823632240295410156e+00
7.250000238418579102e-01 4.630769252777099609e+00 9.570402145385742188e+00
7.375000119209289551e-01 5.041054248809814453e+00 9.360642433166503906e+00
7.500000000000000000e-01 5.390183448791503906e+00 9.184214591979980469e+00
7.624999880790710449e-01 5.683923721313476562e+00 9.047289848327636719e+00
7.749999761581420898e-01 5.923551082611083984e+00 8.951052665710449219e+00
7.875000238418579102e-01 6.104672908782958984e+00 8.882287979125976562e+00
8.000000119209289551e-01 6.224228382110595703e+00 8.827244758605957031e+00
8.125000000000000000e-01 6.284114837646484375e+00 8.787305831909179688e+00
8.249999880790710449e-01 6.287049293518066406e+00 8.774143218994140625e+00
8.374999761581420898e-01 6.231793880462646484e+00 8.791392326354980469e+00
8.500000238418579102e-01 6.115203380584716797e+00 8.828790664672851562e+00
8.625000119209289551e-01 5.938226222991943359e+00 8.877645492553710938e+00
8.750000000000000000e-01 5.706863880157470703e+00 8.946399688720703125e+00
8.874999880790710449e-01 5.425997257232666016e+00 9.053004264831542969e+00
8.999999761581420898e-01 5.094785690307617188e+00 9.201791763305664062e+00
9.125000238418579102e-01 4.711624622344970703e+00 9.376617431640625000e+00
9.250000119209289551e-01 4.283695697784423828e+00 9.564533233642578125e+00
9.375000000000000000e-01 3.827449798583984375e+00 9.782947540283203125e+00
9.499999880790710449e-01 3.355152606964111328e+00 1.007038974761962891e+01
9.624999761581420898e-01 2.860536336898803711e+00 1.043913459777832031e+01
9.750000238418579102e-01 2.321805238723754883e+00 1.083705139160156250e+01
9.875000119209289551e-01 1.723523259162902832e+00 1.116662406921386719e+01
1.000000000000000000e+00 1.077204108238220215e+00 1.135322093963623047e+01
1.012500047683715820e+00 4.187780618667602539e-01 1.140073776245117188e+01
1.024999976158142090e+00 -2.164529263973236084e-01 1.138138294219970703e+01
1.037500023841857910e+00 -8.175789713859558105e-01 1.137109947204589844e+01
1.049999952316284180e+00 -1.398163080215454102e+00 1.139414978027343750e+01
1.062500000000000000e+00 -1.974803566932678223e+00 1.142539978027343750e+01
1.075000047683715820e+00 -2.547390222549438477e+00 1.143615722656250000e+01
1.087499976158142090e+00 -3.099734067916870117e+00 1.142882633209228516e+01
1.100000023841857910e+00 -3.615916490554809570e+00 1.142749309539794922e+01
1.112499952316284180e+00 -4.092263698577880859e+00 1.144485950469970703e+01
1.125000000000000000e+00 -4.533064365386962891e+00 1.146839237213134766e+01
1.137500047683715820e+00 -4.938130855560302734e+00 1.147927856445312500e+01
1.149999976158142090e+00 -5.298282146453857422e+00 1.147681045532226562e+01
1.162500023841857910e+00 -5.603131771087646484e+00 1.147753524780273438e+01
1.174999952316284180e+00 -5.850166797637939453e+00 1.149264526367187500e+01
1.187500000000000000e+00 -6.043662548065185547e+00 1.151387596130371094e+01
1.200000047683715820e+00 -6.185637950897216797e+00 1.152527046203613281e+01
1.212499976158142090e+00 -6.270947933197021484e+00 1.152429866790771484e+01
1.225000023841857910e+00 -6.292612552642822266e+00 1.152468967437744141e+01
1.237499952316284180e+00 -6.250094890594482422e+00 1.153787326812744141e+01
1.250000000000000000e+00 -6.149646759033203125e+00 1.155773925781250000e+01
1.262500047683715820e+00 -5.996404647827148438e+00 1.156870079040527344e+01
1.274999976158142090e+00 -5.788706302642822266e+00 1.156642913818359375e+01
1.287500023841857910e+00 -5.522186756134033203e+00 1.156385326385498047e+01
1.299999952316284180e+00 -5.198344230651855469e+00 1.157406711578369141e+01
1.312500000000000000e+00 -4.826151847839355469e+00 1.159229564666748047e+01
1.325000047683715820e+00 -4.414175987243652344e+00 1.160125923156738281e+01
1.337499976158142090e+00 -3.963348388671875000e+00 1.159409999847412109e+01
1.350000023841857910e+00 -3.470348119735717773e+00 1.158486747741699219e+01
1.362499952316284180e+00 -2.937894821166992188e+00 1.159089946746826172e+01
1.375000000000000000e+00 -2.378269195556640625e+00 1.160828208923339844e+01
1.387500047683715820e+00 -1.803850889205932617e+00 1.161376190185546875e+01
1.399999976158142090e+00 -1.215458989143371582e+00 1.159503078460693359e+01
1.412500023841857910e+00 -6.045192480087280273e-01 1.157233142852783203e+01
1.424999952316284180e+00 3.003063984215259552e-02 1.157799625396728516e+01
1.437500000000000000e+00 6.682544946670532227e-01 1.160847568511962891e+01
1.450000047683715820e+00 1.276992917060852051e+00 1.160178184509277344e+01
1.462499976158142090e+00 1.834809064865112305e+00 1.147390937805175781e+01
1.475000023841857910e+00 2.349913358688354492e+00 1.118684577941894531e+01
1.487499952316284180e+00 2.851827144622802734e+00 1.078422451019287109e+01
1.500000000000000000e+00 3.363583564758300781e+00 1.036033248901367188e+01
1.512500047683715820e+00 3.880733966827392578e+00 9.993298530578613281e+00
1.524999976158142090e+00 4.375712871551513672e+00 9.704520225524902344e+00
1.537500023841857910e+00 4.820295810699462891e+00 9.473272323608398438e+00
1.549999952316284180e+00 5.202920436859130859e+00 9.278168678283691406e+00
1.562500000000000000e+00 5.526882171630859375e+00 9.118268013000488281e+00
1.575000047683715820e+00 5.796947002410888672e+00 9.000161170959472656e+00
1.587499976158142090e+00 6.011297702789306641e+00 8.918249130249023438e+00
1.600000023841857910e+00 6.165214061737060547e+00 8.856543540954589844e+00
1.612499952316284180e+00 6.257900238037109375e+00 8.807032585144042969e+00
1.625000000000000000e+00 6.292407512664794922e+00 8.777587890625000000e+00
1.637500047683715820e+00 6.269964218139648438e+00 8.778416633605957031e+00
1.649999976158142090e+00 6.187805175781250000e+00 8.806276321411132812e+00
1.662500023841857910e+00 6.043968200683593750e+00 8.848962783813476562e+00
1.674999952316284180e+00 5.842042922973632812e+00 8.904547691345214844e+00
1.687500000000000000e+00 5.588475227355957031e+00 8.988151550292968750e+00
1.700000047683715820e+00 5.285681724548339844e+00 9.114337921142578125e+00
1.712499976158142090e+00 4.931317329406738281e+00 9.277265548706054688e+00
1.725000023841857910e+00 4.526721954345703125e+00 9.458050727844238281e+00
1.737499952316284180e+00 4.084047317504882812e+00 9.655300140380859375e+00
1.750000000000000000e+00 3.620074272155761719e+00 9.899804115295410156e+00
1.762500047683715820e+00 3.139920711517333984e+00 1.022519493103027344e+01
1.774999976158142090e+00 2.628696918487548828e+00 1.061719131469726562e+01
1.787500023841857910e+00 2.064175605773925781e+00 1.099730014801025391e+01
1.799999952316284180e+00 1.441357731819152832e+00 1.126876163482666016e+01
1.812500000000000000e+00 7.845712304115295410e-01 1.138813018798828125e+01
1.825000047683715820e+00 1.331672072410583496e-01 1.139515495300292969e+01
1.837499976158142090e+00 -4.865278303623199463e-01 1.137278461456298828e+01
1.850000023841857910e+00 -1.076092481613159180e+00 1.137797355651855469e+01
1.862499952316284180e+00 -1.653605222702026367e+00 1.140917873382568359e+01
1.875000000000000000e+00 -2.229691267013549805e+00 1.143338012695312500e+01
1.887500047683715820e+00 -2.795722723007202148e+00 1.143384552001953125e+01
1.899999976158142090e+00 -3.333387136459350586e+00 1.142614650726318359e+01
1.912500023841857910e+00 -3.831632137298583984e+00 1.143312931060791016e+01
1.924999952316284180e+00 -4.291705131530761719e+00 1.145584011077880859e+01
1.937500000000000000e+00 -4.717291355133056641e+00 1.147538375854492188e+01
1.950000047683715820e+00 -5.103935718536376953e+00 1.147903728485107422e+01
1.962499976158142090e+00 -5.440527915954589844e+00 1.147567367553710938e+01
1.975000023841857910e+00 -5.719510555267333984e+00 1.148250961303710938e+01
1.987499952316284180e+00 -5.942211627960205078e+00 1.150233268737792969e+01
2.000000000000000000e+00 -6.113066673278808594e+00 1.152076339721679688e+01
