0.000000000000000000e+00 6.264346599578857422e+00 8.802719116210937500e+00
1.250000018626451492e-02 6.292550563812255859e+00 8.776205062866210938e+00
2.500000037252902985e-02 6.263293743133544922e+00 8.780599594116210938e+00
3.750000149011611938e-02 6.173547267913818359e+00 8.810904502868652344e+00
5.000000074505805969e-02 6.021845340728759766e+00 8.855011940002441406e+00
6.250000000000000000e-02 5.812464714050292969e+00 8.913208961486816406e+00
7.500000298023223877e-02 5.551758766174316406e+00 9.002010345458984375e+00
8.749999850988388062e-02 5.241380214691162109e+00 9.134228706359863281e+00
1.000000014901161194e-01 4.878848552703857422e+00 9.301103591918945312e+00
1.124999970197677612e-01 4.466769695281982422e+00 9.484062194824218750e+00
1.250000000000000000e-01 4.018766880035400391e+00 9.686150550842285156e+00
1.375000029802322388e-01 3.551161527633666992e+00 9.941562652587890625e+00
1.500000059604644775e-01 3.066316604614257812e+00 1.028019905090332031e+01
1.624999940395355225e-01 2.546814441680908203e+00 1.067769908905029297e+01
1.749999970197677612e-01 1.971241474151611328e+00 1.104788970947265625e+01
1.875000000000000000e-01 1.338873624801635742e+00 1.129708480834960938e+01
2.000000029802322388e-01 6.781941056251525879e-01 1.139439582824707031e+01
2.125000059604644775e-01 2.871553041040897369e-02 1.139104366302490234e+01
2.249999940395355225e-01 -5.871734023094177246e-01 1.137085247039794922e+01
2.374999970197677612e-01 -1.175210237503051758e+00 1.138204669952392578e+01
2.500000000000000000e-01 -1.754011392593383789e+00 1.141454696655273438e+01
2.624999880790710449e-01 -2.331211805343627930e+00 1.143486404418945312e+01
2.750000059604644775e-01 -2.895237922668457031e+00 1.143207073211669922e+01
2.874999940395355225e-01 -3.427814245223999023e+00 1.142574691772460938e+01
3.000000119209289551e-01 -3.920176506042480469e+00 1.143644714355468750e+01
3.125000000000000000e-01 -4.375037670135498047e+00 1.146028232574462891e+01
3.249999880790710449e-01 -4.795117855072021484e+00 1.147720623016357422e+01
3.375000059604644775e-01 -5.174108982086181641e+00 1.147824001312255859e+01
3.499999940395355225e-01 -5.500650405883789062e+00 1.147575855255126953e+01
3.625000119209289551e-01 -5.768814563751220703e+00 1.148573684692382812e+01
3.750000000000000000e-01 -5.981314182281494141e+00 1.150679588317871094e+01
3.874999880790710449e-01 -6.142033576965332031e+00 1.152300167083740234e+01
4.000000059604644775e-01 -6.248205184936523438e+00 1.152538394927978516e+01
4.124999940395355225e-01 -6.292368888854980469e+00 1.152345752716064453e+01
4.250000119209289551e-01 -6.271147251129150391e+00 1.153206920623779297e+01
4.375000000000000000e-01 -6.189142704010009766e+00 1.155144691467285156e+01
4.499999880790710449e-01 -6.052928924560546875e+00 1.156685066223144531e+01
4.625000059604644775e-01 -5.863178730010986328e+00 1.156823539733886719e+01
4.749999940395355225e-01 -5.615417480468750000e+00 1.156386089324951172e+01
4.875000119209289551e-01 -5.308501243591308594e+00 1.156946945190429688e+01
5.000000000000000000e-01 -4.949553012847900391e+00 1.158687496185302734e+01
5.124999880790710449e-01 -4.548459529876708984e+00 1.160053253173828125e+01
5.249999761581420898e-01 -4.108842372894287109e+00 1.159783077239990234e+01
5.375000238418579102e-01 -3.627672433853149414e+00 1.158696651458740234e+01
5.500000119209289551e-01 -3.104818820953369141e+00 1.158744335174560547e+01
5.625000000000000000e-01 -2.550164937973022461e+00 1.160341930389404297e+01
5.749999880790710449e-01 -1.977679252624511719e+00 1.161501884460449219e+01
5.874999761581420898e-01 -1.392352700233459473e+00 1.160289192199707031e+01
6.000000238418579102e-01 -7.870298027992248535e-01 1.157764244079589844e+01
6.125000119209289551e-01 -1.563512235879898071e-01 1.157290744781494141e+01
6.250000000000000000e-01 4.860875010490417480e-01 1.160024547576904297e+01
6.374999880790710449e-01 1.108484625816345215e+00 1.161309146881103516e+01
6.499999761581420898e-01 1.683081269264221191e+00 1.152634239196777344e+01
6.625000238418579102e-01 2.209217309951782227e+00 1.128229808807373047e+01
6.750000119209289551e-01 2.713066101074218750e+00 1.090217113494873047e+01
6.875000000000000000e-01 3.222686767578125000e+00 1.047322654724121094e+01
6.999999880790710449e-01 3.742000579833984375e+00 1.008492755889892578e+01
7.124999761581420898e-01 4.247680187225341797e+00 9.775157928466796875e+00
7.250000238418579102e-01 4.709043025970458984e+00 9.530530929565429688e+00
7.375000119209289551e-01 5.109267234802246094e+00 9.326134681701660156e+00
7.500000000000000000e-01 5.448853492736816406e+00 9.155764579772949219e+00
7.624999880790710449e-01 5.733468532562255859e+00 9.026404380798339844e+00
7.749999761581420898e-01 5.963042259216308594e+00 8.936434745788574219e+00
7.875000238418579102e-01 6.132807254791259766e+00 8.870841979980468750e+00
8.000000119209289551e-01 6.240627765655517578e+00 8.817938804626464844e+00
8.125000000000000000e-01 6.289084434509277344e+00 8.782290458679199219e+00
8.249999880790710449e-01 6.280349254608154297e+00 8.775498390197753906e+00
8.374999761581420898e-01 6.212373256683349609e+00 8.798073768615722656e+00
8.500000238418579102e-01 6.082378387451171875e+00 8.838261604309082031e+00
8.625000119209289551e-01 5.892599582672119141e+00 8.890190124511718750e+00
8.750000000000000000e-01 5.649499893188476562e+00 8.965955734252929688e+00
8.874999880790710449e-01 5.356884479522705078e+00 9.082615852355957031e+00
8.999999761581420898e-01 5.012975692749023438e+00 9.239483833312988281e+00
9.125000238418579102e-01 4.617400646209716797e+00 9.418143272399902344e+00
9.250000119209289551e-01 4.180023670196533203e+00 9.610853195190429688e+00
9.375000000000000000e-01 3.718034505844116211e+00 9.842617034912109375e+00
9.499999880790710449e-01 3.240374803543090820e+00 1.015102195739746094e+01
9.624999761581420898e-01 2.735903501510620117e+00 1.053499031066894531e+01
9.750000238418579102e-01 2.181737899780273438e+00 1.092680454254150391e+01
9.875000119209289551e-01 1.567552566528320312e+00 1.122667789459228516e+01
1.000000000000000000e+00 9.123071432113647461e-01 1.137557506561279297e+01
1.012500047683715820e+00 2.549238204956054688e-01 1.139830684661865234e+01
1.024999976158142090e+00 -3.735378682613372803e-01 1.137557792663574219e+01
1.037500023841857910e+00 -9.694107174873352051e-01 1.137410926818847656e+01
1.049999952316284180e+00 -1.549625992774963379e+00 1.140284538269042969e+01
1.062500000000000000e+00 -2.127823829650878906e+00 1.143055534362792969e+01
1.075000047683715820e+00 -2.698658704757690430e+00 1.143487167358398438e+01
1.087499976158142090e+00 -3.244069337844848633e+00 1.142670536041259766e+01
1.100000023841857910e+00 -3.750759124755859375e+00 1.143038272857666016e+01
1.112499952316284180e+00 -4.218266963958740234e+00 1.145158290863037109e+01
1.125000000000000000e+00 -4.650839805603027344e+00 1.147307014465332031e+01
1.137500047683715820e+00 -5.045609474182128906e+00 1.147925853729248047e+01
1.149999976158142090e+00 -5.391833305358886719e+00 1.147580718994140625e+01
1.162500023841857910e+00 -5.680685043334960938e+00 1.148040580749511719e+01
1.174999952316284180e+00 -5.912245750427246094e+00 1.149899864196777344e+01
1.187500000000000000e+00 -6.091160297393798828e+00 1.151877880096435547e+01
1.200000047683715820e+00 -6.217382431030273438e+00 1.152586364746093750e+01
1.212499976158142090e+00 -6.284236431121826172e+00 1.152354526519775391e+01
1.225000023841857910e+00 -6.285964965820312500e+00 1.152737045288085938e+01
1.237499952316284180e+00 -6.224583625793457031e+00 1.154415702819824219e+01
1.250000000000000000e+00 -6.107046127319335938e+00 1.156284046173095703e+01
1.262500047683715820e+00 -5.936601161956787109e+00 1.156920433044433594e+01
1.274999976158142090e+00 -5.709837436676025391e+00 1.156497097015380859e+01
1.287500023841857910e+00 -5.423423290252685547e+00 1.156576919555664062e+01
1.299999952316284180e+00 -5.081658840179443359e+00 1.158014583587646484e+01
1.312500000000000000e+00 -4.694585800170898438e+00 1.159728050231933594e+01
1.325000047683715820e+00 -4.268722057342529297e+00 1.160061359405517578e+01
1.337499976158142090e+00 -3.802645921707153320e+00 1.159045410156250000e+01
1.350000023841857910e+00 -3.293928861618041992e+00 1.158513832092285156e+01
1.362499952316284180e+00 -2.748851776123046875e+00 1.159689617156982422e+01
1.375000000000000000e+00 -2.181394338607788086e+00 1.161306476593017578e+01
1.387500047683715820e+00 -1.600939989089965820e+00 1.161000251770019531e+01
1.399999976158142090e+00 -1.003822803497314453e+00 1.158602905273437500e+01
1.412500023841857910e+00 -3.817641139030456543e-01 1.157045650482177734e+01
1.424999952316284180e+00 2.595202922821044922e-01 1.158853530883789062e+01
1.437500000000000000e+00 8.929896950721740723e-01 1.161537742614746094e+01
1.450000047683715820e+00 1.486248731613159180e+00 1.157337951660156250e+01
1.462499976158142090e+00 2.027552843093872070e+00 1.138702869415283203e+01
1.475000023841857910e+00 2.535491228103637695e+00 1.104735565185546875e+01
1.487499952316284180e+00 3.041021347045898438e+00 1.062401485443115234e+01
1.500000000000000000e+00 3.558430671691894531e+00 1.021376609802246094e+01
1.512500047683715820e+00 4.072607994079589844e+00 9.875781059265136719e+00
1.524999976158142090e+00 4.552559852600097656e+00 9.611337661743164062e+00
1.537500023841857910e+00 4.975059986114501953e+00 9.394639015197753906e+00
1.549999952316284180e+00 5.335368633270263672e+00 9.211659431457519531e+00
1.562500000000000000e+00 5.639016151428222656e+00 9.067170143127441406e+00
1.575000047683715820e+00 5.888491153717041016e+00 8.964521408081054688e+00
1.587499976158142090e+00 6.079905986785888672e+00 8.892271041870117188e+00
1.600000023841857910e+00 6.209502696990966797e+00 8.835235595703125000e+00
1.612499952316284180e+00 6.278526782989501953e+00 8.792106628417968750e+00
1.625000000000000000e+00 6.290017127990722656e+00 8.774205207824707031e+00
1.637500047683715820e+00 6.243399143218994141e+00 8.787380218505859375e+00
1.649999976158142090e+00 6.135397911071777344e+00 8.822774887084960938e+00
1.662500023841857910e+00 5.966105937957763672e+00 8.870085716247558594e+00
1.674999952316284180e+00 5.741123676300048828e+00 8.935202598571777344e+00
1.687500000000000000e+00 5.465975284576416016e+00 9.036228179931640625e+00
1.700000047683715820e+00 5.140541553497314453e+00 9.180481910705566406e+00
1.712499976158142090e+00 4.762725830078125000e+00 9.353620529174804688e+00
1.725000023841857910e+00 4.338286399841308594e+00 9.540270805358886719e+00
1.737499952316284180e+00 3.883162260055541992e+00 9.753623008728027344e+00
1.750000000000000000e+00 3.411215305328369141e+00 1.003197574615478516e+01
1.762500047683715820e+00 2.918663024902343750e+00 1.039360809326171875e+01
1.774999976158142090e+00 2.384436368942260742e+00 1.079382610321044922e+01
1.787500023841857910e+00 1.790896296501159668e+00 1.113655567169189453e+01
1.799999952316284180e+00 1.146236658096313477e+00 1.134043216705322266e+01
1.812500000000000000e+00 4.850302338600158691e-01 1.140005874633789062e+01
1.825000047683715820e+00 -1.556216925382614136e-01 1.138357067108154297e+01
1.837499976158142090e+00 -7.616984248161315918e-01 1.137035083770751953e+01
1.850000023841857910e+00 -1.345193147659301758e+00 1.139089679718017578e+01
1.862499952316284180e+00 -1.923647642135620117e+00 1.142295742034912109e+01
1.875000000000000000e+00 -2.498846769332885742e+00 1.143597602844238281e+01
1.887500047683715820e+00 -3.055348634719848633e+00 1.142935466766357422e+01
1.899999976158142090e+00 -3.576401710510253906e+00 1.142675590515136719e+01
1.912500023841857910e+00 -4.057215213775634766e+00 1.144289588928222656e+01
1.924999952316284180e+00 -4.501928329467773438e+00 1.146678733825683594e+01
1.937500000000000000e+00 -4.911026000976562500e+00 1.147894287109375000e+01
1.950000047683715820e+00 -5.275753974914550781e+00 1.147699356079101562e+01
1.962499976158142090e+00 -5.585353374481201172e+00 1.147703075408935547e+01
1.975000023841857910e+00 -5.836657047271728516e+00 1.149135971069335938e+01
1.987499952316284180e+00 -6.033781528472900391e+00 1.151278114318847656e+01
2.000000000000000000e+00 -6.179136753082275391e+00 1.152503395080566406e+01
