0.000000000000000000e+00 6.263979911804199219e+00 8.802927017211914062e+00
1.250000018626451492e-02 6.292352199554443359e+00 8.776245117187500000e+00
2.500000037252902985e-02 6.262906074523925781e+00 8.780656814575195312e+00
3.750000149011611938e-02 6.172586441040039062e+00 8.811118125915527344e+00
5.000000074505805969e-02 6.019930362701416016e+00 8.855437278747558594e+00
6.250000000000000000e-02 5.809287071228027344e+00 8.914036750793457031e+00
7.500000298023223877e-02 5.547051429748535156e+00 9.003649711608886719e+00
8.749999850988388062e-02 5.234815120697021484e+00 9.136974334716796875e+00
1.000000014901161194e-01 4.870081424713134766e+00 9.304833412170410156e+00
1.124999970197677612e-01 4.455678462982177734e+00 9.488641738891601562e+00
1.250000000000000000e-01 4.005565643310546875e+00 9.692246437072753906e+00
1.375000029802322388e-01 3.536062479019165039e+00 9.950605392456054688e+00
1.500000059604644775e-01 3.048963546752929688e+00 1.029286098480224609e+01
1.624999940395355225e-01 2.526204586029052734e+00 1.069218063354492188e+01
1.749999970197677612e-01 1.946492791175842285e+00 1.106019592285156250e+01
1.875000000000000000e-01 1.310217499732971191e+00 1.130375194549560547e+01
2.000000029802322388e-01 6.471002101898193359e-01 1.139530563354492188e+01
2.125000059604644775e-01 -3.165910020470619202e-03 1.138940620422363281e+01
2.249999940395355225e-01 -6.192701458930969238e-01 1.137021064758300781e+01
2.374999970197677612e-01 -1.208184003829956055e+00 1.138331317901611328e+01
2.500000000000000000e-01 -1.788654565811157227e+00 1.141603851318359375e+01
2.624999880790710449e-01 -2.367296695709228516e+00 1.143493843078613281e+01
2.750000059604644775e-01 -2.931541919708251953e+00 1.143115711212158203e+01
2.874999940395355225e-01 -3.463166713714599609e+00 1.142556381225585938e+01
3.000000119209289551e-01 -3.954231023788452148e+00 1.143769073486328125e+01
3.125000000000000000e-01 -4.407909393310546875e+00 1.146179008483886719e+01
3.249999880790710449e-01 -4.826450347900390625e+00 1.147757816314697266e+01
3.375000059604644775e-01 -5.202801227569580078e+00 1.147769927978515625e+01
3.499999940395355225e-01 -5.525570392608642578e+00 1.147583198547363281e+01
3.625000119209289551e-01 -5.789538860321044922e+00 1.148719501495361328e+01
3.750000000000000000e-01 -5.997935771942138672e+00 1.150860595703125000e+01
3.874999880790710449e-01 -6.154297828674316406e+00 1.152369213104248047e+01
4.000000059604644775e-01 -6.255146980285644531e+00 1.152504062652587891e+01
4.124999940395355225e-01 -6.292956352233886719e+00 1.152365589141845703e+01
4.250000119209289551e-01 -6.265104293823242188e+00 1.153376293182373047e+01
4.375000000000000000e-01 -6.176841259002685547e+00 1.155360126495361328e+01
4.499999880790710449e-01 -6.034461498260498047e+00 1.156773567199707031e+01
4.625000059604644775e-01 -5.837850093841552734e+00 1.156778049468994141e+01
4.749999940395355225e-01 -5.582400321960449219e+00 1.156387901306152344e+01
4.875000119209289551e-01 -5.267845153808593750e+00 1.157125854492187500e+01
5.000000000000000000e-01 -4.902168750762939453e+00 1.158929157257080078e+01
5.124999880790710449e-01 -4.494993209838867188e+00 1.160130500793457031e+01
5.249999761581420898e-01 -4.048905849456787109e+00 1.159665870666503906e+01
5.375000238418579102e-01 -3.560587167739868164e+00 1.158623790740966797e+01
5.500000119209289551e-01 -3.031042575836181641e+00 1.158917713165283203e+01
5.625000000000000000e-01 -2.471441507339477539e+00 1.160614776611328125e+01
5.749999880790710449e-01 -1.895381808280944824e+00 1.161514282226562500e+01
5.874999761581420898e-01 -1.305967569351196289e+00 1.159960269927978516e+01
6.000000238418579102e-01 -6.950544118881225586e-01 1.157514762878417969e+01
6.125000119209289551e-01 -5.916976183652877808e-02 1.157571983337402344e+01
6.250000000000000000e-01 5.845490694046020508e-01 1.160545921325683594e+01
6.374999880790710449e-01 1.202802419662475586e+00 1.160854911804199219e+01
6.499999761581420898e-01 1.770638465881347656e+00 1.149862289428710938e+01
6.625000238418579102e-01 2.292471408843994141e+00 1.122802257537841797e+01
6.750000119209289551e-01 2.797152280807495117e+00 1.083171176910400391e+01
6.875000000000000000e-01 3.310440063476562500e+00 1.040306568145751953e+01
6.999999880790710449e-01 3.831153869628906250e+00 1.002612113952636719e+01
7.124999761581420898e-01 4.332696437835693359e+00 9.728598594665527344e+00
7.250000238418579102e-01 4.785321712493896484e+00 9.491748809814453125e+00
7.375000119209289551e-01 5.175464153289794922e+00 9.292582511901855469e+00
7.500000000000000000e-01 5.505657196044921875e+00 9.128638267517089844e+00
7.624999880790710449e-01 5.781066894531250000e+00 9.006860733032226562e+00
7.749999761581420898e-01 6.000313758850097656e+00 8.922597885131835938e+00
7.875000238418579102e-01 6.158555984497070312e+00 8.859711647033691406e+00
8.000000119209289551e-01 6.254682064056396484e+00 8.809174537658691406e+00
8.125000000000000000e-01 6.291736602783203125e+00 8.778379440307617188e+00
8.249999880790710449e-01 6.271162033081054688e+00 8.778022766113281250e+00
8.374999761581420898e-01 6.190246105194091797e+00 8.805385589599609375e+00
8.500000238418579102e-01 6.046865463256835938e+00 8.848074913024902344e+00
8.625000119209289551e-01 5.844529151916503906e+00 8.903699874877929688e+00
8.750000000000000000e-01 5.589815139770507812e+00 8.987412452697753906e+00
8.874999880790710449e-01 5.285271167755126953e+00 9.114153861999511719e+00
8.999999761581420898e-01 4.928535938262939453e+00 9.278112411499023438e+00
9.125000238418579102e-01 4.520990371704101562e+00 9.460132598876953125e+00
9.250000119209289551e-01 4.075088500976562500e+00 9.659058570861816406e+00
9.375000000000000000e-01 3.607877016067504883e+00 9.906493186950683594e+00
9.499999880790710449e-01 3.124191999435424805e+00 1.023602962493896484e+01
9.624999761581420898e-01 2.608406543731689453e+00 1.063127613067626953e+01
9.750000238418579102e-01 2.038026332855224609e+00 1.101078224182128906e+01
9.875000119209289551e-01 1.409004807472229004e+00 1.127707958221435547e+01
1.000000000000000000e+00 7.472931742668151855e-01 1.138977909088134766e+01
1.012500047683715820e+00 9.301523864269256592e-02 1.139305114746093750e+01
1.024999976158142090e+00 -5.284159183502197266e-01 1.137143230438232422e+01
1.037500023841857910e+00 -1.120220899581909180e+00 1.137925910949707031e+01
1.049999952316284180e+00 -1.701042890548706055e+00 1.141128158569335938e+01
1.062500000000000000e+00 -2.280375480651855469e+00 1.143375205993652344e+01
1.075000047683715820e+00 -2.848048686981201172e+00 1.143252849578857422e+01
1.087499976158142090e+00 -3.385463237762451172e+00 1.142550849914550781e+01
1.100000023841857910e+00 -3.882614850997924805e+00 1.143465423583984375e+01
1.112499952316284180e+00 -4.341618061065673828e+00 1.145820999145507812e+01
1.125000000000000000e+00 -4.765680313110351562e+00 1.147629451751708984e+01
1.137500047683715820e+00 -5.149153709411621094e+00 1.147829818725585938e+01
1.149999976158142090e+00 -5.480589389801025391e+00 1.147548294067382812e+01
1.162500023841857910e+00 -5.753378391265869141e+00 1.148451423645019531e+01
1.174999952316284180e+00 -5.969826698303222656e+00 1.150536823272705078e+01
1.187500000000000000e+00 -6.134074211120605469e+00 1.152233886718750000e+01
1.200000047683715820e+00 -6.243788719177246094e+00 1.152543640136718750e+01
1.212499976158142090e+00 -6.291492938995361328e+00 1.152335739135742188e+01
1.225000023841857910e+00 -6.273372173309326172e+00 1.153133869171142578e+01
1.237499952316284180e+00 -6.193740367889404297e+00 1.155055904388427734e+01
1.250000000000000000e+00 -6.059347152709960938e+00 1.156651115417480469e+01
1.262500047683715820e+00 -5.871200561523437500e+00 1.156845092773437500e+01
1.274999976158142090e+00 -5.624855518341064453e+00 1.156401634216308594e+01
1.287500023841857910e+00 -5.318885803222656250e+00 1.156919384002685547e+01
1.299999952316284180e+00 -4.960230350494384766e+00 1.158648204803466797e+01
1.312500000000000000e+00 -4.558929920196533203e+00 1.160052585601806641e+01
1.325000047683715820e+00 -4.118881702423095703e+00 1.159822463989257812e+01
1.337499976158142090e+00 -3.637105941772460938e+00 1.158732986450195312e+01
1.350000023841857910e+00 -3.113299131393432617e+00 1.158752441406250000e+01
1.362499952316284180e+00 -2.557261705398559570e+00 1.160343074798583984e+01
1.375000000000000000e+00 -1.983127832412719727e+00 1.161525249481201172e+01
1.387500047683715820e+00 -1.396094799041748047e+00 1.160329914093017578e+01
1.399999976158142090e+00 -7.890043854713439941e-01 1.157799148559570312e+01
1.412500023841857910e+00 -1.563776731491088867e-01 1.157321166992187500e+01
1.424999952316284180e+00 4.881138801574707031e-01 1.160066413879394531e+01
1.437500000000000000e+00 1.112342953681945801e+00 1.161328792572021484e+01
1.450000047683715820e+00 1.688327908515930176e+00 1.152521705627441406e+01
1.462499976158142090e+00 2.215608596801757812e+00 1.127874469757080078e+01
1.475000023841857910e+00 2.720791578292846680e+00 1.089616870880126953e+01
1.487499952316284180e+00 3.232065439224243164e+00 1.046600723266601562e+01
1.500000000000000000e+00 3.752936601638793945e+00 1.007792472839355469e+01
1.512500047683715820e+00 4.259496688842773438e+00 9.768912315368652344e+00
1.524999976158142090e+00 4.720879554748535156e+00 9.524734497070312500e+00
1.537500023841857910e+00 5.120562553405761719e+00 9.320564270019531250e+00
1.549999952316284180e+00 5.459378242492675781e+00 9.150803565979003906e+00
1.562500000000000000e+00 5.742968559265136719e+00 9.022532463073730469e+00
1.575000047683715820e+00 5.971014976501464844e+00 8.933534622192382812e+00
1.587499976158142090e+00 6.138683319091796875e+00 8.868391036987304688e+00
1.600000023841857910e+00 6.244041442871093750e+00 8.815864562988281250e+00
1.612499952316284180e+00 6.289817333221435547e+00 8.781238555908203125e+00
1.625000000000000000e+00 6.278040885925292969e+00 8.776044845581054688e+00
1.637500047683715820e+00 6.206468582153320312e+00 8.799981117248535156e+00
1.649999976158142090e+00 6.072448730468750000e+00 8.840967178344726562e+00
1.662500023841857910e+00 5.878586292266845703e+00 8.894002914428710938e+00
1.674999952316284180e+00 5.631454944610595703e+00 8.972203254699707031e+00
1.687500000000000000e+00 5.334530353546142578e+00 9.092214584350585938e+00
1.700000047683715820e+00 4.985806941986083984e+00 9.251764297485351562e+00
1.712499976158142090e+00 4.585416316986083984e+00 9.431933403015136719e+00
1.725000023841857910e+00 4.144150257110595703e+00 9.626966476440429688e+00
1.737499952316284180e+00 3.679360628128051758e+00 9.864356994628906250e+00
1.750000000000000000e+00 3.198705196380615234e+00 1.018083572387695312e+01
1.762500047683715820e+00 2.689325571060180664e+00 1.057004928588867188e+01
1.774999976158142090e+00 2.128159046173095703e+00 1.095866775512695312e+01
1.787500023841857910e+00 1.507016539573669434e+00 1.124672603607177734e+01
1.799999952316284180e+00 8.476874232292175293e-01 1.138167572021484375e+01
1.812500000000000000e+00 1.900065094232559204e-01 1.139619731903076172e+01
1.825000047683715820e+00 -4.368542730808258057e-01 1.137345409393310547e+01
1.837499976158142090e+00 -1.032028555870056152e+00 1.137581443786621094e+01
1.850000023841857910e+00 -1.613440394401550293e+00 1.140625953674316406e+01
1.862499952316284180e+00 -2.193205833435058594e+00 1.143195438385009766e+01
1.875000000000000000e+00 -2.763845205307006836e+00 1.143376064300537109e+01
1.887500047683715820e+00 -3.306814908981323242e+00 1.142587566375732422e+01
1.899999976158142090e+00 -3.810127258300781250e+00 1.143198680877685547e+01
1.912500023841857910e+00 -4.274550437927246094e+00 1.145448398590087891e+01
1.924999952316284180e+00 -4.703997611999511719e+00 1.147459506988525391e+01
1.937500000000000000e+00 -5.094308853149414062e+00 1.147877502441406250e+01
1.950000047683715820e+00 -5.434251308441162109e+00 1.147544288635253906e+01
1.962499976158142090e+00 -5.715929508209228516e+00 1.148213863372802734e+01
1.975000023841857910e+00 -5.940542697906494141e+00 1.150202751159667969e+01
1.987499952316284180e+00 -6.112618923187255859e+00 1.152062606811523438e+01
2.000000000000000000e+00 -6.231008529663085938e+00 1.152570056915283203e+01
