0.000000000000000000e+00 6.263613224029541016e+00 8.803245544433593750e+00
1.250000018626451492e-02 6.292154788970947266e+00 8.776394844055175781e+00
2.500000037252902985e-02 6.262517929077148438e+00 8.780823707580566406e+00
3.750000149011611938e-02 6.171623706817626953e+00 8.811440467834472656e+00
5.000000074505805969e-02 6.018011569976806641e+00 8.855970382690429688e+00
6.250000000000000000e-02 5.806102275848388672e+00 8.914975166320800781e+00
7.500000298023223877e-02 5.542332172393798828e+00 9.005405426025390625e+00
8.749999850988388062e-02 5.228232860565185547e+00 9.139836311340332031e+00
1.000000014901161194e-01 4.861291885375976562e+00 9.308675765991210938e+00
1.124999970197677612e-01 4.444566249847412109e+00 9.493337631225585938e+00
1.250000000000000000e-01 3.992351293563842773e+00 9.698488235473632812e+00
1.375000029802322388e-01 3.520950317382812500e+00 9.959832191467285156e+00
1.500000059604644775e-01 3.031574249267578125e+00 1.030568981170654297e+01
1.624999940395355225e-01 2.505519390106201172e+00 1.070671081542968750e+01
1.749999970197677612e-01 1.921651840209960938e+00 1.107238674163818359e+01
1.875000000000000000e-01 1.281507611274719238e+00 1.131022644042968750e+01
2.000000029802322388e-01 6.160315275192260742e-01 1.139611434936523438e+01
2.125000059604644775e-01 -3.496351838111877441e-02 1.138786029815673828e+01
2.249999940395355225e-01 -6.512906551361083984e-01 1.136978054046630859e+01
2.374999970197677612e-01 -1.241131663322448730e+00 1.138474273681640625e+01
2.500000000000000000e-01 -1.823290467262268066e+00 1.141756725311279297e+01
2.624999880790710449e-01 -2.403320550918579102e+00 1.143501281738281250e+01
2.750000059604644775e-01 -2.967696666717529297e+00 1.143033885955810547e+01
2.874999940395355225e-01 -3.498318910598754883e+00 1.142557811737060547e+01
3.000000119209289551e-01 -3.988088607788085938e+00 1.143909740447998047e+01
3.125000000000000000e-01 -4.440582752227783203e+00 1.146333599090576172e+01
3.249999880790710449e-01 -4.857522010803222656e+00 1.147793674468994141e+01
3.375000059604644775e-01 -5.231131553649902344e+00 1.147724437713623047e+01
3.499999940395355225e-01 -5.550061225891113281e+00 1.147611045837402344e+01
3.625000119209289551e-01 -5.809832096099853516e+00 1.148883342742919922e+01
3.750000000000000000e-01 -6.014128684997558594e+00 1.151044654846191406e+01
3.874999880790710449e-01 -6.166071414947509766e+00 1.152433776855468750e+01
4.000000059604644775e-01 -6.261486053466796875e+00 1.152476406097412109e+01
4.124999940395355225e-01 -6.292873382568359375e+00 1.152408218383789062e+01
4.250000119209289551e-01 -6.258411407470703125e+00 1.153566932678222656e+01
4.375000000000000000e-01 -6.163929462432861328e+00 1.155577373504638672e+01
4.499999880790710449e-01 -6.015344619750976562e+00 1.156852245330810547e+01
4.625000059604644775e-01 -5.811766147613525391e+00 1.156736755371093750e+01
4.749999940395355225e-01 -5.548576831817626953e+00 1.156417083740234375e+01
4.875000119209289551e-01 -5.226460456848144531e+00 1.157331943511962891e+01
5.000000000000000000e-01 -4.854173183441162109e+00 1.159170341491699219e+01
5.124999880790710449e-01 -4.440924644470214844e+00 1.160187816619873047e+01
5.249999761581420898e-01 -3.988266944885253906e+00 1.159547901153564453e+01
5.375000238418579102e-01 -3.492771863937377930e+00 1.158587932586669922e+01
5.500000119209289551e-01 -2.956716060638427734e+00 1.159131145477294922e+01
5.625000000000000000e-01 -2.392425775527954102e+00 1.160881328582763672e+01
5.749999880790710449e-01 -1.812845468521118164e+00 1.161481380462646484e+01
5.874999761581420898e-01 -1.219133019447326660e+00 1.159619235992431641e+01
6.000000238418579102e-01 -6.024951934814453125e-01 1.157336425781250000e+01
6.125000119209289551e-01 3.823408111929893494e-02 1.157943153381347656e+01
6.250000000000000000e-01 6.824054718017578125e-01 1.161021804809570312e+01
6.374999880790710449e-01 1.295814156532287598e+00 1.160124301910400391e+01
6.499999761581420898e-01 1.856932759284973145e+00 1.146670913696289062e+01
6.625000238418579102e-01 2.375221729278564453e+00 1.117038726806640625e+01
6.750000119209289551e-01 2.881483078002929688e+00 1.076051902770996094e+01
6.875000000000000000e-01 3.398429632186889648e+00 1.033465862274169922e+01
6.999999880790710449e-01 3.919732332229614258e+00 9.969896316528320312e+00
7.124999761581420898e-01 4.416170597076416016e+00 9.683986663818359375e+00
7.250000238418579102e-01 4.859578609466552734e+00 9.454168319702148438e+00
7.375000119209289551e-01 5.239687442779541016e+00 9.260241508483886719e+00
7.500000000000000000e-01 5.560612678527832031e+00 9.103086471557617188e+00
7.624999880790710449e-01 5.826684951782226562e+00 8.988787651062011719e+00
7.749999761581420898e-01 6.035330295562744141e+00 8.909621238708496094e+00
7.875000238418579102e-01 6.181927680969238281e+00 8.849088668823242188e+00
8.000000119209289551e-01 6.266421318054199219e+00 8.801267623901367188e+00
8.125000000000000000e-01 6.292068958282470703e+00 8.775845527648925781e+00
8.249999880790710449e-01 6.259452819824218750e+00 8.781840324401855469e+00
8.374999761581420898e-01 6.165407657623291016e+00 8.813417434692382812e+00
8.500000238418579102e-01 6.008723258972167969e+00 8.858489036560058594e+00
8.625000119209289551e-01 5.794079780578613281e+00 8.918589591979980469e+00
8.750000000000000000e-01 5.527808666229248047e+00 9.011075019836425781e+00
8.874999880790710449e-01 5.211121082305908203e+00 9.147646903991699219e+00
8.999999761581420898e-01 4.841522216796875000e+00 9.317655563354492188e+00
9.125000238418579102e-01 4.422597408294677734e+00 9.502928733825683594e+00
9.250000119209289551e-01 3.969092369079589844e+00 9.709883689880371094e+00
9.375000000000000000e-01 3.496945619583129883e+00 9.975097656250000000e+00
9.499999880790710449e-01 3.006301403045654297e+00 1.032502937316894531e+01
9.624999761581420898e-01 2.477755546569824219e+00 1.072677230834960938e+01
9.750000238418579102e-01 1.890765428543090820e+00 1.108791160583496094e+01
9.875000119209289551e-01 1.248420715332031250e+00 1.131795024871826172e+01
1.000000000000000000e+00 5.827837586402893066e-01 1.139721488952636719e+01
1.012500047683715820e+00 -6.670387834310531616e-02 1.138657760620117188e+01
1.024999976158142090e+00 -6.813147664070129395e-01 1.136966705322265625e+01
1.037500023841857910e+00 -1.270351648330688477e+00 1.138626003265380859e+01
1.049999952316284180e+00 -1.852449417114257812e+00 1.141901779174804688e+01
1.062500000000000000e+00 -2.432135820388793945e+00 1.143519878387451172e+01
1.075000047683715820e+00 -2.995204687118530273e+00 1.142987251281738281e+01
1.087499976158142090e+00 -3.523827075958251953e+00 1.142577075958251953e+01
1.100000023841857910e+00 -4.011601924896240234e+00 1.144022369384765625e+01
1.112499952316284180e+00 -4.462343692779541016e+00 1.146444129943847656e+01
1.125000000000000000e+00 -4.877371311187744141e+00 1.147820568084716797e+01
1.137500047683715820e+00 -5.248490333557128906e+00 1.147702980041503906e+01
1.149999976158142090e+00 -5.564477443695068359e+00 1.147636985778808594e+01
1.162500023841857910e+00 -5.821341514587402344e+00 1.148983192443847656e+01
1.174999952316284180e+00 -6.022989749908447266e+00 1.151145267486572266e+01
1.187500000000000000e+00 -6.172261238098144531e+00 1.152463722229003906e+01
1.200000047683715820e+00 -6.264633178710937500e+00 1.152460765838623047e+01
1.212499976158142090e+00 -6.292689323425292969e+00 1.152431678771972656e+01
1.225000023841857910e+00 -6.255040168762207031e+00 1.153658771514892578e+01
1.237499952316284180e+00 -6.157748222351074219e+00 1.155671501159667969e+01
1.250000000000000000e+00 -6.006491184234619141e+00 1.156876373291015625e+01
1.262500047683715820e+00 -5.800027847290039062e+00 1.156710433959960938e+01
1.274999976158142090e+00 -5.533794403076171875e+00 1.156427097320556641e+01
1.287500023841857910e+00 -5.208908081054687500e+00 1.157413864135742188e+01
1.299999952316284180e+00 -4.834392547607421875e+00 1.159255790710449219e+01
1.312500000000000000e+00 -4.419206619262695312e+00 1.160192489624023438e+01
1.325000047683715820e+00 -3.964482784271240234e+00 1.159489250183105469e+01
1.337499976158142090e+00 -3.466812372207641602e+00 1.158570194244384766e+01
1.350000023841857910e+00 -2.928985118865966797e+00 1.159204864501953125e+01
1.362499952316284180e+00 -2.363680124282836914e+00 1.160960197448730469e+01
1.375000000000000000e+00 -1.783488392829895020e+00 1.161443996429443359e+01
1.387500047683715820e+00 -1.188859581947326660e+00 1.159484863281250000e+01
1.399999976158142090e+00 -5.708911418914794922e-01 1.157278156280517578e+01
1.412500023841857910e+00 7.069276273250579834e-02 1.158069038391113281e+01
1.424999952316284180e+00 7.141495347023010254e-01 1.161145782470703125e+01
1.437500000000000000e+00 1.325228691101074219e+00 1.159810447692871094e+01
1.450000047683715820e+00 1.883708357810974121e+00 1.145565223693847656e+01
1.462499976158142090e+00 2.400598287582397461e+00 1.115182971954345703e+01
1.475000023841857910e+00 2.907050132751464844e+00 1.073872661590576172e+01
1.487499952316284180e+00 3.424628734588623047e+00 1.031452655792236328e+01
1.500000000000000000e+00 3.945478439331054688e+00 9.953791618347167969e+00
1.512500047683715820e+00 4.439817428588867188e+00 9.671380996704101562e+00
1.524999976158142090e+00 4.880131721496582031e+00 9.443672180175781250e+00
1.537500023841857910e+00 5.257116794586181641e+00 9.251419067382812500e+00
1.549999952316284180e+00 5.575242042541503906e+00 9.096333503723144531e+00
1.562500000000000000e+00 5.838550090789794922e+00 8.984117507934570312e+00
1.575000047683715820e+00 6.044176578521728516e+00 8.906266212463378906e+00
1.587499976158142090e+00 6.187615394592285156e+00 8.846359252929687500e+00
1.600000023841857910e+00 6.269082069396972656e+00 8.799346923828125000e+00
1.612499952316284180e+00 6.291838169097900391e+00 8.775380134582519531e+00
1.625000000000000000e+00 6.256232261657714844e+00 8.782923698425292969e+00
1.637500047683715820e+00 6.159032821655273438e+00 8.815423965454101562e+00
1.649999976158142090e+00 5.999288558959960938e+00 8.861040115356445312e+00
1.662500023841857910e+00 5.781929492950439453e+00 8.922286033630371094e+00
1.674999952316284180e+00 5.513159751892089844e+00 9.016861915588378906e+00
1.687500000000000000e+00 5.193875789642333984e+00 9.155543327331542969e+00
1.700000047683715820e+00 4.821625709533691406e+00 9.326668739318847656e+00
1.712499976158142090e+00 4.400541305541992188e+00 9.512567520141601562e+00
1.725000023841857910e+00 3.945790529251098633e+00 9.721426010131835938e+00
1.737499952316284180e+00 3.472899198532104492e+00 9.990589141845703125e+00
1.750000000000000000e+00 2.980933904647827148e+00 1.034451484680175781e+01
1.762500047683715820e+00 2.449839591979980469e+00 1.074673080444335938e+01
1.774999976158142090e+00 1.859733223915100098e+00 1.110309028625488281e+01
1.787500023841857910e+00 1.215273499488830566e+00 1.132527637481689453e+01
1.799999952316284180e+00 5.495815873146057129e-01 1.139808559417724609e+01
1.812500000000000000e+00 -9.834997355937957764e-02 1.138529014587402344e+01
1.825000047683715820e+00 -7.112725973129272461e-01 1.136965084075927734e+01
1.837499976158142090e+00 -1.299557924270629883e+00 1.138782119750976562e+01
1.850000023841857910e+00 -1.881606817245483398e+00 1.142041969299316406e+01
1.862499952316284180e+00 -2.460910081863403320e+00 1.143532371520996094e+01
1.875000000000000000e+00 -3.022623062133789062e+00 1.142940998077392578e+01
1.887500047683715820e+00 -3.549230098724365234e+00 1.142601680755615234e+01
1.899999976158142090e+00 -4.035023212432861328e+00 1.144137668609619141e+01
1.912500023841857910e+00 -4.484017848968505859e+00 1.146551609039306641e+01
1.924999952316284180e+00 -4.897111415863037109e+00 1.147843170166015625e+01
1.937500000000000000e+00 -5.265708923339843750e+00 1.147681808471679688e+01
1.950000047683715820e+00 -5.578742980957031250e+00 1.147666931152343750e+01
1.962499976158142090e+00 -5.832713127136230469e+00 1.149085426330566406e+01
1.975000023841857910e+00 -6.031721115112304688e+00 1.151243400573730469e+01
1.987499952316284180e+00 -6.178309440612792969e+00 1.152489948272705078e+01
2.000000000000000000e+00 -6.267617702484130859e+00 1.152445125579833984e+01
