0.000000000000000000e+00 6.263246536254882812e+00 8.803454399108886719e+00
1.250000018626451492e-02 6.291957378387451172e+00 8.776433944702148438e+00
2.500000037252902985e-02 6.262130260467529297e+00 8.780881881713867188e+00
3.750000149011611938e-02 6.170659542083740234e+00 8.811655044555664062e+00
5.000000074505805969e-02 6.016088008880615234e+00 8.856397628784179688e+00
6.250000000000000000e-02 5.802909374237060547e+00 8.915810585021972656e+00
7.500000298023223877e-02 5.537601470947265625e+00 9.007063865661621094e+00
8.749999850988388062e-02 5.221632480621337891e+00 9.142602920532226562e+00
1.000000014901161194e-01 4.852478504180908203e+00 9.312417030334472656e+00
1.124999970197677612e-01 4.433431625366210938e+00 9.497939109802246094e+00
1.250000000000000000e-01 3.979122877120971680e+00 9.704668045043945312e+00
1.375000029802322388e-01 3.505824565887451172e+00 9.969034194946289062e+00
1.500000059604644775e-01 3.014147043228149414e+00 1.031847286224365234e+01
1.624999940395355225e-01 2.484757423400878906e+00 1.072107791900634766e+01
1.749999970197677612e-01 1.896718621253967285e+00 1.108425426483154297e+01
1.875000000000000000e-01 1.252745985984802246e+00 1.131630611419677734e+01
2.000000029802322388e-01 5.849903821945190430e-01 1.139662837982177734e+01
2.125000059604644775e-01 -6.667750328779220581e-02 1.138621330261230469e+01
2.249999940395355225e-01 -6.832382678985595703e-01 1.136936283111572266e+01
2.374999970197677612e-01 -1.274056315422058105e+00 1.138613319396972656e+01
2.500000000000000000e-01 -1.857918739318847656e+00 1.141893386840820312e+01
2.624999880790710449e-01 -2.439279317855834961e+00 1.143489742279052734e+01
2.750000059604644775e-01 -3.003698825836181641e+00 1.142943477630615234e+01
2.874999940395355225e-01 -3.533271551132202148e+00 1.142559909820556641e+01
3.000000119209289551e-01 -4.021751880645751953e+00 1.144047260284423828e+01
3.125000000000000000e-01 -4.473057270050048828e+00 1.146472740173339844e+01
3.249999880790710449e-01 -4.888327598571777344e+00 1.147810173034667969e+01
3.375000059604644775e-01 -5.259094238281250000e+00 1.147670269012451172e+01
3.499999940395355225e-01 -5.574123382568359375e+00 1.147641754150390625e+01
3.625000119209289551e-01 -5.829698562622070312e+00 1.149046230316162109e+01
3.750000000000000000e-01 -6.029893875122070312e+00 1.151212692260742188e+01
3.874999880790710449e-01 -6.177347183227539062e+00 1.152476501464843750e+01
4.000000059604644775e-01 -6.267217159271240234e+00 1.152439785003662109e+01
4.124999940395355225e-01 -6.292122364044189453e+00 1.152456760406494141e+01
4.250000119209289551e-01 -6.251077175140380859e+00 1.153759384155273438e+01
4.375000000000000000e-01 -6.150411605834960938e+00 1.155776500701904297e+01
4.499999880790710449e-01 -5.995572090148925781e+00 1.156903553009033203e+01
4.625000059604644775e-01 -5.784920215606689453e+00 1.156684398651123047e+01
4.749999940395355225e-01 -5.513954639434814453e+00 1.156456947326660156e+01
4.875000119209289551e-01 -5.184366226196289062e+00 1.157544422149658203e+01
5.000000000000000000e-01 -4.805579185485839844e+00 1.159388923645019531e+01
5.124999880790710449e-01 -4.386248111724853516e+00 1.160206794738769531e+01
5.249999761581420898e-01 -3.926917314529418945e+00 1.159415149688720703e+01
5.375000238418579102e-01 -3.424241781234741211e+00 1.158573055267333984e+01
5.500000119209289551e-01 -2.881878137588500977e+00 1.159360980987548828e+01
5.625000000000000000e-01 -2.313143253326416016e+00 1.161114406585693359e+01
5.749999880790710449e-01 -1.730053544044494629e+00 1.161383247375488281e+01
5.874999761581420898e-01 -1.131815433502197266e+00 1.159257221221923828e+01
6.000000238418579102e-01 -5.093697905540466309e-01 1.157218933105468750e+01
6.125000119209289551e-01 1.357569396495819092e-01 1.158373451232910156e+01
6.250000000000000000e-01 7.795270681381225586e-01 1.161399173736572266e+01
6.374999880790710449e-01 1.387475848197937012e+00 1.159065341949462891e+01
6.499999761581420898e-01 1.942056059837341309e+00 1.143038749694824219e+01
6.625000238418579102e-01 2.457617521286010742e+00 1.110954952239990234e+01
6.750000119209289551e-01 2.966121435165405273e+00 1.068886280059814453e+01
6.875000000000000000e-01 3.486565351486206055e+00 1.026805400848388672e+01
6.999999880790710449e-01 4.007565498352050781e+00 9.915984153747558594e+00
7.124999761581420898e-01 4.497984409332275391e+00 9.640933036804199219e+00
7.250000238418579102e-01 4.931806087493896484e+00 9.417510032653808594e+00
7.375000119209289551e-01 5.301980018615722656e+00 9.228954315185546875e+00
7.500000000000000000e-01 5.613729000091552734e+00 9.078915596008300781e+00
7.624999880790710449e-01 5.870285511016845703e+00 8.971863746643066406e+00
7.749999761581420898e-01 6.068064212799072266e+00 8.897168159484863281e+00
7.875000238418579102e-01 6.202940464019775391e+00 8.838768005371093750e+00
8.000000119209289551e-01 6.275872230529785156e+00 8.794113159179687500e+00
8.125000000000000000e-01 6.290069103240966797e+00 8.774509429931640625e+00
8.249999880790710449e-01 6.245186805725097656e+00 8.786623954772949219e+00
8.374999761581420898e-01 6.137866497039794922e+00 8.821853637695312500e+00
8.500000238418579102e-01 5.968016624450683594e+00 8.869382858276367188e+00
8.625000119209289551e-01 5.741305351257324219e+00 8.934853553771972656e+00
8.750000000000000000e-01 5.463463783264160156e+00 9.036773681640625000e+00
8.874999880790710449e-01 5.134405612945556641e+00 9.182663917541503906e+00
8.999999761581420898e-01 4.752022266387939453e+00 9.357729911804199219e+00
9.125000238418579102e-01 4.322439193725585938e+00 9.546570777893066406e+00
9.250000119209289551e-01 3.862200021743774414e+00 9.763661384582519531e+00
9.375000000000000000e-01 3.385136365890502930e+00 1.004836940765380859e+01
9.499999880790710449e-01 2.886368989944458008e+00 1.041699504852294922e+01
9.624999761581420898e-01 2.343724966049194336e+00 1.081978607177734375e+01
9.750000238418579102e-01 1.740165710449218750e+00 1.115693569183349609e+01
9.875000119209289551e-01 1.086398959159851074e+00 1.134935283660888672e+01
1.000000000000000000e+00 4.193351268768310547e-01 1.139901733398437500e+01
1.012500047683715820e+00 -2.241221070289611816e-01 1.137992668151855469e+01
1.024999976158142090e+00 -8.325356841087341309e-01 1.137029838562011719e+01
1.037500023841857910e+00 -1.420096635818481445e+00 1.139429092407226562e+01
1.049999952316284180e+00 -2.003775596618652344e+00 1.142534542083740234e+01
1.062500000000000000e+00 -2.582739353179931641e+00 1.143490028381347656e+01
1.075000047683715820e+00 -3.139829635620117188e+00 1.142727565765380859e+01
1.087499976158142090e+00 -3.659151315689086914e+00 1.142747688293457031e+01
1.100000023841857910e+00 -4.137845039367675781e+00 1.144649887084960938e+01
1.112499952316284180e+00 -4.580406665802001953e+00 1.146967220306396484e+01
1.125000000000000000e+00 -4.985657215118408203e+00 1.147873497009277344e+01
1.137500047683715820e+00 -5.343383789062500000e+00 1.147575378417968750e+01
1.149999976158142090e+00 -5.643496513366699219e+00 1.147848224639892578e+01
1.162500023841857910e+00 -5.884718894958496094e+00 1.149582672119140625e+01
1.174999952316284180e+00 -6.071754455566406250e+00 1.151664352416992188e+01
1.187500000000000000e+00 -6.205529212951660156e+00 1.152557659149169922e+01
1.200000047683715820e+00 -6.279729366302490234e+00 1.152369594573974609e+01
1.212499976158142090e+00 -6.287879467010498047e+00 1.152649497985839844e+01
1.225000023841857910e+00 -6.231199741363525391e+00 1.154258155822753906e+01
1.237499952316284180e+00 -6.116724491119384766e+00 1.156193828582763672e+01
1.250000000000000000e+00 -5.948353290557861328e+00 1.156946182250976562e+01
1.262500047683715820e+00 -5.722941875457763672e+00 1.156556415557861328e+01
1.274999976158142090e+00 -5.436793327331542969e+00 1.156589317321777344e+01
1.287500023841857910e+00 -5.093864440917968750e+00 1.158000373840332031e+01
1.299999952316284180e+00 -4.704395294189453125e+00 1.159750747680664062e+01
1.312500000000000000e+00 -4.275337219238281250e+00 1.160129165649414062e+01
1.325000047683715820e+00 -3.805388212203979492e+00 1.159121513366699219e+01
1.337499976158142090e+00 -3.292000055313110352e+00 1.158592987060546875e+01
1.350000023841857910e+00 -2.741585016250610352e+00 1.159794807434082031e+01
1.362499952316284180e+00 -2.168521165847778320e+00 1.161410427093505859e+01
1.375000000000000000e+00 -1.582278728485107422e+00 1.161033248901367188e+01
1.387500047683715820e+00 -9.787864685058593750e-01 1.158589076995849609e+01
1.399999976158142090e+00 -3.496955037117004395e-01 1.157150840759277344e+01
1.412500023841857910e+00 2.981560826301574707e-01 1.159152030944824219e+01
1.424999952316284180e+00 9.360201358795166016e-01 1.161683082580566406e+01
1.437500000000000000e+00 1.531074285507202148e+00 1.156582260131835938e+01
1.450000047683715820e+00 2.073404550552368164e+00 1.136418628692626953e+01
1.462499976158142090e+00 2.584187507629394531e+00 1.100996017456054688e+01
1.475000023841857910e+00 3.094995260238647461e+00 1.058002567291259766e+01
1.487499952316284180e+00 3.617798328399658203e+00 1.017229652404785156e+01
1.500000000000000000e+00 4.134294986724853516e+00 9.840801239013671875e+00
1.512500047683715820e+00 4.612334728240966797e+00 9.581295013427734375e+00
1.524999976158142090e+00 5.030184268951416016e+00 9.367233276367187500e+00
1.537500023841857910e+00 5.385128021240234375e+00 9.187481880187988281e+00
1.549999952316284180e+00 5.683074474334716797e+00 9.048269271850585938e+00
1.562500000000000000e+00 5.925448894500732422e+00 8.950862884521484375e+00
1.575000047683715820e+00 6.107730865478515625e+00 8.881473541259765625e+00
1.587499976158142090e+00 6.226836204528808594e+00 8.826004028320312500e+00
1.600000023841857910e+00 6.284851074218750000e+00 8.786365509033203125e+00
1.612499952316284180e+00 6.284509658813476562e+00 8.774660110473632812e+00
1.625000000000000000e+00 6.224324226379394531e+00 8.793826103210449219e+00
1.637500047683715820e+00 6.101131916046142578e+00 8.832722663879394531e+00
1.649999976158142090e+00 5.916392326354980469e+00 8.883409500122070312e+00
1.662500023841857910e+00 5.676543712615966797e+00 8.956235885620117188e+00
1.674999952316284180e+00 5.386141777038574219e+00 9.069367408752441406e+00
1.687500000000000000e+00 5.043800830841064453e+00 9.224557876586914062e+00
1.700000047683715820e+00 4.648553848266601562e+00 9.403730392456054688e+00
1.712499976158142090e+00 4.209542274475097656e+00 9.596810340881347656e+00
1.725000023841857910e+00 3.744330406188964844e+00 9.826994895935058594e+00
1.737499952316284180e+00 3.263193130493164062e+00 1.013331508636474609e+01
1.750000000000000000e+00 2.755825281143188477e+00 1.051793861389160156e+01
1.762500047683715820e+00 2.198732852935791016e+00 1.091428565979003906e+01
1.774999976158142090e+00 1.580329179763793945e+00 1.122012710571289062e+01
1.787500023841857910e+00 9.192219376564025879e-01 1.137308406829833984e+01
1.799999952316284180e+00 2.552986145019531250e-01 1.139709854125976562e+01
1.812500000000000000e+00 -3.792346715927124023e-01 1.137454414367675781e+01
1.825000047683715820e+00 -9.805189967155456543e-01 1.137361717224121094e+01
1.837499976158142090e+00 -1.565998792648315430e+00 1.140288734436035156e+01
1.850000023841857910e+00 -2.149430036544799805e+00 1.143021583557128906e+01
1.862499952316284180e+00 -2.724821805953979492e+00 1.143371200561523438e+01
1.875000000000000000e+00 -3.273523330688476562e+00 1.142569351196289062e+01
1.887500047683715820e+00 -3.782451152801513672e+00 1.143068218231201172e+01
1.899999976158142090e+00 -4.251716613769531250e+00 1.145280265808105469e+01
1.912500023841857910e+00 -4.685479164123535156e+00 1.147361183166503906e+01
1.924999952316284180e+00 -5.080016613006591797e+00 1.147852420806884766e+01
1.937500000000000000e+00 -5.424021244049072266e+00 1.147521591186523438e+01
1.950000047683715820e+00 -5.709155559539794922e+00 1.148157978057861328e+01
1.962499976158142090e+00 -5.936378002166748047e+00 1.150143146514892578e+01
1.975000023841857910e+00 -6.110331058502197266e+00 1.152031898498535156e+01
1.987499952316284180e+00 -6.229991436004638672e+00 1.152562618255615234e+01
2.000000000000000000e+00 -6.288069725036621094e+00 1.152332782745361328e+01
