0.000000000000000000e+00 6.262880325317382812e+00 8.803673744201660156e+00
1.250000018626451492e-02 6.291760921478271484e+00 8.776483535766601562e+00
2.500000037252902985e-02 6.261742115020751953e+00 8.780948638916015625e+00
3.750000149011611938e-02 6.169693470001220703e+00 8.811879158020019531e+00
5.000000074505805969e-02 6.014159679412841797e+00 8.856833457946777344e+00
6.250000000000000000e-02 5.799709320068359375e+00 8.916658401489257812e+00
7.500000298023223877e-02 5.532858848571777344e+00 9.008739471435546875e+00
8.749999850988388062e-02 5.215014457702636719e+00 9.145387649536132812e+00
1.000000014901161194e-01 4.843643188476562500e+00 9.316170692443847656e+00
1.124999970197677612e-01 4.422276496887207031e+00 9.502556800842285156e+00
1.250000000000000000e-01 3.965882539749145508e+00 9.710894584655761719e+00
1.375000029802322388e-01 3.490685939788818359e+00 9.978318214416503906e+00
1.500000059604644775e-01 2.996682405471801758e+00 1.033131504058837891e+01
1.624999940395355225e-01 2.463918685913085938e+00 1.073538017272949219e+01
1.749999970197677612e-01 1.871694803237915039e+00 1.109589481353759766e+01
1.875000000000000000e-01 1.223936676979064941e+00 1.132209491729736328e+01
2.000000029802322388e-01 5.539808869361877441e-01 1.139695644378662109e+01
2.125000059604644775e-01 -9.830652177333831787e-02 1.138457107543945312e+01
2.249999940395355225e-01 -7.151148915290832520e-01 1.136905288696289062e+01
2.374999970197677612e-01 -1.306959867477416992e+00 1.138756942749023438e+01
2.500000000000000000e-01 -1.892537355422973633e+00 1.142022514343261719e+01
2.624999880790710449e-01 -2.475167512893676758e+00 1.143468761444091797e+01
2.750000059604644775e-01 -3.039544105529785156e+00 1.142854118347167969e+01
2.874999940395355225e-01 -3.568024635314941406e+00 1.142571830749511719e+01
3.000000119209289551e-01 -4.055222034454345703e+00 1.144189357757568359e+01
3.125000000000000000e-01 -4.505330562591552734e+00 1.146604061126708984e+01
3.249999880790710449e-01 -4.918860912322998047e+00 1.147816181182861328e+01
3.375000059604644775e-01 -5.286684036254882812e+00 1.147616958618164062e+01
3.499999940395355225e-01 -5.597757339477539062e+00 1.147683811187744141e+01
3.625000119209289551e-01 -5.849141120910644531e+00 1.149214935302734375e+01
3.750000000000000000e-01 -6.045231342315673828e+00 1.151371574401855469e+01
3.874999880790710449e-01 -6.188119411468505859e+00 1.152506065368652344e+01
4.000000059604644775e-01 -6.272334575653076172e+00 1.152403736114501953e+01
4.124999940395355225e-01 -6.290707588195800781e+00 1.152519893646240234e+01
4.250000119209289551e-01 -6.243111610412597656e+00 1.153960037231445312e+01
4.375000000000000000e-01 -6.136291027069091797e+00 1.155963706970214844e+01
4.499999880790710449e-01 -5.975137710571289062e+00 1.156936454772949219e+01
4.625000059604644775e-01 -5.757307052612304688e+00 1.156632041931152344e+01
4.749999940395355225e-01 -5.478542327880859375e+00 1.156516933441162109e+01
4.875000119209289551e-01 -5.141582012176513672e+00 1.157768917083740234e+01
5.000000000000000000e-01 -4.756398200988769531e+00 1.159589958190917969e+01
5.124999880790710449e-01 -4.330957889556884766e+00 1.160197162628173828e+01
5.249999761581420898e-01 -3.864851951599121094e+00 1.159281635284423828e+01
5.375000238418579102e-01 -3.355017185211181641e+00 1.158590412139892578e+01
5.500000119209289551e-01 -2.806569099426269531e+00 1.159611415863037109e+01
5.625000000000000000e-01 -2.233616352081298828e+00 1.161316490173339844e+01
5.749999880790710449e-01 -1.646985769271850586e+00 1.161231040954589844e+01
5.874999761581420898e-01 -1.043986082077026367e+00 1.158895874023437500e+01
6.000000238418579102e-01 -4.157100021839141846e-01 1.157179737091064453e+01
6.125000119209289551e-01 2.332841753959655762e-01 1.158859062194824219e+01
6.250000000000000000e-01 8.757886886596679688e-01 1.161654567718505859e+01
6.374999880790710449e-01 1.477762341499328613e+00 1.157660865783691406e+01
6.499999761581420898e-01 2.026114940643310547e+00 1.138982772827148438e+01
6.625000238418579102e-01 2.539799928665161133e+00 1.104602718353271484e+01
6.750000119209289551e-01 3.051104307174682617e+00 1.061731529235839844e+01
6.875000000000000000e-01 3.574734449386596680e+00 1.020356845855712891e+01
6.999999880790710449e-01 4.094483375549316406e+00 9.864408493041992188e+00
7.124999761581420898e-01 4.578038692474365234e+00 9.599388122558593750e+00
7.250000238418579102e-01 5.002010345458984375e+00 9.381856918334960938e+00
7.375000119209289551e-01 5.362383842468261719e+00 9.198907852172851562e+00
7.500000000000000000e-01 5.665003776550292969e+00 9.056246757507324219e+00
7.624999880790710449e-01 5.911826610565185547e+00 8.956095695495605469e+00
7.749999761581420898e-01 6.098496913909912109e+00 8.885261535644531250e+00
7.875000238418579102e-01 6.221618652343750000e+00 8.828911781311035156e+00
8.000000119209289551e-01 6.283057212829589844e+00 8.787940979003906250e+00
8.125000000000000000e-01 6.285717010498046875e+00 8.774494171142578125e+00
8.249999880790710449e-01 6.228334903717041016e+00 8.792366981506347656e+00
8.374999761581420898e-01 6.107644081115722656e+00 8.830748558044433594e+00
8.500000238418579102e-01 5.924816608428955078e+00 8.881009101867675781e+00
8.625000119209289551e-01 5.686246871948242188e+00 8.952801704406738281e+00
8.750000000000000000e-01 5.396751403808593750e+00 9.064603805541992188e+00
8.874999880790710449e-01 5.055111408233642578e+00 9.219074249267578125e+00
8.999999761581420898e-01 4.660159587860107422e+00 9.398345947265625000e+00
9.125000238418579102e-01 4.220745086669921875e+00 9.591513633728027344e+00
9.250000119209289551e-01 3.754528760910034180e+00 9.821023941040039062e+00
9.375000000000000000e-01 3.272279500961303711e+00 1.012637042999267578e+01
9.499999880790710449e-01 2.764054059982299805e+00 1.051099777221679688e+01
9.624999761581420898e-01 2.206174135208129883e+00 1.090894412994384766e+01
9.750000238418579102e-01 1.586552023887634277e+00 1.121718311309814453e+01
9.875000119209289551e-01 9.235719442367553711e-01 1.137197875976562500e+01
1.000000000000000000e+00 2.574169039726257324e-01 1.139670562744140625e+01
1.012500047683715820e+00 -3.792521655559539795e-01 1.137422275543212891e+01
1.024999976158142090e+00 -9.824196100234985352e-01 1.137336540222167969e+01
1.037500023841857910e+00 -1.569673061370849609e+00 1.140275859832763672e+01
1.049999952316284180e+00 -2.154851198196411133e+00 1.143000984191894531e+01
1.062500000000000000e+00 -2.731804132461547852e+00 1.143330669403076172e+01
1.075000047683715820e+00 -3.281697511672973633e+00 1.142534637451171875e+01
1.087499976158142090e+00 -3.791488647460937500e+00 1.143071556091308594e+01
1.100000023841857910e+00 -4.261446952819824219e+00 1.145309162139892578e+01
1.112499952316284180e+00 -4.695697307586669922e+00 1.147368812561035156e+01
1.125000000000000000e+00 -5.090257644653320312e+00 1.147823524475097656e+01
1.137500047683715820e+00 -5.433654308319091797e+00 1.147501277923583984e+01
1.149999976158142090e+00 -5.717709064483642578e+00 1.148193359375000000e+01
1.162500023841857910e+00 -5.943643569946289062e+00 1.150213527679443359e+01
1.174999952316284180e+00 -6.116072654724121094e+00 1.152070140838623047e+01
1.187500000000000000e+00 -6.233658790588378906e+00 1.152548027038574219e+01
1.200000047683715820e+00 -6.288947582244873047e+00 1.152327060699462891e+01
1.212499976158142090e+00 -6.277193546295166016e+00 1.153003215789794922e+01
1.225000023841857910e+00 -6.202078819274902344e+00 1.154891777038574219e+01
1.237499952316284180e+00 -6.070709228515625000e+00 1.156591892242431641e+01
1.250000000000000000e+00 -5.884768009185791016e+00 1.156894588470458984e+01
1.262500047683715820e+00 -5.639868259429931641e+00 1.156450939178466797e+01
1.274999976158142090e+00 -5.334089756011962891e+00 1.156908226013183594e+01
1.287500023841857910e+00 -4.974129676818847656e+00 1.158627796173095703e+01
1.299999952316284180e+00 -4.570383071899414062e+00 1.160087776184082031e+01
1.312500000000000000e+00 -4.127175807952880859e+00 1.159902191162109375e+01
1.325000047683715820e+00 -3.641547679901123047e+00 1.158812618255615234e+01
1.337499976158142090e+00 -3.113057851791381836e+00 1.158832263946533203e+01
1.350000023841857910e+00 -2.551706075668334961e+00 1.160442924499511719e+01
1.362499952316284180e+00 -1.972008228302001953e+00 1.161610507965087891e+01
1.375000000000000000e+00 -1.379135847091674805e+00 1.160350418090820312e+01
1.387500047683715820e+00 -7.655562162399291992e-01 1.157817935943603516e+01
1.399999976158142090e+00 -1.260107308626174927e-01 1.157492446899414062e+01
1.412500023841857910e+00 5.244777798652648926e-01 1.160356330871582031e+01
1.424999952316284180e+00 1.152350068092346191e+00 1.161265087127685547e+01
1.437500000000000000e+00 1.729884862899780273e+00 1.151372623443603516e+01
1.450000047683715820e+00 2.258826255798339844e+00 1.125226974487304688e+01
1.462499976158142090e+00 2.767856836318969727e+00 1.085802173614501953e+01
1.475000023841857910e+00 3.284753561019897461e+00 1.042483997344970703e+01
1.487499952316284180e+00 3.810204744338989258e+00 1.004105854034423828e+01
1.500000000000000000e+00 4.317689895629882812e+00 9.737914085388183594e+00
1.512500047683715820e+00 4.776231288909912109e+00 9.497293472290039062e+00
1.524999976158142090e+00 5.171212673187255859e+00 9.295403480529785156e+00
1.537500023841857910e+00 5.504959106445312500e+00 9.129455566406250000e+00
1.549999952316284180e+00 5.782793045043945312e+00 9.006552696228027344e+00
1.562500000000000000e+00 6.003313064575195312e+00 8.921808242797851562e+00
1.575000047683715820e+00 6.161578178405761719e+00 8.858585357666015625e+00
1.587499976158142090e+00 6.256573200225830078e+00 8.807953834533691406e+00
1.600000023841857910e+00 6.291480541229248047e+00 8.777887344360351562e+00
1.612499952316284180e+00 6.267629623413085938e+00 8.779053688049316406e+00
1.625000000000000000e+00 6.182118415832519531e+00 8.807882308959960938e+00
1.637500047683715820e+00 6.033006191253662109e+00 8.851708412170410156e+00
1.649999976158142090e+00 5.824284076690673828e+00 8.909363746643066406e+00
1.662500023841857910e+00 5.562642574310302734e+00 8.997247695922851562e+00
1.674999952316284180e+00 5.250161647796630859e+00 9.129399299621582031e+00
1.687500000000000000e+00 4.884325504302978516e+00 9.297658920288085938e+00
1.700000047683715820e+00 4.467581272125244141e+00 9.482781410217285156e+00
1.712499976158142090e+00 4.013915538787841797e+00 9.687473297119140625e+00
1.725000023841857910e+00 3.540269136428833008e+00 9.946929931640625000e+00
1.737499952316284180e+00 3.048869609832763672e+00 1.029143619537353516e+01
1.750000000000000000e+00 2.521268606185913086e+00 1.069394779205322266e+01
1.762500047683715820e+00 1.935543537139892578e+00 1.106387615203857422e+01
1.774999976158142090e+00 1.292351603507995605e+00 1.130628013610839844e+01
1.787500023841857910e+00 6.226860284805297852e-01 1.139480495452880859e+01
1.799999952316284180e+00 -3.277342021465301514e-02 1.138720226287841797e+01
1.812500000000000000e+00 -6.531313657760620117e-01 1.136916542053222656e+01
1.825000047683715820e+00 -1.246592640876770020e+00 1.138437652587890625e+01
1.837499976158142090e+00 -1.832285284996032715e+00 1.141731452941894531e+01
1.850000023841857910e+00 -2.415702104568481445e+00 1.143441581726074219e+01
1.862499952316284180e+00 -2.982894659042358398e+00 1.142948341369628906e+01
1.875000000000000000e+00 -3.515568494796752930e+00 1.142518138885498047e+01
1.887500047683715820e+00 -4.006882667541503906e+00 1.143949508666992188e+01
1.899999976158142090e+00 -4.460623741149902344e+00 1.146385002136230469e+01
1.912500023841857910e+00 -4.878201007843017578e+00 1.147773742675781250e+01
1.924999952316284180e+00 -5.251306056976318359e+00 1.147659206390380859e+01
1.937500000000000000e+00 -5.568533897399902344e+00 1.147614097595214844e+01
1.950000047683715820e+00 -5.825915336608886719e+00 1.148999500274658203e+01
1.962499976158142090e+00 -6.027480602264404297e+00 1.151174354553222656e+01
1.975000023841857910e+00 -6.175981521606445312e+00 1.152460384368896484e+01
1.987499952316284180e+00 -6.266621589660644531e+00 1.152434539794921875e+01
2.000000000000000000e+00 -6.291935920715332031e+00 1.152451896667480469e+01
