0.000000000000000000e+00 6.262504100799560547e+00 8.803982734680175781e+00
1.250000018626451492e-02 6.291555404663085938e+00 8.776621818542480469e+00
2.500000037252902985e-02 6.261344909667968750e+00 8.781105041503906250e+00
3.750000149011611938e-02 6.168715953826904297e+00 8.812192916870117188e+00
5.000000074505805969e-02 6.012217998504638672e+00 8.857360839843750000e+00
6.250000000000000000e-02 5.796492576599121094e+00 8.917600631713867188e+00
7.500000298023223877e-02 5.528096199035644531e+00 9.010515213012695312e+00
8.749999850988388062e-02 5.208370685577392578e+00 9.148273468017578125e+00
1.000000014901161194e-01 4.834777355194091797e+00 9.320022583007812500e+00
1.124999970197677612e-01 4.411094665527343750e+00 9.507279396057128906e+00
1.250000000000000000e-01 3.952624082565307617e+00 9.717259407043457031e+00
1.375000029802322388e-01 3.475529193878173828e+00 9.987776756286621094e+00
1.500000059604644775e-01 2.979174852371215820e+00 1.034430694580078125e+01
1.624999940395355225e-01 2.442999839782714844e+00 1.074970912933349609e+01
1.749999970197677612e-01 1.846580028533935547e+00 1.110740470886230469e+01
1.875000000000000000e-01 1.195082426071166992e+00 1.132769489288330078e+01
2.000000029802322388e-01 5.230070948600769043e-01 1.139720916748046875e+01
2.125000059604644775e-01 -1.298483610153198242e-01 1.138304615020751953e+01
2.249999940395355225e-01 -7.469204664230346680e-01 1.136895751953125000e+01
2.374999970197677612e-01 -1.339841246604919434e+00 1.138915061950683594e+01
2.500000000000000000e-01 -1.927140355110168457e+00 1.142154407501220703e+01
2.624999880790710449e-01 -2.510975599288940430e+00 1.143449687957763672e+01
2.750000059604644775e-01 -3.075222969055175781e+00 1.142777729034423828e+01
2.874999940395355225e-01 -3.602572202682495117e+00 1.142604827880859375e+01
3.000000119209289551e-01 -4.088494300842285156e+00 1.144346618652343750e+01
3.125000000000000000e-01 -4.537393093109130859e+00 1.146738529205322266e+01
3.249999880790710449e-01 -4.949107170104980469e+00 1.147823905944824219e+01
3.375000059604644775e-01 -5.313886642456054688e+00 1.147577476501464844e+01
3.499999940395355225e-01 -5.620954990386962891e+00 1.147749042510986328e+01
3.625000119209289551e-01 -5.868154525756835938e+00 1.149400234222412109e+01
3.750000000000000000e-01 -6.060129165649414062e+00 1.151532173156738281e+01
3.874999880790710449e-01 -6.198370456695556641e+00 1.152535057067871094e+01
4.000000059604644775e-01 -6.276823520660400391e+00 1.152381992340087891e+01
4.124999940395355225e-01 -6.288622379302978516e+00 1.152609729766845703e+01
4.250000119209289551e-01 -6.234513759613037109e+00 1.154178810119628906e+01
4.375000000000000000e-01 -6.121560573577880859e+00 1.156149101257324219e+01
4.499999880790710449e-01 -5.954025268554687500e+00 1.156963634490966797e+01
4.625000059604644775e-01 -5.728915214538574219e+00 1.156594276428222656e+01
4.749999940395355225e-01 -5.442343711853027344e+00 1.156609249114990234e+01
4.875000119209289551e-01 -5.098121166229248047e+00 1.158013820648193359e+01
5.000000000000000000e-01 -4.706631660461425781e+00 1.159781837463378906e+01
5.124999880790710449e-01 -4.275040149688720703e+00 1.160171794891357422e+01
5.249999761581420898e-01 -3.802062034606933594e+00 1.159163570404052734e+01
5.375000238418579102e-01 -3.285117626190185547e+00 1.158652591705322266e+01
5.500000119209289551e-01 -2.730825901031494141e+00 1.159887504577636719e+01
5.625000000000000000e-01 -2.153858900070190430e+00 1.161491584777832031e+01
5.749999880790710449e-01 -1.563614964485168457e+00 1.161038780212402344e+01
5.874999761581420898e-01 -9.556191563606262207e-01 1.158557796478271484e+01
6.000000238418579102e-01 -3.215592503547668457e-01 1.157234096527099609e+01
6.125000119209289551e-01 3.306937217712402344e-01 1.159391975402832031e+01
6.250000000000000000e-01 9.710736274719238281e-01 1.161762523651123047e+01
6.374999880790710449e-01 1.566668152809143066e+00 1.155896568298339844e+01
6.499999761581420898e-01 2.109226465225219727e+00 1.134524536132812500e+01
6.625000238418579102e-01 2.621897459030151367e+00 1.098034572601318359e+01
6.750000119209289551e-01 3.136438608169555664e+00 1.054639720916748047e+01
6.875000000000000000e-01 3.662801027297973633e+00 1.014143657684326172e+01
6.999999880790710449e-01 4.180313587188720703e+00 9.815131187438964844e+00
7.124999761581420898e-01 4.656246185302734375e+00 9.559285163879394531e+00
7.250000238418579102e-01 5.070204257965087891e+00 9.347283363342285156e+00
7.375000119209289551e-01 5.420927047729492188e+00 9.170248985290527344e+00
7.500000000000000000e-01 5.714415073394775391e+00 9.035138130187988281e+00
7.624999880790710449e-01 5.951258182525634766e+00 8.941435813903808594e+00
7.749999761581420898e-01 6.126607894897460938e+00 8.873901367187500000e+00
7.875000238418579102e-01 6.237980365753173828e+00 8.819664955139160156e+00
8.000000119209289551e-01 6.287981033325195312e+00 8.782934188842773438e+00
8.125000000000000000e-01 6.278976440429687500e+00 8.775855064392089844e+00
8.249999880790710449e-01 6.208862304687500000e+00 8.799022674560546875e+00
8.374999761581420898e-01 6.074765682220458984e+00 8.840153694152832031e+00
8.500000238418579102e-01 5.879184722900390625e+00 8.893615722656250000e+00
8.625000119209289551e-01 5.628920555114746094e+00 8.972686767578125000e+00
8.750000000000000000e-01 5.327628135681152344e+00 9.094569206237792969e+00
8.874999880790710449e-01 4.973240852355957031e+00 9.256715774536132812e+00
8.999999761581420898e-01 4.566081047058105469e+00 9.439575195312500000e+00
9.125000238418579102e-01 4.117730140686035156e+00 9.638275146484375000e+00
9.250000119209289551e-01 3.646132469177246094e+00 9.882514953613281250e+00
9.375000000000000000e-01 3.158139228820800781e+00 1.020892715454101562e+01
9.499999880790710449e-01 2.639024496078491211e+00 1.060592174530029297e+01
9.624999761581420898e-01 2.065059661865234375e+00 1.099293804168701172e+01
9.750000238418579102e-01 1.430349230766296387e+00 1.126829147338867188e+01
9.875000119209289551e-01 7.605723738670349121e-01 1.138680744171142578e+01
1.000000000000000000e+00 9.739152342081069946e-02 1.139180469512939453e+01
1.012500047683715820e+00 -5.322183966636657715e-01 1.137033653259277344e+01
1.024999976158142090e+00 -1.131314396858215332e+00 1.137867641448974609e+01
1.037500023841857910e+00 -1.719203233718872070e+00 1.141109657287597656e+01
1.049999952316284180e+00 -2.305416822433471680e+00 1.143296623229980469e+01
1.062500000000000000e+00 -2.878954648971557617e+00 1.143100261688232422e+01
1.075000047683715820e+00 -3.420655727386474609e+00 1.142461776733398438e+01
1.087499976158142090e+00 -3.920930385589599609e+00 1.143543338775634766e+01
1.100000023841857910e+00 -4.382462501525878906e+00 1.145962429046630859e+01
1.112499952316284180e+00 -4.808037281036376953e+00 1.147645664215087891e+01
1.125000000000000000e+00 -5.190887451171875000e+00 1.147720336914062500e+01
1.137500047683715820e+00 -5.519183158874511719e+00 1.147531223297119141e+01
1.149999976158142090e+00 -5.787216663360595703e+00 1.148670768737792969e+01
1.162500023841857910e+00 -5.998204231262207031e+00 1.150840091705322266e+01
1.174999952316284180e+00 -6.155821800231933594e+00 1.152357769012451172e+01
1.187500000000000000e+00 -6.256416320800781250e+00 1.152484798431396484e+01
1.200000047683715820e+00 -6.292222023010253906e+00 1.152387142181396484e+01
1.212499976158142090e+00 -6.260807037353515625e+00 1.153492164611816406e+01
1.225000023841857910e+00 -6.167859077453613281e+00 1.155518341064453125e+01
1.237499952316284180e+00 -6.019654750823974609e+00 1.156855869293212891e+01
1.250000000000000000e+00 -5.815554618835449219e+00 1.156776332855224609e+01
1.262500047683715820e+00 -5.550814151763916016e+00 1.156457424163818359e+01
1.274999976158142090e+00 -5.225990295410156250e+00 1.157381439208984375e+01
1.287500023841857910e+00 -4.850029468536376953e+00 1.159239292144775391e+01
1.299999952316284180e+00 -4.432380676269531250e+00 1.160246944427490234e+01
1.312500000000000000e+00 -3.974549531936645508e+00 1.159580326080322266e+01
1.325000047683715820e+00 -3.473031997680664062e+00 1.158649635314941406e+01
1.337499976158142090e+00 -2.930492162704467773e+00 1.159281730651855469e+01
1.350000023841857910e+00 -2.359882831573486328e+00 1.161052799224853516e+01
1.362499952316284180e+00 -1.774144530296325684e+00 1.161515045166015625e+01
1.375000000000000000e+00 -1.173608779907226562e+00 1.159507083892822266e+01
1.387500047683715820e+00 -5.490866303443908691e-01 1.157340812683105469e+01
1.399999976158142090e+00 9.919034689664840698e-02 1.158288574218750000e+01
1.412500023841857910e+00 7.480283975601196289e-01 1.161372947692871094e+01
1.424999952316284180e+00 1.362156748771667480e+00 1.159487533569335938e+01
1.437500000000000000e+00 1.922238707542419434e+00 1.144041633605957031e+01
1.450000047683715820e+00 2.441586971282958984e+00 1.112282466888427734e+01
1.462499976158142090e+00 2.952702522277832031e+00 1.070124721527099609e+01
1.475000023841857910e+00 3.475835561752319336e+00 1.027696609497070312e+01
1.487499952316284180e+00 4.000193595886230469e+00 9.921296119689941406e+00
1.500000000000000000e+00 4.494202613830566406e+00 9.643648147583007812e+00
1.512500047683715820e+00 4.931113719940185547e+00 9.418425559997558594e+00
1.524999976158142090e+00 5.303562164306640625e+00 9.228573799133300781e+00
1.537500023841857910e+00 5.616824626922607422e+00 9.077842712402343750e+00
1.549999952316284180e+00 5.874145984649658203e+00 8.970650672912597656e+00
1.562500000000000000e+00 6.071831703186035156e+00 8.895935058593750000e+00
1.575000047683715820e+00 6.205765724182128906e+00 8.837453842163085938e+00
1.587499976158142090e+00 6.277061939239501953e+00 8.793098449707031250e+00
1.600000023841857910e+00 6.288957118988037109e+00 8.774547576904296875e+00
1.612499952316284180e+00 6.240926265716552734e+00 8.788033485412597656e+00
1.625000000000000000e+00 6.129555225372314453e+00 8.824278831481933594e+00
1.637500047683715820e+00 5.955056190490722656e+00 8.872792243957519531e+00
1.649999976158142090e+00 5.723415374755859375e+00 8.940445899963378906e+00
1.662500023841857910e+00 5.440208911895751953e+00 9.046113014221191406e+00
1.674999952316284180e+00 5.104965209960937500e+00 9.195857048034667969e+00
1.687500000000000000e+00 4.715825557708740234e+00 9.373471260070800781e+00
1.700000047683715820e+00 4.280031681060791016e+00 9.564894676208496094e+00
1.712499976158142090e+00 3.814910173416137695e+00 9.788043022155761719e+00
1.725000023841857910e+00 3.333305120468139648e+00 1.008312511444091797e+01
1.737499952316284180e+00 2.827991008758544922e+00 1.046112155914306641e+01
1.750000000000000000e+00 2.275592565536499023e+00 1.086389160156250000e+01
1.762500047683715820e+00 1.661051630973815918e+00 1.118830680847167969e+01
1.774999976158142090e+00 9.991208314895629883e-01 1.136173248291015625e+01
1.787500023841857910e+00 3.291565477848052979e-01 1.139759063720703125e+01
1.799999952316284180e+00 -3.135251402854919434e-01 1.137611198425292969e+01
1.812500000000000000e+00 -9.214944243431091309e-01 1.137150669097900391e+01
1.825000047683715820e+00 -1.511277079582214355e+00 1.139907169342041016e+01
1.837499976158142090e+00 -2.098350286483764648e+00 1.142808818817138672e+01
1.850000023841857910e+00 -2.678584098815917969e+00 1.143365955352783203e+01
1.862499952316284180e+00 -3.233411312103271484e+00 1.142563152313232422e+01
1.875000000000000000e+00 -3.748512506484985352e+00 1.142926120758056641e+01
1.887500047683715820e+00 -4.223132133483886719e+00 1.145080184936523438e+01
1.899999976158142090e+00 -4.661666393280029297e+00 1.147241020202636719e+01
1.912500023841857910e+00 -5.060978889465332031e+00 1.147827625274658203e+01
1.924999952316284180e+00 -5.409757137298583984e+00 1.147501277923583984e+01
1.937500000000000000e+00 -5.699122905731201172e+00 1.148085784912109375e+01
1.950000047683715820e+00 -5.929671764373779297e+00 1.150055599212646484e+01
1.962499976158142090e+00 -6.106170177459716797e+00 1.151984786987304688e+01
1.975000023841857910e+00 -6.227827072143554688e+00 1.152556514739990234e+01
1.987499952316284180e+00 -6.287303447723388672e+00 1.152334499359130859e+01
2.000000000000000000e+00 -6.279379844665527344e+00 1.152935886383056641e+01
