0.000000000000000000e+00 6.262127876281738281e+00 8.804200172424316406e+00
1.250000018626451492e-02 6.291350364685058594e+00 8.776668548583984375e+00
2.500000037252902985e-02 6.260947704315185547e+00 8.781169891357421875e+00
3.750000149011611938e-02 6.167737007141113281e+00 8.812415122985839844e+00
5.000000074505805969e-02 6.010271549224853516e+00 8.857797622680664062e+00
6.250000000000000000e-02 5.793267726898193359e+00 8.918455123901367188e+00
7.500000298023223877e-02 5.523321628570556641e+00 9.012208938598632812e+00
8.749999850988388062e-02 5.201709270477294922e+00 9.151077270507812500e+00
1.000000014901161194e-01 4.825889110565185547e+00 9.323787689208984375e+00
1.124999970197677612e-01 4.399891853332519531e+00 9.511919975280761719e+00
1.250000000000000000e-01 3.939352989196777344e+00 9.723574638366699219e+00
1.375000029802322388e-01 3.460358142852783203e+00 9.997219085693359375e+00
1.500000059604644775e-01 2.961627006530761719e+00 1.035725116729736328e+01
1.624999940395355225e-01 2.422001600265502930e+00 1.076386165618896484e+01
1.749999970197677612e-01 1.821376085281372070e+00 1.111858081817626953e+01
1.875000000000000000e-01 1.166186094284057617e+00 1.133291053771972656e+01
2.000000029802322388e-01 4.920707046985626221e-01 1.139719390869140625e+01
2.125000059604644775e-01 -1.613051593303680420e-01 1.138144111633300781e+01
2.249999940395355225e-01 -7.786610722541809082e-01 1.136886882781982422e+01
2.374999970197677612e-01 -1.372706770896911621e+00 1.139066600799560547e+01
2.500000000000000000e-01 -1.961731076240539551e+00 1.142267990112304688e+01
2.624999880790710449e-01 -2.546703815460205078e+00 1.143412303924560547e+01
2.750000059604644775e-01 -3.110738515853881836e+00 1.142693996429443359e+01
2.874999940395355225e-01 -3.636922121047973633e+00 1.142637538909912109e+01
3.000000119209289551e-01 -4.121577739715576172e+00 1.144496822357177734e+01
3.125000000000000000e-01 -4.569252014160156250e+00 1.146854114532470703e+01
3.249999880790710449e-01 -4.979069709777832031e+00 1.147812461853027344e+01
3.375000059604644775e-01 -5.340708255767822266e+00 1.147531127929687500e+01
3.499999940395355225e-01 -5.643728256225585938e+00 1.147815704345703125e+01
3.625000119209289551e-01 -5.886752605438232422e+00 1.149578666687011719e+01
3.750000000000000000e-01 -6.074595928192138672e+00 1.151671600341796875e+01
3.874999880790710449e-01 -6.208103656768798828e+00 1.152542209625244141e+01
4.000000059604644775e-01 -6.280689716339111328e+00 1.152354145050048828e+01
4.124999940395355225e-01 -6.285882472991943359e+00 1.152704238891601562e+01
4.250000119209289551e-01 -6.225301742553710938e+00 1.154391670227050781e+01
4.375000000000000000e-01 -6.106230258941650391e+00 1.156309223175048828e+01
4.499999880790710449e-01 -5.932236194610595703e+00 1.156964778900146484e+01
4.625000059604644775e-01 -5.699749469757080078e+00 1.156552124023437500e+01
4.749999940395355225e-01 -5.405379295349121094e+00 1.156712627410888672e+01
4.875000119209289551e-01 -5.054008483886718750e+00 1.158254528045654297e+01
5.000000000000000000e-01 -4.656291961669921875e+00 1.159940624237060547e+01
5.124999880790710449e-01 -4.218490600585937500e+00 1.160111904144287109e+01
5.249999761581420898e-01 -3.738550662994384766e+00 1.159044933319091797e+01
5.375000238418579102e-01 -3.214573621749877930e+00 1.158739280700683594e+01
5.500000119209289551e-01 -2.654689550399780273e+00 1.160162067413330078e+01
5.625000000000000000e-01 -2.073882818222045898e+00 1.161613750457763672e+01
5.749999880790710449e-01 -1.479913234710693359e+00 1.160790824890136719e+01
5.874999761581420898e-01 -8.666960000991821289e-01 1.158235359191894531e+01
6.000000238418579102e-01 -2.269722819328308105e-01 1.157364463806152344e+01
6.125000119209289551e-01 4.278617501258850098e-01 1.159931373596191406e+01
6.250000000000000000e-01 1.065282821655273438e+00 1.161668777465820312e+01
6.374999880790710449e-01 1.654216527938842773e+00 1.153734016418457031e+01
6.499999761581420898e-01 2.191527366638183594e+00 1.129663181304931641e+01
6.625000238418579102e-01 2.704035520553588867e+00 1.091277217864990234e+01
6.750000119209289551e-01 3.222116947174072266e+00 1.047631359100341797e+01
6.875000000000000000e-01 3.750628471374511719e+00 1.008155918121337891e+01
6.999999880790710449e-01 4.264910221099853516e+00 9.767820358276367188e+00
7.124999761581420898e-01 4.732556343078613281e+00 9.520311355590820312e+00
7.250000238418579102e-01 5.136425971984863281e+00 9.313624382019042969e+00
7.375000119209289551e-01 5.477650165557861328e+00 9.142856597900390625e+00
7.500000000000000000e-01 5.761952400207519531e+00 9.015360832214355469e+00
7.624999880790710449e-01 5.988550662994384766e+00 8.927575111389160156e+00
7.749999761581420898e-01 6.152405261993408203e+00 8.862857818603515625e+00
7.875000238418579102e-01 6.252065181732177734e+00 8.810934066772460938e+00
8.000000119209289551e-01 6.290660858154296875e+00 8.778998374938964844e+00
8.125000000000000000e-01 6.269825458526611328e+00 8.778353691101074219e+00
8.249999880790710449e-01 6.186764240264892578e+00 8.806282997131347656e+00
8.374999761581420898e-01 6.039288043975830078e+00 8.849902153015136719e+00
8.500000238418579102e-01 5.831196308135986328e+00 8.907211303710937500e+00
8.625000119209289551e-01 5.569344043731689453e+00 8.994455337524414062e+00
8.750000000000000000e-01 5.256064891815185547e+00 9.126348495483398438e+00
8.874999880790710449e-01 4.888836860656738281e+00 9.295170783996582031e+00
8.999999761581420898e-01 4.469976425170898438e+00 9.481316566467285156e+00
9.125000238418579102e-01 4.013606548309326172e+00 9.687158584594726562e+00
9.250000119209289551e-01 3.537009477615356445e+00 9.948295593261718750e+00
9.375000000000000000e-01 3.042438507080078125e+00 1.029535484313964844e+01
9.499999880790710449e-01 2.510989189147949219e+00 1.070023441314697266e+01
9.624999761581420898e-01 1.920449256896972656e+00 1.107031250000000000e+01
9.750000238418579102e-01 1.272067070007324219e+00 1.130993652343750000e+01
9.875000119209289551e-01 5.980032086372375488e-01 1.139474582672119141e+01
1.000000000000000000e+00 -6.050160899758338928e-02 1.138545894622802734e+01
1.012500047683715820e+00 -6.832439899444580078e-01 1.136855411529541016e+01
1.024999976158142090e+00 -1.279553294181823730e+00 1.138554477691650391e+01
1.037500023841857910e+00 -1.868717074394226074e+00 1.141849327087402344e+01
1.049999952316284180e+00 -2.455159902572631836e+00 1.143404579162597656e+01
1.062500000000000000e+00 -3.023863792419433594e+00 1.142830944061279297e+01
1.075000047683715820e+00 -3.556644678115844727e+00 1.142516613006591797e+01
1.087499976158142090e+00 -4.047602176666259766e+00 1.144110870361328125e+01
1.100000023841857910e+00 -4.500906467437744141e+00 1.146542739868164062e+01
1.112499952316284180e+00 -4.917210578918457031e+00 1.147777652740478516e+01
1.125000000000000000e+00 -5.287302494049072266e+00 1.147587203979492188e+01
1.137500047683715820e+00 -5.599941253662109375e+00 1.147669982910156250e+01
1.149999976158142090e+00 -5.852163791656494141e+00 1.149230384826660156e+01
1.162500023841857910e+00 -6.048460006713867188e+00 1.151395797729492188e+01
1.174999952316284180e+00 -6.190843582153320312e+00 1.152505111694335938e+01
1.187500000000000000e+00 -6.273614406585693359e+00 1.152391910552978516e+01
1.200000047683715820e+00 -6.289586544036865234e+00 1.152556896209716797e+01
1.212499976158142090e+00 -6.238950729370117188e+00 1.154063987731933594e+01
1.225000023841857910e+00 -6.128684997558593750e+00 1.156064796447753906e+01
1.237499952316284180e+00 -5.963462829589843750e+00 1.156962966918945312e+01
1.250000000000000000e+00 -5.740573406219482422e+00 1.156624412536621094e+01
1.262500047683715820e+00 -5.455902576446533203e+00 1.156591224670410156e+01
1.274999976158142090e+00 -5.112863063812255859e+00 1.157950401306152344e+01
1.287500023841857910e+00 -4.721826076507568359e+00 1.159746837615966797e+01
1.299999952316284180e+00 -4.290325641632080078e+00 1.160204601287841797e+01
1.312500000000000000e+00 -3.817324876785278320e+00 1.159218215942382812e+01
1.325000047683715820e+00 -3.300069332122802734e+00 1.158665847778320312e+01
1.337499976158142090e+00 -2.744889974594116211e+00 1.159865570068359375e+01
1.350000023841857910e+00 -2.166519880294799805e+00 1.161496067047119141e+01
1.362499952316284180e+00 -1.574731230735778809e+00 1.161097049713134766e+01
1.375000000000000000e+00 -9.652652144432067871e-01 1.158625316619873047e+01
1.387500047683715820e+00 -3.296183645725250244e-01 1.157259750366210938e+01
1.399999976158142090e+00 3.246121406555175781e-01 1.159392166137695312e+01
1.412500023841857910e+00 9.672601222991943359e-01 1.161796760559082031e+01
1.424999952316284180e+00 1.564975261688232422e+00 1.155975437164306641e+01
1.437500000000000000e+00 2.109219551086425781e+00 1.134574317932128906e+01
1.450000047683715820e+00 2.623301506042480469e+00 1.097967910766601562e+01
1.462499976158142090e+00 3.139309883117675781e+00 1.054442691802978516e+01
1.475000023841857910e+00 3.667225599288940430e+00 1.013873004913330078e+01
1.487499952316284180e+00 4.186048984527587891e+00 9.812213897705078125e+00
1.500000000000000000e+00 4.662752628326416016e+00 9.556218147277832031e+00
1.512500047683715820e+00 5.076970577239990234e+00 9.344026565551757812e+00
1.524999976158142090e+00 5.427635192871093750e+00 9.167106628417968750e+00
1.537500023841857910e+00 5.720773220062255859e+00 9.032546997070312500e+00
1.549999952316284180e+00 5.956812381744384766e+00 8.939438819885253906e+00
1.562500000000000000e+00 6.130831241607666016e+00 8.872176170349121094e+00
1.575000047683715820e+00 6.240483283996582031e+00 8.818156242370605469e+00
1.587499976158142090e+00 6.288500308990478516e+00 8.782143592834472656e+00
1.600000023841857910e+00 6.277150154113769531e+00 8.776277542114257812e+00
1.612499952316284180e+00 6.204169750213623047e+00 8.800516128540039062e+00
1.625000000000000000e+00 6.066784381866455078e+00 8.842301368713378906e+00
1.637500047683715820e+00 5.867795467376708984e+00 8.896717071533203125e+00
1.649999976158142090e+00 5.614096641540527344e+00 8.977870941162109375e+00
1.662500023841857910e+00 5.309064388275146484e+00 9.102573394775390625e+00
1.674999952316284180e+00 4.950467586517333984e+00 9.266935348510742188e+00
1.687500000000000000e+00 4.539114952087402344e+00 9.451121330261230469e+00
1.700000047683715820e+00 4.087389945983886719e+00 9.652126312255859375e+00
1.712499976158142090e+00 3.613263368606567383e+00 9.901649475097656250e+00
1.725000023841857910e+00 3.122339963912963867e+00 1.023505496978759766e+01
1.737499952316284180e+00 2.598448753356933594e+00 1.063574981689453125e+01
1.750000000000000000e+00 2.018007278442382812e+00 1.101862525939941406e+01
1.762500047683715820e+00 1.377286195755004883e+00 1.128290367126464844e+01
1.774999976158142090e+00 7.043735980987548828e-01 1.138989448547363281e+01
1.787500023841857910e+00 4.126311838626861572e-02 1.138939571380615234e+01
1.799999952316284180e+00 -5.871457457542419434e-01 1.136922359466552734e+01
1.812500000000000000e+00 -1.186258554458618164e+00 1.138085365295410156e+01
1.825000047683715820e+00 -1.775681376457214355e+00 1.141379737854003906e+01
1.837499976158142090e+00 -2.363179445266723633e+00 1.143337059020996094e+01
1.850000023841857910e+00 -2.936062097549438477e+00 1.142976474761962891e+01
1.862499952316284180e+00 -3.475299835205078125e+00 1.142450141906738281e+01
1.875000000000000000e+00 -3.972697257995605469e+00 1.143748092651367188e+01
1.887500047683715820e+00 -4.431662559509277344e+00 1.146196842193603516e+01
1.899999976158142090e+00 -4.854203224182128906e+00 1.147702503204345703e+01
1.912500023841857910e+00 -5.232442378997802734e+00 1.147651386260986328e+01
1.924999952316284180e+00 -5.554628849029541016e+00 1.147566318511962891e+01
1.937500000000000000e+00 -5.816185951232910156e+00 1.148899173736572266e+01
1.950000047683715820e+00 -6.020998954772949219e+00 1.151089859008789062e+01
1.962499976158142090e+00 -6.172100543975830078e+00 1.152433300018310547e+01
1.975000023841857910e+00 -6.264854431152343750e+00 1.152437782287597656e+01
1.987499952316284180e+00 -6.291612148284912109e+00 1.152447891235351562e+01
2.000000000000000000e+00 -6.251118183135986328e+00 1.153750419616699219e+01
