0.000000000000000000e+00 6.283046245574951172e+00 8.789349555969238281e+00
1.250000018626451492e-02 6.302628993988037109e+00 8.771389007568359375e+00
2.500000037252902985e-02 6.283058643341064453e+00 8.774785995483398438e+00
3.750000149011611938e-02 6.222525119781494141e+00 8.796846389770507812e+00
5.000000074505805969e-02 6.119740962982177734e+00 8.830080032348632812e+00
6.250000000000000000e-02 5.975986957550048828e+00 8.870423316955566406e+00
7.500000298023223877e-02 5.794754028320312500e+00 8.922914505004882812e+00
8.749999850988388062e-02 5.579120635986328125e+00 8.998547554016113281e+00
1.000000014901161194e-01 5.329485893249511719e+00 9.104434967041015625e+00
1.124999970197677612e-01 5.044279575347900391e+00 9.236549377441406250e+00
1.250000000000000000e-01 4.723552227020263672e+00 9.383155822753906250e+00
1.375000029802322388e-01 4.372259140014648438e+00 9.537587165832519531e+00
1.500000059604644775e-01 3.999580860137939453e+00 9.709339141845703125e+00
1.624999940395355225e-01 3.613658905029296875e+00 9.921604156494140625e+00
1.749999970197677612e-01 3.215364217758178711e+00 1.019338226318359375e+01
1.875000000000000000e-01 2.796436309814453125e+00 1.051785945892333984e+01
2.000000029802322388e-01 2.344637393951416016e+00 1.085431480407714844e+01
2.125000059604644775e-01 1.853203058242797852e+00 1.114278125762939453e+01
2.249999940395355225e-01 1.328031897544860840e+00 1.133424949645996094e+01
2.374999970197677612e-01 7.870758771896362305e-01 1.141685962677001953e+01
2.500000000000000000e-01 2.518032193183898926e-01 1.142027950286865234e+01
2.624999880790710449e-01 -2.635914683341979980e-01 1.139552974700927734e+01
2.750000059604644775e-01 -7.578694224357604980e-01 1.138460540771484375e+01
2.874999940395355225e-01 -1.239725708961486816e+00 1.140049076080322266e+01
3.000000119209289551e-01 -1.718802094459533691e+00 1.142926311492919922e+01
3.125000000000000000e-01 -2.197511434555053711e+00 1.144925975799560547e+01
3.249999880790710449e-01 -2.669242382049560547e+00 1.145079326629638672e+01
3.375000059604644775e-01 -3.123272180557250977e+00 1.144192314147949219e+01
3.499999940395355225e-01 -3.551725625991821289e+00 1.143850803375244141e+01
3.625000119209289551e-01 -3.953001022338867188e+00 1.144928646087646484e+01
3.750000000000000000e-01 -4.329581737518310547e+00 1.146915340423583984e+01
3.874999880790710449e-01 -4.682901382446289062e+00 1.148530483245849609e+01
4.000000059604644775e-01 -5.009980201721191406e+00 1.148948001861572266e+01
4.124999940395355225e-01 -5.304508686065673828e+00 1.148499584197998047e+01
4.250000119209289551e-01 -5.560966968536376953e+00 1.148282432556152344e+01
4.375000000000000000e-01 -5.777882575988769531e+00 1.149106407165527344e+01
4.499999880790710449e-01 -5.957395076751708984e+00 1.150768375396728516e+01
4.625000059604644775e-01 -6.101782321929931641e+00 1.152290248870849609e+01
4.749999940395355225e-01 -6.210271835327148438e+00 1.152855300903320312e+01
4.875000119209289551e-01 -6.279028892517089844e+00 1.152559471130371094e+01
5.000000000000000000e-01 -6.304208755493164062e+00 1.152294826507568359e+01
5.124999880790710449e-01 -6.285170078277587891e+00 1.152895736694335938e+01
5.249999761581420898e-01 -6.224876403808593750e+00 1.154352474212646484e+01
5.375000238418579102e-01 -6.127164840698242188e+00 1.155822658538818359e+01
5.500000119209289551e-01 -5.993452548980712891e+00 1.156424617767333984e+01
5.625000000000000000e-01 -5.821964740753173828e+00 1.156072139739990234e+01
5.749999880790710449e-01 -5.610225200653076172e+00 1.155566692352294922e+01
5.874999761581420898e-01 -5.358492851257324219e+00 1.155846309661865234e+01
6.000000238418579102e-01 -5.070904731750488281e+00 1.157082080841064453e+01
6.125000119209289551e-01 -4.753147125244140625e+00 1.158476066589355469e+01
6.250000000000000000e-01 -4.408732891082763672e+00 1.158982849121093750e+01
6.374999880790710449e-01 -4.037379741668701172e+00 1.158313751220703125e+01
6.499999761581420898e-01 -3.637186527252197266e+00 1.157272720336914062e+01
6.625000238418579102e-01 -3.208766937255859375e+00 1.157050800323486328e+01
6.750000119209289551e-01 -2.757462978363037109e+00 1.158069896697998047e+01
6.875000000000000000e-01 -2.291204214096069336e+00 1.159457111358642578e+01
6.999999880790710449e-01 -1.815486311912536621e+00 1.159741306304931641e+01
7.124999761581420898e-01 -1.329915523529052734e+00 1.158267116546630859e+01
7.250000238418579102e-01 -8.299774527549743652e-01 1.156054115295410156e+01
7.375000119209289551e-01 -3.134439885616302490e-01 1.155139923095703125e+01
7.500000000000000000e-01 2.134538739919662476e-01 1.156665229797363281e+01
7.624999880790710449e-01 7.355571389198303223e-01 1.159120273590087891e+01
7.749999761581420898e-01 1.235491394996643066e+00 1.158277225494384766e+01
7.875000238418579102e-01 1.703394055366516113e+00 1.149182319641113281e+01
8.000000119209289551e-01 2.142686843872070312e+00 1.129029369354248047e+01
8.125000000000000000e-01 2.567379474639892578e+00 1.098985767364501953e+01
8.249999880790710449e-01 2.992414236068725586e+00 1.063716983795166016e+01
8.374999761581420898e-01 3.423555374145507812e+00 1.028955459594726562e+01
8.500000238418579102e-01 3.853533506393432617e+00 9.987782478332519531e+00
8.625000119209289551e-01 4.266477108001708984e+00 9.743101119995117188e+00
8.750000000000000000e-01 4.646814823150634766e+00 9.544013977050781250e+00
8.874999880790710449e-01 4.986221790313720703e+00 9.373982429504394531e+00
8.999999761581420898e-01 5.284475803375244141e+00 9.225296974182128906e+00
9.125000238418579102e-01 5.545064926147460938e+00 9.100344657897949219e+00
9.250000119209289551e-01 5.769982337951660156e+00 9.003140449523925781e+00
9.375000000000000000e-01 5.957767963409423828e+00 8.931321144104003906e+00
9.499999880790710449e-01 6.105393409729003906e+00 8.876321792602539062e+00
9.624999761581420898e-01 6.211270809173583984e+00 8.830589294433593750e+00
9.750000238418579102e-01 6.276275634765625000e+00 8.793992996215820312e+00
9.875000119209289551e-01 6.302090167999267578e+00 8.772882461547851562e+00
1.000000000000000000e+00 6.288920402526855469e+00 8.772815704345703125e+00
1.012500047683715820e+00 6.235114097595214844e+00 8.792339324951171875e+00
1.024999976158142090e+00 6.139123916625976562e+00 8.824241638183593750e+00
1.037500023841857910e+00 6.001763343811035156e+00 8.863351821899414062e+00
1.049999952316284180e+00 5.826307773590087891e+00 8.913198471069335938e+00
1.062500000000000000e+00 5.616104602813720703e+00 8.984397888183593750e+00
1.075000047683715820e+00 5.372031688690185547e+00 9.085371017456054688e+00
1.087499976158142090e+00 5.092642307281494141e+00 9.213977813720703125e+00
1.100000023841857910e+00 4.777445793151855469e+00 9.359011650085449219e+00
1.112499952316284180e+00 4.430519580841064453e+00 9.512024879455566406e+00
1.125000000000000000e+00 4.060623645782470703e+00 9.679631233215332031e+00
1.137500047683715820e+00 3.676528215408325195e+00 9.883697509765625000e+00
1.149999976158142090e+00 3.280570507049560547e+00 1.014547348022460938e+01
1.162500023841857910e+00 2.865791797637939453e+00 1.046338748931884766e+01
1.174999952316284180e+00 2.420000314712524414e+00 1.080178451538085938e+01
1.187500000000000000e+00 1.934920310974121094e+00 1.110196208953857422e+01
1.200000047683715820e+00 1.414212822914123535e+00 1.131101131439208984e+01
1.212499976158142090e+00 8.743026852607727051e-01 1.141009426116943359e+01
1.225000023841857910e+00 3.368560373783111572e-01 1.142300987243652344e+01
1.237499952316284180e+00 -1.821701377630233765e-01 1.139938354492187500e+01
1.250000000000000000e+00 -6.794282793998718262e-01 1.138450241088867188e+01
1.262500047683715820e+00 -1.162537455558776855e+00 1.139648437500000000e+01
1.274999976158142090e+00 -1.641646981239318848e+00 1.142472171783447266e+01
1.287500023841857910e+00 -2.120657682418823242e+00 1.144726276397705078e+01
1.299999952316284180e+00 -2.594217300415039062e+00 1.145163440704345703e+01
1.312500000000000000e+00 -3.051773309707641602e+00 1.144338130950927734e+01
1.325000047683715820e+00 -3.484617233276367188e+00 1.143816280364990234e+01
1.337499976158142090e+00 -3.890148878097534180e+00 1.144665145874023438e+01
1.350000023841857910e+00 -4.270520687103271484e+00 1.146586322784423828e+01
1.362499952316284180e+00 -4.627659320831298828e+00 1.148342609405517578e+01
1.375000000000000000e+00 -4.959344387054443359e+00 1.148961830139160156e+01
1.387500047683715820e+00 -5.259560108184814453e+00 1.148587131500244141e+01
1.399999976158142090e+00 -5.522368907928466797e+00 1.148257732391357422e+01
1.412500023841857910e+00 -5.745567798614501953e+00 1.148898792266845703e+01
1.424999952316284180e+00 -5.930902004241943359e+00 1.150481128692626953e+01
1.437500000000000000e+00 -6.080895900726318359e+00 1.152097320556640625e+01
1.450000047683715820e+00 -6.195369243621826172e+00 1.152837562561035156e+01
1.462499976158142090e+00 -6.270828723907470703e+00 1.152632999420166016e+01
1.475000023841857910e+00 -6.303174972534179688e+00 1.152293300628662109e+01
1.487499952316284180e+00 -6.291128635406494141e+00 1.152728462219238281e+01
1.500000000000000000e+00 -6.237194538116455078e+00 1.154089260101318359e+01
1.512500047683715820e+00 -6.145319938659667969e+00 1.155628013610839844e+01
1.524999976158142090e+00 -6.017455577850341797e+00 1.156402587890625000e+01
1.537500023841857910e+00 -5.852242946624755859e+00 1.156167221069335938e+01
1.549999952316284180e+00 -5.647069454193115234e+00 1.155614089965820312e+01
1.562500000000000000e+00 -5.401585578918457031e+00 1.155728054046630859e+01
1.575000047683715820e+00 -5.119379997253417969e+00 1.156843090057373047e+01
1.587499976158142090e+00 -4.806147098541259766e+00 1.158288764953613281e+01
1.600000023841857910e+00 -4.465950965881347656e+00 1.158987140655517578e+01
1.612499952316284180e+00 -4.099069118499755859e+00 1.158478164672851562e+01
1.625000000000000000e+00 -3.703589439392089844e+00 1.157412528991699219e+01
1.637500047683715820e+00 -3.279474496841430664e+00 1.156997966766357422e+01
1.649999976158142090e+00 -2.831332206726074219e+00 1.157844448089599609e+01
1.662500023841857910e+00 -2.366984367370605469e+00 1.159272098541259766e+01
1.674999952316284180e+00 -1.892651557922363281e+00 1.159815979003906250e+01
1.687500000000000000e+00 -1.408925533294677734e+00 1.158600807189941406e+01
1.700000047683715820e+00 -9.116014838218688965e-01 1.156376647949218750e+01
1.712499976158142090e+00 -3.975852131843566895e-01 1.155126571655273438e+01
1.725000023841857910e+00 1.284823268651962280e-01 1.156279563903808594e+01
1.737499952316284180e+00 6.525908112525939941e-01 1.158814048767089844e+01
1.750000000000000000e+00 1.157062888145446777e+00 1.158852100372314453e+01
1.762500047683715820e+00 1.630253672599792480e+00 1.151363277435302734e+01
1.774999976158142090e+00 2.073390245437622070e+00 1.133022785186767578e+01
1.787500023841857910e+00 2.499310255050659180e+00 1.104325580596923828e+01
1.799999952316284180e+00 2.923569917678833008e+00 1.069502544403076172e+01
1.812500000000000000e+00 3.353892087936401367e+00 1.034314727783203125e+01
1.825000047683715820e+00 3.785003900527954102e+00 1.003245067596435547e+01
1.837499976158142090e+00 4.201858043670654297e+00 9.778952598571777344e+00
1.850000023841857910e+00 4.588242053985595703e+00 9.573731422424316406e+00
1.862499952316284180e+00 4.934430599212646484e+00 9.399859428405761719e+00
1.875000000000000000e+00 5.239099979400634766e+00 9.247767448425292969e+00
1.887500047683715820e+00 5.505532741546630859e+00 9.118640899658203125e+00
1.899999976158142090e+00 5.736207485198974609e+00 9.016913414001464844e+00
1.912500023841857910e+00 5.930174350738525391e+00 8.941490173339843750e+00
1.924999952316284180e+00 6.084437847137451172e+00 8.884423255920410156e+00
1.937500000000000000e+00 6.197032451629638672e+00 8.837435722351074219e+00
1.950000047683715820e+00 6.268493175506591797e+00 8.799040794372558594e+00
1.962499976158142090e+00 6.300545215606689453e+00 8.774938583374023438e+00
1.975000023841857910e+00 6.293728828430175781e+00 8.771368026733398438e+00
1.987499952316284180e+00 6.246604442596435547e+00 8.788147926330566406e+00
2.000000000000000000e+00 6.157428741455078125e+00 8.818569183349609375e+00
