0.000000000000000000e+00 6.261761665344238281e+00 8.804519653320312500e+00
1.250000018626451492e-02 6.291156291961669922e+00 8.776817321777343750e+00
2.500000037252902985e-02 6.260560035705566406e+00 8.781336784362792969e+00
3.750000149011611938e-02 6.166765213012695312e+00 8.812738418579101562e+00
5.000000074505805969e-02 6.008329391479492188e+00 8.858335494995117188e+00
6.250000000000000000e-02 5.790044307708740234e+00 8.919414520263671875e+00
7.500000298023223877e-02 5.518543243408203125e+00 9.014011383056640625e+00
8.749999850988388062e-02 5.195037841796875000e+00 9.153991699218750000e+00
1.000000014901161194e-01 4.816984176635742188e+00 9.327656745910644531e+00
1.124999970197677612e-01 4.388674736022949219e+00 9.516673088073730469e+00
1.250000000000000000e-01 3.926074743270874023e+00 9.730035781860351562e+00
1.375000029802322388e-01 3.445176839828491211e+00 1.000684070587158203e+01
1.500000059604644775e-01 2.944040775299072266e+00 1.037034320831298828e+01
1.624999940395355225e-01 2.400926589965820312e+00 1.077803325653076172e+01
1.749999970197677612e-01 1.796085953712463379e+00 1.112962245941162109e+01
1.875000000000000000e-01 1.137251734733581543e+00 1.133794593811035156e+01
2.000000029802322388e-01 4.611746370792388916e-01 1.139712333679199219e+01
2.125000059604644775e-01 -1.926779896020889282e-01 1.137996864318847656e+01
2.249999940395355225e-01 -8.103415966033935547e-01 1.136898994445800781e+01
2.374999970197677612e-01 -1.405561327934265137e+00 1.139230823516845703e+01
2.500000000000000000e-01 -1.996311187744140625e+00 1.142383098602294922e+01
2.624999880790710449e-01 -2.582352638244628906e+00 1.143377208709716797e+01
2.750000059604644775e-01 -3.146093606948852539e+00 1.142624187469482422e+01
2.874999940395355225e-01 -3.671081781387329102e+00 1.142690563201904297e+01
3.000000119209289551e-01 -4.154481887817382812e+00 1.144659519195556641e+01
3.125000000000000000e-01 -4.600911617279052734e+00 1.146970844268798828e+01
3.249999880790710449e-01 -5.008750915527343750e+00 1.147803020477294922e+01
3.375000059604644775e-01 -5.367154121398925781e+00 1.147499656677246094e+01
3.499999940395355225e-01 -5.666088104248046875e+00 1.147904682159423828e+01
3.625000119209289551e-01 -5.904948234558105469e+00 1.149770259857177734e+01
3.750000000000000000e-01 -6.088639736175537109e+00 1.151810264587402344e+01
3.874999880790710449e-01 -6.217321872711181641e+00 1.152550029754638672e+01
4.000000059604644775e-01 -6.283939838409423828e+00 1.152343082427978516e+01
4.124999940395355225e-01 -6.282503604888916016e+00 1.152824497222900391e+01
4.250000119209289551e-01 -6.215493679046630859e+00 1.154617881774902344e+01
4.375000000000000000e-01 -6.090309619903564453e+00 1.156464004516601562e+01
4.499999880790710449e-01 -5.909771919250488281e+00 1.156962490081787109e+01
4.625000059604644775e-01 -5.669817447662353516e+00 1.156529045104980469e+01
4.749999940395355225e-01 -5.367671012878417969e+00 1.156847381591796875e+01
4.875000119209289551e-01 -5.009270191192626953e+00 1.158508014678955078e+01
5.000000000000000000e-01 -4.605389595031738281e+00 1.160084724426269531e+01
5.124999880790710449e-01 -4.161305904388427734e+00 1.160041046142578125e+01
5.249999761581420898e-01 -3.674324989318847656e+00 1.158951091766357422e+01
5.375000238418579102e-01 -3.143419027328491211e+00 1.158870220184326172e+01
5.500000119209289551e-01 -2.578200101852416992e+00 1.160448455810546875e+01
5.625000000000000000e-01 -1.993693947792053223e+00 1.161698627471923828e+01
5.749999880790710449e-01 -1.395849585533142090e+00 1.160514068603515625e+01
5.874999761581420898e-01 -7.772051095962524414e-01 1.157960605621337891e+01
6.000000238418579102e-01 -1.320160478353500366e-01 1.157590198516845703e+01
6.125000119209289551e-01 5.246614217758178711e-01 1.160472488403320312e+01
6.250000000000000000e-01 1.158331513404846191e+00 1.161358451843261719e+01
6.374999880790710449e-01 1.740451931953430176e+00 1.151178741455078125e+01
6.499999761581420898e-01 2.273161172866821289e+00 1.124441909790039062e+01
6.625000238418579102e-01 2.786323547363281250e+00 1.084396266937255859e+01
6.750000119209289551e-01 3.308107137680053711e+00 1.040760326385498047e+01
6.875000000000000000e-01 3.838068962097167969e+00 1.002416324615478516e+01
6.999999880790710449e-01 4.348137378692626953e+00 9.722507476806640625e+00
7.124999761581420898e-01 4.806939125061035156e+00 9.482550621032714844e+00
7.250000238418579102e-01 5.200721740722656250e+00 9.281106948852539062e+00
7.375000119209289551e-01 5.532584667205810547e+00 9.116969108581542969e+00
7.500000000000000000e-01 5.807595729827880859e+00 8.997037887573242188e+00
7.624999880790710449e-01 6.023679733276367188e+00 8.914579391479492188e+00
7.749999761581420898e-01 6.175907611846923828e+00 8.852299690246582031e+00
7.875000238418579102e-01 6.263913154602050781e+00 8.803011894226074219e+00
8.000000119209289551e-01 6.291103839874267578e+00 8.776389122009277344e+00
8.125000000000000000e-01 6.258240222930908203e+00 8.782101631164550781e+00
8.249999880790710449e-01 6.162046432495117188e+00 8.814229011535644531e+00
8.374999761581420898e-01 6.001276016235351562e+00 8.860241889953613281e+00
8.500000238418579102e-01 5.780920982360839844e+00 8.922187805175781250e+00
8.625000119209289551e-01 5.507519721984863281e+00 9.018378257751464844e+00
8.750000000000000000e-01 5.182035446166992188e+00 9.159950256347656250e+00
8.874999880790710449e-01 4.801971912384033203e+00 9.334436416625976562e+00
8.999999761581420898e-01 4.372054576873779297e+00 9.523949623107910156e+00
9.125000238418579102e-01 3.908555269241333008e+00 9.738874435424804688e+00
9.250000119209289551e-01 3.427091598510742188e+00 1.001876544952392578e+01
9.375000000000000000e-01 2.924866914749145508e+00 1.038513565063476562e+01
9.499999880790710449e-01 2.379714012145996094e+00 1.079272079467773438e+01
9.624999761581420898e-01 1.772523403167724609e+00 1.114021110534667969e+01
9.750000238418579102e-01 1.112277150154113770e+00 1.134252166748046875e+01
9.875000119209289551e-01 4.364106357097625732e-01 1.139726543426513672e+01
1.000000000000000000e+00 -2.161469161510467529e-01 1.137906932830810547e+01
1.012500047683715820e+00 -8.326200246810913086e-01 1.136928462982177734e+01
1.024999976158142090e+00 -1.427419900894165039e+00 1.139357185363769531e+01
1.037500023841857910e+00 -2.018142461776733398e+00 1.142467689514160156e+01
1.049999952316284180e+00 -2.603729248046875000e+00 1.143366813659667969e+01
1.062500000000000000e+00 -3.166262149810791016e+00 1.142596912384033203e+01
1.075000047683715820e+00 -3.689676761627197266e+00 1.142732429504394531e+01
1.087499976158142090e+00 -4.171628475189208984e+00 1.144753456115722656e+01
1.100000023841857910e+00 -4.616728305816650391e+00 1.147033786773681641e+01
1.112499952316284180e+00 -5.022966861724853516e+00 1.147802352905273438e+01
1.125000000000000000e+00 -5.379304885864257812e+00 1.147491073608398438e+01
1.137500047683715820e+00 -5.675965785980224609e+00 1.147950267791748047e+01
1.149999976158142090e+00 -5.912697792053222656e+00 1.149854469299316406e+01
1.162500023841857910e+00 -6.094405651092529297e+00 1.151865386962890625e+01
1.174999952316284180e+00 -6.220944404602050781e+00 1.152550506591796875e+01
1.187500000000000000e+00 -6.285111904144287109e+00 1.152338981628417969e+01
1.200000047683715820e+00 -6.281150817871093750e+00 1.152870368957519531e+01
1.212499976158142090e+00 -6.211858749389648438e+00 1.154696655273437500e+01
1.225000023841857910e+00 -6.084627628326416016e+00 1.156510639190673828e+01
1.237499952316284180e+00 -5.901989936828613281e+00 1.156954002380371094e+01
1.250000000000000000e+00 -5.659743309020996094e+00 1.156517601013183594e+01
1.262500047683715820e+00 -5.355353355407714844e+00 1.156888389587402344e+01
1.274999976158142090e+00 -4.995082855224609375e+00 1.158580493927001953e+01
1.287500023841857910e+00 -4.589680194854736328e+00 1.160116291046142578e+01
1.299999952316284180e+00 -4.144086837768554688e+00 1.160008144378662109e+01
1.312500000000000000e+00 -3.655449151992797852e+00 1.158918190002441406e+01
1.325000047683715820e+00 -3.123033285140991211e+00 1.158904170989990234e+01
1.337499976158142090e+00 -2.556845188140869141e+00 1.160518074035644531e+01
1.350000023841857910e+00 -1.971833825111389160e+00 1.161703681945800781e+01
1.362499952316284180e+00 -1.373408913612365723e+00 1.160425281524658203e+01
1.375000000000000000e+00 -7.538023591041564941e-01 1.157886695861816406e+01
1.387500047683715820e+00 -1.077603921294212341e-01 1.157650661468505859e+01
1.399999976158142090e+00 5.487403273582458496e-01 1.160592746734619141e+01
1.412500023841857910e+00 1.180875778198242188e+00 1.161233520507812500e+01
1.424999952316284180e+00 1.760908007621765137e+00 1.150493431091308594e+01
1.437500000000000000e+00 2.292265415191650391e+00 1.123149967193603516e+01
1.450000047683715820e+00 2.805364847183227539e+00 1.082779598236083984e+01
1.462499976158142090e+00 3.327672243118286133e+00 1.039209461212158203e+01
1.475000023841857910e+00 3.857506275177001953e+00 1.001157665252685547e+01
1.487499952316284180e+00 4.366169929504394531e+00 9.712723731994628906e+00
1.500000000000000000e+00 4.822677612304687500e+00 9.474492073059082031e+00
1.512500047683715820e+00 5.214053153991699219e+00 9.274319648742675781e+00
1.524999976158142090e+00 5.543757438659667969e+00 9.111731529235839844e+00
1.537500023841857910e+00 5.816669940948486328e+00 8.993417739868164062e+00
1.549999952316284180e+00 6.030468463897705078e+00 8.912015914916992188e+00
1.562500000000000000e+00 6.180289268493652344e+00 8.850227355957031250e+00
1.575000047683715820e+00 6.265981674194335938e+00 8.801534652709960938e+00
1.587499976158142090e+00 6.290970325469970703e+00 8.776007652282714844e+00
1.600000023841857910e+00 6.255834102630615234e+00 8.782903671264648438e+00
1.612499952316284180e+00 6.157238483428955078e+00 8.815735816955566406e+00
1.625000000000000000e+00 5.994141101837158203e+00 8.862167358398437500e+00
1.637500047683715820e+00 5.771726131439208984e+00 8.925009727478027344e+00
1.649999976158142090e+00 5.496425151824951172e+00 9.022810935974121094e+00
1.662500023841857910e+00 5.168958187103271484e+00 9.165955543518066406e+00
1.674999952316284180e+00 4.786889553070068359e+00 9.341232299804687500e+00
1.687500000000000000e+00 4.355388164520263672e+00 9.531256675720214844e+00
1.700000047683715820e+00 3.891013622283935547e+00 9.747803688049316406e+00
1.712499976158142090e+00 3.408980607986450195e+00 1.003081798553466797e+01
1.725000023841857910e+00 2.905634164810180664e+00 1.039999294281005859e+01
1.737499952316284180e+00 2.358412742614746094e+00 1.080732345581054688e+01
1.750000000000000000e+00 1.748884558677673340e+00 1.115058994293212891e+01
1.762500047683715820e+00 1.087280988693237305e+00 1.134688663482666016e+01
1.774999976158142090e+00 4.116819798946380615e-01 1.139730644226074219e+01
1.787500023841857910e+00 -2.395629137754440308e-01 1.137818813323974609e+01
1.799999952316284180e+00 -8.548685312271118164e-01 1.136963272094726562e+01
1.812500000000000000e+00 -1.449275374412536621e+00 1.139484500885009766e+01
1.825000047683715820e+00 -2.039969205856323242e+00 1.142548656463623047e+01
1.837499976158142090e+00 -2.625073909759521484e+00 1.143353748321533203e+01
1.850000023841857910e+00 -3.186375141143798828e+00 1.142571163177490234e+01
1.862499952316284180e+00 -3.708214044570922852e+00 1.142777156829833984e+01
1.875000000000000000e+00 -4.188725471496582031e+00 1.144847869873046875e+01
1.887500047683715820e+00 -4.632492542266845703e+00 1.147094345092773438e+01
1.899999976158142090e+00 -5.037114620208740234e+00 1.147799873352050781e+01
1.912500023841857910e+00 -5.391372203826904297e+00 1.147483730316162109e+01
1.924999952316284180e+00 -5.685760498046875000e+00 1.147998237609863281e+01
1.937500000000000000e+00 -5.920373439788818359e+00 1.149938869476318359e+01
1.950000047683715820e+00 -6.100097179412841797e+00 1.151918411254882812e+01
1.962499976158142090e+00 -6.224482059478759766e+00 1.152549552917480469e+01
1.975000023841857910e+00 -6.286190032958984375e+00 1.152336025238037109e+01
1.987499952316284180e+00 -6.279707908630371094e+00 1.152918243408203125e+01
2.000000000000000000e+00 -6.208144664764404297e+00 1.154775428771972656e+01
