0.000000000000000000e+00 6.261385440826416016e+00 8.804729461669921875e+00
1.250000018626451492e-02 6.290952205657958984e+00 8.776854515075683594e+00
2.500000037252902985e-02 6.260162830352783203e+00 8.781393051147460938e+00
3.750000149011611938e-02 6.165782928466796875e+00 8.812953948974609375e+00
5.000000074505805969e-02 6.006373405456542969e+00 8.858766555786132812e+00
6.250000000000000000e-02 5.786804199218750000e+00 8.920269966125488281e+00
7.500000298023223877e-02 5.513745307922363281e+00 9.015716552734375000e+00
8.749999850988388062e-02 5.188340187072753906e+00 9.156808853149414062e+00
1.000000014901161194e-01 4.808050155639648438e+00 9.331425666809082031e+00
1.124999970197677612e-01 4.377431869506835938e+00 9.521331787109375000e+00
1.250000000000000000e-01 3.912779569625854492e+00 9.736436843872070312e+00
1.375000029802322388e-01 3.429976701736450195e+00 1.001643466949462891e+01
1.500000059604644775e-01 2.926409482955932617e+00 1.038337326049804688e+01
1.624999940395355225e-01 2.379769325256347656e+00 1.079201412200927734e+01
1.749999970197677612e-01 1.770708441734313965e+00 1.114032077789306641e+01
1.875000000000000000e-01 1.108282208442687988e+00 1.134260272979736328e+01
2.000000029802322388e-01 4.303233325481414795e-01 1.139680480957031250e+01
2.125000059604644775e-01 -2.239633947610855103e-01 1.137843322753906250e+01
2.249999940395355225e-01 -8.419592976570129395e-01 1.136912155151367188e+01
2.374999970197677612e-01 -1.438399553298950195e+00 1.139387607574462891e+01
2.500000000000000000e-01 -2.030869483947753906e+00 1.142480278015136719e+01
2.624999880790710449e-01 -2.617906093597412109e+00 1.143325996398925781e+01
2.750000059604644775e-01 -3.181272983551025391e+00 1.142549800872802734e+01
2.874999940395355225e-01 -3.705038785934448242e+00 1.142744541168212891e+01
3.000000119209289551e-01 -4.187192916870117188e+00 1.144814872741699219e+01
3.125000000000000000e-01 -4.632353305816650391e+00 1.147069454193115234e+01
3.249999880790710449e-01 -5.038126945495605469e+00 1.147777748107910156e+01
3.375000059604644775e-01 -5.393202304840087891e+00 1.147465324401855469e+01
3.499999940395355225e-01 -5.688017845153808594e+00 1.147996520996093750e+01
3.625000119209289551e-01 -5.922724246978759766e+00 1.149954319000244141e+01
3.750000000000000000e-01 -6.102237701416015625e+00 1.151928329467773438e+01
3.874999880790710449e-01 -6.225997447967529297e+00 1.152540302276611328e+01
4.000000059604644775e-01 -6.286551475524902344e+00 1.152331161499023438e+01
4.124999940395355225e-01 -6.278472423553466797e+00 1.152950954437255859e+01
4.250000119209289551e-01 -6.205078601837158203e+00 1.154835891723632812e+01
4.375000000000000000e-01 -6.073779106140136719e+00 1.156593227386474609e+01
4.499999880790710449e-01 -5.886607170104980469e+00 1.156939601898193359e+01
4.625000059604644775e-01 -5.639103412628173828e+00 1.156508445739746094e+01
4.749999940395355225e-01 -5.329218864440917969e+00 1.156993770599365234e+01
4.875000119209289551e-01 -4.963909626007080078e+00 1.158751487731933594e+01
5.000000000000000000e-01 -4.553913593292236328e+00 1.160193347930908203e+01
5.124999880790710449e-01 -4.103465080261230469e+00 1.159943199157714844e+01
5.249999761581420898e-01 -3.609380483627319336e+00 1.158866882324218750e+01
5.375000238418579102e-01 -3.071679115295410156e+00 1.159024333953857422e+01
5.500000119209289551e-01 -2.501386404037475586e+00 1.160719680786132812e+01
5.625000000000000000e-01 -1.913286924362182617e+00 1.161722946166992188e+01
5.749999880790710449e-01 -1.311390042304992676e+00 1.160196399688720703e+01
5.874999761581420898e-01 -6.871446371078491211e-01 1.157724952697753906e+01
6.000000238418579102e-01 -3.677305951714515686e-02 1.157887268066406250e+01
6.125000119209289551e-01 6.209590435028076172e-01 1.160968017578125000e+01
6.250000000000000000e-01 1.250141739845275879e+00 1.160778331756591797e+01
6.374999880790710449e-01 1.825426936149597168e+00 1.148202133178710938e+01
6.499999761581420898e-01 2.354260683059692383e+00 1.118869400024414062e+01
6.625000238418579102e-01 2.868835449218750000e+00 1.077417850494384766e+01
6.750000119209289551e-01 3.394333839416503906e+00 1.034036064147949219e+01
6.875000000000000000e-01 3.924947977066040039e+00 9.969030380249023438e+00
6.999999880790710449e-01 4.429852485656738281e+00 9.678819656372070312e+00
7.124999761581420898e-01 4.879356384277343750e+00 9.445717811584472656e+00
7.250000238418579102e-01 5.263113975524902344e+00 9.249573707580566406e+00
7.375000119209289551e-01 5.585726261138916016e+00 9.092411041259765625e+00
7.500000000000000000e-01 5.851292133331298828e+00 8.979868888854980469e+00
7.624999880790710449e-01 6.056596279144287109e+00 8.902123451232910156e+00
7.749999761581420898e-01 6.197109699249267578e+00 8.842023849487304688e+00
7.875000238418579102e-01 6.273530960083007812e+00 8.795795440673828125e+00
8.000000119209289551e-01 6.289280414581298828e+00 8.774934768676757812e+00
8.125000000000000000e-01 6.244168758392333984e+00 8.786783218383789062e+00
8.249999880790710449e-01 6.134698390960693359e+00 8.822560310363769531e+00
8.374999761581420898e-01 5.960776329040527344e+00 8.871060371398925781e+00
8.500000238418579102e-01 5.728390216827392578e+00 8.938534736633300781e+00
8.625000119209289551e-01 5.443411827087402344e+00 9.044274330139160156e+00
8.750000000000000000e-01 5.105502605438232422e+00 9.194949150085449219e+00
8.874999880790710449e-01 4.712730884552001953e+00 9.374166488647460938e+00
8.999999761581420898e-01 4.272519111633300781e+00 9.567550659179687500e+00
9.125000238418579102e-01 3.802700996398925781e+00 9.793728828430175781e+00
9.250000119209289551e-01 3.316231012344360352e+00 1.009375000000000000e+01
9.375000000000000000e-01 2.805088758468627930e+00 1.047713851928710938e+01
9.499999880790710449e-01 2.245032787322998047e+00 1.088175201416015625e+01
9.624999761581420898e-01 1.621567130088806152e+00 1.120162677764892578e+01
9.750000238418579102e-01 9.515845179557800293e-01 1.136636543273925781e+01
9.875000119209289551e-01 2.762607038021087646e-01 1.139552116394042969e+01
1.000000000000000000e+00 -3.695447444915771484e-01 1.137343311309814453e+01
1.012500047683715820e+00 -9.806702136993408203e-01 1.137227821350097656e+01
1.024999976158142090e+00 -1.575115680694580078e+00 1.140190410614013672e+01
1.037500023841857910e+00 -2.167300701141357422e+00 1.142913818359375000e+01
1.049999952316284180e+00 -2.750745773315429688e+00 1.143200397491455078e+01
1.062500000000000000e+00 -3.305932044982910156e+00 1.142427349090576172e+01
1.075000047683715820e+00 -3.819800376892089844e+00 1.143086242675781250e+01
1.087499976158142090e+00 -4.293084621429443359e+00 1.145405578613281250e+01
1.100000023841857910e+00 -4.729787826538085938e+00 1.147392463684082031e+01
1.112499952316284180e+00 -5.125017642974853516e+00 1.147730922698974609e+01
1.125000000000000000e+00 -5.466727733612060547e+00 1.147455120086669922e+01
1.137500047683715820e+00 -5.747319698333740234e+00 1.148348903656005859e+01
1.149999976158142090e+00 -5.968915462493896484e+00 1.150478935241699219e+01
1.162500023841857910e+00 -6.135941982269287109e+00 1.152205944061279297e+01
1.174999952316284180e+00 -6.245886802673339844e+00 1.152506065368652344e+01
1.187500000000000000e+00 -6.290804386138916016e+00 1.152350711822509766e+01
1.200000047683715820e+00 -6.267057418823242188e+00 1.153302574157714844e+01
1.212499976158142090e+00 -6.179712295532226562e+00 1.155320262908935547e+01
1.225000023841857910e+00 -6.035655021667480469e+00 1.156810283660888672e+01
1.237499952316284180e+00 -5.835050106048583984e+00 1.156847381591796875e+01
1.250000000000000000e+00 -5.573039531707763672e+00 1.156489658355712891e+01
1.262500047683715820e+00 -5.249444007873535156e+00 1.157321453094482422e+01
1.274999976158142090e+00 -4.872968196868896484e+00 1.159187126159667969e+01
1.287500023841857910e+00 -4.453625679016113281e+00 1.160294914245605469e+01
1.299999952316284180e+00 -3.993489503860473633e+00 1.159691810607910156e+01
1.312500000000000000e+00 -3.488973617553710938e+00 1.158735466003417969e+01
1.325000047683715820e+00 -2.942407608032226562e+00 1.159330368041992188e+01
1.337499976158142090e+00 -2.366879463195800781e+00 1.161115932464599609e+01
1.350000023841857910e+00 -1.775826692581176758e+00 1.161601543426513672e+01
1.362499952316284180e+00 -1.169734597206115723e+00 1.159579849243164062e+01
1.375000000000000000e+00 -5.391534566879272461e-01 1.157424449920654297e+01
1.387500047683715820e+00 1.155091002583503723e-01 1.158461284637451172e+01
1.399999976158142090e+00 7.699795961380004883e-01 1.161551094055175781e+01
1.412500023841857910e+00 1.387969374656677246e+00 1.159265327453613281e+01
1.424999952316284180e+00 1.950596809387207031e+00 1.142898750305175781e+01
1.437500000000000000e+00 2.472965717315673828e+00 1.110047721862792969e+01
1.450000047683715820e+00 2.988753318786621094e+00 1.067198276519775391e+01
1.462499976158142090e+00 3.517182111740112305e+00 1.024740028381347656e+01
1.475000023841857910e+00 4.045017719268798828e+00 9.895408630371093750e+00
1.487499952316284180e+00 4.539207458496093750e+00 9.621051788330078125e+00
1.500000000000000000e+00 4.973694801330566406e+00 9.397418975830078125e+00
1.512500047683715820e+00 5.342714309692382812e+00 9.209503173828125000e+00
1.524999976158142090e+00 5.652070999145507812e+00 9.062553405761718750e+00
1.537500023841857910e+00 5.904220104217529297e+00 8.959511756896972656e+00
1.549999952316284180e+00 6.094838619232177734e+00 8.887155532836914062e+00
1.562500000000000000e+00 6.220296859741210938e+00 8.829854011535644531e+00
1.575000047683715820e+00 6.282466411590576172e+00 8.788233757019042969e+00
1.587499976158142090e+00 6.284387111663818359e+00 8.774841308593750000e+00
1.600000023841857910e+00 6.224731922149658203e+00 8.793461799621582031e+00
1.612499952316284180e+00 6.100151538848876953e+00 8.832754135131835938e+00
1.625000000000000000e+00 5.912067413330078125e+00 8.884293556213378906e+00
1.637500047683715820e+00 5.667211055755615234e+00 8.958900451660156250e+00
1.649999976158142090e+00 5.370272159576416016e+00 9.075345993041992188e+00
1.662500023841857910e+00 5.019698143005371094e+00 9.234606742858886719e+00
1.674999952316284180e+00 4.614830970764160156e+00 9.417495727539062500e+00
1.687500000000000000e+00 4.166049480438232422e+00 9.615389823913574219e+00
1.700000047683715820e+00 3.691838026046752930e+00 9.855092048645019531e+00
1.712499976158142090e+00 3.201254844665527344e+00 1.017584991455078125e+01
1.725000023841857910e+00 2.681121110916137695e+00 1.057225227355957031e+01
1.737499952316284180e+00 2.106769800186157227e+00 1.096681308746337891e+01
1.750000000000000000e+00 1.469831824302673340e+00 1.125424385070800781e+01
1.762500047683715820e+00 7.946338653564453125e-01 1.138260459899902344e+01
1.774999976158142090e+00 1.239141896367073059e-01 1.139157962799072266e+01
1.787500023841857910e+00 -5.131694674491882324e-01 1.136985492706298828e+01
1.799999952316284180e+00 -1.118515133857727051e+00 1.137727737426757812e+01
1.812500000000000000e+00 -1.711816430091857910e+00 1.140973758697509766e+01
1.825000047683715820e+00 -2.303329229354858398e+00 1.143199253082275391e+01
1.837499976158142090e+00 -2.882045507431030273e+00 1.143013095855712891e+01
1.850000023841857910e+00 -3.428321361541748047e+00 1.142393016815185547e+01
1.862499952316284180e+00 -3.932387113571166992e+00 1.143527603149414062e+01
1.875000000000000000e+00 -4.397076606750488281e+00 1.145974922180175781e+01
1.887500047683715820e+00 -4.825051784515380859e+00 1.147615528106689453e+01
1.899999976158142090e+00 -5.209035873413085938e+00 1.147647666931152344e+01
1.912500023841857910e+00 -5.536950111389160156e+00 1.147516155242919922e+01
1.924999952316284180e+00 -5.803470611572265625e+00 1.148775863647460938e+01
1.937500000000000000e+00 -6.012238979339599609e+00 1.150978946685791016e+01
1.950000047683715820e+00 -6.166636943817138672e+00 1.152397251129150391e+01
1.962499976158142090e+00 -6.262292385101318359e+00 1.152444458007812500e+01
1.975000023841857910e+00 -6.291357517242431641e+00 1.152437591552734375e+01
1.987499952316284180e+00 -6.252248287200927734e+00 1.153718948364257812e+01
2.000000000000000000e+00 -6.151362895965576172e+00 1.155773162841796875e+01
