0.000000000000000000e+00 6.261009693145751953e+00 8.805047988891601562e+00
1.250000018626451492e-02 6.290749073028564453e+00 8.777001380920410156e+00
2.500000037252902985e-02 6.259765625000000000e+00 8.781558036804199219e+00
3.750000149011611938e-02 6.164798259735107422e+00 8.813277244567871094e+00
5.000000074505805969e-02 6.004413127899169922e+00 8.859305381774902344e+00
6.250000000000000000e-02 5.783556461334228516e+00 8.921236991882324219e+00
7.500000298023223877e-02 5.508935451507568359e+00 9.017539024353027344e+00
8.749999850988388062e-02 5.181625843048095703e+00 9.159743309020996094e+00
1.000000014901161194e-01 4.799094200134277344e+00 9.335307121276855469e+00
1.124999970197677612e-01 4.366169452667236328e+00 9.526111602783203125e+00
1.250000000000000000e-01 3.899473190307617188e+00 9.742991447448730469e+00
1.375000029802322388e-01 3.414762258529663086e+00 1.002621269226074219e+01
1.500000059604644775e-01 2.908735513687133789e+00 1.039654922485351562e+01
1.624999940395355225e-01 2.358532190322875977e+00 1.080600452423095703e+01
1.749999970197677612e-01 1.745246529579162598e+00 1.115087985992431641e+01
1.875000000000000000e-01 1.079281449317932129e+00 1.134708881378173828e+01
2.000000029802322388e-01 3.995193839073181152e-01 1.139644908905029297e+01
2.125000059604644775e-01 -2.551628649234771729e-01 1.137704277038574219e+01
2.249999940395355225e-01 -8.735192418098449707e-01 1.136945629119873047e+01
2.374999970197677612e-01 -1.471226215362548828e+00 1.139555454254150391e+01
2.500000000000000000e-01 -2.065407514572143555e+00 1.142578125000000000e+01
2.624999880790710449e-01 -2.653364419937133789e+00 1.143278026580810547e+01
2.750000059604644775e-01 -3.216279745101928711e+00 1.142490100860595703e+01
2.874999940395355225e-01 -3.738800764083862305e+00 1.142817592620849609e+01
3.000000119209289551e-01 -4.219718933105468750e+00 1.144980239868164062e+01
3.125000000000000000e-01 -4.663581371307373047e+00 1.147167682647705078e+01
3.249999880790710449e-01 -5.067200183868408203e+00 1.147755336761474609e+01
3.375000059604644775e-01 -5.418859004974365234e+00 1.147446823120117188e+01
3.499999940395355225e-01 -5.709529399871826172e+00 1.148108959197998047e+01
3.625000119209289551e-01 -5.940093994140625000e+00 1.150147533416748047e+01
3.750000000000000000e-01 -6.115396022796630859e+00 1.152043247222900391e+01
3.874999880790710449e-01 -6.234133243560791016e+00 1.152532291412353516e+01
4.000000059604644775e-01 -6.288533210754394531e+00 1.152337551116943359e+01
4.124999940395355225e-01 -6.273806571960449219e+00 1.153100967407226562e+01
4.250000119209289551e-01 -6.194072723388671875e+00 1.155061721801757812e+01
4.375000000000000000e-01 -6.056645870208740234e+00 1.156714439392089844e+01
4.499999880790710449e-01 -5.862743377685546875e+00 1.156916332244873047e+01
4.625000059604644775e-01 -5.607617378234863281e+00 1.156510829925537109e+01
4.749999940395355225e-01 -5.290047645568847656e+00 1.157168960571289062e+01
4.875000119209289551e-01 -4.917950153350830078e+00 1.159000015258789062e+01
5.000000000000000000e-01 -4.501869678497314453e+00 1.160284137725830078e+01
5.124999880790710449e-01 -4.044964790344238281e+00 1.159841346740722656e+01
5.249999761581420898e-01 -3.543731451034545898e+00 1.158815670013427734e+01
5.375000238418579102e-01 -2.999392747879028320e+00 1.159218788146972656e+01
5.500000119209289551e-01 -2.424282550811767578e+00 1.160988235473632812e+01
5.625000000000000000e-01 -1.832656025886535645e+00 1.161704921722412109e+01
5.749999880790710449e-01 -1.226502776145935059e+00 1.159867191314697266e+01
5.874999761581420898e-01 -5.965217947959899902e-01 1.157558822631835938e+01
6.000000238418579102e-01 5.866679176688194275e-02 1.158268928527832031e+01
6.125000119209289551e-01 7.166290879249572754e-01 1.161409378051757812e+01
6.250000000000000000e-01 1.340662837028503418e+00 1.159918498992919922e+01
6.374999880790710449e-01 1.909224152565002441e+00 1.144822406768798828e+01
6.499999761581420898e-01 2.434972286224365234e+00 1.113000488281250000e+01
6.625000238418579102e-01 2.951640129089355469e+00 1.070408821105957031e+01
6.750000119209289551e-01 3.480718374252319336e+00 1.027504634857177734e+01
6.875000000000000000e-01 4.011109352111816406e+00 9.916321754455566406e+00
6.999999880790710449e-01 4.509952068328857422e+00 9.636810302734375000e+00
7.124999761581420898e-01 4.949812412261962891e+00 9.409976005554199219e+00
7.250000238418579102e-01 5.323652267456054688e+00 9.219303131103515625e+00
7.375000119209289551e-01 5.637087345123291016e+00 9.069409370422363281e+00
7.500000000000000000e-01 5.893013000488281250e+00 8.963967323303222656e+00
7.624999880790710449e-01 6.087289810180664062e+00 8.890321731567382812e+00
7.749999761581420898e-01 6.216043472290039062e+00 8.832279205322265625e+00
7.875000238418579102e-01 6.280950546264648438e+00 8.789609909057617188e+00
8.000000119209289551e-01 6.285181522369384766e+00 8.774861335754394531e+00
8.125000000000000000e-01 6.227591037750244141e+00 8.792499542236328125e+00
8.249999880790710449e-01 6.104751110076904297e+00 8.831434249877929688e+00
8.374999761581420898e-01 5.917864799499511719e+00 8.882707595825195312e+00
8.500000238418579102e-01 5.673649787902832031e+00 8.956651687622070312e+00
8.625000119209289551e-01 5.376999378204345703e+00 9.072323799133300781e+00
8.750000000000000000e-01 5.026467323303222656e+00 9.231323242187500000e+00
8.874999880790710449e-01 4.621251583099365234e+00 9.414512634277343750e+00
8.999999761581420898e-01 4.171594619750976562e+00 9.612704277038574219e+00
9.125000238418579102e-01 3.696133375167846680e+00 9.852401733398437500e+00
9.250000119209289551e-01 3.204232454299926758e+00 1.017329216003417969e+01
9.375000000000000000e-01 2.682783603668212891e+00 1.057046794891357422e+01
9.499999880790710449e-01 2.106877088546752930e+00 1.096616458892822266e+01
9.624999761581420898e-01 1.467969417572021484e+00 1.125425529479980469e+01
9.750000238418579102e-01 7.906023263931274414e-01 1.138246536254882812e+01
9.875000119209289551e-01 1.179174333810806274e-01 1.139108276367187500e+01
1.000000000000000000e+00 -5.208092331886291504e-01 1.136950397491455078e+01
1.012500047683715820e+00 -1.127735614776611328e+00 1.137745189666748047e+01
1.024999976158142090e+00 -1.722764730453491211e+00 1.141009044647216797e+01
1.037500023841857910e+00 -2.315946340560913086e+00 1.143193531036376953e+01
1.049999952316284180e+00 -2.895861148834228516e+00 1.142970466613769531e+01
1.062500000000000000e+00 -3.442750453948974609e+00 1.142379188537597656e+01
1.075000047683715820e+00 -3.947122335433959961e+00 1.143577098846435547e+01
1.087499976158142090e+00 -4.412026405334472656e+00 1.146038532257080078e+01
1.100000023841857910e+00 -4.839911460876464844e+00 1.147627258300781250e+01
1.112499952316284180e+00 -5.223108768463134766e+00 1.147620964050292969e+01
1.125000000000000000e+00 -5.549499988555908203e+00 1.147530269622802734e+01
1.137500047683715820e+00 -5.814133167266845703e+00 1.148864459991455078e+01
1.149999976158142090e+00 -6.020902156829833984e+00 1.151076602935791016e+01
1.162500023841857910e+00 -6.172942161560058594e+00 1.152427577972412109e+01
1.174999952316284180e+00 -6.265473842620849609e+00 1.152431201934814453e+01
1.187500000000000000e+00 -6.290691375732421875e+00 1.152478885650634766e+01
1.200000047683715820e+00 -6.247520446777343750e+00 1.153848361968994141e+01
1.212499976158142090e+00 -6.142674922943115234e+00 1.155902194976806641e+01
1.225000023841857910e+00 -5.981691360473632812e+00 1.156974601745605469e+01
1.237499952316284180e+00 -5.762498378753662109e+00 1.156711959838867188e+01
1.250000000000000000e+00 -5.480557441711425781e+00 1.156598472595214844e+01
1.262500047683715820e+00 -5.138525485992431641e+00 1.157877254486083984e+01
1.274999976158142090e+00 -4.746791839599609375e+00 1.159723186492919922e+01
1.287500023841857910e+00 -4.313616752624511719e+00 1.160294723510742188e+01
1.299999952316284180e+00 -3.838398218154907227e+00 1.159346199035644531e+01
1.312500000000000000e+00 -3.318106174468994141e+00 1.158744335174560547e+01
1.325000047683715820e+00 -2.758761882781982422e+00 1.159912204742431641e+01
1.337499976158142090e+00 -2.175393342971801758e+00 1.161574077606201172e+01
1.350000023841857910e+00 -1.578306078910827637e+00 1.161203098297119141e+01
1.362499952316284180e+00 -9.632869362831115723e-01 1.158719825744628906e+01
1.375000000000000000e+00 -3.215674161911010742e-01 1.157374858856201172e+01
1.387500047683715820e+00 3.389058411121368408e-01 1.159580516815185547e+01
1.399999976158142090e+00 9.868318438529968262e-01 1.161908435821533203e+01
1.412500023841857910e+00 1.588148713111877441e+00 1.155577373504638672e+01
1.424999952316284180e+00 2.135160446166992188e+00 1.133239936828613281e+01
1.437500000000000000e+00 2.652878999710083008e+00 1.095695972442626953e+01
1.450000047683715820e+00 3.173935413360595703e+00 1.051720714569091797e+01
1.462499976158142090e+00 3.706750869750976562e+00 1.011272621154785156e+01
1.475000023841857910e+00 4.228092193603515625e+00 9.789654731750488281e+00
1.487499952316284180e+00 4.704206943511962891e+00 9.535905838012695312e+00
1.500000000000000000e+00 5.115876674652099609e+00 9.324906349182128906e+00
1.512500047683715820e+00 5.463334560394287109e+00 9.150348663330078125e+00
1.524999976158142090e+00 5.752561092376708984e+00 9.019733428955078125e+00
1.537500023841857910e+00 5.983099460601806641e+00 8.930045127868652344e+00
1.549999952316284180e+00 6.149807929992675781e+00 8.864336013793945312e+00
1.562500000000000000e+00 6.251072883605957031e+00 8.811694145202636719e+00
1.575000047683715820e+00 6.290091037750244141e+00 8.779299736022949219e+00
1.587499976158142090e+00 6.268576622009277344e+00 8.778765678405761719e+00
1.600000023841857910e+00 6.183658123016357422e+00 8.807229995727539062e+00
1.612499952316284180e+00 6.033144950866699219e+00 8.851510047912597656e+00
1.625000000000000000e+00 5.821073532104492188e+00 8.910031318664550781e+00
1.637500047683715820e+00 5.554450511932373047e+00 8.999799728393554688e+00
1.649999976158142090e+00 5.235410690307617188e+00 9.135193824768066406e+00
1.662500023841857910e+00 4.861352443695068359e+00 9.307109832763671875e+00
1.674999952316284180e+00 4.435314178466796875e+00 9.495876312255859375e+00
1.687500000000000000e+00 3.972517251968383789e+00 9.706499099731445312e+00
1.700000047683715820e+00 3.490169048309326172e+00 9.976957321166992188e+00
1.712499976158142090e+00 2.988588571548461914e+00 1.033506965637207031e+01
1.725000023841857910e+00 2.446854591369628906e+00 1.074454307556152344e+01
1.737499952316284180e+00 1.843471169471740723e+00 1.110630512237548828e+01
1.750000000000000000e+00 1.183540105819702148e+00 1.132769966125488281e+01
1.762500047683715820e+00 5.029602050781250000e-01 1.139575004577636719e+01
1.774999976158142090e+00 -1.571564972400665283e-01 1.138075542449951172e+01
1.787500023841857910e+00 -7.805156707763671875e-01 1.136817550659179688e+01
1.799999952316284180e+00 -1.379973173141479492e+00 1.139027881622314453e+01
1.812500000000000000e+00 -1.974282860755920410e+00 1.142233753204345703e+01
1.825000047683715820e+00 -2.564219951629638672e+00 1.143327903747558594e+01
1.837499976158142090e+00 -3.132282495498657227e+00 1.142596817016601562e+01
1.850000023841857910e+00 -3.661420822143554688e+00 1.142629432678222656e+01
1.862499952316284180e+00 -4.148388862609863281e+00 1.144586467742919922e+01
1.875000000000000000e+00 -4.597856521606445312e+00 1.146918678283691406e+01
1.887500047683715820e+00 -5.008301258087158203e+00 1.147767734527587891e+01
1.899999976158142090e+00 -5.368731975555419922e+00 1.147472000122070312e+01
1.912500023841857910e+00 -5.668946743011474609e+00 1.147899913787841797e+01
1.924999952316284180e+00 -5.908385276794433594e+00 1.149794960021972656e+01
1.937500000000000000e+00 -6.092026710510253906e+00 1.151832389831542969e+01
1.950000047683715820e+00 -6.219874382019042969e+00 1.152542209625244141e+01
1.962499976158142090e+00 -6.284655094146728516e+00 1.152339839935302734e+01
1.975000023841857910e+00 -6.280482292175292969e+00 1.152886009216308594e+01
1.987499952316284180e+00 -6.210205078125000000e+00 1.154734039306640625e+01
2.000000000000000000e+00 -6.081336021423339844e+00 1.156547164916992188e+01
