0.000000000000000000e+00 6.260633468627929688e+00 8.805268287658691406e+00
1.250000018626451492e-02 6.290546417236328125e+00 8.777049064636230469e+00
2.500000037252902985e-02 6.259368419647216797e+00 8.781623840332031250e+00
3.750000149011611938e-02 6.163811683654785156e+00 8.813502311706542969e+00
5.000000074505805969e-02 6.002448081970214844e+00 8.859746932983398438e+00
6.250000000000000000e-02 5.780301094055175781e+00 8.922109603881835938e+00
7.500000298023223877e-02 5.504114151000976562e+00 9.019270896911621094e+00
8.749999850988388062e-02 5.174892902374267578e+00 9.162588119506835938e+00
1.000000014901161194e-01 4.790115833282470703e+00 9.339092254638671875e+00
1.124999970197677612e-01 4.354887962341308594e+00 9.530802726745605469e+00
1.250000000000000000e-01 3.886155128479003906e+00 9.749491691589355469e+00
1.375000029802322388e-01 3.399532079696655273e+00 1.003596687316894531e+01
1.500000059604644775e-01 2.891016960144042969e+00 1.040965938568115234e+01
1.624999940395355225e-01 2.337213516235351562e+00 1.081979560852050781e+01
1.749999970197677612e-01 1.719701051712036133e+00 1.116109275817871094e+01
1.875000000000000000e-01 1.050251960754394531e+00 1.135120582580566406e+01
2.000000029802322388e-01 3.687645196914672852e-01 1.139586353302001953e+01
2.125000059604644775e-01 -2.862778306007385254e-01 1.137560081481933594e+01
2.249999940395355225e-01 -9.050253033638000488e-01 1.136979293823242188e+01
2.374999970197677612e-01 -1.504043698310852051e+00 1.139713954925537109e+01
2.500000000000000000e-01 -2.099923372268676758e+00 1.142656803131103516e+01
2.624999880790710449e-01 -2.688723802566528320e+00 1.143214225769042969e+01
2.750000059604644775e-01 -3.251112699508666992e+00 1.142426395416259766e+01
2.874999940395355225e-01 -3.772370338439941406e+00 1.142890262603759766e+01
3.000000119209289551e-01 -4.252061843872070312e+00 1.145135498046875000e+01
3.125000000000000000e-01 -4.694593429565429688e+00 1.147246265411376953e+01
3.249999880790710449e-01 -5.095965862274169922e+00 1.147717666625976562e+01
3.375000059604644775e-01 -5.444121837615966797e+00 1.147426319122314453e+01
3.499999940395355225e-01 -5.730627059936523438e+00 1.148222541809082031e+01
3.625000119209289551e-01 -5.957059860229492188e+00 1.150329780578613281e+01
3.750000000000000000e-01 -6.128111362457275391e+00 1.152136135101318359e+01
3.874999880790710449e-01 -6.241723060607910156e+00 1.152508831024169922e+01
4.000000059604644775e-01 -6.289884090423583984e+00 1.152344989776611328e+01
4.124999940395355225e-01 -6.268512725830078125e+00 1.153254795074462891e+01
4.250000119209289551e-01 -6.182483196258544922e+00 1.155274391174316406e+01
4.375000000000000000e-01 -6.038906097412109375e+00 1.156808280944824219e+01
4.499999880790710449e-01 -5.838172912597656250e+00 1.156876087188720703e+01
4.625000059604644775e-01 -5.575363159179687500e+00 1.156519031524658203e+01
4.749999940395355225e-01 -5.250173568725585938e+00 1.157352161407470703e+01
4.875000119209289551e-01 -4.871405601501464844e+00 1.159230518341064453e+01
5.000000000000000000e-01 -4.449254989624023438e+00 1.160337257385253906e+01
5.124999880790710449e-01 -3.985796213150024414e+00 1.159720134735107422e+01
5.249999761581420898e-01 -3.477388381958007812e+00 1.158781051635742188e+01
5.375000238418579102e-01 -2.926595211029052734e+00 1.159430122375488281e+01
5.500000119209289551e-01 -2.346914768218994141e+00 1.161226940155029297e+01
5.625000000000000000e-01 -1.751786708831787109e+00 1.161623954772949219e+01
5.749999880790710449e-01 -1.141155481338500977e+00 1.159516525268554688e+01
5.874999761581420898e-01 -5.053534507751464844e-01 1.157450962066650391e+01
6.000000238418579102e-01 1.542041152715682983e-01 1.158704376220703125e+01
6.125000119209289551e-01 8.115501403808593750e-01 1.161744880676269531e+01
6.250000000000000000e-01 1.429861307144165039e+00 1.158730602264404297e+01
6.374999880790710449e-01 1.991940379142761230e+00 1.141022491455078125e+01
6.499999761581420898e-01 2.515434980392456055e+00 1.106851863861083984e+01
6.625000238418579102e-01 3.034779787063598633e+00 1.063392257690429688e+01
6.750000119209289551e-01 3.567157030105590820e+00 1.021164894104003906e+01
6.875000000000000000e-01 4.096391677856445312e+00 9.865738868713378906e+00
6.999999880790710449e-01 4.588345050811767578e+00 9.596118927001953125e+00
7.124999761581420898e-01 5.018317699432373047e+00 9.375095367431640625e+00
7.250000238418579102e-01 5.382376194000244141e+00 9.190153121948242188e+00
7.375000119209289551e-01 5.686661720275878906e+00 9.047749519348144531e+00
7.500000000000000000e-01 5.932718753814697266e+00 8.949007987976074219e+00
7.624999880790710449e-01 6.115746498107910156e+00 8.878888130187988281e+00
7.749999761581420898e-01 6.232735157012939453e+00 8.822918891906738281e+00
7.875000238418579102e-01 6.286188602447509766e+00 8.784348487854003906e+00
8.000000119209289551e-01 6.278781890869140625e+00 8.775940895080566406e+00
8.125000000000000000e-01 6.208484172821044922e+00 8.798919677734375000e+00
8.249999880790710449e-01 6.072237014770507812e+00 8.840618133544921875e+00
8.374999761581420898e-01 5.872609615325927734e+00 8.895138740539550781e+00
8.500000238418579102e-01 5.616720676422119141e+00 8.976484298706054688e+00
8.625000119209289551e-01 5.308247089385986328e+00 9.102228164672851562e+00
8.750000000000000000e-01 4.944945812225341797e+00 9.268630981445312500e+00
8.874999880790710449e-01 4.527692317962646484e+00 9.455286979675292969e+00
8.999999761581420898e-01 4.069488525390625000e+00 9.659639358520507812e+00
9.125000238418579102e-01 3.588876724243164062e+00 9.915072441101074219e+00
9.250000119209289551e-01 3.090843439102172852e+00 1.025680351257324219e+01
9.375000000000000000e-01 2.557651758193969727e+00 1.066367435455322266e+01
9.499999880790710449e-01 1.965276360511779785e+00 1.104450035095214844e+01
9.624999761581420898e-01 1.312201380729675293e+00 1.129769229888916016e+01
9.750000238418579102e-01 6.299200057983398438e-01 1.139164447784423828e+01
9.875000119209289551e-01 -3.836908936500549316e-02 1.138504886627197266e+01
1.000000000000000000e+00 -6.701456904411315918e-01 1.136757183074951172e+01
1.012500047683715820e+00 -1.274137258529663086e+00 1.138415145874023438e+01
1.024999976158142090e+00 -1.870393395423889160e+00 1.141735649108886719e+01
1.037500023841857910e+00 -2.463771820068359375e+00 1.143292045593261719e+01
1.049999952316284180e+00 -3.038759469985961914e+00 1.142709064483642578e+01
1.062500000000000000e+00 -3.576665163040161133e+00 1.142458343505859375e+01
1.075000047683715820e+00 -4.071759700775146484e+00 1.144153881072998047e+01
1.087499976158142090e+00 -4.528446674346923828e+00 1.146591186523437500e+01
1.100000023841857910e+00 -4.946871757507324219e+00 1.147725200653076172e+01
1.112499952316284180e+00 -5.317008972167968750e+00 1.147497749328613281e+01
1.125000000000000000e+00 -5.627609252929687500e+00 1.147718143463134766e+01
1.137500047683715820e+00 -5.876540660858154297e+00 1.149446105957031250e+01
1.149999976158142090e+00 -6.068677425384521484e+00 1.151588630676269531e+01
1.162500023841857910e+00 -6.205224037170410156e+00 1.152519893646240234e+01
1.174999952316284180e+00 -6.279536247253417969e+00 1.152353858947753906e+01
1.187500000000000000e+00 -6.284838199615478516e+00 1.152724266052246094e+01
1.200000047683715820e+00 -6.222758769989013672e+00 1.154451751708984375e+01
1.212499976158142090e+00 -6.100832939147949219e+00 1.156379413604736328e+01
1.225000023841857910e+00 -5.922601222991943359e+00 1.156997394561767578e+01
1.237499952316284180e+00 -5.684226512908935547e+00 1.156584548950195312e+01
1.250000000000000000e+00 -5.382477760314941406e+00 1.156845474243164062e+01
1.262500047683715820e+00 -5.022955894470214844e+00 1.158486461639404297e+01
1.274999976158142090e+00 -4.616723537445068359e+00 1.160113525390625000e+01
1.287500023841857910e+00 -4.169528007507324219e+00 1.160117912292480469e+01
1.299999952316284180e+00 -3.678741455078125000e+00 1.159031009674072266e+01
1.312500000000000000e+00 -3.143191576004028320e+00 1.158949947357177734e+01
1.325000047683715820e+00 -2.572671890258789062e+00 1.160548305511474609e+01
1.337499976158142090e+00 -1.982604503631591797e+00 1.161784553527832031e+01
1.350000023841857910e+00 -1.378921389579772949e+00 1.160534763336181641e+01
1.362499952316284180e+00 -7.537694573402404785e-01 1.157982063293457031e+01
1.375000000000000000e+00 -1.016499176621437073e-01 1.157769012451171875e+01
1.387500047683715820e+00 5.609410405158996582e-01 1.160757732391357422e+01
1.399999976158142090e+00 1.198054671287536621e+00 1.161241340637207031e+01
1.412500023841857910e+00 1.781571865081787109e+00 1.149915027618408203e+01
1.424999952316284180e+00 2.316035747528076172e+00 1.121672916412353516e+01
1.437500000000000000e+00 2.833316326141357422e+00 1.080545806884765625e+01
1.450000047683715820e+00 3.360796213150024414e+00 1.036732673645019531e+01
1.462499976158142090e+00 3.894929170608520508e+00 9.988831520080566406e+00
1.475000023841857910e+00 4.405207633972167969e+00 9.692765235900878906e+00
1.487499952316284180e+00 4.860616207122802734e+00 9.455905914306640625e+00
1.500000000000000000e+00 5.249506950378417969e+00 9.256907463073730469e+00
1.512500047683715820e+00 5.576183319091796875e+00 9.097129821777343750e+00
1.524999976158142090e+00 5.845039844512939453e+00 8.982595443725585938e+00
1.537500023841857910e+00 6.053000926971435547e+00 8.903743743896484375e+00
1.549999952316284180e+00 6.195399761199951172e+00 8.843029975891113281e+00
1.562500000000000000e+00 6.272857189178466797e+00 8.796282768249511719e+00
1.575000047683715820e+00 6.288871765136718750e+00 8.775106430053710938e+00
1.587499976158142090e+00 6.243288993835449219e+00 8.787034034729003906e+00
1.600000023841857910e+00 6.132552623748779297e+00 8.823132514953613281e+00
1.612499952316284180e+00 5.956607818603515625e+00 8.872097969055175781e+00
1.625000000000000000e+00 5.721600532531738281e+00 8.940566062927246094e+00
1.637500047683715820e+00 5.433427333831787109e+00 9.048136711120605469e+00
1.649999976158142090e+00 5.091609477996826172e+00 9.200963973999023438e+00
1.662500023841857910e+00 4.694334506988525391e+00 9.381932258605957031e+00
1.674999952316284180e+00 4.249651908874511719e+00 9.577309608459472656e+00
1.687500000000000000e+00 3.775916099548339844e+00 9.807660102844238281e+00
1.700000047683715820e+00 3.285536050796508789e+00 1.011448097229003906e+01
1.712499976158142090e+00 2.769033908843994141e+00 1.050383090972900391e+01
1.725000023841857910e+00 2.201436996459960938e+00 1.090811729431152344e+01
1.737499952316284180e+00 1.569671511650085449e+00 1.121944808959960938e+01
1.750000000000000000e+00 8.934074640274047852e-01 1.137214088439941406e+01
1.762500047683715820e+00 2.153415381908416748e-01 1.139344978332519531e+01
1.774999976158142090e+00 -4.310104548931121826e-01 1.137116909027099609e+01
1.787500023841857910e+00 -1.043278336524963379e+00 1.137380886077880859e+01
1.799999952316284180e+00 -1.640687584877014160e+00 1.140511894226074219e+01
1.812500000000000000e+00 -2.236119031906127930e+00 1.143016529083251953e+01
1.825000047683715820e+00 -2.820729970932006836e+00 1.143053436279296875e+01
1.837499976158142090e+00 -3.374476432800292969e+00 1.142351913452148438e+01
1.850000023841857910e+00 -3.885813713073730469e+00 1.143292522430419922e+01
1.862499952316284180e+00 -4.356750011444091797e+00 1.145716381072998047e+01
1.875000000000000000e+00 -4.790620803833007812e+00 1.147506523132324219e+01
1.887500047683715820e+00 -5.180935382843017578e+00 1.147645759582519531e+01
1.899999976158142090e+00 -5.515344142913818359e+00 1.147465515136718750e+01
1.912500023841857910e+00 -5.787637233734130859e+00 1.148630714416503906e+01
1.924999952316284180e+00 -6.001091480255126953e+00 1.150838661193847656e+01
1.937500000000000000e+00 -6.159484863281250000e+00 1.152348232269287109e+01
1.950000047683715820e+00 -6.258831501007080078e+00 1.152452945709228516e+01
1.962499976158142090e+00 -6.291081428527832031e+00 1.152420997619628906e+01
1.975000023841857910e+00 -6.254199981689453125e+00 1.153663349151611328e+01
1.987499952316284180e+00 -6.154494762420654297e+00 1.155732822418212891e+01
2.000000000000000000e+00 -5.998091220855712891e+00 1.156947040557861328e+01
