0.000000000000000000e+00 6.260247707366943359e+00 8.805585861206054688e+00
1.250000018626451492e-02 6.290335178375244141e+00 8.777193069458007812e+00
2.500000037252902985e-02 6.258961677551269531e+00 8.781787872314453125e+00
3.750000149011611938e-02 6.162814617156982422e+00 8.813824653625488281e+00
5.000000074505805969e-02 6.000469684600830078e+00 8.860287666320800781e+00
6.250000000000000000e-02 5.777029514312744141e+00 8.923085212707519531e+00
7.500000298023223877e-02 5.499272346496582031e+00 9.021112442016601562e+00
8.749999850988388062e-02 5.168135166168212891e+00 9.165541648864746094e+00
1.000000014901161194e-01 4.781107902526855469e+00 9.342984199523925781e+00
1.124999970197677612e-01 4.343580722808837891e+00 9.535610198974609375e+00
1.250000000000000000e-01 3.872820615768432617e+00 9.756142616271972656e+00
1.375000029802322388e-01 3.384282112121582031e+00 1.004589939117431641e+01
1.500000059604644775e-01 2.873250484466552734e+00 1.042290592193603516e+01
1.624999940395355225e-01 2.315811395645141602e+00 1.083358478546142578e+01
1.749999970197677612e-01 1.694072604179382324e+00 1.117115974426269531e+01
1.875000000000000000e-01 1.021197438240051270e+00 1.135515975952148438e+01
2.000000029802322388e-01 3.380629420280456543e-01 1.139525890350341797e+01
2.125000059604644775e-01 -3.173060417175292969e-01 1.137431621551513672e+01
2.249999940395355225e-01 -9.364765286445617676e-01 1.137032985687255859e+01
2.374999970197677612e-01 -1.536848545074462891e+00 1.139882469177246094e+01
2.500000000000000000e-01 -2.134408712387084961e+00 1.142736530303955078e+01
2.624999880790710449e-01 -2.723973512649536133e+00 1.143155670166015625e+01
2.750000059604644775e-01 -3.285763263702392578e+00 1.142379283905029297e+01
2.874999940395355225e-01 -3.805741786956787109e+00 1.142982387542724609e+01
3.000000119209289551e-01 -4.284214973449707031e+00 1.145300006866455078e+01
3.125000000000000000e-01 -4.725376605987548828e+00 1.147325134277343750e+01
3.249999880790710449e-01 -5.124408245086669922e+00 1.147685813903808594e+01
3.375000059604644775e-01 -5.468980312347412109e+00 1.147424411773681641e+01
3.499999940395355225e-01 -5.751303195953369141e+00 1.148356628417968750e+01
3.625000119209289551e-01 -5.973613262176513672e+00 1.150519561767578125e+01
3.750000000000000000e-01 -6.140368461608886719e+00 1.152226448059082031e+01
3.874999880790710449e-01 -6.248749732971191406e+00 1.152490901947021484e+01
4.000000059604644775e-01 -6.290594100952148438e+00 1.152374172210693359e+01
4.124999940395355225e-01 -6.262589454650878906e+00 1.153431129455566406e+01
4.250000119209289551e-01 -6.170305728912353516e+00 1.155491638183593750e+01
4.375000000000000000e-01 -6.020546913146972656e+00 1.156894493103027344e+01
4.499999880790710449e-01 -5.812881469726562500e+00 1.156841182708740234e+01
4.625000059604644775e-01 -5.542337894439697266e+00 1.156554603576660156e+01
4.749999940395355225e-01 -5.209607601165771484e+00 1.157561397552490234e+01
4.875000119209289551e-01 -4.824282169342041016e+00 1.159459781646728516e+01
5.000000000000000000e-01 -4.396059513092041016e+00 1.160372924804687500e+01
5.124999880790710449e-01 -3.925947189331054688e+00 1.159604072570800781e+01
5.249999761581420898e-01 -3.410363435745239258e+00 1.158785915374755859e+01
5.375000238418579102e-01 -2.853321075439453125e+00 1.159674358367919922e+01
5.500000119209289551e-01 -2.269303798675537109e+00 1.161449146270751953e+01
5.625000000000000000e-01 -1.670659780502319336e+00 1.161501216888427734e+01
5.749999880790710449e-01 -1.055319786071777344e+00 1.159175586700439453e+01
5.874999761581420898e-01 -4.136700630187988281e-01 1.157428359985351562e+01
6.000000238418579102e-01 2.497279047966003418e-01 1.159199619293212891e+01
6.125000119209289551e-01 9.056037068367004395e-01 1.161962509155273438e+01
6.250000000000000000e-01 1.517719149589538574e+00 1.157210254669189453e+01
6.374999880790710449e-01 2.073680639266967773e+00 1.136831665039062500e+01
6.499999761581420898e-01 2.595773220062255859e+00 1.100483798980712891e+01
6.625000238418579102e-01 3.118265628814697266e+00 1.056429290771484375e+01
6.750000119209289551e-01 3.653521060943603516e+00 1.015050792694091797e+01
6.875000000000000000e-01 4.180631637573242188e+00 9.817367553710937500e+00
6.999999880790710449e-01 4.664949417114257812e+00 9.556807518005371094e+00
7.124999761581420898e-01 5.084884166717529297e+00 9.341273307800292969e+00
7.250000238418579102e-01 5.439309120178222656e+00 9.162383079528808594e+00
7.375000119209289551e-01 5.734424591064453125e+00 9.027596473693847656e+00
7.500000000000000000e-01 5.970361709594726562e+00 8.935067176818847656e+00
7.624999880790710449e-01 6.141952514648437500e+00 8.867959022521972656e+00
7.749999761581420898e-01 6.247202873229980469e+00 8.814214706420898438e+00
7.875000238418579102e-01 6.289243221282958984e+00 8.780293464660644531e+00
8.000000119209289551e-01 6.270043373107910156e+00 8.778320312500000000e+00
8.125000000000000000e-01 6.186822891235351562e+00 8.806120872497558594e+00
8.249999880790710449e-01 6.037193298339843750e+00 8.850323677062988281e+00
8.374999761581420898e-01 5.825065612792968750e+00 8.908736228942871094e+00
8.500000238418579102e-01 5.557601451873779297e+00 8.998348236083984375e+00
8.625000119209289551e-01 5.237112045288085938e+00 9.134044647216796875e+00
8.750000000000000000e-01 4.860974311828613281e+00 9.306858062744140625e+00
8.874999880790710449e-01 4.432230472564697266e+00 9.496809959411621094e+00
8.999999761581420898e-01 3.966382265090942383e+00 9.709042549133300781e+00
9.125000238418579102e-01 3.480889797210693359e+00 9.982211112976074219e+00
9.250000119209289551e-01 2.975770235061645508e+00 1.034389305114746094e+01
9.375000000000000000e-01 2.429439067840576172e+00 1.075563049316406250e+01
9.499999880790710449e-01 1.820365905761718750e+00 1.111588478088378906e+01
9.624999761581420898e-01 1.154799461364746094e+00 1.133225536346435547e+01
9.750000238418579102e-01 4.700802564620971680e-01 1.139529323577880859e+01
9.875000119209289551e-01 -1.924634724855422974e-01 1.137879753112792969e+01
1.000000000000000000e+00 -8.178229331970214844e-01 1.136806583404541016e+01
1.012500047683715820e+00 -1.420144915580749512e+00 1.139200592041015625e+01
1.024999976158142090e+00 -2.017924308776855469e+00 1.142345237731933594e+01
1.037500023841857910e+00 -2.610427141189575195e+00 1.143251609802246094e+01
1.049999952316284180e+00 -3.179174423217773438e+00 1.142487525939941406e+01
1.062500000000000000e+00 -3.707682847976684570e+00 1.142694664001464844e+01
1.075000047683715820e+00 -4.193813800811767578e+00 1.144795608520507812e+01
1.087499976158142090e+00 -4.642265319824218750e+00 1.147050952911376953e+01
1.100000023841857910e+00 -5.050404548645019531e+00 1.147726440429687500e+01
1.112499952316284180e+00 -5.406524658203125000e+00 1.147424888610839844e+01
1.125000000000000000e+00 -5.701092720031738281e+00 1.148044204711914062e+01
1.137500047683715820e+00 -5.934659957885742188e+00 1.150073337554931641e+01
1.149999976158142090e+00 -6.112190723419189453e+00 1.152004909515380859e+01
1.162500023841857910e+00 -6.232570648193359375e+00 1.152526092529296875e+01
1.174999952316284180e+00 -6.287948131561279297e+00 1.152338504791259766e+01
1.187500000000000000e+00 -6.273367404937744141e+00 1.153108692169189453e+01
1.200000047683715820e+00 -6.192970752716064453e+00 1.155085372924804688e+01
1.212499976158142090e+00 -6.054191112518310547e+00 1.156740188598632812e+01
1.225000023841857910e+00 -5.858212947845458984e+00 1.156929874420166016e+01
1.237499952316284180e+00 -5.600192546844482422e+00 1.156538391113281250e+01
1.250000000000000000e+00 -5.279058933258056641e+00 1.157248497009277344e+01
1.262500047683715820e+00 -4.903064250946044922e+00 1.159107017517089844e+01
1.274999976158142090e+00 -4.482825279235839844e+00 1.160341072082519531e+01
1.287500023841857910e+00 -4.021195411682128906e+00 1.159832382202148438e+01
1.299999952316284180e+00 -3.514555692672729492e+00 1.158840465545654297e+01
1.312500000000000000e+00 -2.964692354202270508e+00 1.159362220764160156e+01
1.325000047683715820e+00 -2.384657382965087891e+00 1.161159038543701172e+01
1.337499976158142090e+00 -1.788528919219970703e+00 1.161712837219238281e+01
1.350000023841857910e+00 -1.177242040634155273e+00 1.159712982177734375e+01
1.362499952316284180e+00 -5.411154031753540039e-01 1.157535552978515625e+01
1.375000000000000000e+00 1.196367964148521423e-01 1.158592891693115234e+01
1.387500047683715820e+00 7.800576686859130859e-01 1.161698722839355469e+01
1.399999976158142090e+00 1.402797937393188477e+00 1.159186553955078125e+01
1.412500023841857910e+00 1.968919754028320312e+00 1.142195129394531250e+01
1.424999952316284180e+00 2.494787931442260742e+00 1.108525466918945312e+01
1.437500000000000000e+00 3.015170574188232422e+00 1.065104103088378906e+01
1.450000047683715820e+00 3.548657655715942383e+00 1.022560405731201172e+01
1.462499976158142090e+00 4.080080509185791016e+00 9.875820159912109375e+00
1.475000023841857910e+00 4.575125217437744141e+00 9.603402137756347656e+00
1.487499952316284180e+00 5.008251190185546875e+00 9.380567550659179688e+00
1.500000000000000000e+00 5.374948978424072266e+00 9.194079399108886719e+00
1.512500047683715820e+00 5.681355476379394531e+00 9.050250053405761719e+00
1.524999976158142090e+00 5.929200649261474609e+00 8.950513839721679688e+00
1.537500023841857910e+00 6.113704204559326172e+00 8.879880905151367188e+00
1.549999952316284180e+00 6.231755256652832031e+00 8.823578834533691406e+00
1.562500000000000000e+00 6.285838127136230469e+00 8.784667968750000000e+00
1.575000047683715820e+00 6.278685569763183594e+00 8.776030540466308594e+00
1.587499976158142090e+00 6.208278179168701172e+00 8.798999786376953125e+00
1.600000023841857910e+00 6.071523666381835938e+00 8.840826988220214844e+00
1.612499952316284180e+00 5.871013164520263672e+00 8.895581245422363281e+00
1.625000000000000000e+00 5.613931179046630859e+00 8.977430343627929688e+00
1.637500047683715820e+00 5.303950786590576172e+00 9.104008674621582031e+00
1.649999976158142090e+00 4.938789844512939453e+00 9.271295547485351562e+00
1.662500023841857910e+00 4.519455909729003906e+00 9.458729743957519531e+00
1.674999952316284180e+00 4.059256076812744141e+00 9.664290428161621094e+00
1.687500000000000000e+00 3.576828479766845703e+00 9.922122955322265625e+00
1.700000047683715820e+00 3.076723337173461914e+00 1.026701450347900391e+01
1.712499976158142090e+00 2.540580272674560547e+00 1.067568778991699219e+01
1.725000023841857910e+00 1.944397330284118652e+00 1.105484008789062500e+01
1.737499952316284180e+00 1.287658214569091797e+00 1.130322074890136719e+01
1.750000000000000000e+00 6.030362248420715332e-01 1.139226627349853516e+01
1.762500047683715820e+00 -6.610190123319625854e-02 1.138370418548583984e+01
1.774999976158142090e+00 -6.982794404029846191e-01 1.136731815338134766e+01
1.787500023841857910e+00 -1.303339600563049316e+00 1.138547325134277344e+01
1.799999952316284180e+00 -1.901302099227905273e+00 1.141855049133300781e+01
1.812500000000000000e+00 -2.495965957641601562e+00 1.143276500701904297e+01
1.825000047683715820e+00 -3.070998907089233398e+00 1.142639446258544922e+01
1.837499976158142090e+00 -3.607985734939575195e+00 1.142489051818847656e+01
1.850000023841857910e+00 -4.102006435394287109e+00 1.144296836853027344e+01
1.862499952316284180e+00 -4.557652950286865234e+00 1.146707630157470703e+01
1.875000000000000000e+00 -4.974410533905029297e+00 1.147724914550781250e+01
1.887500047683715820e+00 -5.341686248779296875e+00 1.147465801239013672e+01
1.899999976158142090e+00 -5.648542404174804688e+00 1.147793006896972656e+01
1.912500023841857910e+00 -5.893595218658447266e+00 1.149622631072998047e+01
1.924999952316284180e+00 -6.081861972808837891e+00 1.151722049713134766e+01
1.937500000000000000e+00 -6.213904857635498047e+00 1.152530574798583984e+01
1.950000047683715820e+00 -6.282603263854980469e+00 1.152344799041748047e+01
1.962499976158142090e+00 -6.281626224517822266e+00 1.152838897705078125e+01
1.975000023841857910e+00 -6.213436126708984375e+00 1.154665279388427734e+01
1.987499952316284180e+00 -6.085680007934570312e+00 1.156522369384765625e+01
2.000000000000000000e+00 -5.901167392730712891e+00 1.156993293762207031e+01
