0.000000000000000000e+00 6.259871959686279297e+00 8.805805206298828125e+00
1.250000018626451492e-02 6.290133953094482422e+00 8.777238845825195312e+00
2.500000037252902985e-02 6.258564949035644531e+00 8.781852722167968750e+00
3.750000149011611938e-02 6.161825180053710938e+00 8.814048767089843750e+00
5.000000074505805969e-02 5.998495578765869141e+00 8.860729217529296875e+00
6.250000000000000000e-02 5.773758888244628906e+00 8.923965454101562500e+00
7.500000298023223877e-02 5.494427680969238281e+00 9.022862434387207031e+00
8.749999850988388062e-02 5.161366939544677734e+00 9.168405532836914062e+00
1.000000014901161194e-01 4.772085189819335938e+00 9.346780776977539062e+00
1.124999970197677612e-01 4.332261562347412109e+00 9.540330886840820312e+00
1.250000000000000000e-01 3.859481096267700195e+00 9.762741088867187500e+00
1.375000029802322388e-01 3.369021177291870117e+00 1.005580806732177734e+01
1.500000059604644775e-01 2.855441808700561523e+00 1.043608188629150391e+01
1.624999940395355225e-01 2.294330596923828125e+00 1.084716606140136719e+01
1.749999970197677612e-01 1.668366074562072754e+00 1.118087768554687500e+01
1.875000000000000000e-01 9.921222925186157227e-01 1.135875606536865234e+01
2.000000029802322388e-01 3.074162006378173828e-01 1.139444541931152344e+01
2.125000059604644775e-01 -3.482514321804046631e-01 1.137299346923828125e+01
2.249999940395355225e-01 -9.678810834884643555e-01 1.137086391448974609e+01
2.374999970197677612e-01 -1.569648861885070801e+00 1.140040206909179688e+01
2.500000000000000000e-01 -2.168869495391845703e+00 1.142796802520751953e+01
2.624999880790710449e-01 -2.759118795394897461e+00 1.143082618713378906e+01
2.750000059604644775e-01 -3.320241212844848633e+00 1.142329120635986328e+01
2.874999940395355225e-01 -3.838929891586303711e+00 1.143072986602783203e+01
3.000000119209289551e-01 -4.316193103790283203e+00 1.145452404022216797e+01
3.125000000000000000e-01 -4.755943298339843750e+00 1.147383975982666016e+01
3.249999880790710449e-01 -5.152538776397705078e+00 1.147640609741210938e+01
3.375000059604644775e-01 -5.493451118469238281e+00 1.147421741485595703e+01
3.499999940395355225e-01 -5.771580696105957031e+00 1.148490524291992188e+01
3.625000119209289551e-01 -5.989776134490966797e+00 1.150695705413818359e+01
3.750000000000000000e-01 -6.152183055877685547e+00 1.152294445037841797e+01
3.874999880790710449e-01 -6.255227088928222656e+00 1.152460479736328125e+01
4.000000059604644775e-01 -6.290685176849365234e+00 1.152406311035156250e+01
4.124999940395355225e-01 -6.256064891815185547e+00 1.153608989715576172e+01
4.250000119209289551e-01 -6.157564163208007812e+00 1.155691814422607422e+01
4.375000000000000000e-01 -6.001581668853759766e+00 1.156953525543212891e+01
4.499999880790710449e-01 -5.786880016326904297e+00 1.156794261932373047e+01
4.625000059604644775e-01 -5.508565902709960938e+00 1.156599044799804688e+01
4.749999940395355225e-01 -5.168384075164794922e+00 1.157774257659912109e+01
4.875000119209289551e-01 -4.776604652404785156e+00 1.159664344787597656e+01
5.000000000000000000e-01 -4.342289447784423828e+00 1.160371971130371094e+01
5.124999880790710449e-01 -3.865422725677490234e+00 1.159477901458740234e+01
5.249999761581420898e-01 -3.342684745788574219e+00 1.158812236785888672e+01
5.375000238418579102e-01 -2.779615402221679688e+00 1.159926509857177734e+01
5.500000119209289551e-01 -2.191472768783569336e+00 1.161628627777099609e+01
5.625000000000000000e-01 -1.589255809783935547e+00 1.161319637298583984e+01
5.749999880790710449e-01 -9.689724445343017578e-01 1.158835983276367188e+01
5.874999761581420898e-01 -3.215111196041107178e-01 1.157475757598876953e+01
6.000000238418579102e-01 3.451259732246398926e-01 1.159717559814453125e+01
6.125000119209289551e-01 9.986888766288757324e-01 1.162009239196777344e+01
6.250000000000000000e-01 1.604248642921447754e+00 1.155316829681396484e+01
6.374999880790710449e-01 2.154574632644653320e+00 1.132244586944580078e+01
6.499999761581420898e-01 2.676116943359375000e+00 1.093918704986572266e+01
6.625000238418579102e-01 3.202103137969970703e+00 1.049537467956542969e+01
6.750000119209289551e-01 3.739688873291015625e+00 1.009150886535644531e+01
6.875000000000000000e-01 4.263695716857910156e+00 9.770864486694335938e+00
6.999999880790710449e-01 4.739727020263671875e+00 9.518553733825683594e+00
7.124999761581420898e-01 5.149559497833251953e+00 9.308332443237304688e+00
7.250000238418579102e-01 5.494497776031494141e+00 9.135846138000488281e+00
7.375000119209289551e-01 5.780372142791748047e+00 9.008695602416992188e+00
7.500000000000000000e-01 6.005926132202148438e+00 8.921823501586914062e+00
7.624999880790710449e-01 6.165932178497314453e+00 8.857306480407714844e+00
7.749999761581420898e-01 6.259496212005615234e+00 8.806065559387207031e+00
7.875000238418579102e-01 6.290134906768798828e+00 8.777317047119140625e+00
8.000000119209289551e-01 6.258953094482421875e+00 8.781725883483886719e+00
8.125000000000000000e-01 6.162622928619384766e+00 8.813797950744628906e+00
8.249999880790710449e-01 5.999692440032958984e+00 8.860406875610351562e+00
8.374999761581420898e-01 5.775308132171630859e+00 8.923490524291992188e+00
8.500000238418579102e-01 5.496301174163818359e+00 9.022112846374511719e+00
8.625000119209289551e-01 5.163579940795898438e+00 9.167388916015625000e+00
8.750000000000000000e-01 4.774639129638671875e+00 9.345633506774902344e+00
8.874999880790710449e-01 4.335080146789550781e+00 9.539091110229492188e+00
8.999999761581420898e-01 3.862441539764404297e+00 9.761206626892089844e+00
9.125000238418579102e-01 3.372080087661743164e+00 1.005373001098632812e+01
9.250000119209289551e-01 2.858707427978515625e+00 1.043355941772460938e+01
9.375000000000000000e-01 2.297964334487915039e+00 1.084476661682128906e+01
9.499999880790710449e-01 1.672390699386596680e+00 1.117926692962646484e+01
9.624999761581420898e-01 9.963425993919372559e-01 1.135816192626953125e+01
9.750000238418579102e-01 3.115513324737548828e-01 1.139450073242187500e+01
9.875000119209289551e-01 -3.443513810634613037e-01 1.137311649322509766e+01
1.000000000000000000e+00 -9.641596674919128418e-01 1.137075901031494141e+01
1.012500047683715820e+00 -1.565972685813903809e+00 1.140018749237060547e+01
1.024999976158142090e+00 -2.165205001831054688e+00 1.142787075042724609e+01
1.037500023841857910e+00 -2.755567550659179688e+00 1.143087005615234375e+01
1.049999952316284180e+00 -3.316924571990966797e+00 1.142331027984619141e+01
1.062500000000000000e+00 -3.835881948471069336e+00 1.143061923980712891e+01
1.075000047683715820e+00 -4.313381671905517578e+00 1.145436859130859375e+01
1.087499976158142090e+00 -4.753366947174072266e+00 1.147377300262451172e+01
1.100000023841857910e+00 -5.150264263153076172e+00 1.147642612457275391e+01
1.112499952316284180e+00 -5.491550445556640625e+00 1.147420310974121094e+01
1.125000000000000000e+00 -5.770064353942871094e+00 1.148479080200195312e+01
1.137500047683715820e+00 -5.988609313964843750e+00 1.150682163238525391e+01
1.149999976158142090e+00 -6.151360034942626953e+00 1.152289390563964844e+01
1.162500023841857910e+00 -6.254793643951416016e+00 1.152462100982666016e+01
1.174999952316284180e+00 -6.290683746337890625e+00 1.152403640747070312e+01
1.187500000000000000e+00 -6.256480693817138672e+00 1.153597450256347656e+01
1.200000047683715820e+00 -6.158346176147460938e+00 1.155679798126220703e+01
1.212499976158142090e+00 -6.002711772918701172e+00 1.156950664520263672e+01
1.225000023841857910e+00 -5.788386821746826172e+00 1.156797313690185547e+01
1.237499952316284180e+00 -5.510468006134033203e+00 1.156596660614013672e+01
1.250000000000000000e+00 -5.170639514923095703e+00 1.157763099670410156e+01
1.262500047683715820e+00 -4.779141426086425781e+00 1.159654617309570312e+01
1.274999976158142090e+00 -4.345077514648437500e+00 1.160373497009277344e+01
1.287500023841857910e+00 -3.868485450744628906e+00 1.159485149383544922e+01
1.299999952316284180e+00 -3.346025228500366211e+00 1.158811283111572266e+01
1.312500000000000000e+00 -2.783161163330078125e+00 1.159915256500244141e+01
1.325000047683715820e+00 -2.195125818252563477e+00 1.161622142791748047e+01
1.337499976158142090e+00 -1.592992305755615234e+00 1.161330127716064453e+01
1.350000023841857910e+00 -9.728536009788513184e-01 1.158852005004882812e+01
1.362499952316284180e+00 -3.255615234375000000e-01 1.157473278045654297e+01
1.375000000000000000e+00 3.410372138023376465e-01 1.159696292877197266e+01
1.387500047683715820e+00 9.948013424873352051e-01 1.162012386322021484e+01
1.399999976158142090e+00 1.600716352462768555e+00 1.155403709411621094e+01
1.412500023841857910e+00 2.151326417922973633e+00 1.132438755035400391e+01
1.424999952316284180e+00 2.672931194305419922e+00 1.094183826446533203e+01
1.437500000000000000e+00 3.198831081390380859e+00 1.049805641174316406e+01
1.450000047683715820e+00 3.736397266387939453e+00 1.009373855590820312e+01
1.462499976158142090e+00 4.260598659515380859e+00 9.772590637207031250e+00
1.475000023841857910e+00 4.737003326416015625e+00 9.519953727722167969e+00
1.487499952316284180e+00 5.147251605987548828e+00 9.309514045715332031e+00
1.500000000000000000e+00 5.492565631866455078e+00 9.136770248413085938e+00
1.512500047683715820e+00 5.778798103332519531e+00 9.009337425231933594e+00
1.524999976158142090e+00 6.004738330841064453e+00 8.922269821166992188e+00
1.537500023841857910e+00 6.165155887603759766e+00 8.857663154602050781e+00
1.549999952316284180e+00 6.259118080139160156e+00 8.806325912475585938e+00
1.562500000000000000e+00 6.290133476257324219e+00 8.777396202087402344e+00
1.575000047683715820e+00 6.259338378906250000e+00 8.781600952148437500e+00
1.587499976158142090e+00 6.163418292999267578e+00 8.813547134399414062e+00
1.600000023841857910e+00 6.000886440277099609e+00 8.860084533691406250e+00
1.612499952316284180e+00 5.776855468750000000e+00 8.923017501831054688e+00
1.625000000000000000e+00 5.498172760009765625e+00 9.021364212036132812e+00
1.637500047683715820e+00 5.165790081024169922e+00 9.166373252868652344e+00
1.649999976158142090e+00 4.777191162109375000e+00 9.344486236572265625e+00
1.662500023841857910e+00 4.337897300720214844e+00 9.537852287292480469e+00
1.674999952316284180e+00 3.865401268005371094e+00 9.759674072265625000e+00
1.687500000000000000e+00 3.375138282775878906e+00 1.005165481567382812e+01
1.700000047683715820e+00 2.861971378326416016e+00 1.043103790283203125e+01
1.712499976158142090e+00 2.301595449447631836e+00 1.084236431121826172e+01
1.725000023841857910e+00 1.676413416862487793e+00 1.117765140533447266e+01
1.737499952316284180e+00 1.000562548637390137e+00 1.135756301879882812e+01
1.750000000000000000e+00 3.156876862049102783e-01 1.139455413818359375e+01
1.762500047683715820e+00 -3.404498696327209473e-01 1.137323951721191406e+01
1.774999976158142090e+00 -9.604375958442687988e-01 1.137065505981445312e+01
1.787500023841857910e+00 -1.562296509742736816e+00 1.139997196197509766e+01
1.799999952316284180e+00 -2.161540269851684570e+00 1.142777252197265625e+01
1.812500000000000000e+00 -2.752015113830566406e+00 1.143091297149658203e+01
1.825000047683715820e+00 -3.313606262207031250e+00 1.142332935333251953e+01
1.837499976158142090e+00 -3.832832336425781250e+00 1.143050956726074219e+01
1.850000023841857910e+00 -4.310568332672119141e+00 1.145421218872070312e+01
1.862499952316284180e+00 -4.750789165496826172e+00 1.147370529174804688e+01
1.875000000000000000e+00 -5.147987842559814453e+00 1.147644615173339844e+01
1.887500047683715820e+00 -5.489647865295410156e+00 1.147418880462646484e+01
1.899999976158142090e+00 -5.768545627593994141e+00 1.148467731475830078e+01
1.912500023841857910e+00 -5.987440586090087891e+00 1.150668621063232422e+01
1.924999952316284180e+00 -6.150535106658935547e+00 1.152284145355224609e+01
1.937500000000000000e+00 -6.254357814788818359e+00 1.152463626861572266e+01
1.950000047683715820e+00 -6.290679931640625000e+00 1.152400970458984375e+01
1.962499976158142090e+00 -6.256894111633300781e+00 1.153585910797119141e+01
1.975000023841857910e+00 -6.159126758575439453e+00 1.155667877197265625e+01
1.987499952316284180e+00 -6.003839492797851562e+00 1.156947803497314453e+01
2.000000000000000000e+00 -5.789891242980957031e+00 1.156800460815429688e+01
