0.000000000000000000e+00 6.259496212005615234e+00 8.806124687194824219e+00
1.250000018626451492e-02 6.289933204650878906e+00 8.777384757995605469e+00
2.500000037252902985e-02 6.258168220520019531e+00 8.782017707824707031e+00
3.750000149011611938e-02 6.160833358764648438e+00 8.814373970031738281e+00
5.000000074505805969e-02 5.996517181396484375e+00 8.861272811889648438e+00
6.250000000000000000e-02 5.770480632781982422e+00 8.924949645996093750e+00
7.500000298023223877e-02 5.489570617675781250e+00 9.024723052978515625e+00
8.749999850988388062e-02 5.154581069946289062e+00 9.171378135681152344e+00
1.000000014901161194e-01 4.763040542602539062e+00 9.350682258605957031e+00
1.124999970197677612e-01 4.320923805236816406e+00 9.545166015625000000e+00
1.250000000000000000e-01 3.846130609512329102e+00 9.769490242004394531e+00
1.375000029802322388e-01 3.353743314743041992e+00 1.006589317321777344e+01
1.500000059604644775e-01 2.837585687637329102e+00 1.044938373565673828e+01
1.624999940395355225e-01 2.272767305374145508e+00 1.086073207855224609e+01
1.749999970197677612e-01 1.642580509185791016e+00 1.119044399261474609e+01
1.875000000000000000e-01 9.630283117294311523e-01 1.136219787597656250e+01
2.000000029802322388e-01 2.768260240554809570e-01 1.139363002777099609e+01
2.125000059604644775e-01 -3.791142702102661133e-01 1.137183761596679688e+01
2.249999940395355225e-01 -9.992400407791137695e-01 1.137159061431884766e+01
2.374999970197677612e-01 -1.602442979812622070e+00 1.140206718444824219e+01
2.500000000000000000e-01 -2.203298807144165039e+00 1.142857933044433594e+01
2.624999880790710449e-01 -2.794151306152343750e+00 1.143016147613525391e+01
2.750000059604644775e-01 -3.354540824890136719e+00 1.142296695709228516e+01
2.874999940395355225e-01 -3.871930837631225586e+00 1.143182182312011719e+01
3.000000119209289551e-01 -4.347990036010742188e+00 1.145612335205078125e+01
3.125000000000000000e-01 -4.786281108856201172e+00 1.147443199157714844e+01
3.249999880790710449e-01 -5.180344581604003906e+00 1.147603130340576172e+01
3.375000059604644775e-01 -5.517524242401123047e+00 1.147439098358154297e+01
3.499999940395355225e-01 -5.791454315185546875e+00 1.148643398284912109e+01
3.625000119209289551e-01 -6.005539417266845703e+00 1.150876998901367188e+01
3.750000000000000000e-01 -6.163539409637451172e+00 1.152360343933105469e+01
3.874999880790710449e-01 -6.261138916015625000e+00 1.152438735961914062e+01
4.000000059604644775e-01 -6.290148258209228516e+00 1.152462005615234375e+01
4.124999940395355225e-01 -6.248937606811523438e+00 1.153806781768798828e+01
4.250000119209289551e-01 -6.144252777099609375e+00 1.155892658233642578e+01
4.375000000000000000e-01 -5.981995105743408203e+00 1.157005882263183594e+01
4.499999880790710449e-01 -5.760155200958251953e+00 1.156757831573486328e+01
4.625000059604644775e-01 -5.474046707153320312e+00 1.156673145294189453e+01
4.749999940395355225e-01 -5.126511573791503906e+00 1.158008193969726562e+01
4.875000119209289551e-01 -4.728374481201171875e+00 1.159861469268798828e+01
5.000000000000000000e-01 -4.287930488586425781e+00 1.160355949401855469e+01
5.124999880790710449e-01 -3.804213047027587891e+00 1.159366416931152344e+01
5.249999761581420898e-01 -3.274369239807128906e+00 1.158881187438964844e+01
5.375000238418579102e-01 -2.705509662628173828e+00 1.160200786590576172e+01
5.500000119209289551e-01 -2.113429784774780273e+00 1.161779594421386719e+01
5.625000000000000000e-01 -1.507545113563537598e+00 1.161102962493896484e+01
5.749999880790710449e-01 -8.820925354957580566e-01 1.158528995513916016e+01
5.874999761581420898e-01 -2.289284020662307739e-01 1.157615089416503906e+01
6.000000238418579102e-01 4.402779936790466309e-01 1.160257434844970703e+01
6.125000119209289551e-01 1.090710163116455078e+00 1.161872386932373047e+01
6.250000000000000000e-01 1.689473390579223633e+00 1.153054523468017578e+01
6.374999880790710449e-01 2.234747886657714844e+00 1.127301311492919922e+01
6.499999761581420898e-01 2.756567001342773438e+00 1.087220096588134766e+01
6.625000238418579102e-01 3.286256790161132812e+00 1.042770576477050781e+01
6.750000119209289551e-01 3.825509309768676758e+00 1.003489112854003906e+01
6.875000000000000000e-01 4.345441341400146484e+00 9.726282119750976562e+00
6.999999880790710449e-01 4.812633991241455078e+00 9.481464385986328125e+00
7.124999761581420898e-01 5.212371349334716797e+00 9.276513099670410156e+00
7.250000238418579102e-01 5.547951221466064453e+00 9.110785484313964844e+00
7.375000119209289551e-01 5.824465274810791016e+00 8.991173744201660156e+00
7.500000000000000000e-01 6.039371967315673828e+00 8.909361839294433594e+00
7.624999880790710449e-01 6.187686920166015625e+00 8.847125053405761719e+00
7.749999761581420898e-01 6.269631862640380859e+00 8.798768997192382812e+00
7.875000238418579102e-01 6.288845539093017578e+00 8.775658607482910156e+00
8.000000119209289551e-01 6.245468616485595703e+00 8.786262512207031250e+00
8.125000000000000000e-01 6.135879993438720703e+00 8.822062492370605469e+00
8.249999880790710449e-01 5.959785461425781250e+00 8.871158599853515625e+00
8.374999761581420898e-01 5.723373889923095703e+00 8.939790725708007812e+00
8.500000238418579102e-01 5.432791709899902344e+00 9.047993659973144531e+00
8.625000119209289551e-01 5.087622642517089844e+00 9.202247619628906250e+00
8.750000000000000000e-01 4.686035633087158203e+00 9.385042190551757812e+00
8.874999880790710449e-01 4.236442565917968750e+00 9.582631111145019531e+00
8.999999761581420898e-01 3.757770299911499023e+00 9.816806793212890625e+00
9.125000238418579102e-01 3.262279987335205078e+00 1.012976932525634766e+01
9.250000119209289551e-01 2.739332675933837891e+00 1.052501964569091797e+01
9.375000000000000000e-01 2.163116693496704102e+00 1.092994499206542969e+01
9.499999880790710449e-01 1.521688103675842285e+00 1.123425960540771484e+01
9.624999761581420898e-01 8.374198675155639648e-01 1.137630271911621094e+01
9.750000238418579102e-01 1.547088325023651123e-01 1.139077758789062500e+01
9.875000119209289551e-01 -4.941222369670867920e-01 1.136897087097167969e+01
1.000000000000000000e+00 -1.109481930732727051e+00 1.137561035156250000e+01
1.012500047683715820e+00 -1.711743474006652832e+00 1.140827751159667969e+01
1.024999976158142090e+00 -2.311994791030883789e+00 1.143068695068359375e+01
1.037500023841857910e+00 -2.898849010467529297e+00 1.142863273620605469e+01
1.049999952316284180e+00 -3.451886653900146484e+00 1.142296028137207031e+01
1.062500000000000000e+00 -3.961356401443481445e+00 1.143560409545898438e+01
1.075000047683715820e+00 -4.430494785308837891e+00 1.146053409576416016e+01
1.087499976158142090e+00 -4.861557960510253906e+00 1.147584819793701172e+01
1.100000023841857910e+00 -5.246195793151855469e+00 1.147533702850341797e+01
1.112499952316284180e+00 -5.572019577026367188e+00 1.147532653808593750e+01
1.125000000000000000e+00 -5.834637641906738281e+00 1.149019718170166016e+01
1.137500047683715820e+00 -6.038434028625488281e+00 1.151250457763671875e+01
1.149999976158142090e+00 -6.186022758483886719e+00 1.152460765838623047e+01
1.162500023841857910e+00 -6.271696567535400391e+00 1.152390480041503906e+01
1.174999952316284180e+00 -6.287759304046630859e+00 1.152594947814941406e+01
1.187500000000000000e+00 -6.234377384185791016e+00 1.154180049896240234e+01
1.200000047683715820e+00 -6.118989467620849609e+00 1.156208801269531250e+01
1.212499976158142090e+00 -5.946270465850830078e+00 1.157035636901855469e+01
1.225000023841857910e+00 -5.712989807128906250e+00 1.156672859191894531e+01
1.237499952316284180e+00 -5.415190219879150391e+00 1.156805324554443359e+01
1.250000000000000000e+00 -5.057558059692382812e+00 1.158365058898925781e+01
1.262500047683715820e+00 -4.651371479034423828e+00 1.160092163085937500e+01
1.274999976158142090e+00 -4.203364372253417969e+00 1.160245990753173828e+01
1.287500023841857910e+00 -3.711305141448974609e+00 1.159172725677490234e+01
1.299999952316284180e+00 -3.173457384109497070e+00 1.158992767333984375e+01
1.312500000000000000e+00 -2.599156379699707031e+00 1.160552787780761719e+01
1.325000047683715820e+00 -2.004305839538574219e+00 1.161869907379150391e+01
1.337499976158142090e+00 -1.395658850669860840e+00 1.160697650909423828e+01
1.350000023841857910e+00 -7.654556035995483398e-01 1.158123683929443359e+01
1.362499952316284180e+00 -1.076904684305191040e-01 1.157865715026855469e+01
1.375000000000000000e+00 5.610954165458679199e-01 1.160873699188232422e+01
1.387500047683715820e+00 1.203965187072753906e+00 1.161326408386230469e+01
1.399999976158142090e+00 1.791991472244262695e+00 1.149692726135253906e+01
1.412500023841857910e+00 2.330211162567138672e+00 1.120850276947021484e+01
1.424999952316284180e+00 2.851709365844726562e+00 1.079130840301513672e+01
1.437500000000000000e+00 3.384109497070312500e+00 1.035053443908691406e+01
1.450000047683715820e+00 3.922554969787597656e+00 9.972688674926757812e+00
1.462499976158142090e+00 4.435031890869140625e+00 9.677976608276367188e+00
1.475000023841857910e+00 4.890372276306152344e+00 9.441578865051269531e+00
1.487499952316284180e+00 5.277915954589843750e+00 9.243194580078125000e+00
1.500000000000000000e+00 5.602574348449707031e+00 9.085593223571777344e+00
1.512500047683715820e+00 5.868282794952392578e+00 8.974022865295410156e+00
1.524999976158142090e+00 6.071365833282470703e+00 8.897039413452148438e+00
1.537500023841857910e+00 6.207414150238037109e+00 8.837124824523925781e+00
1.549999952316284180e+00 6.277707576751708984e+00 8.792258262634277344e+00
1.562500000000000000e+00 6.285702705383300781e+00 8.775104522705078125e+00
1.575000047683715820e+00 6.230571269989013672e+00 8.791353225708007812e+00
1.587499976158142090e+00 6.108707427978515625e+00 8.830130577087402344e+00
1.600000023841857910e+00 5.921060562133789062e+00 8.881643295288085938e+00
1.612499952316284180e+00 5.674500465393066406e+00 8.955983161926269531e+00
1.625000000000000000e+00 5.374215602874755859e+00 9.072867393493652344e+00
1.637500047683715820e+00 5.018767833709716797e+00 9.234051704406738281e+00
1.649999976158142090e+00 4.607408523559570312e+00 9.419775962829589844e+00
1.662500023841857910e+00 4.151018619537353516e+00 9.621231079101562500e+00
1.674999952316284180e+00 3.668925762176513672e+00 9.866837501525878906e+00
1.687500000000000000e+00 3.169959306716918945e+00 1.019660091400146484e+01
1.700000047683715820e+00 2.639279603958129883e+00 1.060109710693359375e+01
1.712499976158142090e+00 2.051206588745117188e+00 1.099568843841552734e+01
1.725000023841857910e+00 1.399312257766723633e+00 1.127241992950439453e+01
1.737499952316284180e+00 7.119008898735046387e-01 1.138602542877197266e+01
1.750000000000000000e+00 3.381254896521568298e-02 1.138681602478027344e+01
1.762500047683715820e+00 -6.079643368721008301e-01 1.136725425720214844e+01
1.774999976158142090e+00 -1.219323158264160156e+00 1.138058853149414062e+01
1.787500023841857910e+00 -1.821048974990844727e+00 1.141407012939453125e+01
1.799999952316284180e+00 -2.420274496078491211e+00 1.143187236785888672e+01
1.812500000000000000e+00 -3.002392768859863281e+00 1.142698478698730469e+01
1.825000047683715820e+00 -3.547751188278198242e+00 1.142365074157714844e+01
1.837499976158142090e+00 -4.049454212188720703e+00 1.143984317779541016e+01
1.850000023841857910e+00 -4.511776924133300781e+00 1.146457386016845703e+01
1.862499952316284180e+00 -4.935313701629638672e+00 1.147666835784912109e+01
1.875000000000000000e+00 -5.310077667236328125e+00 1.147466659545898438e+01
1.887500047683715820e+00 -5.624398231506347656e+00 1.147682666778564453e+01
1.899999976158142090e+00 -5.875884532928466797e+00 1.149423885345458984e+01
1.912500023841857910e+00 -6.069499969482421875e+00 1.151585292816162109e+01
1.924999952316284180e+00 -6.206467628479003906e+00 1.152512931823730469e+01
1.937500000000000000e+00 -6.279928684234619141e+00 1.152352809906005859e+01
1.950000047683715820e+00 -6.283052444458007812e+00 1.152780246734619141e+01
1.962499976158142090e+00 -6.217778205871582031e+00 1.154570388793945312e+01
1.975000023841857910e+00 -6.091858863830566406e+00 1.156479740142822266e+01
1.987499952316284180e+00 -5.908547878265380859e+00 1.157020473480224609e+01
2.000000000000000000e+00 -5.663664817810058594e+00 1.156606674194335938e+01
