0.000000000000000000e+00 6.259110450744628906e+00 8.806344032287597656e+00
1.250000018626451492e-02 6.289723396301269531e+00 8.777429580688476562e+00
2.500000037252902985e-02 6.257761478424072266e+00 8.782082557678222656e+00
3.750000149011611938e-02 6.159830570220947266e+00 8.814598083496093750e+00
5.000000074505805969e-02 5.994524478912353516e+00 8.861715316772460938e+00
6.250000000000000000e-02 5.767185688018798828e+00 8.925838470458984375e+00
7.500000298023223877e-02 5.484693527221679688e+00 9.026492118835449219e+00
8.749999850988388062e-02 5.147769451141357422e+00 9.174260139465332031e+00
1.000000014901161194e-01 4.753966331481933594e+00 9.354488372802734375e+00
1.124999970197677612e-01 4.309561252593994141e+00 9.549915313720703125e+00
1.250000000000000000e-01 3.832763433456420898e+00 9.776188850402832031e+00
1.375000029802322388e-01 3.338443994522094727e+00 1.007595252990722656e+01
1.500000059604644775e-01 2.819677829742431641e+00 1.046260833740234375e+01
1.624999940395355225e-01 2.251118421554565430e+00 1.087407970428466797e+01
1.749999970197677612e-01 1.616716146469116211e+00 1.119965744018554688e+01
1.875000000000000000e-01 9.339182972908020020e-01 1.136529159545898438e+01
2.000000029802322388e-01 2.462952136993408203e-01 1.139262294769287109e+01
2.125000059604644775e-01 -4.098939895629882812e-01 1.137065315246582031e+01
2.249999940395355225e-01 -1.030553698539733887e+00 1.137230777740478516e+01
2.374999970197677612e-01 -1.635227680206298828e+00 1.140361309051513672e+01
2.500000000000000000e-01 -2.237688541412353516e+00 1.142899894714355469e+01
2.624999880790710449e-01 -2.829061031341552734e+00 1.142936897277832031e+01
2.750000059604644775e-01 -3.388653755187988281e+00 1.142262268066406250e+01
2.874999940395355225e-01 -3.904739379882812500e+00 1.143289089202880859e+01
3.000000119209289551e-01 -4.379597663879394531e+00 1.145758819580078125e+01
3.125000000000000000e-01 -4.816378116607666016e+00 1.147482681274414062e+01
3.249999880790710449e-01 -5.207811355590820312e+00 1.147554397583007812e+01
3.375000059604644775e-01 -5.541190624237060547e+00 1.147456741333007812e+01
3.499999940395355225e-01 -5.810917377471923828e+00 1.148794364929199219e+01
3.625000119209289551e-01 -6.020894050598144531e+00 1.151042175292968750e+01
3.750000000000000000e-01 -6.174421787261962891e+00 1.152404308319091797e+01
3.874999880790710449e-01 -6.266469955444335938e+00 1.152407455444335938e+01
4.000000059604644775e-01 -6.288976669311523438e+00 1.152521800994873047e+01
4.124999940395355225e-01 -6.241205692291259766e+00 1.154002952575683594e+01
4.250000119209289551e-01 -6.130364894866943359e+00 1.156072902679443359e+01
4.375000000000000000e-01 -5.961771965026855469e+00 1.157032299041748047e+01
4.499999880790710449e-01 -5.732693672180175781e+00 1.156714439392089844e+01
4.625000059604644775e-01 -5.438782691955566406e+00 1.156757545471191406e+01
4.749999940395355225e-01 -5.084001541137695312e+00 1.158240222930908203e+01
4.875000119209289551e-01 -4.679591655731201172e+00 1.160028457641601562e+01
5.000000000000000000e-01 -4.232968330383300781e+00 1.160306739807128906e+01
5.124999880790710449e-01 -3.742311954498291016e+00 1.159254169464111328e+01
5.249999761581420898e-01 -3.205437898635864258e+00 1.158973121643066406e+01
5.375000238418579102e-01 -2.631037235260009766e+00 1.160471153259277344e+01
5.500000119209289551e-01 -2.035179853439331055e+00 1.161877536773681641e+01
5.625000000000000000e-01 -1.425497651100158691e+00 1.160837268829345703e+01
5.749999880790710449e-01 -7.946675419807434082e-01 1.158246231079101562e+01
5.874999761581420898e-01 -1.359860897064208984e-01 1.157826232910156250e+01
6.000000238418579102e-01 5.350604653358459473e-01 1.160776424407958984e+01
6.125000119209289551e-01 1.181585311889648438e+00 1.161500167846679688e+01
6.250000000000000000e-01 1.773435831069946289e+00 1.150392532348632812e+01
6.374999880790710449e-01 2.314331054687500000e+00 1.122007369995117188e+01
6.499999761581420898e-01 2.837207317352294922e+00 1.080412006378173828e+01
6.625000238418579102e-01 3.370668172836303711e+00 1.036138057708740234e+01
6.750000119209289551e-01 3.910823106765747070e+00 9.980449676513671875e+00
6.875000000000000000e-01 4.425738811492919922e+00 9.683265686035156250e+00
6.999999880790710449e-01 4.883643627166748047e+00 9.445269584655761719e+00
7.124999761581420898e-01 5.273349285125732422e+00 9.245667457580566406e+00
7.250000238418579102e-01 5.599671363830566406e+00 9.087024688720703125e+00
7.375000119209289551e-01 5.866660118103027344e+00 8.974738121032714844e+00
7.500000000000000000e-01 6.070665359497070312e+00 8.897376060485839844e+00
7.624999880790710449e-01 6.207225799560546875e+00 8.837234497070312500e+00
7.749999761581420898e-01 6.277623653411865234e+00 8.792230606079101562e+00
7.875000238418579102e-01 6.285348892211914062e+00 8.775134086608886719e+00
8.000000119209289551e-01 6.229551792144775391e+00 8.791618347167968750e+00
8.125000000000000000e-01 6.106604099273681641e+00 8.830653190612792969e+00
8.249999880790710449e-01 5.917528152465820312e+00 8.882506370544433594e+00
8.374999761581420898e-01 5.669289588928222656e+00 8.957609176635742188e+00
8.500000238418579102e-01 5.367034912109375000e+00 9.075750350952148438e+00
8.625000119209289551e-01 5.009230613708496094e+00 9.238192558288574219e+00
8.750000000000000000e-01 4.595288753509521484e+00 9.424843788146972656e+00
8.874999880790710449e-01 4.136519908905029297e+00 9.627607345581054688e+00
8.999999761581420898e-01 3.652422904968261719e+00 9.876062393188476562e+00
9.125000238418579102e-01 3.151268005371093750e+00 1.020987510681152344e+01
9.250000119209289551e-01 2.617340326309204102e+00 1.061694335937500000e+01
9.375000000000000000e-01 2.024880409240722656e+00 1.100971412658691406e+01
9.499999880790710449e-01 1.368683218955993652e+00 1.128036403656005859e+01
9.624999761581420898e-01 6.786102056503295898e-01 1.138740158081054688e+01
9.750000238418579102e-01 -1.749299990478903055e-04 1.138519382476806641e+01
9.875000119209289551e-01 -6.419546008110046387e-01 1.136668014526367188e+01
1.000000000000000000e+00 -1.254099845886230469e+00 1.138200378417968750e+01
1.012500047683715820e+00 -1.857487082481384277e+00 1.141551876068115234e+01
1.024999976158142090e+00 -2.457993745803833008e+00 1.143174266815185547e+01
1.037500023841857910e+00 -3.039960622787475586e+00 1.142609786987304688e+01
1.049999952316284180e+00 -3.584005355834960938e+00 1.142385196685791016e+01
1.062500000000000000e+00 -4.084210872650146484e+00 1.144137859344482422e+01
1.075000047683715820e+00 -4.545128822326660156e+00 1.146586036682128906e+01
1.087499976158142090e+00 -4.966603279113769531e+00 1.147662067413330078e+01
1.100000023841857910e+00 -5.337975978851318359e+00 1.147422313690185547e+01
1.112499952316284180e+00 -5.647927284240722656e+00 1.147757339477539062e+01
1.125000000000000000e+00 -5.894934177398681641e+00 1.149611854553222656e+01
1.137500047683715820e+00 -6.084122657775878906e+00 1.151722908020019531e+01
1.149999976158142090e+00 -6.215980529785156250e+00 1.152513790130615234e+01
1.162500023841857910e+00 -6.283126354217529297e+00 1.152336215972900391e+01
1.174999952316284180e+00 -6.279261589050292969e+00 1.152903079986572266e+01
1.187500000000000000e+00 -6.207257747650146484e+00 1.154794979095458984e+01
1.200000047683715820e+00 -6.074936389923095703e+00 1.156616210937500000e+01
1.212499976158142090e+00 -5.884707927703857422e+00 1.156998538970947266e+01
1.225000023841857910e+00 -5.631951332092285156e+00 1.156589698791503906e+01
1.237499952316284180e+00 -5.314583301544189453e+00 1.157149791717529297e+01
1.250000000000000000e+00 -4.940144538879394531e+00 1.158977127075195312e+01
1.262500047683715820e+00 -4.519840240478515625e+00 1.160358142852783203e+01
1.274999976158142090e+00 -4.057529926300048828e+00 1.159979534149169922e+01
1.287500023841857910e+00 -3.549663305282592773e+00 1.158948707580566406e+01
1.299999952316284180e+00 -2.997283935546875000e+00 1.159360885620117188e+01
1.312500000000000000e+00 -2.413194656372070312e+00 1.161159801483154297e+01
1.325000047683715820e+00 -1.812234282493591309e+00 1.161825466156005859e+01
1.337499976158142090e+00 -1.196110248565673828e+00 1.159885787963867188e+01
1.350000023841857910e+00 -5.549651980400085449e-01 1.157654190063476562e+01
1.362499952316284180e+00 1.115707308053970337e-01 1.158662128448486328e+01
1.375000000000000000e+00 7.782916426658630371e-01 1.161799716949462891e+01
1.387500047683715820e+00 1.406728863716125488e+00 1.159249687194824219e+01
1.399999976158142090e+00 1.977312564849853516e+00 1.141940784454345703e+01
1.412500023841857910e+00 2.507109642028808594e+00 1.107718276977539062e+01
1.424999952316284180e+00 3.031953096389770508e+00 1.063819026947021484e+01
1.437500000000000000e+00 3.570285081863403320e+00 1.021110916137695312e+01
1.450000047683715820e+00 4.105523109436035156e+00 9.862016677856445312e+00
1.462499976158142090e+00 4.602226734161376953e+00 9.590286254882812500e+00
1.475000023841857910e+00 5.035115242004394531e+00 9.367518424987792969e+00
1.487499952316284180e+00 5.400601863861083984e+00 9.181898117065429688e+00
1.500000000000000000e+00 5.705025672912597656e+00 9.040460586547851562e+00
1.512500047683715820e+00 5.949495792388916016e+00 8.943230628967285156e+00
1.524999976158142090e+00 6.128904819488525391e+00 8.873798370361328125e+00
1.537500023841857910e+00 6.240645408630371094e+00 8.818340301513671875e+00
1.549999952316284180e+00 6.287681102752685547e+00 8.781996726989746094e+00
1.562500000000000000e+00 6.272384643554687500e+00 8.777608871459960938e+00
1.575000047683715820e+00 6.192166805267333984e+00 8.804206848144531250e+00
1.587499976158142090e+00 6.044323444366455078e+00 8.848202705383300781e+00
1.600000023841857910e+00 5.832518577575683594e+00 8.906332969665527344e+00
1.612499952316284180e+00 5.564143657684326172e+00 8.995446205139160156e+00
1.625000000000000000e+00 5.241829395294189453e+00 9.131295204162597656e+00
1.637500047683715820e+00 4.862928867340087891e+00 9.305287361145019531e+00
1.649999976158142090e+00 4.430417537689208984e+00 9.496936798095703125e+00
1.662500023841857910e+00 3.960157155990600586e+00 9.711349487304687500e+00
1.674999952316284180e+00 3.470041513442993164e+00 9.988091468811035156e+00
1.687500000000000000e+00 2.959766387939453125e+00 1.035460662841796875e+01
1.700000047683715820e+00 2.406828641891479492e+00 1.076958560943603516e+01
1.712499976158142090e+00 1.789590358734130859e+00 1.112802886962890625e+01
1.725000023841857910e+00 1.115876674652099609e+00 1.133777999877929688e+01
1.737499952316284180e+00 4.250580072402954102e-01 1.139426136016845703e+01
1.750000000000000000e+00 -2.412445694208145142e-01 1.137606048583984375e+01
1.762500047683715820e+00 -8.698456287384033203e-01 1.136805248260498047e+01
1.774999976158142090e+00 -1.476638436317443848e+00 1.139436912536621094e+01
1.787500023841857910e+00 -2.079603433609008789e+00 1.142469024658203125e+01
1.799999952316284180e+00 -2.675814867019653320e+00 1.143116760253906250e+01
1.812500000000000000e+00 -3.245545625686645508e+00 1.142340850830078125e+01
1.825000047683715820e+00 -3.773281812667846680e+00 1.142811965942382812e+01
1.837499976158142090e+00 -4.258408546447753906e+00 1.145089817047119141e+01
1.850000023841857910e+00 -4.705430507659912109e+00 1.147200870513916016e+01
1.862499952316284180e+00 -5.110030651092529297e+00 1.147640800476074219e+01
1.875000000000000000e+00 -5.459680080413818359e+00 1.147380065917968750e+01
1.887500047683715820e+00 -5.746037006378173828e+00 1.148291110992431641e+01
1.899999976158142090e+00 -5.971157550811767578e+00 1.150467777252197266e+01
1.912500023841857910e+00 -6.139662265777587891e+00 1.152200794219970703e+01
1.924999952316284180e+00 -6.248738288879394531e+00 1.152475261688232422e+01
1.937500000000000000e+00 -6.290028572082519531e+00 1.152379894256591797e+01
1.950000047683715820e+00 -6.260233402252197266e+00 1.153488349914550781e+01
1.962499976158142090e+00 -6.165184974670410156e+00 1.155577087402343750e+01
1.975000023841857910e+00 -6.011730194091796875e+00 1.156939697265625000e+01
1.987499952316284180e+00 -5.799122810363769531e+00 1.156843662261962891e+01
2.000000000000000000e+00 -5.522318363189697266e+00 1.156614112854003906e+01
