0.000000000000000000e+00 6.258724689483642578e+00 8.806662559509277344e+00
1.250000018626451492e-02 6.289514064788818359e+00 8.777573585510253906e+00
2.500000037252902985e-02 6.257355213165283203e+00 8.782246589660644531e+00
3.750000149011611938e-02 6.158825874328613281e+00 8.814923286437988281e+00
5.000000074505805969e-02 5.992527484893798828e+00 8.862259864807128906e+00
6.250000000000000000e-02 5.763883590698242188e+00 8.926831245422363281e+00
7.500000298023223877e-02 5.479804992675781250e+00 9.028370857238769531e+00
8.749999850988388062e-02 5.140940189361572266e+00 9.177251815795898438e+00
1.000000014901161194e-01 4.744870662689208984e+00 9.358400344848632812e+00
1.124999970197677612e-01 4.298180580139160156e+00 9.554781913757324219e+00
1.250000000000000000e-01 3.819386482238769531e+00 9.783041000366210938e+00
1.375000029802322388e-01 3.323127508163452148e+00 1.008618831634521484e+01
1.500000059604644775e-01 2.801721334457397461e+00 1.047595405578613281e+01
1.624999940395355225e-01 2.229387283325195312e+00 1.088740539550781250e+01
1.749999970197677612e-01 1.590777397155761719e+00 1.120871925354003906e+01
1.875000000000000000e-01 9.047971963882446289e-01 1.136824607849121094e+01
2.000000029802322388e-01 2.158265262842178345e-01 1.139163494110107422e+01
2.125000059604644775e-01 -4.405920803546905518e-01 1.136964416503906250e+01
2.249999940395355225e-01 -1.061826229095458984e+00 1.137320995330810547e+01
2.374999970197677612e-01 -1.668006181716918945e+00 1.140523147583007812e+01
2.500000000000000000e-01 -2.272038936614990234e+00 1.142942619323730469e+01
2.624999880790710449e-01 -2.863847970962524414e+00 1.142865371704101562e+01
2.750000059604644775e-01 -3.422585248947143555e+00 1.142246150970458984e+01
2.874999940395355225e-01 -3.937363624572753906e+00 1.143413162231445312e+01
3.000000119209289551e-01 -4.411023616790771484e+00 1.145911026000976562e+01
3.125000000000000000e-01 -4.846236705780029297e+00 1.147522640228271484e+01
3.249999880790710449e-01 -5.234942436218261719e+00 1.147515392303466797e+01
3.375000059604644775e-01 -5.564459323883056641e+00 1.147495174407958984e+01
3.499999940395355225e-01 -5.829982757568359375e+00 1.148962402343750000e+01
3.625000119209289551e-01 -6.035849094390869141e+00 1.151210308074951172e+01
3.750000000000000000e-01 -6.184834957122802734e+00 1.152447032928466797e+01
3.874999880790710449e-01 -6.271225452423095703e+00 1.152388191223144531e+01
4.000000059604644775e-01 -6.287184238433837891e+00 1.152606105804443359e+01
4.124999940395355225e-01 -6.232887268066406250e+00 1.154215812683105469e+01
4.250000119209289551e-01 -6.115912437438964844e+00 1.156250762939453125e+01
4.375000000000000000e-01 -5.940914630889892578e+00 1.157054042816162109e+01
4.499999880790710449e-01 -5.704502582550048828e+00 1.156686687469482422e+01
4.625000059604644775e-01 -5.402794837951660156e+00 1.156872272491455078e+01
4.749999940395355225e-01 -5.040879726409912109e+00 1.158487224578857422e+01
4.875000119209289551e-01 -4.630268096923828125e+00 1.160183143615722656e+01
5.000000000000000000e-01 -4.177401542663574219e+00 1.160247039794921875e+01
5.124999880790710449e-01 -3.679726839065551758e+00 1.159165668487548828e+01
5.249999761581420898e-01 -3.135924577713012695e+00 1.159107398986816406e+01
5.375000238418579102e-01 -2.556236028671264648e+00 1.160751056671142578e+01
5.500000119209289551e-01 -1.956727027893066406e+00 1.161938953399658203e+01
5.625000000000000000e-01 -1.343084812164306641e+00 1.160549449920654297e+01
5.749999880790710449e-01 -7.066941261291503906e-01 1.158018589019775391e+01
5.874999761581420898e-01 -4.275916144251823425e-02 1.158125400543212891e+01
6.000000238418579102e-01 6.293513774871826172e-01 1.161268806457519531e+01
6.125000119209289551e-01 1.271251082420349121e+00 1.160882091522216797e+01
6.250000000000000000e-01 1.856201887130737305e+00 1.147344875335693359e+01
6.374999880790710449e-01 2.393463134765625000e+00 1.116412067413330078e+01
6.499999761581420898e-01 2.918112277984619141e+00 1.073557472229003906e+01
6.625000238418579102e-01 3.455268383026123047e+00 1.029684066772460938e+01
6.750000119209289551e-01 3.995481967926025391e+00 9.928336143493652344e+00
6.875000000000000000e-01 4.504487991333007812e+00 9.641860961914062500e+00
6.999999880790710449e-01 4.952759742736816406e+00 9.410120964050292969e+00
7.124999761581420898e-01 5.332540035247802734e+00 9.216051101684570312e+00
7.250000238418579102e-01 5.649668216705322266e+00 9.064768791198730469e+00
7.375000119209289551e-01 5.906929492950439453e+00 8.959481239318847656e+00
7.500000000000000000e-01 6.099799633026123047e+00 8.885977745056152344e+00
7.624999880790710449e-01 6.224581718444824219e+00 8.827879905700683594e+00
7.749999761581420898e-01 6.283498764038085938e+00 8.786747932434082031e+00
7.875000238418579102e-01 6.279633998870849609e+00 8.775930404663085938e+00
8.000000119209289551e-01 6.211189270019531250e+00 8.797876358032226562e+00
8.125000000000000000e-01 6.074836254119873047e+00 8.839741706848144531e+00
8.249999880790710449e-01 5.872995376586914062e+00 8.894804000854492188e+00
8.374999761581420898e-01 5.613084316253662109e+00 8.977293968200683594e+00
8.500000238418579102e-01 5.299006938934326172e+00 9.105491638183593750e+00
8.625000119209289551e-01 4.928432941436767578e+00 9.275205612182617188e+00
8.750000000000000000e-01 4.502565860748291016e+00 9.465285301208496094e+00
8.874999880790710449e-01 4.035512924194335938e+00 9.674656867980957031e+00
8.999999761581420898e-01 3.546407222747802734e+00 9.939503669738769531e+00
9.125000238418579102e-01 3.038789033889770508e+00 1.029378986358642578e+01
9.250000119209289551e-01 2.492466449737548828e+00 1.070829391479492188e+01
9.375000000000000000e-01 1.883343577384948730e+00 1.108316898345947266e+01
9.499999880790710449e-01 1.213874101638793945e+00 1.131778526306152344e+01
9.624999761581420898e-01 5.204553008079528809e-01 1.139275455474853516e+01
9.750000238418579102e-01 -1.529397964477539062e-01 1.137911128997802734e+01
9.875000119209289551e-01 -7.880991101264953613e-01 1.136671257019042969e+01
1.000000000000000000e+00 -1.398288607597351074e+00 1.138960647583007812e+01
1.012500047683715820e+00 -2.003148078918457031e+00 1.142166423797607422e+01
1.024999976158142090e+00 -2.602875709533691406e+00 1.143144035339355469e+01
1.037500023841857910e+00 -3.178655862808227539e+00 1.142395305633544922e+01
1.049999952316284180e+00 -3.713302135467529297e+00 1.142627239227294922e+01
1.062500000000000000e+00 -4.204555988311767578e+00 1.144774150848388672e+01
1.075000047683715820e+00 -4.657214641571044922e+00 1.147025012969970703e+01
1.087499976158142090e+00 -5.068261623382568359e+00 1.147650814056396484e+01
1.100000023841857910e+00 -5.425446987152099609e+00 1.147369480133056641e+01
1.112499952316284180e+00 -5.719342231750488281e+00 1.148115730285644531e+01
1.125000000000000000e+00 -5.951079368591308594e+00 1.150235080718994141e+01
1.137500047683715820e+00 -6.125623703002929688e+00 1.152095031738281250e+01
1.149999976158142090e+00 -6.241040229797363281e+00 1.152496147155761719e+01
1.162500023841857910e+00 -6.289009094238281250e+00 1.152360439300537109e+01
1.174999952316284180e+00 -6.265353202819824219e+00 1.153342247009277344e+01
1.187500000000000000e+00 -6.175317287445068359e+00 1.155414676666259766e+01
1.200000047683715820e+00 -6.026171684265136719e+00 1.156900596618652344e+01
1.212499976158142090e+00 -5.817874431610107422e+00 1.156898307800292969e+01
1.225000023841857910e+00 -5.545298576354980469e+00 1.156613922119140625e+01
1.237499952316284180e+00 -5.208953380584716797e+00 1.157633399963378906e+01
1.250000000000000000e+00 -4.818696975708007812e+00 1.159556579589843750e+01
1.262500047683715820e+00 -4.384549617767333984e+00 1.160453891754150391e+01
1.274999976158142090e+00 -3.907431125640869141e+00 1.159655475616455078e+01
1.287500023841857910e+00 -3.383706569671630859e+00 1.158892536163330078e+01
1.299999952316284180e+00 -2.818028688430786133e+00 1.159896850585937500e+01
1.312500000000000000e+00 -2.225692987442016602e+00 1.161656475067138672e+01
1.325000047683715820e+00 -1.618762373924255371e+00 1.161494541168212891e+01
1.337499976158142090e+00 -9.939357638359069824e-01 1.159042167663574219e+01
1.350000023841857910e+00 -3.415919244289398193e-01 1.157575607299804688e+01
1.362499952316284180e+00 3.310040235519409180e-01 1.159758663177490234e+01
1.375000000000000000e+00 9.911985993385314941e-01 1.162133312225341797e+01
1.387500047683715820e+00 1.602756261825561523e+00 1.155492401123046875e+01
1.399999976158142090e+00 2.157797098159790039e+00 1.132215023040771484e+01
1.412500023841857910e+00 2.683486700057983398e+00 1.093463420867919922e+01
1.424999952316284180e+00 3.213991641998291016e+00 1.048705291748046875e+01
1.437500000000000000e+00 3.756213188171386719e+00 1.008168792724609375e+01
1.450000047683715820e+00 4.283738613128662109e+00 9.760959625244140625e+00
1.462499976158142090e+00 4.761414051055908203e+00 9.508399963378906250e+00
1.475000023841857910e+00 5.171401023864746094e+00 9.297897338867187500e+00
1.487499952316284180e+00 5.515634536743164062e+00 9.126345634460449219e+00
1.500000000000000000e+00 5.799819946289062500e+00 9.001302719116210938e+00
1.512500047683715820e+00 6.022133827209472656e+00 8.916139602661132812e+00
1.524999976158142090e+00 6.177333831787109375e+00 8.852275848388671875e+00
1.537500023841857910e+00 6.265089988708496094e+00 8.802132606506347656e+00
1.549999952316284180e+00 6.289105892181396484e+00 8.776388168334960938e+00
1.562500000000000000e+00 6.249959945678710938e+00 8.784694671630859375e+00
1.575000047683715820e+00 6.144043445587158203e+00 8.819498062133789062e+00
1.587499976158142090e+00 5.970623493194580078e+00 8.868150711059570312e+00
1.600000023841857910e+00 5.735707759857177734e+00 8.935667991638183594e+00
1.612499952316284180e+00 5.445797443389892578e+00 9.042280197143554688e+00
1.625000000000000000e+00 5.100797176361083984e+00 9.195755004882812500e+00
1.637500047683715820e+00 4.698668956756591797e+00 9.379008293151855469e+00
1.649999976158142090e+00 4.247487068176269531e+00 9.577279090881347656e+00
1.662500023841857910e+00 3.766380310058593750e+00 9.811542510986328125e+00
1.674999952316284180e+00 3.268238782882690430e+00 1.012469196319580078e+01
1.687500000000000000e+00 2.742664098739624023e+00 1.052134323120117188e+01
1.700000047683715820e+00 2.163394927978515625e+00 1.092851352691650391e+01
1.712499976158142090e+00 1.518075823783874512e+00 1.123422718048095703e+01
1.725000023841857910e+00 8.294630646705627441e-01 1.137600708007812500e+01
1.737499952316284180e+00 1.427933126688003540e-01 1.138971233367919922e+01
1.750000000000000000e+00 -5.093242526054382324e-01 1.136814880371093750e+01
1.762500047683715820e+00 -1.127824902534484863e+00 1.137584114074707031e+01
1.774999976158142090e+00 -1.733530521392822266e+00 1.140886974334716797e+01
1.787500023841857910e+00 -2.337104320526123047e+00 1.143045234680175781e+01
1.799999952316284180e+00 -2.926306962966918945e+00 1.142769718170166016e+01
1.812500000000000000e+00 -3.480508327484130859e+00 1.142266559600830078e+01
1.825000047683715820e+00 -3.990550279617309570e+00 1.143655681610107422e+01
1.837499976158142090e+00 -4.460072994232177734e+00 1.146164035797119141e+01
1.850000023841857910e+00 -4.890827655792236328e+00 1.147586441040039062e+01
1.862499952316284180e+00 -5.273683071136474609e+00 1.147474479675292969e+01
1.875000000000000000e+00 -5.596287250518798828e+00 1.147574234008789062e+01
1.887500047683715820e+00 -5.855057716369628906e+00 1.149200916290283203e+01
1.899999976158142090e+00 -6.054766654968261719e+00 1.151418209075927734e+01
1.912500023841857910e+00 -6.197381496429443359e+00 1.152485466003417969e+01
1.924999952316284180e+00 -6.276443958282470703e+00 1.152364540100097656e+01
1.937500000000000000e+00 -6.284593582153320312e+00 1.152712631225585938e+01
1.950000047683715820e+00 -6.223095417022705078e+00 1.154449367523193359e+01
1.962499976158142090e+00 -6.099757194519042969e+00 1.156416606903076172e+01
1.975000023841857910e+00 -5.918379783630371094e+00 1.157047367095947266e+01
1.987499952316284180e+00 -5.674974918365478516e+00 1.156647300720214844e+01
2.000000000000000000e+00 -5.366308689117431641e+00 1.156984806060791016e+01
