0.000000000000000000e+00 6.258339405059814453e+00 8.806881904602050781e+00
1.250000018626451492e-02 6.289305686950683594e+00 8.777617454528808594e+00
2.500000037252902985e-02 6.256948947906494141e+00 8.782310485839843750e+00
3.750000149011611938e-02 6.157819747924804688e+00 8.815147399902343750e+00
5.000000074505805969e-02 5.990525722503662109e+00 8.862705230712890625e+00
6.250000000000000000e-02 5.760573387145996094e+00 8.927727699279785156e+00
7.500000298023223877e-02 5.474905014038085938e+00 9.030158996582031250e+00
8.749999850988388062e-02 5.134093761444091797e+00 9.180151939392089844e+00
1.000000014901161194e-01 4.735753536224365234e+00 9.362215995788574219e+00
1.124999970197677612e-01 4.286783695220947266e+00 9.559563636779785156e+00
1.250000000000000000e-01 3.805999994277954102e+00 9.789842605590820312e+00
1.375000029802322388e-01 3.307794094085693359e+00 1.009639644622802734e+01
1.500000059604644775e-01 2.783715486526489258e+00 1.048921489715576172e+01
1.624999940395355225e-01 2.207573652267456055e+00 1.090050125122070312e+01
1.749999970197677612e-01 1.564766049385070801e+00 1.121742534637451172e+01
1.875000000000000000e-01 8.756681680679321289e-01 1.137086296081542969e+01
2.000000029802322388e-01 1.854218244552612305e-01 1.139047336578369141e+01
2.125000059604644775e-01 -4.712100327014923096e-01 1.136861515045166016e+01
2.249999940395355225e-01 -1.093060493469238281e+00 1.137409114837646484e+01
2.374999970197677612e-01 -1.700778484344482422e+00 1.140671825408935547e+01
2.500000000000000000e-01 -2.306346178054809570e+00 1.142966175079345703e+01
2.624999880790710449e-01 -2.898508548736572266e+00 1.142782497406005859e+01
2.750000059604644775e-01 -3.456334590911865234e+00 1.142228603363037109e+01
2.874999940395355225e-01 -3.969805479049682617e+00 1.143533802032470703e+01
3.000000119209289551e-01 -4.442266464233398438e+00 1.146048259735107422e+01
3.125000000000000000e-01 -4.875851631164550781e+00 1.147543430328369141e+01
3.249999880790710449e-01 -5.261732578277587891e+00 1.147467231750488281e+01
3.375000059604644775e-01 -5.587329864501953125e+00 1.147534656524658203e+01
3.499999940395355225e-01 -5.848654270172119141e+00 1.149126625061035156e+01
3.625000119209289551e-01 -6.050405025482177734e+00 1.151360511779785156e+01
3.750000000000000000e-01 -6.194771766662597656e+00 1.152469158172607422e+01
3.874999880790710449e-01 -6.275401592254638672e+00 1.152362537384033203e+01
4.000000059604644775e-01 -6.284775257110595703e+00 1.152695178985595703e+01
4.124999940395355225e-01 -6.223990917205810547e+00 1.154423618316650391e+01
4.250000119209289551e-01 -6.100895881652832031e+00 1.156405258178710938e+01
4.375000000000000000e-01 -5.919416904449462891e+00 1.157052612304687500e+01
4.499999880790710449e-01 -5.675580501556396484e+00 1.156657028198242188e+01
4.625000059604644775e-01 -5.366095066070556641e+00 1.156997108459472656e+01
4.749999940395355225e-01 -4.997162342071533203e+00 1.158725929260253906e+01
4.875000119209289551e-01 -4.580407142639160156e+00 1.160303878784179688e+01
5.000000000000000000e-01 -4.121220588684082031e+00 1.160159778594970703e+01
5.124999880790710449e-01 -3.616461753845214844e+00 1.159085083007812500e+01
5.249999761581420898e-01 -3.065859556198120117e+00 1.159262466430664062e+01
5.375000238418579102e-01 -2.481137275695800781e+00 1.161013793945312500e+01
5.500000119209289551e-01 -1.878066897392272949e+00 1.161941146850585938e+01
5.625000000000000000e-01 -1.260275244712829590e+00 1.160227775573730469e+01
5.749999880790710449e-01 -6.181764602661132812e-01 1.157835769653320312e+01
5.874999761581420898e-01 5.066763982176780701e-02 1.158486270904541016e+01
6.000000238418579102e-01 7.230303883552551270e-01 1.161686897277832031e+01
6.125000119209289551e-01 1.359660148620605469e+00 1.159969997406005859e+01
6.250000000000000000e-01 1.937852144241333008e+00 1.143891334533691406e+01
6.374999880790710449e-01 2.472278594970703125e+00 1.110528945922851562e+01
6.499999761581420898e-01 2.999330997467041016e+00 1.066678619384765625e+01
6.625000238418579102e-01 3.539964199066162109e+00 1.023408412933349609e+01
6.750000119209289551e-01 4.079331874847412109e+00 9.878271102905273438e+00
6.875000000000000000e-01 4.581600189208984375e+00 9.601723670959472656e+00
6.999999880790710449e-01 5.019991397857666016e+00 9.375801086425781250e+00
7.124999761581420898e-01 5.389980316162109375e+00 9.187529563903808594e+00
7.250000238418579102e-01 5.697933197021484375e+00 9.043803215026855469e+00
7.375000119209289551e-01 5.945235729217529297e+00 8.945091247558593750e+00
7.500000000000000000e-01 6.126766204833984375e+00 8.874899864196777344e+00
7.624999880790710449e-01 6.239781856536865234e+00 8.818928718566894531e+00
7.749999761581420898e-01 6.287269115447998047e+00 8.782209396362304688e+00
7.875000238418579102e-01 6.271672725677490234e+00 8.777809143066406250e+00
8.000000119209289551e-01 6.190363407135009766e+00 8.804721832275390625e+00
8.125000000000000000e-01 6.040616989135742188e+00 8.849136352539062500e+00
8.249999880790710449e-01 5.826248168945312500e+00 8.908024787902832031e+00
8.374999761581420898e-01 5.554764747619628906e+00 8.998752593994140625e+00
8.500000238418579102e-01 5.228672981262207031e+00 9.136877059936523438e+00
8.625000119209289551e-01 4.845273971557617188e+00 9.312886238098144531e+00
8.750000000000000000e-01 4.408047676086425781e+00 9.506295204162597656e+00
8.874999880790710449e-01 3.933593750000000000e+00 9.724042892456054688e+00
8.999999761581420898e-01 3.439664840698242188e+00 1.000713062286376953e+01
9.125000238418579102e-01 2.924551486968994141e+00 1.038065433502197266e+01
9.250000119209289551e-01 2.364495992660522461e+00 1.079757118225097656e+01
9.375000000000000000e-01 1.738693118095397949e+00 1.114919281005859375e+01
9.499999880790710449e-01 1.057804226875305176e+00 1.134661197662353516e+01
9.624999761581420898e-01 3.634332716464996338e-01 1.139337062835693359e+01
9.750000238418579102e-01 -3.035381138324737549e-01 1.137332630157470703e+01
9.875000119209289551e-01 -9.328516721725463867e-01 1.136889076232910156e+01
1.000000000000000000e+00 -1.542261123657226562e+00 1.139762210845947266e+01
1.012500047683715820e+00 -2.148581266403198242e+00 1.142620849609375000e+01
1.024999976158142090e+00 -2.746299266815185547e+00 1.142991161346435547e+01
1.037500023841857910e+00 -3.314747810363769531e+00 1.142243576049804688e+01
1.049999952316284180e+00 -3.839841365814208984e+00 1.142995738983154297e+01
1.062500000000000000e+00 -4.322467803955078125e+00 1.145405960083007812e+01
1.075000047683715820e+00 -4.766617298126220703e+00 1.147332954406738281e+01
1.087499976158142090e+00 -5.166281223297119141e+00 1.147563362121582031e+01
1.100000023841857910e+00 -5.508502960205078125e+00 1.147390174865722656e+01
1.112499952316284180e+00 -5.786364555358886719e+00 1.148574829101562500e+01
1.125000000000000000e+00 -6.003158092498779297e+00 1.150827026367187500e+01
1.137500047683715820e+00 -6.162821292877197266e+00 1.152336597442626953e+01
1.149999976158142090e+00 -6.261005401611328125e+00 1.152425575256347656e+01
1.162500023841857910e+00 -6.289329528808593750e+00 1.152475261688232422e+01
1.174999952316284180e+00 -6.246226310729980469e+00 1.153870582580566406e+01
1.187500000000000000e+00 -6.138696670532226562e+00 1.155972290039062500e+01
1.200000047683715820e+00 -5.972608089447021484e+00 1.157038402557373047e+01
1.212499976158142090e+00 -5.745633125305175781e+00 1.156763935089111328e+01
1.225000023841857910e+00 -5.453139305114746094e+00 1.156757640838623047e+01
1.237499952316284180e+00 -5.098633766174316406e+00 1.158199501037597656e+01
1.250000000000000000e+00 -4.693430900573730469e+00 1.160025119781494141e+01
1.262500047683715820e+00 -4.245412826538085938e+00 1.160366535186767578e+01
1.274999976158142090e+00 -3.752965688705444336e+00 1.159326362609863281e+01
1.287500023841857910e+00 -3.213709592819213867e+00 1.159018898010253906e+01
1.299999952316284180e+00 -2.636241912841796875e+00 1.160511493682861328e+01
1.312500000000000000e+00 -2.036906957626342773e+00 1.161934471130371094e+01
1.325000047683715820e+00 -1.423581838607788086e+00 1.160891151428222656e+01
1.337499976158142090e+00 -7.888261079788208008e-01 1.158293819427490234e+01
1.350000023841857910e+00 -1.258773803710937500e-01 1.157922363281250000e+01
1.362499952316284180e+00 5.491949319839477539e-01 1.160920143127441406e+01
1.375000000000000000e+00 1.198630571365356445e+00 1.161473846435546875e+01
1.387500047683715820e+00 1.792227625846862793e+00 1.149822139739990234e+01
1.399999976158142090e+00 2.334842681884765625e+00 1.120679759979248047e+01
1.412500023841857910e+00 2.860546827316284180e+00 1.078517723083496094e+01
1.424999952316284180e+00 3.397605895996093750e+00 1.034134292602539062e+01
1.437500000000000000e+00 3.940450668334960938e+00 9.962686538696289062e+00
1.450000047683715820e+00 4.455821514129638672e+00 9.667955398559570312e+00
1.462499976158142090e+00 4.912198066711425781e+00 9.431179046630859375e+00
1.475000023841857910e+00 5.299546241760253906e+00 9.232821464538574219e+00
1.487499952316284180e+00 5.623204231262207031e+00 9.076689720153808594e+00
1.500000000000000000e+00 5.886718750000000000e+00 8.967282295227050781e+00
1.512500047683715820e+00 6.085950374603271484e+00 8.891582489013671875e+00
1.524999976158142090e+00 6.216754436492919922e+00 8.832237243652343750e+00
1.537500023841857910e+00 6.280960559844970703e+00 8.789103507995605469e+00
1.549999952316284180e+00 6.281911849975585938e+00 8.775534629821777344e+00
1.562500000000000000e+00 6.218190670013427734e+00 8.795421600341796875e+00
1.575000047683715820e+00 6.086269855499267578e+00 8.836419105529785156e+00
1.587499976158142090e+00 5.888057231903076172e+00 8.890501976013183594e+00
1.600000023841857910e+00 5.630934238433837891e+00 8.970747947692871094e+00
1.612499952316284180e+00 5.319303035736083984e+00 9.096269607543945312e+00
1.625000000000000000e+00 4.951032161712646484e+00 9.264572143554687500e+00
1.637500047683715820e+00 4.526755332946777344e+00 9.454458236694335938e+00
1.649999976158142090e+00 4.059975624084472656e+00 9.662781715393066406e+00
1.662500023841857910e+00 3.570229768753051758e+00 9.924478530883789062e+00
1.674999952316284180e+00 3.062306880950927734e+00 1.027544593811035156e+01
1.687500000000000000e+00 2.516737222671508789e+00 1.069007110595703125e+01
1.700000047683715820e+00 1.908668041229248047e+00 1.106986808776855469e+01
1.712499976158142090e+00 1.239024996757507324e+00 1.131158828735351562e+01
1.725000023841857910e+00 5.435058474540710449e-01 1.139173126220703125e+01
1.737499952316284180e+00 -1.331240534782409668e-01 1.137951374053955078e+01
1.750000000000000000e+00 -7.712959051132202148e-01 1.136626148223876953e+01
1.762500047683715820e+00 -1.383676052093505859e+00 1.138844203948974609e+01
1.774999976158142090e+00 -1.990321397781372070e+00 1.142080307006835938e+01
1.787500023841857910e+00 -2.592044115066528320e+00 1.143116092681884766e+01
1.799999952316284180e+00 -3.170103549957275391e+00 1.142377567291259766e+01
1.812500000000000000e+00 -3.706960678100585938e+00 1.142585754394531250e+01
1.825000047683715820e+00 -4.200109958648681641e+00 1.144724273681640625e+01
1.837499976158142090e+00 -4.654391288757324219e+00 1.146990013122558594e+01
1.850000023841857910e+00 -5.066867351531982422e+00 1.147629165649414062e+01
1.862499952316284180e+00 -5.425214767456054688e+00 1.147352027893066406e+01
1.875000000000000000e+00 -5.719902515411376953e+00 1.148105812072753906e+01
1.887500047683715820e+00 -5.952066421508789062e+00 1.150235366821289062e+01
1.899999976158142090e+00 -6.126699924468994141e+00 1.152093505859375000e+01
1.912500023841857910e+00 -6.241794109344482422e+00 1.152485942840576172e+01
1.924999952316284180e+00 -6.288950443267822266e+00 1.152360630035400391e+01
1.937500000000000000e+00 -6.264070034027099609e+00 1.153373050689697266e+01
1.950000047683715820e+00 -6.172554016113281250e+00 1.155459213256835938e+01
1.962499976158142090e+00 -6.021657943725585938e+00 1.156919860839843750e+01
1.975000023841857910e+00 -5.811158657073974609e+00 1.156891822814941406e+01
1.987499952316284180e+00 -5.535897254943847656e+00 1.156631946563720703e+01
2.000000000000000000e+00 -5.196665287017822266e+00 1.157704734802246094e+01
