0.000000000000000000e+00 6.282749176025390625e+00 8.789623260498046875e+00
1.250000018626451492e-02 6.302473068237304688e+00 8.771525382995605469e+00
2.500000037252902985e-02 6.282746791839599609e+00 8.774944305419921875e+00
3.750000149011611938e-02 6.221741199493408203e+00 8.797146797180175781e+00
5.000000074505805969e-02 6.118161201477050781e+00 8.830561637878417969e+00
6.250000000000000000e-02 5.973325252532958984e+00 8.871152877807617188e+00
7.500000298023223877e-02 5.790777683258056641e+00 8.924131393432617188e+00
8.749999850988388062e-02 5.573604106903076172e+00 9.000626564025878906e+00
1.000000014901161194e-01 5.322152614593505859e+00 9.107638359069824219e+00
1.124999970197677612e-01 5.034824848175048828e+00 9.240818023681640625e+00
1.250000000000000000e-01 4.711775779724121094e+00 9.388257026672363281e+00
1.375000029802322388e-01 4.358190536499023438e+00 9.543614387512207031e+00
1.500000059604644775e-01 3.983434677124023438e+00 9.717129707336425781e+00
1.624999940395355225e-01 3.595568895339965820e+00 9.932479858398437500e+00
1.749999970197677612e-01 3.195072174072265625e+00 1.020813369750976562e+01
1.875000000000000000e-01 2.773224353790283203e+00 1.053559589385986328e+01
2.000000029802322388e-01 2.317666292190551758e+00 1.087217044830322266e+01
2.125000059604644775e-01 1.822094798088073730e+00 1.115702342987060547e+01
2.249999940395355225e-01 1.293278098106384277e+00 1.134225845336914062e+01
2.374999970197677612e-01 7.499134540557861328e-01 1.141866207122802734e+01
2.500000000000000000e-01 2.135728448629379272e-01 1.141847896575927734e+01
2.624999880790710449e-01 -3.021762073040008545e-01 1.139359951019287109e+01
2.750000059604644775e-01 -7.970058321952819824e-01 1.138473033905029297e+01
2.874999940395355225e-01 -1.280143380165100098e+00 1.140250968933105469e+01
3.000000119209289551e-01 -1.761011123657226562e+00 1.143140220642089844e+01
3.125000000000000000e-01 -2.241255998611450195e+00 1.144992542266845703e+01
3.249999880790710449e-01 -2.713560581207275391e+00 1.144993305206298828e+01
3.375000059604644775e-01 -3.167069911956787109e+00 1.144090461730957031e+01
3.499999940395355225e-01 -3.594362258911132812e+00 1.143876934051513672e+01
3.625000119209289551e-01 -3.994407176971435547e+00 1.145102119445800781e+01
3.750000000000000000e-01 -4.369854450225830078e+00 1.147120475769042969e+01
3.874999880790710449e-01 -4.721768856048583984e+00 1.148629188537597656e+01
4.000000059604644775e-01 -5.046627521514892578e+00 1.148909664154052734e+01
4.124999940395355225e-01 -5.337906360626220703e+00 1.148427677154541016e+01
4.250000119209289551e-01 -5.590394020080566406e+00 1.148315525054931641e+01
4.375000000000000000e-01 -5.803154468536376953e+00 1.149286746978759766e+01
4.499999880790710449e-01 -5.978596210479736328e+00 1.151001071929931641e+01
4.625000059604644775e-01 -6.118756771087646484e+00 1.152432155609130859e+01
4.749999940395355225e-01 -6.222355842590332031e+00 1.152851295471191406e+01
4.875000119209289551e-01 -6.285288333892822266e+00 1.152497386932373047e+01
5.000000000000000000e-01 -6.303967952728271484e+00 1.152324581146240234e+01
5.124999880790710449e-01 -6.278338432312011719e+00 1.153085994720458984e+01
5.249999761581420898e-01 -6.211760520935058594e+00 1.154619979858398438e+01
5.375000238418579102e-01 -6.107923507690429688e+00 1.156004905700683594e+01
5.500000119209289551e-01 -5.967713356018066406e+00 1.156433773040771484e+01
5.625000000000000000e-01 -5.788985252380371094e+00 1.155985355377197266e+01
5.749999880790710449e-01 -5.569475650787353516e+00 1.155560398101806641e+01
5.874999761581420898e-01 -5.310126304626464844e+00 1.156028556823730469e+01
6.000000238418579102e-01 -5.015643596649169922e+00 1.157378005981445312e+01
6.125000119209289551e-01 -4.691650867462158203e+00 1.158684158325195312e+01
6.250000000000000000e-01 -4.341023445129394531e+00 1.158962821960449219e+01
6.374999880790710449e-01 -3.962903976440429688e+00 1.158133697509765625e+01
6.499999761581420898e-01 -3.555529356002807617e+00 1.157165527343750000e+01
6.625000238418579102e-01 -3.120385169982910156e+00 1.157197380065917969e+01
6.750000119209289551e-01 -2.663697957992553711e+00 1.158402824401855469e+01
6.875000000000000000e-01 -2.193428516387939453e+00 1.159683799743652344e+01
6.999999880790710449e-01 -1.714069962501525879e+00 1.159604835510253906e+01
7.124999761581420898e-01 -1.224010825157165527e+00 1.157828044891357422e+01
7.250000238418579102e-01 -7.185387015342712402e-01 1.155714321136474609e+01
7.375000119209289551e-01 -1.968341469764709473e-01 1.155311775207519531e+01
7.500000000000000000e-01 3.325901925563812256e-01 1.157294654846191406e+01
7.624999880790710449e-01 8.530864119529724121e-01 1.159448432922363281e+01
7.749999761581420898e-01 1.347944021224975586e+00 1.157095336914062500e+01
7.875000238418579102e-01 1.810020923614501953e+00 1.145480060577392578e+01
8.000000119209289551e-01 2.245864868164062500e+00 1.122620105743408203e+01
8.125000000000000000e-01 2.670931100845336914e+00 1.090676021575927734e+01
8.249999880790710449e-01 3.098917007446289062e+00 1.054894256591796875e+01
8.374999761581420898e-01 3.532474994659423828e+00 1.020879268646240234e+01
8.500000238418579102e-01 3.961395263671875000e+00 9.920475959777832031e+00
8.625000119209289551e-01 4.368803501129150391e+00 9.688212394714355469e+00
8.750000000000000000e-01 4.740345001220703125e+00 9.497294425964355469e+00
8.874999880790710449e-01 5.069897174835205078e+00 9.332465171813964844e+00
8.999999761581420898e-01 5.358770847320556641e+00 9.189077377319335938e+00
9.125000238418579102e-01 5.610520362854003906e+00 9.071002960205078125e+00
9.250000119209289551e-01 5.826226711273193359e+00 8.981056213378906250e+00
9.375000000000000000e-01 6.003677845001220703e+00 8.914676666259765625e+00
9.499999880790710449e-01 6.139956951141357422e+00 8.862616539001464844e+00
9.624999761581420898e-01 6.234194278717041016e+00 8.818973541259765625e+00
9.750000238418579102e-01 6.287766456604003906e+00 8.785978317260742188e+00
9.875000119209289551e-01 6.302131175994873047e+00 8.770696640014648438e+00
1.000000000000000000e+00 6.276860713958740234e+00 8.777031898498535156e+00
1.012500047683715820e+00 6.210040092468261719e+00 8.801239967346191406e+00
1.024999976158142090e+00 6.100648403167724609e+00 8.835698127746582031e+00
1.037500023841857910e+00 5.950399875640869141e+00 8.877470016479492188e+00
1.049999952316284180e+00 5.762961387634277344e+00 8.932993888854980469e+00
1.062500000000000000e+00 5.541128635406494141e+00 9.013484001159667969e+00
1.075000047683715820e+00 5.284851074218750000e+00 9.124613761901855469e+00
1.087499976158142090e+00 4.992517471313476562e+00 9.260491371154785156e+00
1.100000023841857910e+00 4.664840698242187500e+00 9.409091949462890625e+00
1.112499952316284180e+00 4.307749748229980469e+00 9.565921783447265625e+00
1.125000000000000000e+00 3.930830240249633789e+00 9.743649482727050781e+00
1.137500047683715820e+00 3.541422605514526367e+00 9.966595649719238281e+00
1.149999976158142090e+00 3.138680696487426758e+00 1.025066089630126953e+01
1.162500023841857910e+00 2.712904453277587891e+00 1.058258056640625000e+01
1.174999952316284180e+00 2.251975536346435547e+00 1.091571521759033203e+01
1.187500000000000000e+00 1.751114726066589355e+00 1.118904781341552734e+01
1.200000047683715820e+00 1.219007849693298340e+00 1.135885429382324219e+01
1.212499976158142090e+00 6.754070520401000977e-01 1.142207431793212891e+01
1.225000023841857910e+00 1.413724571466445923e-01 1.141536617279052734e+01
1.237499952316284180e+00 -3.712316453456878662e-01 1.139084720611572266e+01
1.250000000000000000e+00 -8.637967109680175781e-01 1.138573837280273438e+01
1.262500047683715820e+00 -1.346178770065307617e+00 1.140634632110595703e+01
1.274999976158142090e+00 -1.827088236808776855e+00 1.143494224548339844e+01
1.287500023841857910e+00 -2.306833028793334961e+00 1.145097064971923828e+01
1.299999952316284180e+00 -2.777186870574951172e+00 1.144886493682861328e+01
1.312500000000000000e+00 -3.227395772933959961e+00 1.143989276885986328e+01
1.325000047683715820e+00 -3.650874137878417969e+00 1.143960762023925781e+01
1.337499976158142090e+00 -4.047365188598632812e+00 1.145360374450683594e+01
1.350000023841857910e+00 -4.419608116149902344e+00 1.147385120391845703e+01
1.362499952316284180e+00 -4.768119812011718750e+00 1.148742389678955078e+01
1.375000000000000000e+00 -5.088771343231201172e+00 1.148865604400634766e+01
1.387500047683715820e+00 -5.374951362609863281e+00 1.148365211486816406e+01
1.399999976158142090e+00 -5.621934890747070312e+00 1.148380756378173828e+01
1.412500023841857910e+00 -5.829391956329345703e+00 1.149497890472412109e+01
1.424999952316284180e+00 -5.999923706054687500e+00 1.151238441467285156e+01
1.437500000000000000e+00 -6.135224819183349609e+00 1.152555465698242188e+01
1.450000047683715820e+00 -6.233511924743652344e+00 1.152831172943115234e+01
1.462499976158142090e+00 -6.290521144866943359e+00 1.152439308166503906e+01
1.475000023841857910e+00 -6.303023338317871094e+00 1.152366447448730469e+01
1.487499952316284180e+00 -6.271523475646972656e+00 1.153266620635986328e+01
1.500000000000000000e+00 -6.199648380279541016e+00 1.154842948913574219e+01
1.512500047683715820e+00 -6.090846538543701172e+00 1.156129837036132812e+01
1.524999976158142090e+00 -5.945516109466552734e+00 1.156409835815429688e+01
1.537500023841857910e+00 -5.761276721954345703e+00 1.155900955200195312e+01
1.549999952316284180e+00 -5.536143779754638672e+00 1.155560398101806641e+01
1.562500000000000000e+00 -5.271628379821777344e+00 1.156175231933593750e+01
1.575000047683715820e+00 -4.972788810729980469e+00 1.157586574554443359e+01
1.587499976158142090e+00 -4.645059585571289062e+00 1.158797550201416016e+01
1.600000023841857910e+00 -4.290771484375000000e+00 1.158901691436767578e+01
1.612499952316284180e+00 -3.908705234527587891e+00 1.157979583740234375e+01
1.625000000000000000e+00 -3.497317790985107422e+00 1.157092571258544922e+01
1.637500047683715820e+00 -3.058757066726684570e+00 1.157306480407714844e+01
1.649999976158142090e+00 -2.599757194519042969e+00 1.158609485626220703e+01
1.662500023841857910e+00 -2.128105401992797852e+00 1.159778308868408203e+01
1.674999952316284180e+00 -1.647500038146972656e+00 1.159447669982910156e+01
1.687500000000000000e+00 -1.155595898628234863e+00 1.157510662078857422e+01
1.700000047683715820e+00 -6.477683782577514648e-01 1.155518436431884766e+01
1.712499976158142090e+00 -1.242678016424179077e-01 1.155459213256835938e+01
1.725000023841857910e+00 4.050249159336090088e-01 1.157666969299316406e+01
1.737499952316284180e+00 9.228650331497192383e-01 1.159511947631835938e+01
1.750000000000000000e+00 1.413340806961059570e+00 1.156133270263671875e+01
1.762500047683715820e+00 1.871138095855712891e+00 1.143001937866210938e+01
1.774999976158142090e+00 2.304503440856933594e+00 1.118675422668457031e+01
1.787500023841857910e+00 2.729334592819213867e+00 1.085853290557861328e+01
1.799999952316284180e+00 3.158239603042602539e+00 1.050010204315185547e+01
1.812500000000000000e+00 3.592007875442504883e+00 1.016573238372802734e+01
1.825000047683715820e+00 4.019009590148925781e+00 9.885470390319824219e+00
1.837499976158142090e+00 4.422189712524414062e+00 9.659956932067871094e+00
1.850000023841857910e+00 4.788123130798339844e+00 9.473344802856445312e+00
1.862499952316284180e+00 5.111896991729736328e+00 9.311467170715332031e+00
1.875000000000000000e+00 5.395481586456298828e+00 9.171242713928222656e+00
1.887500047683715820e+00 5.642302513122558594e+00 9.057001113891601562e+00
1.899999976158142090e+00 5.852937698364257812e+00 8.970734596252441406e+00
1.912500023841857910e+00 6.024881839752197266e+00 8.906882286071777344e+00
1.924999952316284180e+00 6.155375957489013672e+00 8.856162071228027344e+00
1.937500000000000000e+00 6.243916988372802734e+00 8.813670158386230469e+00
1.950000047683715820e+00 6.292047023773193359e+00 8.782674789428710938e+00
1.962499976158142090e+00 6.301043987274169922e+00 8.770288467407226562e+00
1.975000023841857910e+00 6.270189762115478516e+00 8.779463768005371094e+00
1.987499952316284180e+00 6.197531223297119141e+00 8.805518150329589844e+00
2.000000000000000000e+00 6.082361221313476562e+00 8.840955734252929688e+00
