0.000000000000000000e+00 6.257954120635986328e+00 8.807200431823730469e+00
1.250000018626451492e-02 6.289097785949707031e+00 8.777759552001953125e+00
2.500000037252902985e-02 6.256542682647705078e+00 8.782472610473632812e+00
3.750000149011611938e-02 6.156811237335205078e+00 8.815471649169921875e+00
5.000000074505805969e-02 5.988519668579101562e+00 8.863249778747558594e+00
6.250000000000000000e-02 5.757255554199218750e+00 8.928729057312011719e+00
7.500000298023223877e-02 5.469992637634277344e+00 9.032056808471679688e+00
8.749999850988388062e-02 5.127229213714599609e+00 9.183162689208984375e+00
1.000000014901161194e-01 4.726614475250244141e+00 9.366138458251953125e+00
1.124999970197677612e-01 4.275368213653564453e+00 9.564462661743164062e+00
1.250000000000000000e-01 3.792602777481079102e+00 9.796799659729003906e+00
1.375000029802322388e-01 3.292442083358764648e+00 1.010677909851074219e+01
1.500000059604644775e-01 2.765658617019653320e+00 1.050258827209472656e+01
1.624999940395355225e-01 2.185676813125610352e+00 1.091356563568115234e+01
1.749999970197677612e-01 1.538683295249938965e+00 1.122597694396972656e+01
1.875000000000000000e-01 8.465336561203002930e-01 1.137334918975830078e+01
2.000000029802322388e-01 1.550820022821426392e-01 1.138934612274169922e+01
2.125000059604644775e-01 -5.017499923706054688e-01 1.136776733398437500e+01
2.249999940395355225e-01 -1.124259948730468750e+00 1.137514972686767578e+01
2.374999970197677612e-01 -1.733545660972595215e+00 1.140826797485351562e+01
2.500000000000000000e-01 -2.340607643127441406e+00 1.142990970611572266e+01
2.624999880790710449e-01 -2.933039188385009766e+00 1.142708969116210938e+01
2.750000059604644775e-01 -3.489902019500732422e+00 1.142230033874511719e+01
2.874999940395355225e-01 -4.002067565917968750e+00 1.143670463562011719e+01
3.000000119209289551e-01 -4.473326206207275391e+00 1.146189975738525391e+01
3.125000000000000000e-01 -4.905218601226806641e+00 1.147565555572509766e+01
3.249999880790710449e-01 -5.288177967071533203e+00 1.147430801391601562e+01
3.375000059604644775e-01 -5.609804630279541016e+00 1.147595310211181641e+01
3.499999940395355225e-01 -5.866935729980468750e+00 1.149305725097656250e+01
3.625000119209289551e-01 -6.064559459686279297e+00 1.151511669158935547e+01
3.750000000000000000e-01 -6.204226016998291016e+00 1.152491378784179688e+01
3.874999880790710449e-01 -6.278994083404541016e+00 1.152351856231689453e+01
4.000000059604644775e-01 -6.281754493713378906e+00 1.152808666229248047e+01
4.124999940395355225e-01 -6.214524269104003906e+00 1.154644393920898438e+01
4.250000119209289551e-01 -6.085314750671386719e+00 1.156554985046386719e+01
4.375000000000000000e-01 -5.897271156311035156e+00 1.157049465179443359e+01
4.499999880790710449e-01 -5.645926475524902344e+00 1.156647586822509766e+01
4.625000059604644775e-01 -5.328698158264160156e+00 1.157151317596435547e+01
4.749999940395355225e-01 -4.952865123748779297e+00 1.158973026275634766e+01
4.875000119209289551e-01 -4.530007839202880859e+00 1.160409259796142578e+01
5.000000000000000000e-01 -4.064416408538818359e+00 1.160068511962890625e+01
5.124999880790710449e-01 -3.552523851394653320e+00 1.159035968780517578e+01
5.249999761581420898e-01 -2.995274305343627930e+00 1.159456157684326172e+01
5.375000238418579102e-01 -2.405768394470214844e+00 1.161272621154785156e+01
5.500000119209289551e-01 -1.799188971519470215e+00 1.161903095245361328e+01
5.625000000000000000e-01 -1.177037715911865234e+00 1.159901332855224609e+01
5.749999880790710449e-01 -5.291274785995483398e-01 1.157726287841796875e+01
5.874999761581420898e-01 1.442015767097473145e-01 1.158918857574462891e+01
6.000000238418579102e-01 8.159828782081604004e-01 1.162021255493164062e+01
6.125000119209289551e-01 1.446784257888793945e+00 1.158758068084716797e+01
6.250000000000000000e-01 2.018483161926269531e+00 1.140056800842285156e+01
6.374999880790710449e-01 2.550907373428344727e+00 1.104414463043212891e+01
6.499999761581420898e-01 3.080892324447631836e+00 1.059835243225097656e+01
6.625000238418579102e-01 3.624646663665771484e+00 1.017345714569091797e+01
6.750000119209289551e-01 4.162223339080810547e+00 9.830348968505859375e+00
6.875000000000000000e-01 4.657003402709960938e+00 9.562924385070800781e+00
6.999999880790710449e-01 5.085359573364257812e+00 9.342511177062988281e+00
7.124999761581420898e-01 5.445701122283935547e+00 9.160358428955078125e+00
7.250000238418579102e-01 5.744450569152832031e+00 9.024290084838867188e+00
7.375000119209289551e-01 5.981544494628906250e+00 8.931648254394531250e+00
7.500000000000000000e-01 6.151564121246337891e+00 8.864295959472656250e+00
7.624999880790710449e-01 6.252854347229003906e+00 8.810661315917968750e+00
7.749999761581420898e-01 6.288937568664550781e+00 8.778884887695312500e+00
7.875000238418579102e-01 6.261435508728027344e+00 8.780902862548828125e+00
8.000000119209289551e-01 6.167067527770996094e+00 8.812246322631835938e+00
8.125000000000000000e-01 6.003997325897216797e+00 8.859084129333496094e+00
8.249999880790710449e-01 5.777342319488525391e+00 8.922551155090332031e+00
8.374999761581420898e-01 5.494322776794433594e+00 9.022251129150390625e+00
8.500000238418579102e-01 5.156004428863525391e+00 9.169926643371582031e+00
8.625000119209289551e-01 4.759826183319091797e+00 9.351278305053710938e+00
8.750000000000000000e-01 4.311928272247314453e+00 9.548298835754394531e+00
8.874999880790710449e-01 3.830897808074951172e+00 9.776439666748046875e+00
8.999999761581420898e-01 3.332075357437133789e+00 1.007919692993164062e+01
9.125000238418579102e-01 2.808248996734619141e+00 1.046983051300048828e+01
9.250000119209289551e-01 2.233282089233398438e+00 1.088367652893066406e+01
9.375000000000000000e-01 1.591212153434753418e+00 1.120730781555175781e+01
9.499999880790710449e-01 9.010397791862487793e-01 1.136760902404785156e+01
9.624999761581420898e-01 2.079394459724426270e-01 1.139070606231689453e+01
9.750000238418579102e-01 -4.520276188850402832e-01 1.136883640289306641e+01
9.875000119209289551e-01 -1.076528072357177734e+00 1.137322998046875000e+01
1.000000000000000000e+00 -1.686155200004577637e+00 1.140565299987792969e+01
1.012500047683715820e+00 -2.293568849563598633e+00 1.142920970916748047e+01
1.024999976158142090e+00 -2.887935400009155273e+00 1.142778205871582031e+01
1.037500023841857910e+00 -3.448120117187500000e+00 1.142209339141845703e+01
1.049999952316284180e+00 -3.963720321655273438e+00 1.143490982055664062e+01
1.062500000000000000e+00 -4.437981605529785156e+00 1.146011066436767578e+01
1.075000047683715820e+00 -4.873153686523437500e+00 1.147525978088378906e+01
1.087499976158142090e+00 -5.260426998138427734e+00 1.147458839416503906e+01
1.100000023841857910e+00 -5.587100982666015625e+00 1.147529029846191406e+01
1.112499952316284180e+00 -5.849117755889892578e+00 1.149129199981689453e+01
1.125000000000000000e+00 -6.051208496093750000e+00 1.151368713378906250e+01
1.137500047683715820e+00 -6.195553302764892578e+00 1.152471733093261719e+01
1.149999976158142090e+00 -6.275708675384521484e+00 1.152364635467529297e+01
1.162500023841857910e+00 -6.284142494201660156e+00 1.152719402313232422e+01
1.174999952316284180e+00 -6.222086429595947266e+00 1.154473018646240234e+01
1.187500000000000000e+00 -6.097474098205566406e+00 1.156447315216064453e+01
1.200000047683715820e+00 -5.914113044738769531e+00 1.157064056396484375e+01
1.212499976158142090e+00 -5.667893409729003906e+00 1.156667613983154297e+01
1.225000023841857910e+00 -5.355665683746337891e+00 1.157054042816162109e+01
1.237499952316284180e+00 -4.983957767486572266e+00 1.158816242218017578e+01
1.250000000000000000e+00 -4.564467430114746094e+00 1.160356807708740234e+01
1.262500047683715820e+00 -4.102290630340576172e+00 1.160149002075195312e+01
1.274999976158142090e+00 -3.594115972518920898e+00 1.159085464477539062e+01
1.287500023841857910e+00 -3.040069103240966797e+00 1.159351348876953125e+01
1.299999952316284180e+00 -2.452441930770874023e+00 1.161135387420654297e+01
1.312500000000000000e+00 -1.846906423568725586e+00 1.161952781677246094e+01
1.325000047683715820e+00 -1.226290702819824219e+00 1.160116958618164062e+01
1.337499976158142090e+00 -5.806697607040405273e-01 1.157804107666015625e+01
1.350000023841857910e+00 9.130404889583587646e-02 1.158690643310546875e+01
1.362499952316284180e+00 7.646617293357849121e-01 1.161872768402099609e+01
1.375000000000000000e+00 1.399775385856628418e+00 1.159479045867919922e+01
1.387500047683715820e+00 1.975818872451782227e+00 1.142168998718261719e+01
1.399999976158142090e+00 2.509957075119018555e+00 1.107657909393310547e+01
1.412500023841857910e+00 3.039090394973754883e+00 1.063359832763671875e+01
1.424999952316284180e+00 3.582067489624023438e+00 1.020392990112304688e+01
1.437500000000000000e+00 4.121431350708007812e+00 9.853985786437988281e+00
1.450000047683715820e+00 4.620693683624267578e+00 9.581762313842773438e+00
1.462499976158142090e+00 5.054515838623046875e+00 9.358363151550292969e+00
1.475000023841857910e+00 5.419907093048095703e+00 9.172989845275878906e+00
1.487499952316284180e+00 5.723336696624755859e+00 9.033164978027343750e+00
1.500000000000000000e+00 5.965417861938476562e+00 8.937693595886230469e+00
1.512500047683715820e+00 6.140811920166015625e+00 8.869027137756347656e+00
1.524999976158142090e+00 6.247360706329345703e+00 8.814252853393554688e+00
1.537500023841857910e+00 6.288394927978515625e+00 8.780226707458496094e+00
1.549999952316284180e+00 6.265922069549560547e+00 8.779518127441406250e+00
1.562500000000000000e+00 6.176902770996093750e+00 8.809105873107910156e+00
1.575000047683715820e+00 6.019087791442871094e+00 8.855006217956542969e+00
1.587499976158142090e+00 5.797091007232666016e+00 8.916596412658691406e+00
1.600000023841857910e+00 5.518320560455322266e+00 9.012752532958984375e+00
1.612499952316284180e+00 5.184423923492431641e+00 9.156898498535156250e+00
1.625000000000000000e+00 4.792716503143310547e+00 9.336493492126464844e+00
1.637500047683715820e+00 4.348288059234619141e+00 9.532305717468261719e+00
1.649999976158142090e+00 3.869098186492919922e+00 9.756548881530761719e+00
1.662500023841857910e+00 3.371568679809570312e+00 1.005219268798828125e+01
1.674999952316284180e+00 2.850523710250854492e+00 1.043724250793457031e+01
1.687500000000000000e+00 2.280459642410278320e+00 1.085321807861328125e+01
1.700000047683715820e+00 1.643433809280395508e+00 1.118758964538574219e+01
1.712499976158142090e+00 9.555336236953735352e-01 1.136099910736083984e+01
1.725000023841857910e+00 2.610177993774414062e-01 1.139180755615234375e+01
1.737499952316284180e+00 -4.020768702030181885e-01 1.137010478973388672e+01
1.750000000000000000e+00 -1.028711318969726562e+00 1.137150096893310547e+01
1.762500047683715820e+00 -1.638765573501586914e+00 1.140297126770019531e+01
1.774999976158142090e+00 -2.246456623077392578e+00 1.142833518981933594e+01
1.787500023841857910e+00 -2.842617273330688477e+00 1.142844772338867188e+01
1.799999952316284180e+00 -3.406059741973876953e+00 1.142201709747314453e+01
1.812500000000000000e+00 -3.925123214721679688e+00 1.143319988250732422e+01
1.825000047683715820e+00 -4.402407169342041016e+00 1.145825004577636719e+01
1.837499976158142090e+00 -4.840800762176513672e+00 1.147475433349609375e+01
1.850000023841857910e+00 -5.232302665710449219e+00 1.147487926483154297e+01
1.862499952316284180e+00 -5.564000129699707031e+00 1.147473430633544922e+01
1.875000000000000000e+00 -5.830937862396240234e+00 1.148957157135009766e+01
1.887500047683715820e+00 -6.037512302398681641e+00 1.151217746734619141e+01
1.899999976158142090e+00 -6.186492443084716797e+00 1.152443695068359375e+01
1.912500023841857910e+00 -6.271982669830322266e+00 1.152380752563476562e+01
1.924999952316284180e+00 -6.286098480224609375e+00 1.152640056610107422e+01
1.937500000000000000e+00 -6.229271888732910156e+00 1.154303264617919922e+01
1.950000047683715820e+00 -6.109282016754150391e+00 1.156330108642578125e+01
1.962499976158142090e+00 -5.930573463439941406e+00 1.157071495056152344e+01
1.975000023841857910e+00 -5.689453601837158203e+00 1.156693077087402344e+01
1.987499952316284180e+00 -5.382269382476806641e+00 1.156966590881347656e+01
2.000000000000000000e+00 -5.014765262603759766e+00 1.158658123016357422e+01
