0.000000000000000000e+00 6.257568359375000000e+00 8.807420730590820312e+00
1.250000018626451492e-02 6.288890361785888672e+00 8.777803421020507812e+00
2.500000037252902985e-02 6.256136417388916016e+00 8.782537460327148438e+00
3.750000149011611938e-02 6.155801296234130859e+00 8.815697669982910156e+00
5.000000074505805969e-02 5.986508846282958984e+00 8.863697052001953125e+00
6.250000000000000000e-02 5.753930568695068359e+00 8.929635047912597656e+00
7.500000298023223877e-02 5.465069293975830078e+00 9.033864021301269531e+00
8.749999850988388062e-02 5.120347023010253906e+00 9.186079978942871094e+00
1.000000014901161194e-01 4.717454910278320312e+00 9.369964599609375000e+00
1.124999970197677612e-01 4.263936519622802734e+00 9.569277763366699219e+00
1.250000000000000000e-01 3.779196023941040039e+00 9.803707122802734375e+00
1.375000029802322388e-01 3.277071714401245117e+00 1.011713314056396484e+01
1.500000059604644775e-01 2.747550010681152344e+00 1.051587009429931641e+01
1.624999940395355225e-01 2.163697242736816406e+00 1.092639255523681641e+01
1.749999970197677612e-01 1.512531518936157227e+00 1.123417282104492188e+01
1.875000000000000000e-01 8.173976540565490723e-01 1.137551307678222656e+01
2.000000029802322388e-01 1.248097419738769531e-01 1.138806247711181641e+01
2.125000059604644775e-01 -5.322124361991882324e-01 1.136690616607666016e+01
2.249999940395355225e-01 -1.155426025390625000e+00 1.137617874145507812e+01
2.374999970197677612e-01 -1.766305923461914062e+00 1.140967369079589844e+01
2.500000000000000000e-01 -2.374817848205566406e+00 1.142997074127197266e+01
2.624999880790710449e-01 -2.967435359954833984e+00 1.142625331878662109e+01
2.750000059604644775e-01 -3.523286819458007812e+00 1.142230510711669922e+01
2.874999940395355225e-01 -4.034151077270507812e+00 1.143802165985107422e+01
3.000000119209289551e-01 -4.504200935363769531e+00 1.146315288543701172e+01
3.125000000000000000e-01 -4.934331893920898438e+00 1.147569084167480469e+01
3.249999880790710449e-01 -5.314274787902832031e+00 1.147387123107910156e+01
3.375000059604644775e-01 -5.631883621215820312e+00 1.147657203674316406e+01
3.499999940395355225e-01 -5.884829998016357422e+00 1.149478721618652344e+01
3.625000119209289551e-01 -6.078311920166015625e+00 1.151643371582031250e+01
3.750000000000000000e-01 -6.213191509246826172e+00 1.152494716644287109e+01
3.874999880790710449e-01 -6.282000064849853516e+00 1.152337646484375000e+01
4.000000059604644775e-01 -6.278127670288085938e+00 1.152926445007324219e+01
4.124999940395355225e-01 -6.204493999481201172e+00 1.154856300354003906e+01
4.250000119209289551e-01 -6.069168090820312500e+00 1.156679439544677734e+01
4.375000000000000000e-01 -5.874470233917236328e+00 1.157026481628417969e+01
4.499999880790710449e-01 -5.615542411804199219e+00 1.156640720367431641e+01
4.625000059604644775e-01 -5.290619373321533203e+00 1.157314014434814453e+01
4.749999940395355225e-01 -4.908002853393554688e+00 1.159205341339111328e+01
4.875000119209289551e-01 -4.479070186614990234e+00 1.160478973388671875e+01
5.000000000000000000e-01 -4.006980895996093750e+00 1.159957122802734375e+01
5.124999880790710449e-01 -3.487924098968505859e+00 1.159001827239990234e+01
5.249999761581420898e-01 -2.924203872680664062e+00 1.159665203094482422e+01
5.375000238418579102e-01 -2.330154418945312500e+00 1.161501121520996094e+01
5.500000119209289551e-01 -1.720079302787780762e+00 1.161805248260498047e+01
5.625000000000000000e-01 -1.093344330787658691e+00 1.159560489654541016e+01
5.749999880790710449e-01 -4.395721256732940674e-01 1.157677173614501953e+01
5.874999761581420898e-01 2.377399206161499023e-01 1.159390640258789062e+01
6.000000238418579102e-01 9.080983996391296387e-01 1.162221908569335938e+01
6.125000119209289551e-01 1.532611370086669922e+00 1.157204151153564453e+01
6.250000000000000000e-01 2.098201513290405273e+00 1.135831642150878906e+01
6.374999880790710449e-01 2.629469394683837891e+00 1.098087310791015625e+01
6.499999761581420898e-01 3.162800788879394531e+00 1.053043746948242188e+01
6.625000238418579102e-01 3.709191083908081055e+00 1.011485385894775391e+01
6.750000119209289551e-01 4.244013786315917969e+00 9.784240722656250000e+00
6.875000000000000000e-01 4.730643749237060547e+00 9.525147438049316406e+00
6.999999880790710449e-01 5.148892402648925781e+00 9.310072898864746094e+00
7.124999761581420898e-01 5.499728202819824219e+00 9.134387016296386719e+00
7.250000238418579102e-01 5.789196968078613281e+00 9.005974769592285156e+00
7.375000119209289551e-01 6.015821933746337891e+00 8.918839454650878906e+00
7.500000000000000000e-01 6.174201488494873047e+00 8.853949546813964844e+00
7.624999880790710449e-01 6.263826370239257812e+00 8.802974700927734375e+00
7.749999761581420898e-01 6.288500785827636719e+00 8.776630401611328125e+00
7.875000238418579102e-01 6.248891353607177734e+00 8.784930229187011719e+00
8.000000119209289551e-01 6.141305446624755859e+00 8.820164680480957031e+00
8.125000000000000000e-01 5.965034961700439453e+00 8.869466781616210938e+00
8.249999880790710449e-01 5.726324081420898438e+00 8.938363075256347656e+00
8.374999761581420898e-01 5.431740760803222656e+00 9.047604560852050781e+00
8.500000238418579102e-01 5.080985069274902344e+00 9.204235076904296875e+00
8.625000119209289551e-01 4.672194004058837891e+00 9.390082359313964844e+00
8.750000000000000000e-01 4.214409351348876953e+00 9.591397285461425781e+00
8.874999880790710449e-01 3.727520227432250977e+00 9.832083702087402344e+00
8.999999761581420898e-01 3.223465204238891602e+00 1.015537738800048828e+01
9.125000238418579102e-01 2.689579010009765625e+00 1.056011295318603516e+01
9.250000119209289551e-01 2.098761796951293945e+00 1.096516323089599609e+01
9.375000000000000000e-01 1.441273331642150879e+00 1.125689888000488281e+01
9.499999880790710449e-01 7.441477775573730469e-01 1.138137531280517578e+01
9.624999761581420898e-01 5.427497997879981995e-02 1.138579750061035156e+01
9.750000238418579102e-01 -5.985555648803710938e-01 1.136600780487060547e+01
9.875000119209289551e-01 -1.219434857368469238e+00 1.137916660308837891e+01
1.000000000000000000e+00 -1.830020666122436523e+00 1.141295337677001953e+01
1.012500047683715820e+00 -2.437832355499267578e+00 1.143048763275146484e+01
1.024999976158142090e+00 -3.027486085891723633e+00 1.142532062530517578e+01
1.037500023841857910e+00 -3.578723192214965820e+00 1.142294883728027344e+01
1.049999952316284180e+00 -4.085046291351318359e+00 1.144061756134033203e+01
1.062500000000000000e+00 -4.551077365875244141e+00 1.146532154083251953e+01
1.075000047683715820e+00 -4.976601600646972656e+00 1.147593975067138672e+01
1.087499976158142090e+00 -5.350497722625732422e+00 1.147358131408691406e+01
1.100000023841857910e+00 -5.661256313323974609e+00 1.147778224945068359e+01
1.112499952316284180e+00 -5.907726287841796875e+00 1.149724388122558594e+01
1.125000000000000000e+00 -6.095212459564208984e+00 1.151808834075927734e+01
1.137500047683715820e+00 -6.223631858825683594e+00 1.152499008178710938e+01
1.149999976158142090e+00 -6.285031318664550781e+00 1.152335929870605469e+01
1.162500023841857910e+00 -6.273564338684082031e+00 1.153076839447021484e+01
1.174999952316284180e+00 -6.193130016326904297e+00 1.155086326599121094e+01
1.187500000000000000e+00 -6.051661014556884766e+00 1.156791400909423828e+01
1.200000047683715820e+00 -5.850533962249755859e+00 1.156988716125488281e+01
1.212499976158142090e+00 -5.584636688232421875e+00 1.156637859344482422e+01
1.225000023841857910e+00 -5.253145217895507812e+00 1.157475662231445312e+01
1.237499952316284180e+00 -4.865230083465576172e+00 1.159404277801513672e+01
1.250000000000000000e+00 -4.431834220886230469e+00 1.160505867004394531e+01
1.262500047683715820e+00 -3.955032825469970703e+00 1.159835433959960938e+01
1.274999976158142090e+00 -3.430983304977416992e+00 1.158975028991699219e+01
1.287500023841857910e+00 -2.863275051116943359e+00 1.159840202331542969e+01
1.299999952316284180e+00 -2.267057657241821289e+00 1.161651325225830078e+01
1.312500000000000000e+00 -1.655575633049011230e+00 1.161669921875000000e+01
1.325000047683715820e+00 -1.026478886604309082e+00 1.159271621704101562e+01
1.337499976158142090e+00 -3.696310222148895264e-01 1.157667446136474609e+01
1.350000023841857910e+00 3.087874948978424072e-01 1.159748554229736328e+01
1.362499952316284180e+00 9.759977459907531738e-01 1.162248420715332031e+01
1.375000000000000000e+00 1.594280838966369629e+00 1.155825424194335938e+01
1.387500047683715820e+00 2.154613494873046875e+00 1.132557773590087891e+01
1.399999976158142090e+00 2.684568881988525391e+00 1.093520355224609375e+01
1.412500023841857910e+00 3.219418287277221680e+00 1.048391723632812500e+01
1.424999952316284180e+00 3.766232728958129883e+00 1.007619190216064453e+01
1.437500000000000000e+00 4.297632694244384766e+00 9.754397392272949219e+00
1.450000047683715820e+00 4.777637004852294922e+00 9.500936508178710938e+00
1.462499976158142090e+00 5.188550949096679688e+00 9.289746284484863281e+00
1.475000023841857910e+00 5.532776355743408203e+00 9.118696212768554688e+00
1.487499952316284180e+00 5.815897941589355469e+00 8.995235443115234375e+00
1.500000000000000000e+00 6.035620212554931641e+00 8.911335945129394531e+00
1.512500047683715820e+00 6.186721801757812500e+00 8.847914695739746094e+00
1.524999976158142090e+00 6.269380092620849609e+00 8.798798561096191406e+00
1.537500023841857910e+00 6.287415027618408203e+00 8.775854110717773438e+00
1.549999952316284180e+00 6.240901947021484375e+00 8.787623405456542969e+00
1.562500000000000000e+00 6.126052856445312500e+00 8.824764251708984375e+00
1.575000047683715820e+00 5.942880153656005859e+00 8.875432014465332031e+00
1.587499976158142090e+00 5.698116302490234375e+00 8.947546005249023438e+00
1.600000023841857910e+00 5.397802829742431641e+00 9.061890602111816406e+00
1.612499952316284180e+00 5.040978431701660156e+00 9.222705841064453125e+00
1.625000000000000000e+00 4.626386165618896484e+00 9.410326957702636719e+00
1.637500047683715820e+00 4.164571762084960938e+00 9.613921165466308594e+00
1.649999976158142090e+00 3.675683498382568359e+00 9.861405372619628906e+00
1.662500023841857910e+00 3.169549465179443359e+00 1.019459438323974609e+01
1.674999952316284180e+00 2.630970001220703125e+00 1.060439586639404297e+01
1.687500000000000000e+00 2.033061027526855469e+00 1.100263690948486328e+01
1.700000047683715820e+00 1.369562029838562012e+00 1.127769756317138672e+01
1.712499976158142090e+00 6.709951758384704590e-01 1.138588047027587891e+01
1.725000023841857910e+00 -1.581918075680732727e-02 1.138331127166748047e+01
1.737499952316284180e+00 -6.645336747169494629e-01 1.136554241180419922e+01
1.750000000000000000e+00 -1.283347487449645996e+00 1.138240242004394531e+01
1.762500047683715820e+00 -1.893729567527770996e+00 1.141602039337158203e+01
1.774999976158142090e+00 -2.500653266906738281e+00 1.143072223663330078e+01
1.787500023841857910e+00 -3.087102174758911133e+00 1.142442798614501953e+01
1.799999952316284180e+00 -3.633658170700073242e+00 1.142384433746337891e+01
1.812500000000000000e+00 -4.135508060455322266e+00 1.144329833984375000e+01
1.825000047683715820e+00 -4.597524642944335938e+00 1.146731090545654297e+01
1.837499976158142090e+00 -5.018308162689208984e+00 1.147602748870849609e+01
1.850000023841857910e+00 -5.386020183563232422e+00 1.147337436676025391e+01
1.862499952316284180e+00 -5.689920902252197266e+00 1.147918415069580078e+01
1.875000000000000000e+00 -5.929985523223876953e+00 1.149971675872802734e+01
1.887500047683715820e+00 -6.111478328704833984e+00 1.151956844329833984e+01
1.899999976158142090e+00 -6.233339309692382812e+00 1.152492713928222656e+01
1.912500023841857910e+00 -6.287256717681884766e+00 1.152345657348632812e+01
1.924999952316284180e+00 -6.268244743347167969e+00 1.153243350982666016e+01
1.937500000000000000e+00 -6.181107997894287109e+00 1.155312633514404297e+01
1.950000047683715820e+00 -6.033510684967041016e+00 1.156884479522705078e+01
1.962499976158142090e+00 -5.825886249542236328e+00 1.156944084167480469e+01
1.975000023841857910e+00 -5.553004741668701172e+00 1.156649971008300781e+01
1.987499952316284180e+00 -5.215053558349609375e+00 1.157651329040527344e+01
2.000000000000000000e+00 -4.821971416473388672e+00 1.159593105316162109e+01
