0.000000000000000000e+00 6.257183074951171875e+00 8.807749748229980469e+00
1.250000018626451492e-02 6.288683891296386719e+00 8.777956008911132812e+00
2.500000037252902985e-02 6.255730152130126953e+00 8.782710075378417969e+00
3.750000149011611938e-02 6.154789924621582031e+00 8.816032409667968750e+00
5.000000074505805969e-02 5.984493255615234375e+00 8.864253997802734375e+00
6.250000000000000000e-02 5.750597953796386719e+00 8.930654525756835938e+00
7.500000298023223877e-02 5.460133075714111328e+00 9.035788536071777344e+00
8.749999850988388062e-02 5.113446712493896484e+00 9.189115524291992188e+00
1.000000014901161194e-01 4.708272933959960938e+00 9.373902320861816406e+00
1.124999970197677612e-01 4.252487182617187500e+00 9.574217796325683594e+00
1.250000000000000000e-01 3.765779018402099609e+00 9.810774803161621094e+00
1.375000029802322388e-01 3.261681795120239258e+00 1.012766265869140625e+01
1.500000059604644775e-01 2.729388952255249023e+00 1.052925968170166016e+01
1.624999940395355225e-01 2.141634225845336914e+00 1.093917942047119141e+01
1.749999970197677612e-01 1.486312747001647949e+00 1.124221324920654297e+01
1.875000000000000000e-01 7.882628440856933594e-01 1.137755870819091797e+01
2.000000029802322388e-01 9.460566937923431396e-02 1.138683128356933594e+01
2.125000059604644775e-01 -5.626001954078674316e-01 1.136623096466064453e+01
2.249999940395355225e-01 -1.186562895774841309e+00 1.137737083435058594e+01
2.374999970197677612e-01 -1.799060702323913574e+00 1.141112804412841797e+01
2.500000000000000000e-01 -2.408974409103393555e+00 1.143004417419433594e+01
2.624999880790710449e-01 -3.001694679260253906e+00 1.142551994323730469e+01
2.750000059604644775e-01 -3.556489944458007812e+00 1.142249584197998047e+01
2.874999940395355225e-01 -4.066058635711669922e+00 1.143947792053222656e+01
3.000000119209289551e-01 -4.534890174865722656e+00 1.146443176269531250e+01
3.125000000000000000e-01 -4.963186740875244141e+00 1.147574138641357422e+01
3.249999880790710449e-01 -5.340019226074218750e+00 1.147356319427490234e+01
3.375000059604644775e-01 -5.653569698333740234e+00 1.147739410400390625e+01
3.499999940395355225e-01 -5.902340412139892578e+00 1.149663352966308594e+01
3.625000119209289551e-01 -6.091660022735595703e+00 1.151773738861083984e+01
3.750000000000000000e-01 -6.221661567687988281e+00 1.152499103546142578e+01
3.874999880790710449e-01 -6.284417629241943359e+00 1.152340221405029297e+01
4.000000059604644775e-01 -6.273900985717773438e+00 1.153067016601562500e+01
4.124999940395355225e-01 -6.193907260894775391e+00 1.155076408386230469e+01
4.250000119209289551e-01 -6.052453994750976562e+00 1.156796836853027344e+01
4.375000000000000000e-01 -5.851007938385009766e+00 1.157004833221435547e+01
4.499999880790710449e-01 -5.584431171417236328e+00 1.156657218933105469e+01
4.625000059604644775e-01 -5.251873493194580078e+00 1.157502841949462891e+01
4.749999940395355225e-01 -4.862587928771972656e+00 1.159438705444335938e+01
4.875000119209289551e-01 -4.427589893341064453e+00 1.160531902313232422e+01
5.000000000000000000e-01 -3.948906183242797852e+00 1.159849262237548828e+01
5.124999880790710449e-01 -3.422675132751464844e+00 1.159004592895507812e+01
5.249999761581420898e-01 -2.852681875228881836e+00 1.159905242919921875e+01
5.375000238418579102e-01 -2.254314899444580078e+00 1.161712646484375000e+01
5.500000119209289551e-01 -1.640717864036560059e+00 1.161668872833251953e+01
5.625000000000000000e-01 -1.009168863296508789e+00 1.159235382080078125e+01
5.749999880790710449e-01 -3.495439291000366211e-01 1.157713413238525391e+01
5.874999761581420898e-01 3.311759531497955322e-01 1.159905719757080078e+01
6.000000238418579102e-01 9.992778897285461426e-01 1.162277984619140625e+01
6.125000119209289551e-01 1.617150545120239258e+00 1.155310249328613281e+01
6.250000000000000000e-01 2.177125930786132812e+00 1.131251811981201172e+01
6.374999880790710449e-01 2.708074569702148438e+00 1.091608619689941406e+01
6.499999761581420898e-01 3.245039701461791992e+00 1.046358489990234375e+01
6.625000238418579102e-01 3.793463468551635742e+00 1.005853462219238281e+01
6.750000119209289551e-01 4.324570655822753906e+00 9.740015983581542969e+00
6.875000000000000000e-01 4.802484512329101562e+00 9.488512992858886719e+00
6.999999880790710449e-01 5.210623264312744141e+00 9.278734207153320312e+00
7.124999761581420898e-01 5.552078247070312500e+00 9.109863281250000000e+00
7.250000238418579102e-01 5.832143306732177734e+00 8.988986968994140625e+00
7.375000119209289551e-01 6.048042774200439453e+00 8.906764984130859375e+00
7.500000000000000000e-01 6.194692611694335938e+00 8.844073295593261719e+00
7.624999880790710449e-01 6.272722721099853516e+00 8.796175003051757812e+00
7.749999761581420898e-01 6.285945892333984375e+00 8.775675773620605469e+00
7.875000238418579102e-01 6.234011173248291016e+00 8.789996147155761719e+00
8.000000119209289551e-01 6.113091945648193359e+00 8.828617095947265625e+00
8.125000000000000000e-01 5.923791408538818359e+00 8.880608558654785156e+00
8.249999880790710449e-01 5.673226833343505859e+00 8.955837249755859375e+00
8.374999761581420898e-01 5.366990089416503906e+00 9.074984550476074219e+00
8.500000238418579102e-01 5.003612041473388672e+00 9.239795684814453125e+00
8.625000119209289551e-01 4.582505702972412109e+00 9.429476737976074219e+00
8.750000000000000000e-01 4.115687847137451172e+00 9.636169433593750000e+00
8.874999880790710449e-01 3.623503446578979492e+00 9.891562461853027344e+00
8.999999761581420898e-01 3.113609552383422852e+00 1.023556995391845703e+01
9.125000238418579102e-01 2.568260431289672852e+00 1.065057945251464844e+01
9.250000119209289551e-01 1.960962891578674316e+00 1.104109287261962891e+01
9.375000000000000000e-01 1.289322733879089355e+00 1.129803371429443359e+01
9.499999880790710449e-01 5.876674056053161621e-01 1.138909626007080078e+01
9.624999761581420898e-01 -9.736578166484832764e-02 1.137999820709228516e+01
9.750000238418579102e-01 -7.433449625968933105e-01 1.136536884307861328e+01
9.875000119209289551e-01 -1.361849904060363770e+00 1.138641166687011719e+01
1.000000000000000000e+00 -1.973822236061096191e+00 1.141926860809326172e+01
1.012500047683715820e+00 -2.581059932708740234e+00 1.143041324615478516e+01
1.024999976158142090e+00 -3.164703845977783203e+00 1.142319393157958984e+01
1.037500023841857910e+00 -3.706569433212280273e+00 1.142528343200683594e+01
1.049999952316284180e+00 -4.203920364379882812e+00 1.144689369201660156e+01
1.062500000000000000e+00 -4.661680221557617188e+00 1.146960830688476562e+01
1.075000047683715820e+00 -5.076719284057617188e+00 1.147578525543212891e+01
1.087499976158142090e+00 -5.436341285705566406e+00 1.147319221496582031e+01
1.100000023841857910e+00 -5.731035232543945312e+00 1.148155307769775391e+01
1.112499952316284180e+00 -5.962297439575195312e+00 1.150339317321777344e+01
1.125000000000000000e+00 -6.135097026824951172e+00 1.152146530151367188e+01
1.137500047683715820e+00 -6.246859550476074219e+00 1.152467632293701172e+01
1.149999976158142090e+00 -6.288914203643798828e+00 1.152395248413085938e+01
1.162500023841857910e+00 -6.257761478424072266e+00 1.153554248809814453e+01
1.174999952316284180e+00 -6.159520626068115234e+00 1.155683231353759766e+01
1.187500000000000000e+00 -6.001203536987304688e+00 1.157010936737060547e+01
1.200000047683715820e+00 -5.781722545623779297e+00 1.156874752044677734e+01
1.212499976158142090e+00 -5.495927333831787109e+00 1.156731414794921875e+01
1.225000023841857910e+00 -5.145887851715087891e+00 1.158013629913330078e+01
1.237499952316284180e+00 -4.742688655853271484e+00 1.159923553466796875e+01
1.250000000000000000e+00 -4.295470714569091797e+00 1.160489845275878906e+01
1.262500047683715820e+00 -3.803519010543823242e+00 1.159513378143310547e+01
1.274999976158142090e+00 -3.263796329498291016e+00 1.159055709838867188e+01
1.287500023841857910e+00 -2.683859109878540039e+00 1.160444641113281250e+01
1.299999952316284180e+00 -2.080374717712402344e+00 1.161989879608154297e+01
1.312500000000000000e+00 -1.462638139724731445e+00 1.161129856109619141e+01
1.325000047683715820e+00 -8.238198161125183105e-01 1.158516216278076172e+01
1.337499976158142090e+00 -1.561914980411529541e-01 1.157964420318603516e+01
1.350000023841857910e+00 5.252086520195007324e-01 1.160915184020996094e+01
1.362499952316284180e+00 1.182022213935852051e+00 1.161697101593017578e+01
1.375000000000000000e+00 1.782297730445861816e+00 1.150322246551513672e+01
1.387500047683715820e+00 2.329973936080932617e+00 1.121186256408691406e+01
1.399999976158142090e+00 2.859857797622680664e+00 1.078727722167968750e+01
1.412500023841857910e+00 3.401305675506591797e+00 1.033985519409179688e+01
1.424999952316284180e+00 3.948683023452758789e+00 9.958871841430664062e+00
1.437500000000000000e+00 4.467725753784179688e+00 9.662788391113281250e+00
1.450000047683715820e+00 4.926300525665283203e+00 9.424829483032226562e+00
1.462499976158142090e+00 5.314621925354003906e+00 9.225874900817871094e+00
1.475000023841857910e+00 5.638315677642822266e+00 9.070448875427246094e+00
1.487499952316284180e+00 5.900640010833740234e+00 8.962423324584960938e+00
1.500000000000000000e+00 6.097105503082275391e+00 8.887502670288085938e+00
1.512500047683715820e+00 6.223804950714111328e+00 8.828513145446777344e+00
1.524999976158142090e+00 6.283009052276611328e+00 8.786878585815429688e+00
1.537500023841857910e+00 6.277920722961425781e+00 8.776381492614746094e+00
1.549999952316284180e+00 6.206628799438476562e+00 8.799271583557128906e+00
1.562500000000000000e+00 6.065762042999267578e+00 8.842129707336425781e+00
1.575000047683715820e+00 5.858102321624755859e+00 8.898769378662109375e+00
1.587499976158142090e+00 5.591372013092041016e+00 8.984748840332031250e+00
1.600000023841857910e+00 5.269183635711669922e+00 9.118090629577636719e+00
1.612499952316284180e+00 4.888971805572509766e+00 9.292418479919433594e+00
1.625000000000000000e+00 4.452938079833984375e+00 9.486132621765136719e+00
1.637500047683715820e+00 3.976904392242431641e+00 9.702006340026855469e+00
1.649999976158142090e+00 3.479970932006835938e+00 9.979984283447265625e+00
1.662500023841857910e+00 2.962716102600097656e+00 1.034984302520751953e+01
1.674999952316284180e+00 2.401906490325927734e+00 1.077001285552978516e+01
1.687500000000000000e+00 1.774774432182312012e+00 1.113155841827392578e+01
1.700000047683715820e+00 1.089794397354125977e+00 1.133961486816406250e+01
1.712499976158142090e+00 3.886065781116485596e-01 1.139226818084716797e+01
1.725000023841857910e+00 -2.859034240245819092e-01 1.137311935424804688e+01
1.737499952316284180e+00 -9.217862486839294434e-01 1.136788940429687500e+01
1.750000000000000000e+00 -1.536751270294189453e+00 1.139646530151367188e+01
1.762500047683715820e+00 -2.148349046707153320e+00 1.142534542083740234e+01
1.774999976158142090e+00 -2.751208305358886719e+00 1.142910385131835938e+01
1.787500023841857910e+00 -3.324183464050292969e+00 1.142177009582519531e+01
1.799999952316284180e+00 -3.852960824966430664e+00 1.142988395690917969e+01
1.812500000000000000e+00 -4.338616847991943359e+00 1.145438766479492188e+01
1.825000047683715820e+00 -4.785058498382568359e+00 1.147323513031005859e+01
1.837499976158142090e+00 -5.185704231262207031e+00 1.147502231597900391e+01
1.850000023841857910e+00 -5.527279853820800781e+00 1.147385120391845703e+01
1.862499952316284180e+00 -5.803299427032470703e+00 1.148696613311767578e+01
1.875000000000000000e+00 -6.017544269561767578e+00 1.150979614257812500e+01
1.887500047683715820e+00 -6.173602104187011719e+00 1.152380847930908203e+01
1.899999976158142090e+00 -6.266329765319824219e+00 1.152400016784667969e+01
1.912500023841857910e+00 -6.287362575531005859e+00 1.152565479278564453e+01
1.924999952316284180e+00 -6.236141681671142578e+00 1.154132556915283203e+01
1.937500000000000000e+00 -6.120296001434326172e+00 1.156215953826904297e+01
1.950000047683715820e+00 -5.944994926452636719e+00 1.157088851928710938e+01
1.962499976158142090e+00 -5.706970214843750000e+00 1.156744098663330078e+01
1.975000023841857910e+00 -5.402110576629638672e+00 1.156939411163330078e+01
1.987499952316284180e+00 -5.035579204559326172e+00 1.158585166931152344e+01
2.000000000000000000e+00 -4.619275093078613281e+00 1.160285091400146484e+01
