0.000000000000000000e+00 6.256787776947021484e+00 8.807970046997070312e+00
1.250000018626451492e-02 6.288467884063720703e+00 8.777999877929687500e+00
2.500000037252902985e-02 6.255314826965332031e+00 8.782773971557617188e+00
3.750000149011611938e-02 6.153767108917236328e+00 8.816257476806640625e+00
5.000000074505805969e-02 5.982464313507080078e+00 8.864702224731445312e+00
6.250000000000000000e-02 5.747248649597167969e+00 8.931568145751953125e+00
7.500000298023223877e-02 5.455178260803222656e+00 9.037612915039062500e+00
8.749999850988388062e-02 5.106521606445312500e+00 9.192049980163574219e+00
1.000000014901161194e-01 4.699063777923583984e+00 9.377737045288085938e+00
1.124999970197677612e-01 4.241016387939453125e+00 9.579067230224609375e+00
1.250000000000000000e-01 3.752347946166992188e+00 9.817790985107421875e+00
1.375000029802322388e-01 3.246268510818481445e+00 1.013815784454345703e+01
1.500000059604644775e-01 2.711170911788940430e+00 1.054254722595214844e+01
1.624999940395355225e-01 2.119486093521118164e+00 1.095171737670898438e+01
1.749999970197677612e-01 1.460028052330017090e+00 1.124989700317382812e+01
1.875000000000000000e-01 7.591328024864196777e-01 1.137929439544677734e+01
2.000000029802322388e-01 6.447298079729080200e-02 1.138546085357666016e+01
2.125000059604644775e-01 -5.929119586944580078e-01 1.136554718017578125e+01
2.249999940395355225e-01 -1.217668533325195312e+00 1.137852573394775391e+01
2.374999970197677612e-01 -1.831803917884826660e+00 1.141243267059326172e+01
2.500000000000000000e-01 -2.443067073822021484e+00 1.142993927001953125e+01
2.624999880790710449e-01 -3.035806655883789062e+00 1.142470455169677734e+01
2.750000059604644775e-01 -3.589504241943359375e+00 1.142268562316894531e+01
2.874999940395355225e-01 -4.097783565521240234e+00 1.144087791442871094e+01
3.000000119209289551e-01 -4.565383434295654297e+00 1.146554470062255859e+01
3.125000000000000000e-01 -4.991769313812255859e+00 1.147562694549560547e+01
3.249999880790710449e-01 -5.365398406982421875e+00 1.147321128845214844e+01
3.375000059604644775e-01 -5.674854755401611328e+00 1.147823619842529297e+01
3.499999940395355225e-01 -5.919459342956542969e+00 1.149840641021728516e+01
3.625000119209289551e-01 -6.104590415954589844e+00 1.151884555816650391e+01
3.750000000000000000e-01 -6.229619503021240234e+00 1.152487945556640625e+01
3.874999880790710449e-01 -6.286234855651855469e+00 1.152342987060546875e+01
4.000000059604644775e-01 -6.269071578979492188e+00 1.153211784362792969e+01
4.124999940395355225e-01 -6.182760715484619141e+00 1.155284976959228516e+01
4.250000119209289551e-01 -6.035159587860107422e+00 1.156889057159423828e+01
4.375000000000000000e-01 -5.826868534088134766e+00 1.156968402862548828e+01
4.499999880790710449e-01 -5.552588939666748047e+00 1.156680297851562500e+01
4.625000059604644775e-01 -5.212471008300781250e+00 1.157697391510009766e+01
4.749999940395355225e-01 -4.816626548767089844e+00 1.159651470184326172e+01
4.875000119209289551e-01 -4.375556945800781250e+00 1.160549831390380859e+01
5.000000000000000000e-01 -3.890181541442871094e+00 1.159729957580566406e+01
5.124999880790710449e-01 -3.356791019439697266e+00 1.159027290344238281e+01
5.249999761581420898e-01 -2.780740976333618164e+00 1.160152339935302734e+01
5.375000238418579102e-01 -2.178263902664184570e+00 1.161882114410400391e+01
5.500000119209289551e-01 -1.561081171035766602e+00 1.161477470397949219e+01
5.625000000000000000e-01 -9.244909882545471191e-01 1.158917236328125000e+01
5.749999880790710449e-01 -2.590899467468261719e-01 1.157817745208740234e+01
5.874999761581420898e-01 4.243943691253662109e-01 1.160425376892089844e+01
6.000000238418579102e-01 1.089428067207336426e+00 1.162138748168945312e+01
6.125000119209289551e-01 1.700423717498779297e+00 1.153041362762451172e+01
6.250000000000000000e-01 2.255375385284423828e+00 1.126316738128662109e+01
6.374999880790710449e-01 2.786811828613281250e+00 1.084998512268066406e+01
6.499999761581420898e-01 3.327564239501953125e+00 1.039787673950195312e+01
6.625000238418579102e-01 3.877314329147338867e+00 1.000429153442382812e+01
6.750000119209289551e-01 4.403765678405761719e+00 9.697314262390136719e+00
6.875000000000000000e-01 4.872496128082275391e+00 9.452734947204589844e+00
6.999999880790710449e-01 5.270580291748046875e+00 9.248326301574707031e+00
7.124999761581420898e-01 5.602752208709716797e+00 9.086589813232421875e+00
7.250000238418579102e-01 5.873246669769287109e+00 8.973020553588867188e+00
7.375000119209289551e-01 6.078174591064453125e+00 8.895110130310058594e+00
7.500000000000000000e-01 6.213046073913574219e+00 8.834478378295898438e+00
7.624999880790710449e-01 6.279553413391113281e+00 8.790141105651855469e+00
7.749999761581420898e-01 6.281245231628417969e+00 8.775805473327636719e+00
7.875000238418579102e-01 6.216760158538818359e+00 8.795771598815917969e+00
8.000000119209289551e-01 6.082444190979003906e+00 8.837350845336914062e+00
8.125000000000000000e-01 5.880321025848388672e+00 8.892434120178222656e+00
8.249999880790710449e-01 5.618065357208251953e+00 8.974897384643554688e+00
8.374999761581420898e-01 5.300031661987304688e+00 9.104086875915527344e+00
8.500000238418579102e-01 4.923898696899414062e+00 9.276180267333984375e+00
8.625000119209289551e-01 4.490911006927490234e+00 9.469296455383300781e+00
8.750000000000000000e-01 4.015943050384521484e+00 9.682823181152343750e+00
8.874999880790710449e-01 3.518831014633178711e+00 9.954948425292968750e+00
8.999999761581420898e-01 3.002243995666503906e+00 1.031906700134277344e+01
9.125000238418579102e-01 2.444048404693603516e+00 1.073981189727783203e+01
9.250000119209289551e-01 1.820007443428039551e+00 1.111028099060058594e+01
9.375000000000000000e-01 1.135862708091735840e+00 1.133065223693847656e+01
9.499999880790710449e-01 4.320900738239288330e-01 1.139169025421142578e+01
9.624999761581420898e-01 -2.468923181295394897e-01 1.137412929534912109e+01
9.750000238418579102e-01 -8.866651654243469238e-01 1.136681842803955078e+01
9.875000119209289551e-01 -1.503991842269897461e+00 1.139421176910400391e+01
1.000000000000000000e+00 -2.117433071136474609e+00 1.142408370971679688e+01
1.012500047683715820e+00 -2.722916603088378906e+00 1.142909431457519531e+01
1.024999976158142090e+00 -3.299393415451049805e+00 1.142163658142089844e+01
1.037500023841857910e+00 -3.831710338592529297e+00 1.142885398864746094e+01
1.049999952316284180e+00 -4.320408344268798828e+00 1.145313167572021484e+01
1.062500000000000000e+00 -4.769649505615234375e+00 1.147262287139892578e+01
1.075000047683715820e+00 -5.173255920410156250e+00 1.147492885589599609e+01
1.087499976158142090e+00 -5.517853260040283203e+00 1.147356319427490234e+01
1.100000023841857910e+00 -5.796529769897460938e+00 1.148627471923828125e+01
1.112499952316284180e+00 -6.012894630432128906e+00 1.150915813446044922e+01
1.125000000000000000e+00 -6.170727252960205078e+00 1.152357769012451172e+01
1.137500047683715820e+00 -6.265042781829833984e+00 1.152398204803466797e+01
1.149999976158142090e+00 -6.287355899810791016e+00 1.152551555633544922e+01
1.162500023841857910e+00 -6.236917018890380859e+00 1.154107475280761719e+01
1.174999952316284180e+00 -6.121361255645751953e+00 1.156202316284179688e+01
1.187500000000000000e+00 -5.945985794067382812e+00 1.157092571258544922e+01
1.200000047683715820e+00 -5.707556724548339844e+00 1.156753635406494141e+01
1.212499976158142090e+00 -5.401906490325927734e+00 1.156951427459716797e+01
1.225000023841857910e+00 -5.034216403961181641e+00 1.158605003356933594e+01
1.237499952316284180e+00 -4.616483688354492188e+00 1.160305690765380859e+01
1.250000000000000000e+00 -4.155251026153564453e+00 1.160313129425048828e+01
1.262500047683715820e+00 -3.647697687149047852e+00 1.159235572814941406e+01
1.274999976158142090e+00 -3.092905044555664062e+00 1.159320831298828125e+01
1.287500023841857910e+00 -2.502338409423828125e+00 1.161062431335449219e+01
1.299999952316284180e+00 -1.892503023147583008e+00 1.162065315246582031e+01
1.312500000000000000e+00 -1.267714023590087891e+00 1.160383987426757812e+01
1.325000047683715820e+00 -6.181657910346984863e-01 1.157972431182861328e+01
1.337499976158142090e+00 5.883853882551193237e-02 1.158663368225097656e+01
1.350000023841857910e+00 7.391170263290405273e-01 1.161892127990722656e+01
1.362499952316284180e+00 1.381899595260620117e+00 1.159843826293945312e+01
1.375000000000000000e+00 1.964452266693115234e+00 1.142854976654052734e+01
1.387500047683715820e+00 2.503367424011230469e+00 1.108325576782226562e+01
1.399999976158142090e+00 3.036604404449462891e+00 1.063704299926757812e+01
1.412500023841857910e+00 3.584027767181396484e+00 1.020376205444335938e+01
1.424999952316284180e+00 4.127879619598388672e+00 9.851405143737792969e+00
1.437500000000000000e+00 4.630671024322509766e+00 9.577550888061523438e+00
1.450000047683715820e+00 5.066638946533203125e+00 9.352831840515136719e+00
1.462499976158142090e+00 5.433063507080078125e+00 9.167034149169921875e+00
1.475000023841857910e+00 5.736516952514648438e+00 9.028011322021484375e+00
1.487499952316284180e+00 5.977251052856445312e+00 8.933597564697265625e+00
1.500000000000000000e+00 6.149759769439697266e+00 8.865326881408691406e+00
1.512500047683715820e+00 6.252254962921142578e+00 8.811049461364746094e+00
1.524999976158142090e+00 6.288347244262695312e+00 8.778994560241699219e+00
1.537500023841857910e+00 6.259708404541015625e+00 8.781364440917968750e+00
1.549999952316284180e+00 6.162953376770019531e+00 8.813385009765625000e+00
1.562500000000000000e+00 5.996305465698242188e+00 8.860982894897460938e+00
1.575000047683715820e+00 5.765188217163085938e+00 8.925998687744140625e+00
1.587499976158142090e+00 5.476905345916748047e+00 9.028770446777343750e+00
1.600000023841857910e+00 5.132229804992675781e+00 9.180209159851074219e+00
1.612499952316284180e+00 4.728704452514648438e+00 9.364527702331542969e+00
1.625000000000000000e+00 4.273546218872070312e+00 9.564597129821777344e+00
1.637500047683715820e+00 3.786337375640869141e+00 9.799310684204101562e+00
1.649999976158142090e+00 3.281506776809692383e+00 1.011317157745361328e+01
1.662500023841857910e+00 2.749243259429931641e+00 1.051345539093017578e+01
1.674999952316284180e+00 2.162154436111450195e+00 1.092608070373535156e+01
1.687500000000000000e+00 1.506916880607604980e+00 1.123480796813964844e+01
1.700000047683715820e+00 8.073755502700805664e-01 1.137538242340087891e+01
1.712499976158142090e+00 1.109235584735870361e-01 1.138694000244140625e+01
1.725000023841857910e+00 -5.492415428161621094e-01 1.136611175537109375e+01
1.737499952316284180e+00 -1.175535202026367188e+00 1.137653732299804688e+01
1.750000000000000000e+00 -1.789860010147094727e+00 1.141030025482177734e+01
1.762500047683715820e+00 -2.401612520217895508e+00 1.142964267730712891e+01
1.774999976158142090e+00 -2.996356964111328125e+00 1.142530727386474609e+01
1.787500023841857910e+00 -3.553126335144042969e+00 1.142219829559326172e+01
1.799999952316284180e+00 -4.064397335052490234e+00 1.143914222717285156e+01
1.812500000000000000e+00 -4.534657955169677734e+00 1.146417045593261719e+01
1.825000047683715820e+00 -4.964138507843017578e+00 1.147551631927490234e+01
1.837499976158142090e+00 -5.341823577880859375e+00 1.147336578369140625e+01
1.850000023841857910e+00 -5.655821323394775391e+00 1.147735309600830078e+01
1.862499952316284180e+00 -5.904685020446777344e+00 1.149677753448486328e+01
1.875000000000000000e+00 -6.093786239624023438e+00 1.151784133911132812e+01
1.887500047683715820e+00 -6.223144531250000000e+00 1.152490425109863281e+01
1.899999976158142090e+00 -6.284707546234130859e+00 1.152336978912353516e+01
1.912500023841857910e+00 -6.272544860839843750e+00 1.153102397918701172e+01
1.924999952316284180e+00 -6.190676689147949219e+00 1.155135726928710938e+01
1.937500000000000000e+00 -6.047134399414062500e+00 1.156828117370605469e+01
1.950000047683715820e+00 -5.843149662017822266e+00 1.156997680664062500e+01
1.962499976158142090e+00 -5.573496341705322266e+00 1.156669998168945312e+01
1.975000023841857910e+00 -5.237642288208007812e+00 1.157579517364501953e+01
1.987499952316284180e+00 -4.845199108123779297e+00 1.159529209136962891e+01
2.000000000000000000e+00 -4.407070159912109375e+00 1.160551357269287109e+01
