0.000000000000000000e+00 6.256402492523193359e+00 8.808288574218750000e+00
1.250000018626451492e-02 6.288262844085693359e+00 8.778141021728515625e+00
2.500000037252902985e-02 6.254908561706542969e+00 8.782937049865722656e+00
3.750000149011611938e-02 6.152751445770263672e+00 8.816582679748535156e+00
5.000000074505805969e-02 5.980439662933349609e+00 8.865250587463378906e+00
6.250000000000000000e-02 5.743900299072265625e+00 8.932586669921875000e+00
7.500000298023223877e-02 5.450218677520751953e+00 9.039547920227050781e+00
8.749999850988388062e-02 5.099585533142089844e+00 9.195094108581542969e+00
1.000000014901161194e-01 4.689839839935302734e+00 9.381678581237792969e+00
1.124999970197677612e-01 4.229535102844238281e+00 9.584037780761718750e+00
1.250000000000000000e-01 3.738912105560302734e+00 9.824962615966796875e+00
1.375000029802322388e-01 3.230838775634765625e+00 1.014882278442382812e+01
1.500000059604644775e-01 2.692901611328125000e+00 1.055593109130859375e+01
1.624999940395355225e-01 2.097256898880004883e+00 1.096420478820800781e+01
1.749999970197677612e-01 1.433681249618530273e+00 1.125742435455322266e+01
1.875000000000000000e-01 7.300099134445190430e-01 1.138092517852783203e+01
2.000000029802322388e-01 3.441008180379867554e-02 1.138415718078613281e+01
2.125000059604644775e-01 -6.231543421745300293e-01 1.136505413055419922e+01
2.249999940395355225e-01 -1.248752117156982422e+00 1.137983417510986328e+01
2.374999970197677612e-01 -1.864543199539184570e+00 1.141377925872802734e+01
2.500000000000000000e-01 -2.477102518081665039e+00 1.142985630035400391e+01
2.624999880790710449e-01 -3.069780588150024414e+00 1.142401027679443359e+01
2.750000059604644775e-01 -3.622344255447387695e+00 1.142306709289550781e+01
2.874999940395355225e-01 -4.129342555999755859e+00 1.144240665435791016e+01
3.000000119209289551e-01 -4.595694541931152344e+00 1.146668052673339844e+01
3.125000000000000000e-01 -5.020091056823730469e+00 1.147554588317871094e+01
3.249999880790710449e-01 -5.390428066253662109e+00 1.147301387786865234e+01
3.375000059604644775e-01 -5.695760250091552734e+00 1.147928524017333984e+01
3.499999940395355225e-01 -5.936210155487060547e+00 1.150028038024902344e+01
3.625000119209289551e-01 -6.117120742797851562e+00 1.151994228363037109e+01
3.750000000000000000e-01 -6.237080097198486328e+00 1.152481174468994141e+01
3.874999880790710449e-01 -6.287472248077392578e+00 1.152365779876708984e+01
4.000000059604644775e-01 -6.263665676116943359e+00 1.153378772735595703e+01
4.124999940395355225e-01 -6.171078205108642578e+00 1.155498886108398438e+01
4.250000119209289551e-01 -6.017299652099609375e+00 1.156975078582763672e+01
4.375000000000000000e-01 -5.802063941955566406e+00 1.156938743591308594e+01
4.499999880790710449e-01 -5.520038127899169922e+00 1.156730651855468750e+01
4.625000059604644775e-01 -5.172442913055419922e+00 1.157915115356445312e+01
4.749999940395355225e-01 -4.770141124725341797e+00 1.159860324859619141e+01
4.875000119209289551e-01 -4.322977066040039062e+00 1.160553359985351562e+01
5.000000000000000000e-01 -3.830812931060791016e+00 1.159623336791992188e+01
5.124999880790710449e-01 -3.290299415588378906e+00 1.159090614318847656e+01
5.249999761581420898e-01 -2.708421230316162109e+00 1.160421085357666016e+01
5.375000238418579102e-01 -2.102016210556030273e+00 1.162024402618408203e+01
5.500000119209289551e-01 -1.481145143508911133e+00 1.161255264282226562e+01
5.625000000000000000e-01 -8.392952680587768555e-01 1.158636665344238281e+01
5.749999880790710449e-01 -1.682642251253128052e-01 1.158010482788085938e+01
5.874999761581420898e-01 5.172842741012573242e-01 1.160948276519775391e+01
6.000000238418579102e-01 1.178478717803955078e+00 1.161794471740722656e+01
6.125000119209289551e-01 1.782484054565429688e+00 1.150408267974853516e+01
6.250000000000000000e-01 2.333088636398315430e+00 1.121071815490722656e+01
6.374999880790710449e-01 2.865772247314453125e+00 1.078318500518798828e+01
6.499999761581420898e-01 3.410327911376953125e+00 1.033377265930175781e+01
6.625000238418579102e-01 3.960612058639526367e+00 9.952301979064941406e+00
6.750000119209289551e-01 4.481509208679199219e+00 9.656199455261230469e+00
6.875000000000000000e-01 4.940689563751220703e+00 9.417976379394531250e+00
6.999999880790710449e-01 5.328817367553710938e+00 9.219115257263183594e+00
7.124999761581420898e-01 5.651768207550048828e+00 9.064777374267578125e+00
7.250000238418579102e-01 5.912492275238037109e+00 8.958178520202636719e+00
7.375000119209289551e-01 6.106225013732910156e+00 8.884004592895507812e+00
7.500000000000000000e-01 6.229307651519775391e+00 8.825423240661621094e+00
7.624999880790710449e-01 6.284353256225585938e+00 8.785172462463378906e+00
7.749999761581420898e-01 6.274394512176513672e+00 8.777199745178222656e+00
7.875000238418579102e-01 6.197138309478759766e+00 8.802353858947753906e+00
8.000000119209289551e-01 6.049416542053222656e+00 8.846572875976562500e+00
8.125000000000000000e-01 5.834700107574462891e+00 8.905314445495605469e+00
8.249999880790710449e-01 5.560863018035888672e+00 8.995862960815429688e+00
8.374999761581420898e-01 5.230847835540771484e+00 9.134990692138671875e+00
8.500000238418579102e-01 4.841903209686279297e+00 9.313411712646484375e+00
8.625000119209289551e-01 4.397597312927246094e+00 9.509886741638183594e+00
8.750000000000000000e-01 3.915345191955566406e+00 9.732015609741210938e+00
8.874999880790710449e-01 3.413441896438598633e+00 1.002260875701904297e+01
8.999999761581420898e-01 2.889089107513427734e+00 1.040538787841796875e+01
9.125000238418579102e-01 2.316762685775756836e+00 1.082676696777343750e+01
9.250000119209289551e-01 1.676117658615112305e+00 1.117214965820312500e+01
9.375000000000000000e-01 9.814310669898986816e-01 1.135536766052246094e+01
9.499999880790710449e-01 2.778348326683044434e-01 1.139054584503173828e+01
9.624999761581420898e-01 -3.943229615688323975e-01 1.136922931671142578e+01
9.750000238418579102e-01 -1.028821587562561035e+00 1.137043952941894531e+01
9.875000119209289551e-01 -1.646023273468017578e+00 1.140218734741210938e+01
1.000000000000000000e+00 -2.260667562484741211e+00 1.142742538452148438e+01
1.012500047683715820e+00 -2.863092660903930664e+00 1.142712211608886719e+01
1.024999976158142090e+00 -3.431446552276611328e+00 1.142118740081787109e+01
1.037500023841857910e+00 -3.954251289367675781e+00 1.143367290496826172e+01
1.049999952316284180e+00 -4.434560298919677734e+00 1.145911979675292969e+01
1.062500000000000000e+00 -4.874823093414306641e+00 1.147452735900878906e+01
1.075000047683715820e+00 -5.266003131866455078e+00 1.147393894195556641e+01
1.087499976158142090e+00 -5.595016956329345703e+00 1.147510623931884766e+01
1.100000023841857910e+00 -5.857879161834716797e+00 1.149187374114990234e+01
1.112499952316284180e+00 -6.059564113616943359e+00 1.151436424255371094e+01
1.125000000000000000e+00 -6.201958656311035156e+00 1.152469062805175781e+01
1.137500047683715820e+00 -6.278051853179931641e+00 1.152350807189941406e+01
1.149999976158142090e+00 -6.280450820922851562e+00 1.152837085723876953e+01
1.162500023841857910e+00 -6.211249828338623047e+00 1.154717922210693359e+01
1.174999952316284180e+00 -6.078720092773437500e+00 1.156628131866455078e+01
1.187500000000000000e+00 -5.885884761810302734e+00 1.157077312469482422e+01
1.200000047683715820e+00 -5.627998352050781250e+00 1.156694126129150391e+01
1.212499976158142090e+00 -5.302816867828369141e+00 1.157319450378417969e+01
1.225000023841857910e+00 -4.918456554412841797e+00 1.159213733673095703e+01
1.237499952316284180e+00 -4.486691951751708984e+00 1.160536766052246094e+01
1.250000000000000000e+00 -4.011040210723876953e+00 1.160041046142578125e+01
1.262500047683715820e+00 -3.487634658813476562e+00 1.159086608886718750e+01
1.274999976158142090e+00 -2.918769836425781250e+00 1.159770679473876953e+01
1.287500023841857910e+00 -2.319164276123046875e+00 1.161619853973388672e+01
1.299999952316284180e+00 -1.703374981880187988e+00 1.161866664886474609e+01
1.312500000000000000e+00 -1.070397734642028809e+00 1.159561538696289062e+01
1.325000047683715820e+00 -4.096211493015289307e-01 1.157777690887451172e+01
1.337499976158142090e+00 2.743654847145080566e-01 1.159687900543212891e+01
1.350000023841857910e+00 9.491277933120727539e-01 1.162365913391113281e+01
1.362499952316284180e+00 1.575246930122375488e+00 1.156407451629638672e+01
1.375000000000000000e+00 2.141788959503173828e+00 1.133479785919189453e+01
1.387500047683715820e+00 2.676210403442382812e+00 1.094374084472656250e+01
1.399999976158142090e+00 3.215128183364868164e+00 1.048881626129150391e+01
1.412500023841857910e+00 3.766480684280395508e+00 1.007736110687255859e+01
1.424999952316284180e+00 4.302356243133544922e+00 9.753016471862792969e+00
1.437500000000000000e+00 4.785806179046630859e+00 9.497711181640625000e+00
1.450000047683715820e+00 5.198863029479980469e+00 9.285188674926757812e+00
1.462499976158142090e+00 5.544167995452880859e+00 9.113896369934082031e+00
1.475000023841857910e+00 5.827250003814697266e+00 8.991202354431152344e+00
1.487499952316284180e+00 6.045470714569091797e+00 8.907984733581542969e+00
1.500000000000000000e+00 6.193631172180175781e+00 8.844740867614746094e+00
1.512500047683715820e+00 6.272313594818115234e+00 8.796428680419921875e+00
1.524999976158142090e+00 6.285408973693847656e+00 8.775817871093750000e+00
1.537500023841857910e+00 6.232564449310302734e+00 8.790423393249511719e+00
1.549999952316284180e+00 6.109894275665283203e+00 8.829470634460449219e+00
1.562500000000000000e+00 5.918103694915771484e+00 8.882049560546875000e+00
1.575000047683715820e+00 5.664496898651123047e+00 8.958602905273437500e+00
1.587499976158142090e+00 5.354616641998291016e+00 9.079995155334472656e+00
1.600000023841857910e+00 4.986828327178955078e+00 9.247107505798339844e+00
1.612499952316284180e+00 4.560851573944091797e+00 9.438555717468261719e+00
1.625000000000000000e+00 4.089523315429687500e+00 9.647865295410156250e+00
1.637500047683715820e+00 3.593467473983764648e+00 9.908835411071777344e+00
1.649999976158142090e+00 3.079184055328369141e+00 1.026037979125976562e+01
1.662500023841857910e+00 2.527288675308227539e+00 1.067946243286132812e+01
1.674999952316284180e+00 1.911410331726074219e+00 1.106536960601806641e+01
1.687500000000000000e+00 1.231782078742980957e+00 1.131033706665039062e+01
1.700000047683715820e+00 5.255908370018005371e-01 1.138997459411621094e+01
1.712499976158142090e+00 -1.604639440774917603e-01 1.137702083587646484e+01
1.725000023841857910e+00 -8.067829012870788574e-01 1.136536026000976562e+01
1.737499952316284180e+00 -1.427451014518737793e+00 1.138954162597656250e+01
1.750000000000000000e+00 -2.042818069458007812e+00 1.142133331298828125e+01
1.762500047683715820e+00 -2.651984930038452148e+00 1.142949104309082031e+01
1.774999976158142090e+00 -3.234643697738647461e+00 1.142197227478027344e+01
1.787500023841857910e+00 -3.773815393447875977e+00 1.142676639556884766e+01
1.799999952316284180e+00 -4.268511295318603516e+00 1.145009231567382812e+01
1.812500000000000000e+00 -4.723412036895751953e+00 1.147122192382812500e+01
1.825000047683715820e+00 -5.133635997772216797e+00 1.147513484954833984e+01
1.837499976158142090e+00 -5.485832691192626953e+00 1.147316741943359375e+01
1.850000023841857910e+00 -5.771873474121093750e+00 1.148427963256835938e+01
1.862499952316284180e+00 -5.994636058807373047e+00 1.150703907012939453e+01
1.875000000000000000e+00 -6.158483505249023438e+00 1.152292442321777344e+01
1.887500047683715820e+00 -6.259232521057128906e+00 1.152423191070556641e+01
1.899999976158142090e+00 -6.288139343261718750e+00 1.152496147155761719e+01
1.912500023841857910e+00 -6.243498802185058594e+00 1.153942203521728516e+01
1.924999952316284180e+00 -6.132628440856933594e+00 1.156072616577148438e+01
1.937500000000000000e+00 -5.961477279663085938e+00 1.157096862792968750e+01
1.950000047683715820e+00 -5.727355957031250000e+00 1.156802845001220703e+01
1.962499976158142090e+00 -5.425687313079833984e+00 1.156908130645751953e+01
1.975000023841857910e+00 -5.060890674591064453e+00 1.158488750457763672e+01
1.987499952316284180e+00 -4.644960880279541016e+00 1.160260868072509766e+01
2.000000000000000000e+00 -4.185179233551025391e+00 1.160391807556152344e+01
