0.000000000000000000e+00 6.256007194519042969e+00 8.808517456054687500e+00
1.250000018626451492e-02 6.288047790527343750e+00 8.778192520141601562e+00
2.500000037252902985e-02 6.254493236541748047e+00 8.783009529113769531e+00
3.750000149011611938e-02 6.151724815368652344e+00 8.816817283630371094e+00
5.000000074505805969e-02 5.978401184082031250e+00 8.865709304809570312e+00
6.250000000000000000e-02 5.740536212921142578e+00 8.933518409729003906e+00
7.500000298023223877e-02 5.445239543914794922e+00 9.041400909423828125e+00
8.749999850988388062e-02 5.092625141143798828e+00 9.198055267333984375e+00
1.000000014901161194e-01 4.680588245391845703e+00 9.385532379150390625e+00
1.124999970197677612e-01 4.218031883239746094e+00 9.588932991027832031e+00
1.250000000000000000e-01 3.725461959838867188e+00 9.832096099853515625e+00
1.375000029802322388e-01 3.215384483337402344e+00 1.015946102142333984e+01
1.500000059604644775e-01 2.674573898315429688e+00 1.056921386718750000e+01
1.624999940395355225e-01 2.074943304061889648e+00 1.097644138336181641e+01
1.749999970197677612e-01 1.407273411750793457e+00 1.126459884643554688e+01
1.875000000000000000e-01 7.008984684944152832e-01 1.138225936889648438e+01
2.000000029802322388e-01 4.421310033649206161e-03 1.138273048400878906e+01
2.125000059604644775e-01 -6.533242464065551758e-01 1.136455249786376953e+01
2.249999940395355225e-01 -1.279808878898620605e+00 1.138109016418457031e+01
2.374999970197677612e-01 -1.897269010543823242e+00 1.141496086120605469e+01
2.500000000000000000e-01 -2.511065959930419922e+00 1.142959403991699219e+01
2.624999880790710449e-01 -3.103601217269897461e+00 1.142323684692382812e+01
2.750000059604644775e-01 -3.654996871948242188e+00 1.142343330383300781e+01
2.874999940395355225e-01 -4.160722732543945312e+00 1.144385051727294922e+01
3.000000119209289551e-01 -4.625805377960205078e+00 1.146762657165527344e+01
3.125000000000000000e-01 -5.048129081726074219e+00 1.147529697418212891e+01
3.249999880790710449e-01 -5.415087223052978516e+00 1.147276973724365234e+01
3.375000059604644775e-01 -5.716269493103027344e+00 1.148032760620117188e+01
3.499999940395355225e-01 -5.952574253082275391e+00 1.150203514099121094e+01
3.625000119209289551e-01 -6.129226684570312500e+00 1.152081584930419922e+01
3.750000000000000000e-01 -6.244016170501708984e+00 1.152459144592285156e+01
3.874999880790710449e-01 -6.288109302520751953e+00 1.152388763427734375e+01
4.000000059604644775e-01 -6.257671833038330078e+00 1.153545951843261719e+01
4.124999940395355225e-01 -6.158846378326416016e+00 1.155695533752441406e+01
4.250000119209289551e-01 -5.998851776123046875e+00 1.157034206390380859e+01
4.375000000000000000e-01 -5.776572227478027344e+00 1.156897068023681641e+01
4.499999880790710449e-01 -5.486770153045654297e+00 1.156788349151611328e+01
4.625000059604644775e-01 -5.131791114807128906e+00 1.158132648468017578e+01
4.749999940395355225e-01 -4.723126411437988281e+00 1.160041618347167969e+01
4.875000119209289551e-01 -4.269831657409667969e+00 1.160523223876953125e+01
5.000000000000000000e-01 -3.770787715911865234e+00 1.159513187408447266e+01
5.124999880790710449e-01 -3.223215579986572266e+00 1.159174728393554688e+01
5.249999761581420898e-01 -2.635750770568847656e+00 1.160685348510742188e+01
5.375000238418579102e-01 -2.025573492050170898e+00 1.162115001678466797e+01
5.500000119209289551e-01 -1.400880098342895508e+00 1.160987758636474609e+01
5.625000000000000000e-01 -7.535735368728637695e-01 1.158383941650390625e+01
5.749999880790710449e-01 -7.713545858860015869e-02 1.158269214630126953e+01
5.874999761581420898e-01 6.097252368927001953e-01 1.161431026458740234e+01
6.000000238418579102e-01 1.266360640525817871e+00 1.161196708679199219e+01
6.125000119209289551e-01 1.863384366035461426e+00 1.147386360168457031e+01
6.250000000000000000e-01 2.410384416580200195e+00 1.115525913238525391e+01
6.374999880790710449e-01 2.945004463195800781e+00 1.071589374542236328e+01
6.499999761581420898e-01 3.493239164352416992e+00 1.027128219604492188e+01
6.625000238418579102e-01 4.043194770812988281e+00 9.902307510375976562e+00
6.750000119209289551e-01 4.557694911956787109e+00 9.616339683532714844e+00
6.875000000000000000e-01 5.007053852081298828e+00 9.384023666381835938e+00
6.999999880790710449e-01 5.385350704193115234e+00 9.190967559814453125e+00
7.124999761581420898e-01 5.699100494384765625e+00 9.044218063354492188e+00
7.250000238418579102e-01 5.949824333190917969e+00 8.944161415100097656e+00
7.375000119209289551e-01 6.132166862487792969e+00 8.873198509216308594e+00
7.500000000000000000e-01 6.243482589721679688e+00 8.816788673400878906e+00
7.624999880790710449e-01 6.287109851837158203e+00 8.781155586242675781e+00
7.749999761581420898e-01 6.265346527099609375e+00 8.779619216918945312e+00
7.875000238418579102e-01 6.175117015838623047e+00 8.809447288513183594e+00
8.000000119209289551e-01 6.014037132263183594e+00 8.856124877929687500e+00
8.125000000000000000e-01 5.786967754364013672e+00 8.919232368469238281e+00
8.249999880790710449e-01 5.501598834991455078e+00 9.018611907958984375e+00
8.374999761581420898e-01 5.159396171569824219e+00 9.167334556579589844e+00
8.500000238418579102e-01 4.757681369781494141e+00 9.351146697998046875e+00
8.625000119209289551e-01 4.302739620208740234e+00 9.551272392272949219e+00
8.750000000000000000e-01 3.814010381698608398e+00 9.783995628356933594e+00
8.874999880790710449e-01 3.307201385498046875e+00 1.009436225891113281e+01
8.999999761581420898e-01 2.773842334747314453e+00 1.049348640441894531e+01
9.125000238418579102e-01 2.186283349990844727e+00 1.091001796722412109e+01
9.250000119209289551e-01 1.529599785804748535e+00 1.122595596313476562e+01
9.375000000000000000e-01 8.265768885612487793e-01 1.137263393402099609e+01
9.499999880790710449e-01 1.252391040325164795e-01 1.138666248321533203e+01
9.624999761581420898e-01 -5.397610068321228027e-01 1.136573028564453125e+01
9.750000238418579102e-01 -1.170109868049621582e+00 1.137573814392089844e+01
9.875000119209289551e-01 -1.788011789321899414e+00 1.140959453582763672e+01
1.000000000000000000e+00 -2.403262138366699219e+00 1.142907238006591797e+01
1.012500047683715820e+00 -3.001282691955566406e+00 1.142473697662353516e+01
1.024999976158142090e+00 -3.560793399810791016e+00 1.142186927795410156e+01
1.037500023841857910e+00 -4.074281692504882812e+00 1.143924236297607422e+01
1.049999952316284180e+00 -4.546344757080078125e+00 1.146429252624511719e+01
1.062500000000000000e+00 -4.976970195770263672e+00 1.147521114349365234e+01
1.075000047683715820e+00 -5.354752063751220703e+00 1.147300148010253906e+01
1.087499976158142090e+00 -5.667833805084228516e+00 1.147771453857421875e+01
1.100000023841857910e+00 -5.915184020996093750e+00 1.149779796600341797e+01
1.112499952316284180e+00 -6.102258682250976562e+00 1.151852226257324219e+01
1.125000000000000000e+00 -6.228585243225097656e+00 1.152480411529541016e+01
1.137500047683715820e+00 -6.285766601562500000e+00 1.152344512939453125e+01
1.149999976158142090e+00 -6.268308639526367188e+00 1.153229427337646484e+01
1.162500023841857910e+00 -6.180921554565429688e+00 1.155321216583251953e+01
1.174999952316284180e+00 -6.031564235687255859e+00 1.156918144226074219e+01
1.187500000000000000e+00 -5.820734500885009766e+00 1.156980037689208984e+01
1.200000047683715820e+00 -5.543048858642578125e+00 1.156717777252197266e+01
1.212499976158142090e+00 -5.198926925659179688e+00 1.157796669006347656e+01
1.225000023841857910e+00 -4.798857688903808594e+00 1.159760856628417969e+01
1.237499952316284180e+00 -4.353274345397949219e+00 1.160584449768066406e+01
1.250000000000000000e+00 -3.862693309783935547e+00 1.159714698791503906e+01
1.262500047683715820e+00 -3.323499202728271484e+00 1.159093666076660156e+01
1.274999976158142090e+00 -2.741893291473388672e+00 1.160334873199462891e+01
1.287500023841857910e+00 -2.134653806686401367e+00 1.162006568908691406e+01
1.299999952316284180e+00 -1.512753605842590332e+00 1.161386394500732422e+01
1.312500000000000000e+00 -8.703435063362121582e-01 1.158776760101318359e+01
1.325000047683715820e+00 -1.985956728458404541e-01 1.157982158660888672e+01
1.337499976158142090e+00 4.890783429145812988e-01 1.160835742950439453e+01
1.350000023841857910e+00 1.154043674468994141e+00 1.161957836151123047e+01
1.362499952316284180e+00 1.762150168418884277e+00 1.151153278350830078e+01
1.375000000000000000e+00 2.315613508224487305e+00 1.122340583801269531e+01
1.387500047683715820e+00 2.849662542343139648e+00 1.079738426208496094e+01
1.399999976158142090e+00 3.395212411880493164e+00 1.034582614898681641e+01
1.412500023841857910e+00 3.947266578674316406e+00 9.960965156555175781e+00
1.424999952316284180e+00 4.470805644989013672e+00 9.662203788757324219e+00
1.437500000000000000e+00 4.932785987854003906e+00 9.422274589538574219e+00
1.450000047683715820e+00 5.323270797729492188e+00 9.222062110900878906e+00
1.462499976158142090e+00 5.648057937622070312e+00 9.066532135009765625e+00
1.475000023841857910e+00 5.910242080688476562e+00 8.959122657775878906e+00
1.487499952316284180e+00 6.105079174041748047e+00 8.884532928466796875e+00
1.500000000000000000e+00 6.228840351104736328e+00 8.825689315795898438e+00
1.512500047683715820e+00 6.284140586853027344e+00 8.785241127014160156e+00
1.524999976158142090e+00 6.274052619934082031e+00 8.777251243591308594e+00
1.537500023841857910e+00 6.196264743804931641e+00 8.802561759948730469e+00
1.549999952316284180e+00 6.047595500946044922e+00 8.846988677978515625e+00
1.562500000000000000e+00 5.831592082977294922e+00 8.906101226806640625e+00
1.575000047683715820e+00 5.556192398071289062e+00 8.997457504272460938e+00
1.587499976158142090e+00 5.224276065826416016e+00 9.137732505798339844e+00
1.600000023841857910e+00 4.833063602447509766e+00 9.317164421081542969e+00
1.612499952316284180e+00 4.386395454406738281e+00 9.514534950256347656e+00
1.625000000000000000e+00 3.902063846588134766e+00 9.738419532775878906e+00
1.637500047683715820e+00 3.398246288299560547e+00 1.003228855133056641e+01
1.649999976158142090e+00 2.871376991271972656e+00 1.041844844818115234e+01
1.662500023841857910e+00 2.295346021652221680e+00 1.084030151367187500e+01
1.674999952316284180e+00 1.650398969650268555e+00 1.118169975280761719e+01
1.687500000000000000e+00 9.523484110832214355e-01 1.135867595672607422e+01
1.700000047683715820e+00 2.473038733005523682e-01 1.138960170745849609e+01
1.712499976158142090e+00 -4.250529408454895020e-01 1.136809825897216797e+01
1.725000023841857910e+00 -1.060061097145080566e+00 1.137121868133544922e+01
1.737499952316284180e+00 -1.678745508193969727e+00 1.140368175506591797e+01
1.750000000000000000e+00 -2.294936180114746094e+00 1.142769622802734375e+01
1.762500047683715820e+00 -2.897712945938110352e+00 1.142630767822265625e+01
1.774999976158142090e+00 -3.465110301971435547e+00 1.142103862762451172e+01
1.787500023841857910e+00 -3.986559152603149414e+00 1.143490123748779297e+01
1.799999952316284180e+00 -4.465621948242187500e+00 1.146044158935546875e+01
1.812500000000000000e+00 -4.904156208038330078e+00 1.147465324401855469e+01
1.825000047683715820e+00 -5.292354583740234375e+00 1.147348880767822266e+01
1.837499976158142090e+00 -5.617318153381347656e+00 1.147565650939941406e+01
1.850000023841857910e+00 -5.875924110412597656e+00 1.149358081817626953e+01
1.862499952316284180e+00 -6.073411941528320312e+00 1.151570606231689453e+01
1.875000000000000000e+00 -6.210978507995605469e+00 1.152474308013916016e+01
1.887500047683715820e+00 -6.281052112579345703e+00 1.152337455749511719e+01
1.899999976158142090e+00 -6.276743888854980469e+00 1.152956676483154297e+01
1.912500023841857910e+00 -6.201078891754150391e+00 1.154929351806640625e+01
1.924999952316284180e+00 -6.062369823455810547e+00 1.156746768951416016e+01
1.937500000000000000e+00 -5.862782955169677734e+00 1.157051277160644531e+01
1.950000047683715820e+00 -5.597213745117187500e+00 1.156695938110351562e+01
1.962499976158142090e+00 -5.264309883117675781e+00 1.157493495941162109e+01
1.975000023841857910e+00 -4.873194217681884766e+00 1.159439754486083984e+01
1.987499952316284180e+00 -4.435321331024169922e+00 1.160584640502929688e+01
2.000000000000000000e+00 -3.953044652938842773e+00 1.159924983978271484e+01
