0.000000000000000000e+00 6.255621910095214844e+00 8.808737754821777344e+00
1.250000018626451492e-02 6.287843704223632812e+00 8.778233528137207031e+00
2.500000037252902985e-02 6.254087448120117188e+00 8.783072471618652344e+00
3.750000149011611938e-02 6.150706291198730469e+00 8.817043304443359375e+00
5.000000074505805969e-02 5.976367473602294922e+00 8.866159439086914062e+00
6.250000000000000000e-02 5.737173080444335938e+00 8.934446334838867188e+00
7.500000298023223877e-02 5.440257072448730469e+00 9.043253898620605469e+00
8.749999850988388062e-02 5.085654258728027344e+00 9.201015472412109375e+00
1.000000014901161194e-01 4.671323299407958984e+00 9.389382362365722656e+00
1.124999970197677612e-01 4.206519603729248047e+00 9.593840599060058594e+00
1.250000000000000000e-01 3.712007999420166016e+00 9.839279174804687500e+00
1.375000029802322388e-01 3.199913501739501953e+00 1.017016124725341797e+01
1.500000059604644775e-01 2.656193733215332031e+00 1.058248043060302734e+01
1.624999940395355225e-01 2.052549600601196289e+00 1.098851585388183594e+01
1.749999970197677612e-01 1.380809068679809570e+00 1.127151775360107422e+01
1.875000000000000000e-01 6.718015074729919434e-01 1.138340377807617188e+01
2.000000029802322388e-01 -2.549443952739238739e-02 1.138128852844238281e+01
2.125000059604644775e-01 -6.834277510643005371e-01 1.136414718627929688e+01
2.249999940395355225e-01 -1.310847401618957520e+00 1.138239288330078125e+01
2.374999970197677612e-01 -1.929988026618957520e+00 1.141608333587646484e+01
2.500000000000000000e-01 -2.544962882995605469e+00 1.142926979064941406e+01
2.624999880790710449e-01 -3.137277126312255859e+00 1.142250537872314453e+01
2.750000059604644775e-01 -3.687476158142089844e+00 1.142389965057373047e+01
2.874999940395355225e-01 -4.191938877105712891e+00 1.144531822204589844e+01
3.000000119209289551e-01 -4.655728340148925781e+00 1.146849918365478516e+01
3.125000000000000000e-01 -5.075895786285400391e+00 1.147500705718994141e+01
3.249999880790710449e-01 -5.439392089843750000e+00 1.147260665893554688e+01
3.375000059604644775e-01 -5.736403942108154297e+00 1.148147964477539062e+01
3.499999940395355225e-01 -5.968573570251464844e+00 1.150378036499023438e+01
3.625000119209289551e-01 -6.140924453735351562e+00 1.152158641815185547e+01
3.750000000000000000e-01 -6.250442028045654297e+00 1.152435207366943359e+01
3.874999880790710449e-01 -6.288166999816894531e+00 1.152424526214599609e+01
4.000000059604644775e-01 -6.251116752624511719e+00 1.153724098205566406e+01
4.124999940395355225e-01 -6.146087646484375000e+00 1.155885028839111328e+01
4.250000119209289551e-01 -5.979828834533691406e+00 1.157078647613525391e+01
4.375000000000000000e-01 -5.750406265258789062e+00 1.156857490539550781e+01
4.499999880790710449e-01 -5.452809810638427734e+00 1.156865501403808594e+01
4.625000059604644775e-01 -5.090548038482666016e+00 1.158358764648437500e+01
4.749999940395355225e-01 -4.675602912902832031e+00 1.160204410552978516e+01
4.875000119209289551e-01 -4.216125011444091797e+00 1.160472583770751953e+01
5.000000000000000000e-01 -3.710117101669311523e+00 1.159414386749267578e+01
5.124999880790710449e-01 -3.155573368072509766e+00 1.159289932250976562e+01
5.249999761581420898e-01 -2.562767744064331055e+00 1.160949611663818359e+01
5.375000238418579102e-01 -1.948940634727478027e+00 1.162160968780517578e+01
5.500000119209289551e-01 -1.320258855819702148e+00 1.160692214965820312e+01
5.625000000000000000e-01 -6.673247814178466797e-01 1.158178806304931641e+01
5.749999880790710449e-01 1.422217953950166702e-02 1.158598709106445312e+01
5.874999761581420898e-01 7.016068100929260254e-01 1.161857604980468750e+01
6.000000238418579102e-01 1.353033304214477539e+00 1.160328292846679688e+01
6.125000119209289551e-01 1.943209528923034668e+00 1.143984985351562500e+01
6.250000000000000000e-01 2.487399816513061523e+00 1.109720325469970703e+01
6.374999880790710449e-01 3.024561166763305664e+00 1.064858818054199219e+01
6.499999761581420898e-01 3.576215744018554688e+00 1.021065711975097656e+01
6.625000238418579102e-01 4.124932289123535156e+00 9.854304313659667969e+00
6.750000119209289551e-01 4.632264614105224609e+00 9.577693939208984375e+00
6.875000000000000000e-01 5.071623325347900391e+00 9.350961685180664062e+00
6.999999880790710449e-01 5.440229415893554688e+00 9.164021492004394531e+00
7.124999761581420898e-01 5.744751453399658203e+00 9.024960517883300781e+00
7.250000238418579102e-01 5.985229015350341797e+00 8.930939674377441406e+00
7.375000119209289551e-01 6.156022548675537109e+00 8.862738609313964844e+00
7.500000000000000000e-01 6.255618572235107422e+00 8.808739662170410156e+00
7.624999880790710449e-01 6.287843704223632812e+00 8.778234481811523438e+00
7.749999761581420898e-01 6.254091262817382812e+00 8.783071517944335938e+00
7.875000238418579102e-01 6.150713443756103516e+00 8.817041397094726562e+00
8.000000119209289551e-01 5.976378440856933594e+00 8.866156578063964844e+00
8.125000000000000000e-01 5.737186908721923828e+00 8.934441566467285156e+00
8.249999880790710449e-01 5.440273761749267578e+00 9.043247222900390625e+00
8.374999761581420898e-01 5.085673809051513672e+00 9.201006889343261719e+00
8.500000238418579102e-01 4.671345710754394531e+00 9.389372825622558594e+00
8.625000119209289551e-01 4.206543922424316406e+00 9.593830108642578125e+00
8.750000000000000000e-01 3.712033510208129883e+00 9.839264869689941406e+00
8.874999880790710449e-01 3.199940204620361328e+00 1.017014122009277344e+01
8.999999761581420898e-01 2.656222581863403320e+00 1.058245849609375000e+01
9.125000238418579102e-01 2.052582025527954102e+00 1.098849773406982422e+01
9.250000119209289551e-01 1.380844473838806152e+00 1.127150726318359375e+01
9.375000000000000000e-01 6.718375682830810547e-01 1.138340187072753906e+01
9.499999880790710449e-01 -2.546003088355064392e-02 1.138128948211669922e+01
9.624999761581420898e-01 -6.833953857421875000e-01 1.136414718627929688e+01
9.750000238418579102e-01 -1.310815930366516113e+00 1.138239192962646484e+01
9.875000119209289551e-01 -1.929956674575805664e+00 1.141608142852783203e+01
1.000000000000000000e+00 -2.544932126998901367e+00 1.142926979064941406e+01
1.012500047683715820e+00 -3.137248039245605469e+00 1.142250633239746094e+01
1.024999976158142090e+00 -3.687449455261230469e+00 1.142389869689941406e+01
1.037500023841857910e+00 -4.191914558410644531e+00 1.144531631469726562e+01
1.049999952316284180e+00 -4.655705928802490234e+00 1.146849822998046875e+01
1.062500000000000000e+00 -5.075875759124755859e+00 1.147500705718994141e+01
1.075000047683715820e+00 -5.439375400543212891e+00 1.147260665893554688e+01
1.087499976158142090e+00 -5.736390590667724609e+00 1.148147869110107422e+01
1.100000023841857910e+00 -5.968563079833984375e+00 1.150377941131591797e+01
1.112499952316284180e+00 -6.140916824340820312e+00 1.152158641815185547e+01
1.125000000000000000e+00 -6.250438213348388672e+00 1.152435207366943359e+01
1.137500047683715820e+00 -6.288166999816894531e+00 1.152424526214599609e+01
1.149999976158142090e+00 -6.251120090484619141e+00 1.153724002838134766e+01
1.162500023841857910e+00 -6.146094322204589844e+00 1.155884933471679688e+01
1.174999952316284180e+00 -5.979838848114013672e+00 1.157078647613525391e+01
1.187500000000000000e+00 -5.750419616699218750e+00 1.156857490539550781e+01
1.200000047683715820e+00 -5.452826976776123047e+00 1.156865501403808594e+01
1.212499976158142090e+00 -5.090567588806152344e+00 1.158358669281005859e+01
1.225000023841857910e+00 -4.675625324249267578e+00 1.160204315185546875e+01
1.237499952316284180e+00 -4.216149330139160156e+00 1.160472583770751953e+01
1.250000000000000000e+00 -3.710143804550170898e+00 1.159414482116699219e+01
1.262500047683715820e+00 -3.155602455139160156e+00 1.159289836883544922e+01
1.274999976158142090e+00 -2.562798500061035156e+00 1.160949516296386719e+01
1.287500023841857910e+00 -1.948972105979919434e+00 1.162160968780517578e+01
1.299999952316284180e+00 -1.320291161537170410e+00 1.160692405700683594e+01
1.312500000000000000e+00 -6.673586368560791016e-01 1.158178806304931641e+01
1.325000047683715820e+00 1.418717019259929657e-02 1.158598613739013672e+01
1.337499976158142090e+00 7.015725374221801758e-01 1.161857509613037109e+01
1.350000023841857910e+00 1.353001832962036133e+00 1.160328674316406250e+01
1.362499952316284180e+00 1.943181037902832031e+00 1.143986320495605469e+01
1.375000000000000000e+00 2.487372636795043945e+00 1.109722423553466797e+01
1.387500047683715820e+00 3.024533748626708984e+00 1.064861106872558594e+01
1.399999976158142090e+00 3.576187610626220703e+00 1.021067714691162109e+01
1.412500023841857910e+00 4.124905109405517578e+00 9.854320526123046875e+00
1.424999952316284180e+00 4.632240295410156250e+00 9.577706336975097656e+00
1.437500000000000000e+00 5.071602821350097656e+00 9.350972175598144531e+00
1.450000047683715820e+00 5.440212249755859375e+00 9.164030075073242188e+00
1.462499976158142090e+00 5.744737625122070312e+00 9.024966239929199219e+00
1.475000023841857910e+00 5.985218524932861328e+00 8.930943489074707031e+00
1.487499952316284180e+00 6.156015872955322266e+00 8.862741470336914062e+00
1.500000000000000000e+00 6.255615234375000000e+00 8.808742523193359375e+00
1.512500047683715820e+00 6.287843704223632812e+00 8.778235435485839844e+00
1.524999976158142090e+00 6.254094600677490234e+00 8.783070564270019531e+00
1.537500023841857910e+00 6.150720596313476562e+00 8.817039489746093750e+00
1.549999952316284180e+00 5.976388931274414062e+00 8.866153717041015625e+00
1.562500000000000000e+00 5.737200736999511719e+00 8.934437751770019531e+00
1.575000047683715820e+00 5.440290451049804688e+00 9.043240547180175781e+00
1.587499976158142090e+00 5.085693359375000000e+00 9.200997352600097656e+00
1.600000023841857910e+00 4.671368122100830078e+00 9.389363288879394531e+00
1.612499952316284180e+00 4.206568717956542969e+00 9.593818664550781250e+00
1.625000000000000000e+00 3.712059020996093750e+00 9.839250564575195312e+00
1.637500047683715820e+00 3.199966669082641602e+00 1.017012214660644531e+01
1.649999976158142090e+00 2.656251668930053711e+00 1.058243751525878906e+01
1.662500023841857910e+00 2.052614450454711914e+00 1.098847866058349609e+01
1.674999952316284180e+00 1.380879878997802734e+00 1.127149772644042969e+01
1.687500000000000000e+00 6.718735694885253906e-01 1.138339996337890625e+01
1.700000047683715820e+00 -2.542562037706375122e-02 1.138129138946533203e+01
1.712499976158142090e+00 -6.833630204200744629e-01 1.136414718627929688e+01
1.725000023841857910e+00 -1.310784459114074707e+00 1.138239002227783203e+01
1.737499952316284180e+00 -1.929925322532653809e+00 1.141608047485351562e+01
1.750000000000000000e+00 -2.544901132583618164e+00 1.142926979064941406e+01
1.762500047683715820e+00 -3.137218952178955078e+00 1.142250633239746094e+01
1.774999976158142090e+00 -3.687422752380371094e+00 1.142389869689941406e+01
1.787500023841857910e+00 -4.191889762878417969e+00 1.144531536102294922e+01
1.799999952316284180e+00 -4.655683517456054688e+00 1.146849727630615234e+01
1.812500000000000000e+00 -5.075855731964111328e+00 1.147500705718994141e+01
1.825000047683715820e+00 -5.439358711242675781e+00 1.147260665893554688e+01
1.837499976158142090e+00 -5.736377239227294922e+00 1.148147773742675781e+01
1.850000023841857910e+00 -5.968553066253662109e+00 1.150377845764160156e+01
1.862499952316284180e+00 -6.140909671783447266e+00 1.152158546447753906e+01
1.875000000000000000e+00 -6.250434398651123047e+00 1.152435207366943359e+01
1.887500047683715820e+00 -6.288166999816894531e+00 1.152424430847167969e+01
1.899999976158142090e+00 -6.251123905181884766e+00 1.153723907470703125e+01
1.912500023841857910e+00 -6.146101474761962891e+00 1.155884838104248047e+01
1.924999952316284180e+00 -5.979848861694335938e+00 1.157078552246093750e+01
1.937500000000000000e+00 -5.750432968139648438e+00 1.156857585906982422e+01
1.950000047683715820e+00 -5.452843666076660156e+00 1.156865406036376953e+01
1.962499976158142090e+00 -5.090587615966796875e+00 1.158358573913574219e+01
1.975000023841857910e+00 -4.675647258758544922e+00 1.160204315185546875e+01
1.987499952316284180e+00 -4.216174125671386719e+00 1.160472583770751953e+01
2.000000000000000000e+00 -3.710170745849609375e+00 1.159414482116699219e+01
