0.000000000000000000e+00 6.255226612091064453e+00 8.809065818786621094e+00
1.250000018626451492e-02 6.287630558013916016e+00 8.778384208679199219e+00
2.500000037252902985e-02 6.253672599792480469e+00 8.783244132995605469e+00
3.750000149011611938e-02 6.149676322937011719e+00 8.817378997802734375e+00
5.000000074505805969e-02 5.974320411682128906e+00 8.866720199584960938e+00
6.250000000000000000e-02 5.733793735504150391e+00 8.935486793518066406e+00
7.500000298023223877e-02 5.435255050659179688e+00 9.045225143432617188e+00
8.749999850988388062e-02 5.078658580780029297e+00 9.204092979431152344e+00
1.000000014901161194e-01 4.662030696868896484e+00 9.393345832824707031e+00
1.124999970197677612e-01 4.194985866546630859e+00 9.598875045776367188e+00
1.250000000000000000e-01 3.698539257049560547e+00 9.846624374389648438e+00
1.375000029802322388e-01 3.184416055679321289e+00 1.018103027343750000e+01
1.500000059604644775e-01 2.637752771377563477e+00 1.059583663940429688e+01
1.624999940395355225e-01 2.030070781707763672e+00 1.100052928924560547e+01
1.749999970197677612e-01 1.354287147521972656e+00 1.127828216552734375e+01
1.875000000000000000e-01 6.427210569381713867e-01 1.138446426391601562e+01
2.000000029802322388e-01 -5.533514171838760376e-02 1.137993621826171875e+01
2.125000059604644775e-01 -7.134636640548706055e-01 1.136393260955810547e+01
2.249999940395355225e-01 -1.341864109039306641e+00 1.138383007049560547e+01
2.374999970197677612e-01 -1.962691545486450195e+00 1.141723155975341797e+01
2.500000000000000000e-01 -2.578780174255371094e+00 1.142897319793701172e+01
2.624999880790710449e-01 -3.170795440673828125e+00 1.142190742492675781e+01
2.750000059604644775e-01 -3.719770908355712891e+00 1.142454814910888672e+01
2.874999940395355225e-01 -4.222979068756103516e+00 1.144688415527343750e+01
3.000000119209289551e-01 -4.685446262359619141e+00 1.146937751770019531e+01
3.125000000000000000e-01 -5.103368282318115234e+00 1.147476482391357422e+01
3.249999880790710449e-01 -5.463322639465332031e+00 1.147261142730712891e+01
3.375000059604644775e-01 -5.756148338317871094e+00 1.148281478881835938e+01
3.499999940395355225e-01 -5.984189987182617188e+00 1.150558376312255859e+01
3.625000119209289551e-01 -6.152189254760742188e+00 1.152233409881591797e+01
3.750000000000000000e-01 -6.256332397460937500e+00 1.152418613433837891e+01
3.874999880790710449e-01 -6.287627220153808594e+00 1.152481746673583984e+01
4.000000059604644775e-01 -6.243988037109375000e+00 1.153919887542724609e+01
4.124999940395355225e-01 -6.132785320281982422e+00 1.156074142456054688e+01
4.250000119209289551e-01 -5.960206508636474609e+00 1.157117557525634766e+01
4.375000000000000000e-01 -5.723545074462890625e+00 1.156830787658691406e+01
4.499999880790710449e-01 -5.418151378631591797e+00 1.156970977783203125e+01
4.625000059604644775e-01 -5.048713684082031250e+00 1.158599472045898438e+01
4.749999940395355225e-01 -4.627560615539550781e+00 1.160355663299560547e+01
4.875000119209289551e-01 -4.161836147308349609e+00 1.160412979125976562e+01
5.000000000000000000e-01 -3.648791790008544922e+00 1.159340286254882812e+01
5.124999880790710449e-01 -3.087391614913940430e+00 1.159444427490234375e+01
5.249999761581420898e-01 -2.489494562149047852e+00 1.161217403411865234e+01
5.375000238418579102e-01 -1.872107982635498047e+00 1.162170124053955078e+01
5.500000119209289551e-01 -1.239248752593994141e+00 1.160386371612548828e+01
5.625000000000000000e-01 -5.805557370185852051e-01 1.158039760589599609e+01
5.749999880790710449e-01 1.057223007082939148e-01 1.159001255035400391e+01
5.874999761581420898e-01 7.928144335746765137e-01 1.162211513519287109e+01
6.000000238418579102e-01 1.438461184501647949e+00 1.159175872802734375e+01
6.125000119209289551e-01 2.022043228149414062e+00 1.140220165252685547e+01
6.250000000000000000e-01 2.564247608184814453e+00 1.103700733184814453e+01
6.374999880790710449e-01 3.104453086853027344e+00 1.058174419403076172e+01
6.499999761581420898e-01 3.659135580062866211e+00 1.015212440490722656e+01
6.625000238418579102e-01 4.205672264099121094e+00 9.808296203613281250e+00
6.750000119209289551e-01 4.705144882202148438e+00 9.540266990661621094e+00
6.875000000000000000e-01 5.134406089782714844e+00 9.318924903869628906e+00
6.999999880790710449e-01 5.493458747863769531e+00 9.138442039489746094e+00
7.124999761581420898e-01 5.788680553436279297e+00 9.007064819335937500e+00
7.250000238418579102e-01 6.018657684326171875e+00 8.918520927429199219e+00
7.375000119209289551e-01 6.177780151367187500e+00 8.852726936340332031e+00
7.500000000000000000e-01 6.265720844268798828e+00 8.801484107971191406e+00
7.624999880790710449e-01 6.286528587341308594e+00 8.776564598083496094e+00
7.749999761581420898e-01 6.240579605102539062e+00 8.787585258483886719e+00
7.875000238418579102e-01 6.123918056488037109e+00 8.825181007385253906e+00
8.000000119209289551e-01 5.936478614807128906e+00 8.876887321472167969e+00
8.125000000000000000e-01 5.685376644134521484e+00 8.951225280761718750e+00
8.249999880790710449e-01 5.376845836639404297e+00 9.069861412048339844e+00
8.374999761581420898e-01 5.009662151336669922e+00 9.235919952392578125e+00
8.500000238418579102e-01 4.583005905151367188e+00 9.428178787231445312e+00
8.625000119209289551e-01 4.109187126159667969e+00 9.638032913208007812e+00
8.750000000000000000e-01 3.609438657760620117e+00 9.898285865783691406e+00
8.874999880790710449e-01 3.091425418853759766e+00 1.024972724914550781e+01
8.999999761581420898e-01 2.535959482192993164e+00 1.067131042480468750e+01
9.125000238418579102e-01 1.915707826614379883e+00 1.106126499176025391e+01
9.250000119209289551e-01 1.230300188064575195e+00 1.130888271331787109e+01
9.375000000000000000e-01 5.177137851715087891e-01 1.138877964019775391e+01
9.499999880790710449e-01 -1.741244345903396606e-01 1.137556743621826172e+01
9.624999761581420898e-01 -8.254664540290832520e-01 1.136475849151611328e+01
9.750000238418579102e-01 -1.451172113418579102e+00 1.138997840881347656e+01
9.875000119209289551e-01 -2.071760892868041992e+00 1.142138957977294922e+01
1.000000000000000000e+00 -2.685354232788085938e+00 1.142836475372314453e+01
1.012500047683715820e+00 -3.270783662796020508e+00 1.142093467712402344e+01
1.024999976158142090e+00 -3.811453342437744141e+00 1.142732906341552734e+01
1.037500023841857910e+00 -4.307210445404052734e+00 1.145158100128173828e+01
1.049999952316284180e+00 -4.762506008148193359e+00 1.147165775299072266e+01
1.062500000000000000e+00 -5.171287536621093750e+00 1.147430133819580078e+01
1.075000047683715820e+00 -5.519765377044677734e+00 1.147313880920410156e+01
1.087499976158142090e+00 -5.800768852233886719e+00 1.148632526397705078e+01
1.100000023841857910e+00 -6.018063545227050781e+00 1.150951290130615234e+01
1.112499952316284180e+00 -6.175392150878906250e+00 1.152359867095947266e+01
1.125000000000000000e+00 -6.267324924468994141e+00 1.152379226684570312e+01
1.137500047683715820e+00 -6.285258293151855469e+00 1.152621173858642578e+01
1.149999976158142090e+00 -6.229056835174560547e+00 1.154299831390380859e+01
1.162500023841857910e+00 -6.106838226318359375e+00 1.156377983093261719e+01
1.174999952316284180e+00 -5.923406124114990234e+00 1.157129096984863281e+01
1.187500000000000000e+00 -5.674833297729492188e+00 1.156767082214355469e+01
1.200000047683715820e+00 -5.357494831085205078e+00 1.157158184051513672e+01
1.212499976158142090e+00 -4.978036880493164062e+00 1.158965206146240234e+01
1.225000023841857910e+00 -4.548848628997802734e+00 1.160512733459472656e+01
1.237499952316284180e+00 -4.075167179107666016e+00 1.160245513916015625e+01
1.250000000000000000e+00 -3.553390979766845703e+00 1.159216117858886719e+01
1.262500047683715820e+00 -2.984343051910400391e+00 1.159676837921142578e+01
1.274999976158142090e+00 -2.381941795349121094e+00 1.161535453796386719e+01
1.287500023841857910e+00 -1.762096762657165527e+00 1.162051963806152344e+01
1.299999952316284180e+00 -1.125585794448852539e+00 1.159891986846923828e+01
1.312500000000000000e+00 -4.614783227443695068e-01 1.157899284362792969e+01
1.325000047683715820e+00 2.277115434408187866e-01 1.159560871124267578e+01
1.337499976158142090e+00 9.104673266410827637e-01 1.162446975708007812e+01
1.350000023841857910e+00 1.545545578002929688e+00 1.157186889648437500e+01
1.362499952316284180e+00 2.119300603866577148e+00 1.134937572479248047e+01
1.375000000000000000e+00 2.658446788787841797e+00 1.095997524261474609e+01
1.387500047683715820e+00 3.201151609420776367e+00 1.050155639648437500e+01
1.399999976158142090e+00 3.756967067718505859e+00 1.008498954772949219e+01
1.412500023841857910e+00 4.297935009002685547e+00 9.756592750549316406e+00
1.424999952316284180e+00 4.785984992980957031e+00 9.498500823974609375e+00
1.437500000000000000e+00 5.202432632446289062e+00 9.283979415893554688e+00
1.450000047683715820e+00 5.549928665161132812e+00 9.111654281616210938e+00
1.462499976158142090e+00 5.834032058715820312e+00 8.988902091979980469e+00
1.475000023841857910e+00 6.051893234252929688e+00 8.905827522277832031e+00
1.487499952316284180e+00 6.198305606842041016e+00 8.842514991760253906e+00
1.500000000000000000e+00 6.274150848388671875e+00 8.794724464416503906e+00
1.512500047683715820e+00 6.283375740051269531e+00 8.775918960571289062e+00
1.524999976158142090e+00 6.225286960601806641e+00 8.792759895324707031e+00
1.537500023841857910e+00 6.095946788787841797e+00 8.833353042602539062e+00
1.549999952316284180e+00 5.896669864654541016e+00 8.887710571289062500e+00
1.562500000000000000e+00 5.635208129882812500e+00 8.968391418457031250e+00
1.575000047683715820e+00 5.316623210906982422e+00 9.096043586730957031e+00
1.587499976158142090e+00 4.938786506652832031e+00 9.268524169921875000e+00
1.600000023841857910e+00 4.502491474151611328e+00 9.463426589965820312e+00
1.612499952316284180e+00 4.022623538970947266e+00 9.678712844848632812e+00
1.625000000000000000e+00 3.519853115081787109e+00 9.952943801879882812e+00
1.637500047683715820e+00 2.997303485870361328e+00 1.032083225250244141e+01
1.649999976158142090e+00 2.432084798812866211e+00 1.074583911895751953e+01
1.662500023841857910e+00 1.799216508865356445e+00 1.111735153198242188e+01
1.674999952316284180e+00 1.105443358421325684e+00 1.133400535583496094e+01
1.687500000000000000e+00 3.934319317340850830e-01 1.139016056060791016e+01
1.700000047683715820e+00 -2.915598154067993164e-01 1.137146186828613281e+01
1.712499976158142090e+00 -9.366626143455505371e-01 1.136688327789306641e+01
1.725000023841857910e+00 -1.560390830039978027e+00 1.139630889892578125e+01
1.737499952316284180e+00 -2.180670261383056641e+00 1.142466259002685547e+01
1.750000000000000000e+00 -2.791039705276489258e+00 1.142725658416748047e+01
1.762500047683715820e+00 -3.369335651397705078e+00 1.142046737670898438e+01
1.774999976158142090e+00 -3.901733636856079102e+00 1.143074321746826172e+01
1.787500023841857910e+00 -4.390223979949951172e+00 1.145611858367919922e+01
1.799999952316284180e+00 -4.838150978088378906e+00 1.147331333160400391e+01
1.812500000000000000e+00 -5.237319946289062500e+00 1.147370815277099609e+01
1.825000047683715820e+00 -5.574086189270019531e+00 1.147418117523193359e+01
1.837499976158142090e+00 -5.843419075012207031e+00 1.149019145965576172e+01
1.850000023841857910e+00 -6.050111293792724609e+00 1.151311397552490234e+01
1.862499952316284180e+00 -6.196582317352294922e+00 1.152436733245849609e+01
1.875000000000000000e+00 -6.276000976562500000e+00 1.152348041534423828e+01
1.887500047683715820e+00 -6.280569553375244141e+00 1.152812194824218750e+01
1.899999976158142090e+00 -6.212093830108642578e+00 1.154694271087646484e+01
1.912500023841857910e+00 -6.079025268554687500e+00 1.156634616851806641e+01
1.924999952316284180e+00 -5.884589672088623047e+00 1.157100868225097656e+01
1.937500000000000000e+00 -5.623961925506591797e+00 1.156730365753173828e+01
1.950000047683715820e+00 -5.294898033142089844e+00 1.157396697998046875e+01
1.962499976158142090e+00 -4.905844688415527344e+00 1.159322643280029297e+01
1.975000023841857910e+00 -4.468788623809814453e+00 1.160605525970458984e+01
1.987499952316284180e+00 -3.986997604370117188e+00 1.160050582885742188e+01
2.000000000000000000e+00 -3.456486225128173828e+00 1.159145164489746094e+01
