0.000000000000000000e+00 6.254831314086914062e+00 8.809286117553710938e+00
1.250000018626451492e-02 6.287417888641357422e+00 8.778425216674804688e+00
2.500000037252902985e-02 6.253256797790527344e+00 8.783307075500488281e+00
3.750000149011611938e-02 6.148644447326660156e+00 8.817605018615722656e+00
5.000000074505805969e-02 5.972268104553222656e+00 8.867172241210937500e+00
6.250000000000000000e-02 5.730406284332275391e+00 8.936424255371093750e+00
7.500000298023223877e-02 5.430240154266357422e+00 9.047098159790039062e+00
8.749999850988388062e-02 5.071644306182861328e+00 9.207071304321289062e+00
1.000000014901161194e-01 4.652717113494873047e+00 9.397207260131835938e+00
1.124999970197677612e-01 4.183435916900634766e+00 9.603825569152832031e+00
1.250000000000000000e-01 3.685060977935791016e+00 9.853921890258789062e+00
1.375000029802322388e-01 3.168895483016967773e+00 1.019186115264892578e+01
1.500000059604644775e-01 2.619253396987915039e+00 1.060907173156738281e+01
1.624999940395355225e-01 2.007509708404541016e+00 1.101227474212646484e+01
1.749999970197677612e-01 1.327711343765258789e+00 1.128469562530517578e+01
1.875000000000000000e-01 6.136599183082580566e-01 1.138525009155273438e+01
2.000000029802322388e-01 -8.510134369134902954e-02 1.137848281860351562e+01
2.125000059604644775e-01 -7.434363365173339844e-01 1.136371421813964844e+01
2.249999940395355225e-01 -1.372864007949829102e+00 1.138520240783691406e+01
2.374999970197677612e-01 -1.995381951332092285e+00 1.141821289062500000e+01
2.500000000000000000e-01 -2.612518787384033203e+00 1.142852115631103516e+01
2.624999880790710449e-01 -3.204158782958984375e+00 1.142125988006591797e+01
2.750000059604644775e-01 -3.751888036727905273e+00 1.142518901824951172e+01
2.874999940395355225e-01 -4.253850936889648438e+00 1.144835567474365234e+01
3.000000119209289551e-01 -4.714962959289550781e+00 1.147007560729980469e+01
3.125000000000000000e-01 -5.130551338195800781e+00 1.147439479827880859e+01
3.249999880790710449e-01 -5.486886978149414062e+00 1.147260951995849609e+01
3.375000059604644775e-01 -5.775515079498291016e+00 1.148414611816406250e+01
3.499999940395355225e-01 -5.999434471130371094e+00 1.150725555419921875e+01
3.625000119209289551e-01 -6.163026809692382812e+00 1.152288246154785156e+01
3.750000000000000000e-01 -6.261692047119140625e+00 1.152393245697021484e+01
3.874999880790710449e-01 -6.286501884460449219e+00 1.152543258666992188e+01
4.000000059604644775e-01 -6.236303806304931641e+00 1.154114055633544922e+01
4.124999940395355225e-01 -6.118951797485351562e+00 1.156243324279785156e+01
4.250000119209289551e-01 -5.939988136291503906e+00 1.157133769989013672e+01
4.375000000000000000e-01 -5.695994377136230469e+00 1.156800842285156250e+01
4.499999880790710449e-01 -5.382813453674316406e+00 1.157086181640625000e+01
4.625000059604644775e-01 -5.006311416625976562e+00 1.158833026885986328e+01
4.749999940395355225e-01 -4.579008102416992188e+00 1.160474777221679688e+01
4.875000119209289551e-01 -4.106962203979492188e+00 1.160328292846679688e+01
5.000000000000000000e-01 -3.586822509765625000e+00 1.159275245666503906e+01
5.124999880790710449e-01 -3.018703937530517578e+00 1.159616851806640625e+01
5.249999761581420898e-01 -2.415961503982543945e+00 1.161462783813476562e+01
5.375000238418579102e-01 -1.795068144798278809e+00 1.162121772766113281e+01
5.500000119209289551e-01 -1.157822608947753906e+00 1.160059261322021484e+01
5.625000000000000000e-01 -4.932828247547149658e-01 1.157954216003417969e+01
5.749999880790710449e-01 1.972735226154327393e-01 1.159445667266845703e+01
5.874999761581420898e-01 8.832453489303588867e-01 1.162444019317626953e+01
6.000000238418579102e-01 1.522634744644165039e+00 1.157697486877441406e+01
6.125000119209289551e-01 2.099992036819458008e+00 1.136080646514892578e+01
6.250000000000000000e-01 2.641046524047851562e+00 1.097482776641845703e+01
6.374999880790710449e-01 3.184685468673706055e+00 1.051548290252685547e+01
6.499999761581420898e-01 3.741883754730224609e+00 1.009554100036621094e+01
6.625000238418579102e-01 4.285290718078613281e+00 9.763937950134277344e+00
6.750000119209289551e-01 4.776303768157958984e+00 9.503750801086425781e+00
6.875000000000000000e-01 5.195441246032714844e+00 9.287731170654296875e+00
6.999999880790710449e-01 5.545066356658935547e+00 9.114047050476074219e+00
7.124999761581420898e-01 5.830869674682617188e+00 8.990241050720214844e+00
7.250000238418579102e-01 6.050094127655029297e+00 8.906584739685058594e+00
7.375000119209289551e-01 6.197464942932128906e+00 8.842957496643066406e+00
7.500000000000000000e-01 6.273822784423828125e+00 8.794899940490722656e+00
7.624999880790710449e-01 6.283159732818603516e+00 8.775943756103515625e+00
7.749999761581420898e-01 6.224794864654541016e+00 8.792840957641601562e+00
7.875000238418579102e-01 6.094760417938232422e+00 8.833601951599121094e+00
8.000000119209289551e-01 5.894407749176025391e+00 8.888224601745605469e+00
8.125000000000000000e-01 5.631570339202880859e+00 8.969508171081542969e+00
8.249999880790710449e-01 5.311292648315429688e+00 9.098162651062011719e+00
8.374999761581420898e-01 4.931385040283203125e+00 9.271656036376953125e+00
8.500000238418579102e-01 4.492815971374511719e+00 9.467394828796386719e+00
8.625000119209289551e-01 4.010850906372070312e+00 9.684070587158203125e+00
8.750000000000000000e-01 3.506213426589965820e+00 9.961108207702636719e+00
8.874999880790710449e-01 2.981405019760131836e+00 1.033240032196044922e+01
8.999999761581420898e-01 2.412834167480468750e+00 1.075866794586181641e+01
9.125000238418579102e-01 1.775809645652770996e+00 1.112723922729492188e+01
9.250000119209289551e-01 1.078466653823852539e+00 1.133811855316162109e+01
9.375000000000000000e-01 3.646517693996429443e-01 1.138967418670654297e+01
9.499999880790710449e-01 -3.207186162471771240e-01 1.137019252777099609e+01
9.624999761581420898e-01 -9.662560224533081055e-01 1.136734676361083984e+01
9.750000238418579102e-01 -1.591358661651611328e+00 1.139775562286376953e+01
9.875000119209289551e-01 -2.213263750076293945e+00 1.142511653900146484e+01
1.000000000000000000e+00 -2.824220180511474609e+00 1.142652320861816406e+01
1.012500047683715820e+00 -3.401762485504150391e+00 1.142018032073974609e+01
1.024999976158142090e+00 -3.932894229888916016e+00 1.143181514739990234e+01
1.037500023841857910e+00 -4.420215606689453125e+00 1.145745563507080078e+01
1.049999952316284180e+00 -4.866583347320556641e+00 1.147354888916015625e+01
1.062500000000000000e+00 -5.262997150421142578e+00 1.147327327728271484e+01
1.075000047683715820e+00 -5.595898151397705078e+00 1.147462749481201172e+01
1.087499976158142090e+00 -5.861094474792480469e+00 1.149181461334228516e+01
1.100000023841857910e+00 -6.063714504241943359e+00 1.151447963714599609e+01
1.112499952316284180e+00 -6.205531120300292969e+00 1.152448177337646484e+01
1.125000000000000000e+00 -6.279119014739990234e+00 1.152334880828857422e+01
1.137500047683715820e+00 -6.277135372161865234e+00 1.152926158905029297e+01
1.149999976158142090e+00 -6.202318191528320312e+00 1.154900741577148438e+01
1.162500023841857910e+00 -6.063190937042236328e+00 1.156752681732177734e+01
1.174999952316284180e+00 -5.862133502960205078e+00 1.157077884674072266e+01
1.187500000000000000e+00 -5.593957901000976562e+00 1.156735897064208984e+01
1.200000047683715820e+00 -5.257308483123779297e+00 1.157570648193359375e+01
1.212499976158142090e+00 -4.861626625061035156e+00 1.159541702270507812e+01
1.225000023841857910e+00 -4.418550491333007812e+00 1.160645580291748047e+01
1.237499952316284180e+00 -3.930193901062011719e+00 1.159938144683837891e+01
1.250000000000000000e+00 -3.392563104629516602e+00 1.159154224395751953e+01
1.262500047683715820e+00 -2.810205459594726562e+00 1.160197353363037109e+01
1.274999976158142090e+00 -2.199685811996459961e+00 1.161983203887939453e+01
1.287500023841857910e+00 -1.573847770690917969e+00 1.161658954620361328e+01
1.299999952316284180e+00 -9.282755851745605469e-01 1.159090709686279297e+01
1.312500000000000000e+00 -2.530226707458496094e-01 1.157999038696289062e+01
1.325000047683715820e+00 4.407406747341156006e-01 1.160688972473144531e+01
1.337499976158142090e+00 1.114554286003112793e+00 1.162237071990966797e+01
1.350000023841857910e+00 1.731691241264343262e+00 1.152288055419921875e+01
1.362499952316284180e+00 2.291769027709960938e+00 1.124129867553710938e+01
1.375000000000000000e+00 2.830018281936645508e+00 1.081555652618408203e+01
1.387500047683715820e+00 3.379365444183349609e+00 1.035938739776611328e+01
1.399999976158142090e+00 3.936218261718750000e+00 9.969079017639160156e+00
1.412500023841857910e+00 4.465095043182373047e+00 9.666296958923339844e+00
1.424999952316284180e+00 4.931725502014160156e+00 9.423600196838378906e+00
1.437500000000000000e+00 5.325592994689941406e+00 9.221434593200683594e+00
1.450000047683715820e+00 5.652559757232666016e+00 9.064954757690429688e+00
1.462499976158142090e+00 5.915699005126953125e+00 8.957405090332031250e+00
1.475000023841857910e+00 6.110092639923095703e+00 8.882737159729003906e+00
1.487499952316284180e+00 6.232109069824218750e+00 8.823818206787109375e+00
1.500000000000000000e+00 6.284622192382812500e+00 8.784176826477050781e+00
1.512500047683715820e+00 6.270610332489013672e+00 8.778096199035644531e+00
1.524999976158142090e+00 6.187452316284179688e+00 8.805295944213867188e+00
1.537500023841857910e+00 6.032146930694580078e+00 8.851044654846191406e+00
1.549999952316284180e+00 5.808888435363769531e+00 8.912460327148437500e+00
1.562500000000000000e+00 5.525752544403076172e+00 9.008683204650878906e+00
1.575000047683715820e+00 5.184979915618896484e+00 9.154987335205078125e+00
1.587499976158142090e+00 4.783747673034667969e+00 9.338758468627929688e+00
1.600000023841857910e+00 4.327500343322753906e+00 9.539695739746093750e+00
1.612499952316284180e+00 3.835660219192504883e+00 9.771759986877441406e+00
1.625000000000000000e+00 3.325166225433349609e+00 1.008064842224121094e+01
1.637500047683715820e+00 2.788552522659301758e+00 1.048049163818359375e+01
1.649999976158142090e+00 2.197650671005249023e+00 1.090104961395263672e+01
1.662500023841857910e+00 1.536310195922851562e+00 1.122177505493164062e+01
1.674999952316284180e+00 8.271850943565368652e-01 1.137100696563720703e+01
1.687500000000000000e+00 1.195001304149627686e-01 1.138539314270019531e+01
1.700000047683715820e+00 -5.511134862899780273e-01 1.136471843719482422e+01
1.712499976158142090e+00 -1.186596155166625977e+00 1.137561511993408203e+01
1.725000023841857910e+00 -1.809733152389526367e+00 1.140975093841552734e+01
1.737499952316284180e+00 -2.429949522018432617e+00 1.142836380004882812e+01
1.750000000000000000e+00 -3.031695604324340820e+00 1.142350292205810547e+01
1.762500047683715820e+00 -3.593482017517089844e+00 1.142165374755859375e+01
1.774999976158142090e+00 -4.108511924743652344e+00 1.144038009643554688e+01
1.787500023841857910e+00 -4.581676006317138672e+00 1.146518516540527344e+01
1.799999952316284180e+00 -5.012106418609619141e+00 1.147472858428955078e+01
1.812500000000000000e+00 -5.387519836425781250e+00 1.147239971160888672e+01
1.825000047683715820e+00 -5.696473598480224609e+00 1.147887325286865234e+01
1.837499976158142090e+00 -5.939013004302978516e+00 1.150024318695068359e+01
1.850000023841857910e+00 -6.120616912841796875e+00 1.151992034912109375e+01
1.862499952316284180e+00 -6.239637851715087891e+00 1.152452182769775391e+01
1.875000000000000000e+00 -6.287131786346435547e+00 1.152376270294189453e+01
1.887500047683715820e+00 -6.258741378784179688e+00 1.153504180908203125e+01
1.899999976158142090e+00 -6.160489559173583984e+00 1.155671310424804688e+01
1.912500023841857910e+00 -5.999895572662353516e+00 1.157048606872558594e+01
1.924999952316284180e+00 -5.775976657867431641e+00 1.156928443908691406e+01
1.937500000000000000e+00 -5.483372211456298828e+00 1.156836891174316406e+01
1.950000047683715820e+00 -5.124512672424316406e+00 1.158217334747314453e+01
1.962499976158142090e+00 -4.711216926574707031e+00 1.160132026672363281e+01
1.975000023841857910e+00 -4.252592563629150391e+00 1.160562992095947266e+01
1.987499952316284180e+00 -3.747267723083496094e+00 1.159535884857177734e+01
2.000000000000000000e+00 -3.192661046981811523e+00 1.159291553497314453e+01
