0.000000000000000000e+00 6.254426479339599609e+00 8.809615135192871094e+00
1.250000018626451492e-02 6.287195682525634766e+00 8.778574943542480469e+00
2.500000037252902985e-02 6.252831935882568359e+00 8.783479690551757812e+00
3.750000149011611938e-02 6.147601127624511719e+00 8.817940711975097656e+00
5.000000074505805969e-02 5.970202445983886719e+00 8.867733955383300781e+00
6.250000000000000000e-02 5.727003574371337891e+00 8.937472343444824219e+00
7.500000298023223877e-02 5.425206661224365234e+00 9.049086570739746094e+00
8.749999850988388062e-02 5.064606189727783203e+00 9.210162162780761719e+00
1.000000014901161194e-01 4.643377780914306641e+00 9.401179313659667969e+00
1.124999970197677612e-01 4.171867847442626953e+00 9.608900070190429688e+00
1.250000000000000000e-01 3.671570062637329102e+00 9.861381530761718750e+00
1.375000029802322388e-01 3.153349876403808594e+00 1.020285797119140625e+01
1.500000059604644775e-01 2.600693941116333008e+00 1.062238597869873047e+01
1.624999940395355225e-01 1.984866619110107422e+00 1.102395153045654297e+01
1.749999970197677612e-01 1.301084756851196289e+00 1.129095840454101562e+01
1.875000000000000000e-01 5.846228003501892090e-01 1.138596630096435547e+01
2.000000029802322388e-01 -1.147893518209457397e-01 1.137713432312011719e+01
2.125000059604644775e-01 -7.733436822891235352e-01 1.136368751525878906e+01
2.249999940395355225e-01 -1.403843760490417480e+00 1.138669872283935547e+01
2.374999970197677612e-01 -2.028051137924194336e+00 1.141921710968017578e+01
2.500000000000000000e-01 -2.646167278289794922e+00 1.142810821533203125e+01
2.624999880790710449e-01 -3.237358570098876953e+00 1.142075634002685547e+01
2.750000059604644775e-01 -3.783821821212768555e+00 1.142600822448730469e+01
2.874999940395355225e-01 -4.284546375274658203e+00 1.144991207122802734e+01
3.000000119209289551e-01 -4.744265556335449219e+00 1.147077941894531250e+01
3.125000000000000000e-01 -5.157428741455078125e+00 1.147409057617187500e+01
3.249999880790710449e-01 -5.510073661804199219e+00 1.147278690338134766e+01
3.375000059604644775e-01 -5.794497013092041016e+00 1.148564815521240234e+01
3.499999940395355225e-01 -6.014297962188720703e+00 1.150896549224853516e+01
3.625000119209289551e-01 -6.173421859741210938e+00 1.152341461181640625e+01
3.750000000000000000e-01 -6.266506671905517578e+00 1.152378082275390625e+01
3.874999880790710449e-01 -6.284785270690917969e+00 1.152627182006835938e+01
4.000000059604644775e-01 -6.228061676025390625e+00 1.154322814941406250e+01
4.124999940395355225e-01 -6.104578971862792969e+00 1.156409263610839844e+01
4.250000119209289551e-01 -5.919159412384033203e+00 1.157146549224853516e+01
4.375000000000000000e-01 -5.667746543884277344e+00 1.156787967681884766e+01
4.499999880790710449e-01 -5.346801757812500000e+00 1.157228946685791016e+01
4.625000059604644775e-01 -4.963350296020507812e+00 1.159074974060058594e+01
4.749999940395355225e-01 -4.529942035675048828e+00 1.160579490661621094e+01
4.875000119209289551e-01 -4.051491737365722656e+00 1.160240650177001953e+01
5.000000000000000000e-01 -3.524214267730712891e+00 1.159241485595703125e+01
5.124999880790710449e-01 -2.949539661407470703e+00 1.159823799133300781e+01
5.249999761581420898e-01 -2.342190027236938477e+00 1.161699295043945312e+01
5.375000238418579102e-01 -1.717807173728942871e+00 1.162035942077636719e+01
5.500000119209289551e-01 -1.075955152511596680e+00 1.159740257263183594e+01
5.625000000000000000e-01 -4.055348932743072510e-01 1.157948112487792969e+01
5.749999880790710449e-01 2.887726724147796631e-01 1.159938907623291016e+01
5.874999761581420898e-01 9.727967381477355957e-01 1.162547111511230469e+01
6.000000238418579102e-01 1.605552911758422852e+00 1.155896282196044922e+01
6.125000119209289551e-01 2.177160501480102539e+00 1.131602382659912109e+01
6.250000000000000000e-01 2.717891931533813477e+00 1.091125965118408203e+01
6.374999880790710449e-01 3.265229940414428711e+00 1.045032501220703125e+01
6.499999761581420898e-01 3.824320793151855469e+00 1.004115390777587891e+01
6.625000238418579102e-01 4.363658428192138672e+00 9.721313476562500000e+00
6.750000119209289551e-01 4.845705032348632812e+00 9.468293190002441406e+00
6.875000000000000000e-01 5.254753589630126953e+00 9.257642745971679688e+00
6.999999880790710449e-01 5.595051288604736328e+00 9.091076850891113281e+00
7.124999761581420898e-01 5.871277332305908203e+00 8.974618911743164062e+00
7.250000238418579102e-01 6.079509258270263672e+00 8.895260810852050781e+00
7.375000119209289551e-01 6.215087413787841797e+00 8.833680152893066406e+00
7.500000000000000000e-01 6.279932022094726562e+00 8.789297103881835938e+00
7.624999880790710449e-01 6.277708053588867188e+00 8.776580810546875000e+00
7.749999761581420898e-01 6.206706523895263672e+00 8.798950195312500000e+00
7.875000238418579102e-01 6.063262462615966797e+00 8.842504501342773438e+00
8.000000119209289551e-01 5.850215911865234375e+00 8.900535583496093750e+00
8.125000000000000000e-01 5.575771808624267578e+00 8.989620208740234375e+00
8.249999880790710449e-01 5.243576049804687500e+00 9.128249168395996094e+00
8.374999761581420898e-01 4.850874900817871094e+00 9.308243751525878906e+00
8.500000238418579102e-01 4.400938034057617188e+00 9.507357597351074219e+00
8.625000119209289551e-01 3.911684751510620117e+00 9.732581138610839844e+00
8.750000000000000000e-01 3.402283906936645508e+00 1.002807998657226562e+01
8.874999880790710449e-01 2.869599103927612305e+00 1.041768646240234375e+01
8.999999761581420898e-01 2.286681175231933594e+00 1.084354209899902344e+01
9.125000238418579102e-01 1.633123397827148438e+00 1.118594074249267578e+01
9.250000119209289551e-01 9.258687496185302734e-01 1.135989665985107422e+01
9.375000000000000000e-01 2.130273133516311646e-01 1.138743305206298828e+01
9.499999880790710449e-01 -4.652962088584899902e-01 1.136607265472412109e+01
9.624999761581420898e-01 -1.106052041053771973e+00 1.137190055847167969e+01
9.750000238418579102e-01 -1.731475591659545898e+00 1.140538120269775391e+01
9.875000119209289551e-01 -2.354233503341674805e+00 1.142738914489746094e+01
1.000000000000000000e+00 -2.961230516433715820e+00 1.142435550689697266e+01
1.012500047683715820e+00 -3.530107975006103516e+00 1.142068004608154297e+01
1.024999976158142090e+00 -4.051862716674804688e+00 1.143728446960449219e+01
1.037500023841857910e+00 -4.530911922454833984e+00 1.146277809143066406e+01
1.049999952316284180e+00 -4.967724800109863281e+00 1.147444343566894531e+01
1.062500000000000000e+00 -5.350807666778564453e+00 1.147248363494873047e+01
1.075000047683715820e+00 -5.667784214019775391e+00 1.147734928131103516e+01
1.087499976158142090e+00 -5.917472362518310547e+00 1.149779319763183594e+01
1.100000023841857910e+00 -6.105474948883056641e+00 1.151860141754150391e+01
1.112499952316284180e+00 -6.231141567230224609e+00 1.152463245391845703e+01
1.125000000000000000e+00 -6.285724639892578125e+00 1.152357292175292969e+01
1.137500047683715820e+00 -6.263926506042480469e+00 1.153352165222167969e+01
1.149999976158142090e+00 -6.171062946319580078e+00 1.155501937866210938e+01
1.162500023841857910e+00 -6.015110015869140625e+00 1.157011318206787109e+01
1.174999952316284180e+00 -5.795871257781982422e+00 1.156981468200683594e+01
1.187500000000000000e+00 -5.507834434509277344e+00 1.156818485260009766e+01
1.200000047683715820e+00 -5.152553081512451172e+00 1.158095645904541016e+01
1.212499976158142090e+00 -4.741555690765380859e+00 1.160051631927490234e+01
1.225000023841857910e+00 -4.284664630889892578e+00 1.160622406005859375e+01
1.237499952316284180e+00 -3.781120300292968750e+00 1.159634208679199219e+01
1.250000000000000000e+00 -3.227900743484497070e+00 1.159280586242675781e+01
1.262500047683715820e+00 -2.633693218231201172e+00 1.160806560516357422e+01
1.274999976158142090e+00 -2.016244173049926758e+00 1.162235069274902344e+01
1.287500023841857910e+00 -1.383913516998291016e+00 1.161044025421142578e+01
1.299999952316284180e+00 -7.281212210655212402e-01 1.158444404602050781e+01
1.312500000000000000e+00 -4.262144118547439575e-02 1.158519077301025391e+01
1.325000047683715820e+00 6.519082784652709961e-01 1.161767005920410156e+01
1.337499976158142090e+00 1.312907814979553223e+00 1.160905361175537109e+01
1.350000023841857910e+00 1.911907315254211426e+00 1.145533370971679688e+01
1.362499952316284180e+00 2.461977720260620117e+00 1.111839103698730469e+01
1.375000000000000000e+00 3.002910852432250977e+00 1.066840839385986328e+01
1.387500047683715820e+00 3.558542728424072266e+00 1.022483825683593750e+01
1.399999976158142090e+00 4.112476825714111328e+00 9.862869262695312500e+00
1.412500023841857910e+00 4.625386238098144531e+00 9.582344055175781250e+00
1.424999952316284180e+00 5.069424152374267578e+00 9.352884292602539062e+00
1.437500000000000000e+00 5.441395282745361328e+00 9.164040565490722656e+00
1.450000047683715820e+00 5.748074054718017578e+00 9.024069786071777344e+00
1.462499976158142090e+00 5.989440917968750000e+00 8.929791450500488281e+00
1.475000023841857910e+00 6.159739971160888672e+00 8.861355781555175781e+00
1.487499952316284180e+00 6.257624149322509766e+00 8.807382583618164062e+00
1.500000000000000000e+00 6.287090301513671875e+00 8.777936935424804688e+00
1.512500047683715820e+00 6.249330520629882812e+00 8.784622192382812500e+00
1.524999976158142090e+00 6.140500068664550781e+00 8.820113182067871094e+00
1.537500023841857910e+00 5.959644794464111328e+00 8.870563507080078125e+00
1.549999952316284180e+00 5.713420867919921875e+00 8.941832542419433594e+00
1.562500000000000000e+00 5.408784866333007812e+00 9.055963516235351562e+00
1.575000047683715820e+00 5.045178413391113281e+00 9.219123840332031250e+00
1.587499976158142090e+00 4.621082305908203125e+00 9.411016464233398438e+00
1.600000023841857910e+00 4.147621631622314453e+00 9.619933128356933594e+00
1.612499952316284180e+00 3.646379470825195312e+00 9.875930786132812500e+00
1.625000000000000000e+00 3.127065658569335938e+00 1.022225284576416016e+01
1.637500047683715820e+00 2.571912288665771484e+00 1.064372253417968750e+01
1.649999976158142090e+00 1.952503681182861328e+00 1.104108238220214844e+01
1.662500023841857910e+00 1.265992522239685059e+00 1.129950809478759766e+01
1.674999952316284180e+00 5.492736101150512695e-01 1.138710021972656250e+01
1.687500000000000000e+00 -1.483434736728668213e-01 1.137590694427490234e+01
1.700000047683715820e+00 -8.049812316894531250e-01 1.136398601531982422e+01
1.712499976158142090e+00 -1.434748172760009766e+00 1.138845348358154297e+01
1.725000023841857910e+00 -2.058886051177978516e+00 1.142033672332763672e+01
1.737499952316284180e+00 -2.676243066787719727e+00 1.142789554595947266e+01
1.750000000000000000e+00 -3.265514612197875977e+00 1.142052364349365234e+01
1.762500047683715820e+00 -3.809614658355712891e+00 1.142685890197753906e+01
1.774999976158142090e+00 -4.308238029479980469e+00 1.145122909545898438e+01
1.787500023841857910e+00 -4.765898227691650391e+00 1.147135448455810547e+01
1.799999952316284180e+00 -5.176405906677246094e+00 1.147394180297851562e+01
1.812500000000000000e+00 -5.525753021240234375e+00 1.147300624847412109e+01
1.825000047683715820e+00 -5.806831836700439453e+00 1.148669815063476562e+01
1.837499976158142090e+00 -6.023597717285156250e+00 1.151003265380859375e+01
1.850000023841857910e+00 -6.179658889770507812e+00 1.152369308471679688e+01
1.862499952316284180e+00 -6.269219875335693359e+00 1.152368259429931641e+01
1.875000000000000000e+00 -6.283693790435791016e+00 1.152676200866699219e+01
1.887500047683715820e+00 -6.223448753356933594e+00 1.154433727264404297e+01
1.899999976158142090e+00 -6.096866130828857422e+00 1.156486225128173828e+01
1.912500023841857910e+00 -5.908330440521240234e+00 1.157141590118408203e+01
1.924999952316284180e+00 -5.653497219085693359e+00 1.156775856018066406e+01
1.937500000000000000e+00 -5.329201698303222656e+00 1.157293987274169922e+01
1.950000047683715820e+00 -4.942998409271240234e+00 1.159176921844482422e+01
1.962499976158142090e+00 -4.507347106933593750e+00 1.160608291625976562e+01
1.975000023841857910e+00 -4.026596069335937500e+00 1.160186290740966797e+01
1.987499952316284180e+00 -3.496832370758056641e+00 1.159220790863037109e+01
2.000000000000000000e+00 -2.920106887817382812e+00 1.159904098510742188e+01
