0.000000000000000000e+00 6.282442092895507812e+00 8.789787292480468750e+00
1.250000018626451492e-02 6.302307605743408203e+00 8.771553039550781250e+00
2.500000037252902985e-02 6.282425403594970703e+00 8.774992942810058594e+00
3.750000149011611938e-02 6.220945835113525391e+00 8.797337532043457031e+00
5.000000074505805969e-02 6.116567134857177734e+00 8.830933570861816406e+00
6.250000000000000000e-02 5.970646381378173828e+00 8.871775627136230469e+00
7.500000298023223877e-02 5.786780834197998047e+00 8.925246238708496094e+00
8.749999850988388062e-02 5.568062305450439453e+00 9.002611160278320312e+00
1.000000014901161194e-01 5.314786434173583984e+00 9.110750198364257812e+00
1.124999970197677612e-01 5.025330066680908203e+00 9.244990348815917969e+00
1.250000000000000000e-01 4.699956893920898438e+00 9.393256187438964844e+00
1.375000029802322388e-01 4.344086170196533203e+00 9.549558639526367188e+00
1.500000059604644775e-01 3.967262744903564453e+00 9.724884033203125000e+00
1.624999940395355225e-01 3.577453374862670898e+00 9.943372726440429688e+00
1.749999970197677612e-01 3.174732208251953125e+00 1.022290325164794922e+01
1.875000000000000000e-01 2.749921321868896484e+00 1.055324459075927734e+01
2.000000029802322388e-01 2.290566205978393555e+00 1.088973999023437500e+01
2.125000059604644775e-01 1.790859103202819824e+00 1.117077732086181641e+01
2.249999940395355225e-01 1.258454918861389160e+00 1.134969997406005859e+01
2.374999970197677612e-01 7.127750515937805176e-01 1.142000770568847656e+01
2.500000000000000000e-01 1.754447519779205322e-01 1.141646862030029297e+01
2.624999880790710449e-01 -3.406397700309753418e-01 1.139168739318847656e+01
2.750000059604644775e-01 -8.360633850097656250e-01 1.138494205474853516e+01
2.874999940395355225e-01 -1.320538878440856934e+00 1.140450859069824219e+01
3.000000119209289551e-01 -1.803208351135253906e+00 1.143335151672363281e+01
3.125000000000000000e-01 -2.284925699234008789e+00 1.145032596588134766e+01
3.249999880790710449e-01 -2.757697582244873047e+00 1.144889450073242188e+01
3.375000059604644775e-01 -3.210597753524780273e+00 1.143987369537353516e+01
3.499999940395355225e-01 -3.636698007583618164e+00 1.143910694122314453e+01
3.625000119209289551e-01 -4.035523414611816406e+00 1.145276260375976562e+01
3.750000000000000000e-01 -4.409832000732421875e+00 1.147309589385986328e+01
3.874999880790710449e-01 -4.760274887084960938e+00 1.148701667785644531e+01
4.000000059604644775e-01 -5.082794666290283203e+00 1.148851394653320312e+01
4.124999940395355225e-01 -5.370712280273437500e+00 1.148353576660156250e+01
4.250000119209289551e-01 -5.619176864624023438e+00 1.148359012603759766e+01
4.375000000000000000e-01 -5.827786922454833984e+00 1.149472045898437500e+01
4.499999880790710449e-01 -5.999161243438720703e+00 1.151219558715820312e+01
4.625000059604644775e-01 -6.135035514831542969e+00 1.152544784545898438e+01
4.749999940395355225e-01 -6.233620643615722656e+00 1.152822399139404297e+01
4.875000119209289551e-01 -6.290604591369628906e+00 1.152431297302246094e+01
5.000000000000000000e-01 -6.302731037139892578e+00 1.152368640899658203e+01
5.124999880790710449e-01 -6.270542621612548828e+00 1.153287506103515625e+01
5.249999761581420898e-01 -6.197728633880615234e+00 1.154875087738037109e+01
5.375000238418579102e-01 -6.087746620178222656e+00 1.156152057647705078e+01
5.500000119209289551e-01 -5.940933227539062500e+00 1.156409072875976562e+01
5.625000000000000000e-01 -5.754845619201660156e+00 1.155891132354736328e+01
5.749999880790710449e-01 -5.527537822723388672e+00 1.155574703216552734e+01
5.874999761581420898e-01 -5.260668754577636719e+00 1.156232166290283203e+01
6.000000238418579102e-01 -4.959434509277343750e+00 1.157664203643798828e+01
6.125000119209289551e-01 -4.629268169403076172e+00 1.158846378326416016e+01
6.250000000000000000e-01 -4.272356033325195312e+00 1.158892154693603516e+01
6.374999880790710449e-01 -3.887355804443359375e+00 1.157939529418945312e+01
6.499999761581420898e-01 -3.472806215286254883e+00 1.157090759277343750e+01
6.625000238418579102e-01 -3.031147003173828125e+00 1.157385730743408203e+01
6.750000119209289551e-01 -2.569386720657348633e+00 1.158730792999267578e+01
6.875000000000000000e-01 -2.095290184020996094e+00 1.159839439392089844e+01
6.999999880790710449e-01 -1.612201809883117676e+00 1.159377574920654297e+01
7.124999761581420898e-01 -1.117397189140319824e+00 1.157361221313476562e+01
7.250000238418579102e-01 -6.062973141670227051e-01 1.155451393127441406e+01
7.375000119209289551e-01 -7.980035990476608276e-02 1.155602741241455078e+01
7.500000000000000000e-01 4.512979686260223389e-01 1.157933998107910156e+01
7.624999880790710449e-01 9.692491292953491211e-01 1.159532356262207031e+01
7.749999761581420898e-01 1.458552718162536621e+00 1.155392074584960938e+01
7.875000238418579102e-01 1.915093660354614258e+00 1.141123390197753906e+01
8.000000119209289551e-01 2.348351478576660156e+00 1.115666007995605469e+01
8.125000000000000000e-01 2.774623870849609375e+00 1.082129573822021484e+01
8.249999880790710449e-01 3.205759048461914062e+00 1.046182727813720703e+01
8.374999761581420898e-01 3.641104459762573242e+00 1.013134956359863281e+01
8.500000238418579102e-01 4.067845821380615234e+00 9.856775283813476562e+00
8.625000119209289551e-01 4.468703269958496094e+00 9.635933876037597656e+00
8.750000000000000000e-01 4.830959796905517578e+00 9.452149391174316406e+00
8.874999880790710449e-01 5.150683403015136719e+00 9.292271614074707031e+00
8.999999761581420898e-01 5.430366992950439453e+00 9.154583930969238281e+00
9.125000238418579102e-01 5.673274993896484375e+00 9.043704032897949219e+00
9.250000119209289551e-01 5.879500865936279297e+00 8.960708618164062500e+00
9.375000000000000000e-01 6.046281814575195312e+00 8.899026870727539062e+00
9.499999880790710449e-01 6.171049594879150391e+00 8.849419593811035156e+00
9.624999761581420898e-01 6.253683090209960938e+00 8.808093070983886719e+00
9.750000238418579102e-01 6.295870304107666016e+00 8.779391288757324219e+00
9.875000119209289551e-01 6.298658370971679688e+00 8.770357131958007812e+00
1.000000000000000000e+00 6.261008262634277344e+00 8.782776832580566406e+00
1.012500047683715820e+00 6.180967807769775391e+00 8.810935020446777344e+00
1.024999976158142090e+00 6.058242797851562500e+00 8.847655296325683594e+00
1.037500023841857910e+00 5.895390033721923828e+00 8.892771720886230469e+00
1.049999952316284180e+00 5.696178436279296875e+00 8.955216407775878906e+00
1.062500000000000000e+00 5.462622165679931641e+00 9.045692443847656250e+00
1.075000047683715820e+00 5.193857669830322266e+00 9.166389465332031250e+00
1.087499976158142090e+00 4.888540744781494141e+00 9.308186531066894531e+00
1.100000023841857910e+00 4.548956871032714844e+00 9.459801673889160156e+00
1.112499952316284180e+00 4.182760238647460938e+00 9.621932983398437500e+00
1.125000000000000000e+00 3.799679994583129883e+00 9.812806129455566406e+00
1.137500047683715820e+00 3.404860973358154297e+00 1.005679798126220703e+01
1.149999976158142090e+00 2.994096279144287109e+00 1.036174678802490234e+01
1.162500023841857910e+00 2.555682897567749023e+00 1.070188140869140625e+01
1.174999952316284180e+00 2.078838586807250977e+00 1.102179813385009766e+01
1.187500000000000000e+00 1.563183546066284180e+00 1.126231384277343750e+01
1.200000047683715820e+00 1.022236585617065430e+00 1.139224529266357422e+01
1.212499976158142090e+00 4.778200089931488037e-01 1.142449855804443359e+01
1.225000023841857910e+00 -5.110006034374237061e-02 1.140542221069335938e+01
1.237499952316284180e+00 -5.574311614036560059e-01 1.138530445098876953e+01
1.250000000000000000e+00 -1.046714186668395996e+00 1.139081096649169922e+01
1.262500047683715820e+00 -1.529660701751708984e+00 1.141728115081787109e+01
1.274999976158142090e+00 -2.012409448623657227e+00 1.144300651550292969e+01
1.287500023841857910e+00 -2.491582632064819336e+00 1.145164203643798828e+01
1.299999952316284180e+00 -2.956977844238281250e+00 1.144491195678710938e+01
1.312500000000000000e+00 -3.398720741271972656e+00 1.143782615661621094e+01
1.325000047683715820e+00 -3.812746047973632812e+00 1.144343566894531250e+01
1.337499976158142090e+00 -4.200618743896484375e+00 1.146155166625976562e+01
1.350000023841857910e+00 -4.564774513244628906e+00 1.148054313659667969e+01
1.362499952316284180e+00 -4.903861999511718750e+00 1.148909282684326172e+01
1.375000000000000000e+00 -5.212199211120605469e+00 1.148647785186767578e+01
1.387500047683715820e+00 -5.483369350433349609e+00 1.148235416412353516e+01
1.399999976158142090e+00 -5.714356422424316406e+00 1.148709297180175781e+01
1.412500023841857910e+00 -5.906465053558349609e+00 1.150211238861083984e+01
1.424999952316284180e+00 -6.062423229217529297e+00 1.151902961730957031e+01
1.437500000000000000e+00 -6.182569980621337891e+00 1.152794933319091797e+01
1.450000047683715820e+00 -6.263683795928955078e+00 1.152680683135986328e+01
1.462499976158142090e+00 -6.301434516906738281e+00 1.152306938171386719e+01
1.475000023841857910e+00 -6.294046878814697266e+00 1.152641201019287109e+01
1.487499952316284180e+00 -6.243721961975097656e+00 1.153944873809814453e+01
1.500000000000000000e+00 -6.154520034790039062e+00 1.155525588989257812e+01
1.512500047683715820e+00 -6.028748035430908203e+00 1.156398677825927734e+01
1.524999976158142090e+00 -5.865275859832763672e+00 1.156230545043945312e+01
1.537500023841857910e+00 -5.661396503448486328e+00 1.155667495727539062e+01
1.549999952316284180e+00 -5.416485786437988281e+00 1.155725860595703125e+01
1.562500000000000000e+00 -5.133974075317382812e+00 1.156807231903076172e+01
1.575000047683715820e+00 -4.819667816162109375e+00 1.158275222778320312e+01
1.587499976158142090e+00 -4.477890968322753906e+00 1.159026241302490234e+01
1.600000023841857910e+00 -4.109083175659179688e+00 1.158551025390625000e+01
1.612499952316284180e+00 -3.711297750473022461e+00 1.157481861114501953e+01
1.625000000000000000e+00 -3.284391403198242188e+00 1.157050323486328125e+01
1.637500047683715820e+00 -2.832989215850830078e+00 1.157896041870117188e+01
1.649999976158142090e+00 -2.365087032318115234e+00 1.159335327148437500e+01
1.662500023841857910e+00 -1.887066841125488281e+00 1.159873390197753906e+01
1.674999952316284180e+00 -1.399500727653503418e+00 1.158627128601074219e+01
1.687500000000000000e+00 -8.980414271354675293e-01 1.156388664245605469e+01
1.700000047683715820e+00 -3.796075582504272461e-01 1.155192756652832031e+01
1.712499976158142090e+00 1.507752686738967896e-01 1.156445980072021484e+01
1.725000023841857910e+00 6.784716248512268066e-01 1.158987236022949219e+01
1.737499952316284180e+00 1.185400843620300293e+00 1.158749675750732422e+01
1.750000000000000000e+00 1.660156846046447754e+00 1.150611972808837891e+01
1.762500047683715820e+00 2.104802370071411133e+00 1.131370067596435547e+01
1.774999976158142090e+00 2.533032894134521484e+00 1.101818847656250000e+01
1.787500023841857910e+00 2.960588455200195312e+00 1.066493701934814453e+01
1.799999952316284180e+00 3.394452571868896484e+00 1.031272125244140625e+01
1.812500000000000000e+00 3.828131437301635742e+00 1.000505161285400391e+01
1.825000047683715820e+00 4.245684623718261719e+00 9.755335807800292969e+00
1.837499976158142090e+00 4.630876541137695312e+00 9.552742958068847656e+00
1.850000023841857910e+00 4.974689960479736328e+00 9.380281448364257812e+00
1.862499952316284180e+00 5.276576519012451172e+00 9.229632377624511719e+00
1.875000000000000000e+00 5.540061473846435547e+00 9.103001594543457031e+00
1.887500047683715820e+00 5.767281532287597656e+00 9.004538536071777344e+00
1.899999976158142090e+00 5.956818103790283203e+00 8.931938171386718750e+00
1.912500023841857910e+00 6.105584621429443359e+00 8.876464843750000000e+00
1.924999952316284180e+00 6.211953163146972656e+00 8.830396652221679688e+00
1.937500000000000000e+00 6.276829242706298828e+00 8.793654441833496094e+00
1.950000047683715820e+00 6.301929950714111328e+00 8.772768020629882812e+00
1.962499976158142090e+00 6.287427902221679688e+00 8.773303031921386719e+00
1.975000023841857910e+00 6.231605529785156250e+00 8.793540954589843750e+00
1.987499952316284180e+00 6.132930755615234375e+00 8.826039314270019531e+00
2.000000000000000000e+00 5.992362976074218750e+00 8.865819931030273438e+00
