0.000000000000000000e+00 6.254031181335449219e+00 8.809844970703125000e+00
1.250000018626451492e-02 6.286984443664550781e+00 8.778623580932617188e+00
2.500000037252902985e-02 6.252417087554931641e+00 8.783551216125488281e+00
3.750000149011611938e-02 6.146565437316894531e+00 8.818176269531250000e+00
5.000000074505805969e-02 5.968141078948974609e+00 8.868197441101074219e+00
6.250000000000000000e-02 5.723601341247558594e+00 8.938427925109863281e+00
7.500000298023223877e-02 5.420168399810791016e+00 9.050986289978027344e+00
8.749999850988388062e-02 5.057556629180908203e+00 9.213164329528808594e+00
1.000000014901161194e-01 4.634023189544677734e+00 9.405057907104492188e+00
1.124999970197677612e-01 4.160288810729980469e+00 9.613899230957031250e+00
1.250000000000000000e-01 3.658073425292968750e+00 9.868800163269042969e+00
1.375000029802322388e-01 3.137782812118530273e+00 1.021381759643554688e+01
1.500000059604644775e-01 2.582076549530029297e+00 1.063557624816894531e+01
1.624999940395355225e-01 1.962142944335937500e+00 1.103535556793212891e+01
1.749999970197677612e-01 1.274409294128417969e+00 1.129687213897705078e+01
1.875000000000000000e-01 5.556100606918334961e-01 1.138642120361328125e+01
2.000000029802322388e-01 -1.444036662578582764e-01 1.137569618225097656e+01
2.125000059604644775e-01 -8.031952381134033203e-01 1.136365413665771484e+01
2.249999940395355225e-01 -1.434814214706420898e+00 1.138811492919921875e+01
2.374999970197677612e-01 -2.060708761215209961e+00 1.142004680633544922e+01
2.500000000000000000e-01 -2.679734706878662109e+00 1.142754554748535156e+01
2.624999880790710449e-01 -3.270406484603881836e+00 1.142020988464355469e+01
2.750000059604644775e-01 -3.815588712692260742e+00 1.142680740356445312e+01
2.874999940395355225e-01 -4.315083026885986328e+00 1.145135116577148438e+01
3.000000119209289551e-01 -4.773368835449218750e+00 1.147129440307617188e+01
3.125000000000000000e-01 -5.184015750885009766e+00 1.147366619110107422e+01
3.249999880790710449e-01 -5.532902717590332031e+00 1.147295665740966797e+01
3.375000059604644775e-01 -5.813117504119873047e+00 1.148711967468261719e+01
3.499999940395355225e-01 -6.028800010681152344e+00 1.151051235198974609e+01
3.625000119209289551e-01 -6.183388233184814453e+00 1.152374172210693359e+01
3.750000000000000000e-01 -6.270792007446289062e+00 1.152355480194091797e+01
3.874999880790710449e-01 -6.282500267028808594e+00 1.152714347839355469e+01
4.000000059604644775e-01 -6.219287872314453125e+00 1.154525566101074219e+01
4.124999940395355225e-01 -6.089684963226318359e+00 1.156552124023437500e+01
4.250000119209289551e-01 -5.897729873657226562e+00 1.157138538360595703e+01
4.375000000000000000e-01 -5.638816356658935547e+00 1.156775283813476562e+01
4.499999880790710449e-01 -5.310144424438476562e+00 1.157379722595214844e+01
4.625000059604644775e-01 -4.919857025146484375e+00 1.159303283691406250e+01
4.749999940395355225e-01 -4.480370998382568359e+00 1.160650253295898438e+01
4.875000119209289551e-01 -3.995425462722778320e+00 1.160134696960449219e+01
5.000000000000000000e-01 -3.460984945297241211e+00 1.159222602844238281e+01
5.124999880790710449e-01 -2.879935741424560547e+00 1.160042476654052734e+01
5.249999761581420898e-01 -2.268203735351562500e+00 1.161901473999023438e+01
5.375000238418579102e-01 -1.640308022499084473e+00 1.161894416809082031e+01
5.500000119209289551e-01 -9.936213493347167969e-01 1.159419250488281250e+01
5.625000000000000000e-01 -3.173438906669616699e-01 1.158004951477050781e+01
5.749999880790710449e-01 3.801217675209045410e-01 1.160444068908691406e+01
5.874999761581420898e-01 1.061388611793518066e+00 1.162471485137939453e+01
6.000000238418579102e-01 1.687247514724731445e+00 1.153737831115722656e+01
6.125000119209289551e-01 2.253679037094116211e+00 1.126783752441406250e+01
6.250000000000000000e-01 2.794887065887451172e+00 1.084647846221923828e+01
6.374999880790710449e-01 3.346060752868652344e+00 1.038632488250732422e+01
6.499999761581420898e-01 3.906326770782470703e+00 9.988744735717773438e+00
6.625000238418579102e-01 4.440684795379638672e+00 9.680077552795410156e+00
6.750000119209289551e-01 4.913355350494384766e+00 9.433634757995605469e+00
6.875000000000000000e-01 5.312396049499511719e+00 9.228503227233886719e+00
6.999999880790710449e-01 5.643435955047607422e+00 9.069326400756835938e+00
7.124999761581420898e-01 5.909891128540039062e+00 8.959892272949218750e+00
7.250000238418579102e-01 6.106911182403564453e+00 8.884263992309570312e+00
7.375000119209289551e-01 6.230690002441406250e+00 8.824737548828125000e+00
7.500000000000000000e-01 6.284081459045410156e+00 8.784548759460449219e+00
7.624999880790710449e-01 6.270169258117675781e+00 8.778232574462890625e+00
7.749999761581420898e-01 6.186318874359130859e+00 8.805599212646484375e+00
7.875000238418579102e-01 6.029481887817382812e+00 8.851696014404296875e+00
8.000000119209289551e-01 5.803975105285644531e+00 8.913775444030761719e+00
8.125000000000000000e-01 5.517995357513427734e+00 9.011434555053710938e+00
8.249999880790710449e-01 5.173682689666748047e+00 9.159762382507324219e+00
8.374999761581420898e-01 4.768207550048828125e+00 9.345333099365234375e+00
8.500000238418579102e-01 4.307561397552490234e+00 9.548067092895507812e+00
8.625000119209289551e-01 3.811817646026611328e+00 9.783782958984375000e+00
8.750000000000000000e-01 3.297530412673950195e+00 1.009899520874023438e+01
8.874999880790710449e-01 2.755727291107177734e+00 1.050454711914062500e+01
8.999999761581420898e-01 2.157406330108642578e+00 1.092456817626953125e+01
9.125000238418579102e-01 1.487967967987060547e+00 1.123671913146972656e+01
9.250000119209289551e-01 7.730320692062377930e-01 1.137471199035644531e+01
9.375000000000000000e-01 6.312383711338043213e-02 1.138298797607421875e+01
9.499999880790710449e-01 -6.080027222633361816e-01 1.136351299285888672e+01
9.624999761581420898e-01 -1.245145201683044434e+00 1.137786769866943359e+01
9.750000238418579102e-01 -1.871559977531433105e+00 1.141218376159667969e+01
9.875000119209289551e-01 -2.494410991668701172e+00 1.142809295654296875e+01
1.000000000000000000e+00 -3.096143960952758789e+00 1.142210197448730469e+01
1.012500047683715820e+00 -3.655823469161987305e+00 1.142236614227294922e+01
1.024999976158142090e+00 -4.168472766876220703e+00 1.144320487976074219e+01
1.037500023841857910e+00 -4.639257431030273438e+00 1.146708488464355469e+01
1.049999952316284180e+00 -5.065724849700927734e+00 1.147434425354003906e+01
1.062500000000000000e+00 -5.434596538543701172e+00 1.147209644317626953e+01
1.075000047683715820e+00 -5.735508441925048828e+00 1.148108196258544922e+01
1.087499976158142090e+00 -5.970017910003662109e+00 1.150369548797607422e+01
1.100000023841857910e+00 -6.143281459808349609e+00 1.152153873443603516e+01
1.112499952316284180e+00 -6.252062797546386719e+00 1.152417182922363281e+01
1.125000000000000000e+00 -6.287133693695068359e+00 1.152457523345947266e+01
1.137500047683715820e+00 -6.245821952819824219e+00 1.153861045837402344e+01
1.149999976158142090e+00 -6.135434150695800781e+00 1.156042671203613281e+01
1.162500023841857910e+00 -5.962526798248291016e+00 1.157134723663330078e+01
1.174999952316284180e+00 -5.724519252777099609e+00 1.156866645812988281e+01
1.187500000000000000e+00 -5.416607379913330078e+00 1.157018470764160156e+01
1.200000047683715820e+00 -5.043551445007324219e+00 1.158673667907714844e+01
1.212499976158142090e+00 -4.617983818054199219e+00 1.160429859161376953e+01
1.225000023841857910e+00 -4.147083759307861328e+00 1.160447978973388672e+01
1.237499952316284180e+00 -3.627920389175415039e+00 1.159381580352783203e+01
1.250000000000000000e+00 -3.059764862060546875e+00 1.159580898284912109e+01
1.262500047683715820e+00 -2.455288171768188477e+00 1.161403274536132812e+01
1.274999976158142090e+00 -1.831665515899658203e+00 1.162220001220703125e+01
1.287500023841857910e+00 -1.191912055015563965e+00 1.160270500183105469e+01
1.299999952316284180e+00 -5.250799059867858887e-01 1.158057975769042969e+01
1.312500000000000000e+00 1.688132733106613159e-01 1.159385776519775391e+01
1.325000047683715820e+00 8.598581552505493164e-01 1.162477684020996094e+01
1.337499976158142090e+00 1.505004167556762695e+00 1.158125877380371094e+01
1.350000023841857910e+00 2.087084770202636719e+00 1.136900234222412109e+01
1.362499952316284180e+00 2.631315469741821289e+00 1.098385334014892578e+01
1.375000000000000000e+00 3.177531480789184570e+00 1.052227878570556641e+01
1.387500047683715820e+00 3.737685441970825195e+00 1.009924793243408203e+01
1.399999976158142090e+00 4.284338474273681641e+00 9.765258789062500000e+00
1.412500023841857910e+00 4.778164386749267578e+00 9.503413200378417969e+00
1.424999952316284180e+00 5.199283123016357422e+00 9.286204338073730469e+00
1.437500000000000000e+00 5.550110816955566406e+00 9.112017631530761719e+00
1.450000047683715820e+00 5.836334705352783203e+00 8.988370895385742188e+00
1.462499976158142090e+00 6.055021762847900391e+00 8.904922485351562500e+00
1.475000023841857910e+00 6.200912475585937500e+00 8.841300964355468750e+00
1.487499952316284180e+00 6.275078773498535156e+00 8.793704986572265625e+00
1.500000000000000000e+00 6.281533241271972656e+00 8.776129722595214844e+00
1.512500047683715820e+00 6.219333648681640625e+00 8.794631004333496094e+00
1.524999976158142090e+00 6.084509372711181641e+00 8.836456298828125000e+00
1.537500023841857910e+00 5.878874778747558594e+00 8.892408370971679688e+00
1.549999952316284180e+00 5.610539436340332031e+00 8.976767539978027344e+00
1.562500000000000000e+00 5.284146308898925781e+00 9.109839439392089844e+00
1.575000047683715820e+00 4.897222995758056641e+00 9.286875724792480469e+00
1.587499976158142090e+00 4.451642513275146484e+00 9.484965324401855469e+00
1.600000023841857910e+00 3.964073419570922852e+00 9.706295013427734375e+00
1.612499952316284180e+00 3.454934358596801758e+00 9.993135452270507812e+00
1.625000000000000000e+00 2.924102544784545898e+00 1.037523555755615234e+01
1.637500047683715820e+00 2.345842838287353516e+00 1.080347728729248047e+01
1.649999976158142090e+00 1.697164654731750488e+00 1.115975570678710938e+01
1.662500023841857910e+00 9.910523891448974609e-01 1.135069561004638672e+01
1.674999952316284180e+00 2.745110094547271729e-01 1.138809394836425781e+01
1.687500000000000000e+00 -4.095598757266998291e-01 1.136708354949951172e+01
1.700000047683715820e+00 -1.054637074470520020e+00 1.136962223052978516e+01
1.712499976158142090e+00 -1.682290196418762207e+00 1.140232276916503906e+01
1.725000023841857910e+00 -2.307175874710083008e+00 1.142637157440185547e+01
1.737499952316284180e+00 -2.917896270751953125e+00 1.142469596862792969e+01
1.750000000000000000e+00 -3.491675138473510742e+00 1.142008209228515625e+01
1.762500047683715820e+00 -4.018105506896972656e+00 1.143534851074218750e+01
1.774999976158142090e+00 -4.501188755035400391e+00 1.146111965179443359e+01
1.787500023841857910e+00 -4.942142009735107422e+00 1.147403717041015625e+01
1.799999952316284180e+00 -5.329973220825195312e+00 1.147242546081542969e+01
1.812500000000000000e+00 -5.651799201965332031e+00 1.147647094726562500e+01
1.825000047683715820e+00 -5.905711174011230469e+00 1.149637126922607422e+01
1.837499976158142090e+00 -6.097332477569580078e+00 1.151774024963378906e+01
1.850000023841857910e+00 -6.226537227630615234e+00 1.152455997467041016e+01
1.862499952316284180e+00 -6.284698009490966797e+00 1.152344417572021484e+01
1.875000000000000000e+00 -6.266048431396484375e+00 1.153279018402099609e+01
1.887500047683715820e+00 -6.175549030303955078e+00 1.155419540405273438e+01
1.899999976158142090e+00 -6.021392822265625000e+00 1.156988525390625000e+01
1.912500023841857910e+00 -5.803748130798339844e+00 1.157002353668212891e+01
1.924999952316284180e+00 -5.517045497894287109e+00 1.156816577911376953e+01
1.937500000000000000e+00 -5.162492275238037109e+00 1.158057403564453125e+01
1.950000047683715820e+00 -4.751542568206787109e+00 1.160028934478759766e+01
1.962499976158142090e+00 -4.294313430786132812e+00 1.160646915435791016e+01
1.975000023841857910e+00 -3.790260076522827148e+00 1.159673118591308594e+01
1.987499952316284180e+00 -3.236229658126831055e+00 1.159294128417968750e+01
2.000000000000000000e+00 -2.640741109848022461e+00 1.160806751251220703e+01
