0.000000000000000000e+00 6.253635883331298828e+00 8.810162544250488281e+00
1.250000018626451492e-02 6.286773204803466797e+00 8.778761863708496094e+00
2.500000037252902985e-02 6.252002239227294922e+00 8.783712387084960938e+00
3.750000149011611938e-02 6.145528316497802734e+00 8.818501472473144531e+00
5.000000074505805969e-02 5.966075420379638672e+00 8.868750572204589844e+00
6.250000000000000000e-02 5.720191955566406250e+00 8.939477920532226562e+00
7.500000298023223877e-02 5.415119647979736328e+00 9.052986145019531250e+00
8.749999850988388062e-02 5.050490856170654297e+00 9.216265678405761719e+00
1.000000014901161194e-01 4.624650478363037109e+00 9.409034729003906250e+00
1.124999970197677612e-01 4.148697376251220703e+00 9.619012832641601562e+00
1.250000000000000000e-01 3.644569396972656250e+00 9.876371383666992188e+00
1.375000029802322388e-01 3.122192859649658203e+00 1.022493267059326172e+01
1.500000059604644775e-01 2.563400030136108398e+00 1.064883136749267578e+01
1.624999940395355225e-01 1.939339876174926758e+00 1.104667949676513672e+01
1.749999970197677612e-01 1.247688889503479004e+00 1.130263614654541016e+01
1.875000000000000000e-01 5.266268849372863770e-01 1.138682079315185547e+01
2.000000029802322388e-01 -1.739400625228881836e-01 1.137437725067138672e+01
2.125000059604644775e-01 -8.329880833625793457e-01 1.136381340026855469e+01
2.249999940395355225e-01 -1.465770840644836426e+00 1.138964748382568359e+01
2.374999970197677612e-01 -2.093344926834106445e+00 1.142090129852294922e+01
2.500000000000000000e-01 -2.713209390640258789e+00 1.142704296112060547e+01
2.624999880790710449e-01 -3.303293228149414062e+00 1.141982936859130859e+01
2.750000059604644775e-01 -3.847181558609008789e+00 1.142779159545898438e+01
2.874999940395355225e-01 -4.345452308654785156e+00 1.145287609100341797e+01
3.000000119209289551e-01 -4.802259445190429688e+00 1.147183132171630859e+01
3.125000000000000000e-01 -5.210297107696533203e+00 1.147334384918212891e+01
3.249999880790710449e-01 -5.555363178253173828e+00 1.147333431243896484e+01
3.375000059604644775e-01 -5.831368923187255859e+00 1.148876571655273438e+01
3.499999940395355225e-01 -6.042930603027343750e+00 1.151209926605224609e+01
3.625000119209289551e-01 -6.192911624908447266e+00 1.152408504486083984e+01
3.750000000000000000e-01 -6.274534225463867188e+00 1.152348041534423828e+01
3.874999880790710449e-01 -6.279641628265380859e+00 1.152826118469238281e+01
4.000000059604644775e-01 -6.209980010986328125e+00 1.154741764068603516e+01
4.124999940395355225e-01 -6.074260234832763672e+00 1.156692028045654297e+01
4.250000119209289551e-01 -5.875685691833496094e+00 1.157132053375244141e+01
4.375000000000000000e-01 -5.609199047088623047e+00 1.156785297393798828e+01
4.499999880790710449e-01 -5.272849559783935547e+00 1.157557582855224609e+01
4.625000059604644775e-01 -4.875838279724121094e+00 1.159535408020019531e+01
4.749999940395355225e-01 -4.430288791656494141e+00 1.160706996917724609e+01
4.875000119209289551e-01 -3.938753604888916016e+00 1.160034084320068359e+01
5.000000000000000000e-01 -3.397145986557006836e+00 1.159240627288818359e+01
5.124999880790710449e-01 -2.809923171997070312e+00 1.160288715362548828e+01
5.249999761581420898e-01 -2.194017410278320312e+00 1.162084102630615234e+01
5.375000238418579102e-01 -1.562549710273742676e+00 1.161720180511474609e+01
5.500000119209289551e-01 -9.108044505119323730e-01 1.159126281738281250e+01
5.625000000000000000e-01 -2.287593185901641846e-01 1.158146572113037109e+01
5.749999880790710449e-01 4.712083339691162109e-01 1.160962677001953125e+01
5.874999761581420898e-01 1.148938059806823730e+00 1.162209129333496094e+01
6.000000238418579102e-01 1.767750859260559082e+00 1.151232433319091797e+01
6.125000119209289551e-01 2.329661846160888672e+00 1.121667671203613281e+01
6.250000000000000000e-01 2.872098207473754883e+00 1.078106975555419922e+01
6.374999880790710449e-01 3.427109956741333008e+00 1.032390689849853516e+01
6.499999761581420898e-01 3.987753629684448242e+00 9.938467979431152344e+00
6.625000238418579102e-01 4.516266822814941406e+00 9.640292167663574219e+00
6.750000119209289551e-01 4.979247093200683594e+00 9.399942398071289062e+00
6.875000000000000000e-01 5.368391990661621094e+00 9.200561523437500000e+00
6.999999880790710449e-01 5.690203189849853516e+00 9.048974990844726562e+00
7.124999761581420898e-01 5.946666240692138672e+00 8.946146011352539062e+00
7.250000238418579102e-01 6.132283687591552734e+00 8.873730659484863281e+00
7.375000119209289551e-01 6.244289398193359375e+00 8.816388130187988281e+00
7.500000000000000000e-01 6.286266803741455078e+00 8.780916213989257812e+00
7.624999880790710449e-01 6.260505676269531250e+00 8.781032562255859375e+00
7.749999761581420898e-01 6.163615226745605469e+00 8.812880516052246094e+00
7.875000238418579102e-01 5.993458747863769531e+00 8.861414909362792969e+00
8.000000119209289551e-01 5.755726337432861328e+00 8.928297996520996094e+00
8.125000000000000000e-01 5.458222866058349609e+00 9.035174369812011719e+00
8.249999880790710449e-01 5.101585388183593750e+00 9.192711830139160156e+00
8.374999761581420898e-01 4.683467388153076172e+00 9.383012771606445312e+00
8.500000238418579102e-01 4.212868213653564453e+00 9.589986801147460938e+00
8.625000119209289551e-01 3.711328744888305664e+00 9.838265419006347656e+00
8.750000000000000000e-01 3.191776990890502930e+00 1.017389011383056641e+01
8.874999880790710449e-01 2.639513015747070312e+00 1.059221267700195312e+01
8.999999761581420898e-01 2.024992465972900391e+00 1.100085353851318359e+01
9.125000238418579102e-01 1.340734481811523438e+00 1.127956295013427734e+01
9.250000119209289551e-01 6.204670071601867676e-01 1.138363361358642578e+01
9.375000000000000000e-01 -8.486246317625045776e-02 1.137760257720947266e+01
9.499999880790710449e-01 -7.490391135215759277e-01 1.136300754547119141e+01
9.624999761581420898e-01 -1.383781671524047852e+00 1.138499355316162109e+01
9.750000238418579102e-01 -2.011553049087524414e+00 1.141798305511474609e+01
9.875000119209289551e-01 -2.633491992950439453e+00 1.142763805389404297e+01
1.000000000000000000e+00 -3.228746891021728516e+00 1.142038154602050781e+01
1.012500047683715820e+00 -3.778938531875610352e+00 1.142544651031494141e+01
1.024999976158142090e+00 -4.282793998718261719e+00 1.144940662384033203e+01
1.037500023841857910e+00 -4.745131969451904297e+00 1.147041320800781250e+01
1.049999952316284180e+00 -5.160348415374755859e+00 1.147374820709228516e+01
1.062500000000000000e+00 -5.514263153076171875e+00 1.147261905670166016e+01
1.075000047683715820e+00 -5.799156665802001953e+00 1.148589038848876953e+01
1.087499976158142090e+00 -6.018783092498779297e+00 1.150936603546142578e+01
1.100000023841857910e+00 -6.176998138427734375e+00 1.152348423004150391e+01
1.112499952316284180e+00 -6.268121242523193359e+00 1.152368450164794922e+01
1.125000000000000000e+00 -6.283371925354003906e+00 1.152676391601562500e+01
1.137500047683715820e+00 -6.222998142242431641e+00 1.154443836212158203e+01
1.149999976158142090e+00 -6.095495700836181641e+00 1.156508064270019531e+01
1.162500023841857910e+00 -5.905309677124023438e+00 1.157159328460693359e+01
1.174999952316284180e+00 -5.648001670837402344e+00 1.156800651550292969e+01
1.187500000000000000e+00 -5.320470809936523438e+00 1.157361125946044922e+01
1.200000047683715820e+00 -4.930593490600585938e+00 1.159274005889892578e+01
1.212499976158142090e+00 -4.490968227386474609e+00 1.160665321350097656e+01
1.225000023841857910e+00 -4.005665302276611328e+00 1.160186195373535156e+01
1.237499952316284180e+00 -3.470656633377075195e+00 1.159259128570556641e+01
1.250000000000000000e+00 -2.888593912124633789e+00 1.160050868988037109e+01
1.262500047683715820e+00 -2.275385618209838867e+00 1.161919021606445312e+01
1.274999976158142090e+00 -1.645828843116760254e+00 1.161942195892333984e+01
1.287500023841857910e+00 -9.974683523178100586e-01 1.159472465515136719e+01
1.299999952316284180e+00 -3.193754553794860840e-01 1.158044147491455078e+01
1.312500000000000000e+00 3.801230192184448242e-01 1.160485649108886719e+01
1.325000047683715820e+00 1.063350439071655273e+00 1.162508964538574219e+01
1.337499976158142090e+00 1.690748095512390137e+00 1.153683280944824219e+01
1.350000023841857910e+00 2.258400917053222656e+00 1.126527404785156250e+01
1.362499952316284180e+00 2.800970792770385742e+00 1.084182739257812500e+01
1.375000000000000000e+00 3.353787660598754883e+00 1.038074207305908203e+01
1.387500047683715820e+00 3.915500640869140625e+00 9.983418464660644531e+00
1.399999976158142090e+00 4.450538635253906250e+00 9.675225257873535156e+00
1.412500023841857910e+00 4.923087596893310547e+00 9.428936958312988281e+00
1.424999952316284180e+00 5.321590423583984375e+00 9.224098205566406250e+00
1.437500000000000000e+00 5.651854991912841797e+00 9.065785408020019531e+00
1.450000047683715820e+00 5.917083740234375000e+00 8.957337379455566406e+00
1.462499976158142090e+00 6.112258911132812500e+00 8.882201194763183594e+00
1.475000023841857910e+00 6.233753204345703125e+00 8.822974205017089844e+00
1.487499952316284180e+00 6.284617900848388672e+00 8.783707618713378906e+00
1.500000000000000000e+00 6.267796039581298828e+00 8.778914451599121094e+00
1.512500047683715820e+00 6.180440425872802734e+00 8.807514190673828125e+00
1.524999976158142090e+00 6.019687175750732422e+00 8.854355812072753906e+00
1.537500023841857910e+00 5.790256500244140625e+00 8.917817115783691406e+00
1.549999952316284180e+00 5.500325679779052734e+00 9.018277168273925781e+00
1.562500000000000000e+00 5.151614665985107422e+00 9.169716835021972656e+00
1.575000047683715820e+00 4.741367816925048828e+00 9.357205390930175781e+00
1.587499976158142090e+00 4.276524543762207031e+00 9.561621665954589844e+00
1.600000023841857910e+00 3.777827024459838867e+00 9.801724433898925781e+00
1.612499952316284180e+00 3.260830879211425781e+00 1.012440109252929688e+01
1.625000000000000000e+00 2.714531660079956055e+00 1.053547859191894531e+01
1.637500047683715820e+00 2.109390258789062500e+00 1.095269298553466797e+01
1.649999976158142090e+00 1.433138728141784668e+00 1.125333976745605469e+01
1.662500023841857910e+00 7.146025896072387695e-01 1.137851619720458984e+01
1.674999952316284180e+00 4.978009965270757675e-03 1.138077926635742188e+01
1.687500000000000000e+00 -6.645730733871459961e-01 1.136293983459472656e+01
1.700000047683715820e+00 -1.301711082458496094e+00 1.138053512573242188e+01
1.712499976158142090e+00 -1.929698109626770020e+00 1.141459560394287109e+01
1.725000023841857910e+00 -2.553314208984375000e+00 1.142790794372558594e+01
1.737499952316284180e+00 -3.153403520584106445e+00 1.142118549346923828e+01
1.750000000000000000e+00 -3.709897041320800781e+00 1.142347145080566406e+01
1.762500047683715820e+00 -4.219447612762451172e+00 1.144587326049804688e+01
1.774999976158142090e+00 -4.687216758728027344e+00 1.146864414215087891e+01
1.787500023841857910e+00 -5.109344005584716797e+00 1.147406768798828125e+01
1.799999952316284180e+00 -5.471968173980712891e+00 1.147219085693359375e+01
1.812500000000000000e+00 -5.765833377838134766e+00 1.148321628570556641e+01
1.825000047683715820e+00 -5.993607044219970703e+00 1.150644588470458984e+01
1.837499976158142090e+00 -6.159948348999023438e+00 1.152260875701904297e+01
1.850000023841857910e+00 -6.260399818420410156e+00 1.152394676208496094e+01
1.862499952316284180e+00 -6.285799980163574219e+00 1.152555656433105469e+01
1.875000000000000000e+00 -6.234881401062011719e+00 1.154151916503906250e+01
1.887500047683715820e+00 -6.115680217742919922e+00 1.156296253204345703e+01
1.899999976158142090e+00 -5.933788299560546875e+00 1.157166576385498047e+01
1.912500023841857910e+00 -5.685589313507080078e+00 1.156834220886230469e+01
1.924999952316284180e+00 -5.367021560668945312e+00 1.157191848754882812e+01
1.937500000000000000e+00 -4.984517097473144531e+00 1.159002780914306641e+01
1.950000047683715820e+00 -4.550885200500488281e+00 1.160586929321289062e+01
1.962499976158142090e+00 -4.071719646453857422e+00 1.160329246520996094e+01
1.975000023841857910e+00 -3.543342351913452148e+00 1.159311771392822266e+01
1.987499952316284180e+00 -2.966734886169433594e+00 1.159835433959960938e+01
2.000000000000000000e+00 -2.356505155563354492e+00 1.161718845367431641e+01
