0.000000000000000000e+00 6.253231048583984375e+00 8.810393333435058594e+00
1.250000018626451492e-02 6.286553382873535156e+00 8.778811454772949219e+00
2.500000037252902985e-02 6.251577377319335938e+00 8.783784866333007812e+00
3.750000149011611938e-02 6.144479751586914062e+00 8.818737983703613281e+00
5.000000074505805969e-02 5.963995933532714844e+00 8.869215011596679688e+00
6.250000000000000000e-02 5.716765880584716797e+00 8.940440177917480469e+00
7.500000298023223877e-02 5.410049915313720703e+00 9.054903030395507812e+00
8.749999850988388062e-02 5.043398857116699219e+00 9.219281196594238281e+00
1.000000014901161194e-01 4.615249633789062500e+00 9.412921905517578125e+00
1.124999970197677612e-01 4.137084960937500000e+00 9.624054908752441406e+00
1.250000000000000000e-01 3.631049633026123047e+00 9.883905410766601562e+00
1.375000029802322388e-01 3.106572389602661133e+00 1.023600959777832031e+01
1.500000059604644775e-01 2.544657945632934570e+00 1.066195583343505859e+01
1.624999940395355225e-01 1.916453480720520020e+00 1.105772686004638672e+01
1.749999970197677612e-01 1.220922946929931641e+00 1.130805778503417969e+01
1.875000000000000000e-01 4.976738691329956055e-01 1.138697624206542969e+01
2.000000029802322388e-01 -2.033998072147369385e-01 1.137298202514648438e+01
2.125000059604644775e-01 -8.627251386642456055e-01 1.136396217346191406e+01
2.249999940395355225e-01 -1.496714353561401367e+00 1.139108753204345703e+01
2.374999970197677612e-01 -2.125956296920776367e+00 1.142157363891601562e+01
2.500000000000000000e-01 -2.746583938598632812e+00 1.142639446258544922e+01
2.624999880790710449e-01 -3.336012601852416992e+00 1.141940689086914062e+01
2.750000059604644775e-01 -3.878596782684326172e+00 1.142874050140380859e+01
2.874999940395355225e-01 -4.375648021697998047e+00 1.145426177978515625e+01
3.000000119209289551e-01 -4.830925941467285156e+00 1.147217369079589844e+01
3.125000000000000000e-01 -5.236261367797851562e+00 1.147291088104248047e+01
3.249999880790710449e-01 -5.577447414398193359e+00 1.147370147705078125e+01
3.375000059604644775e-01 -5.849246025085449219e+00 1.149035358428955078e+01
3.499999940395355225e-01 -6.056678771972656250e+00 1.151349830627441406e+01
3.625000119209289551e-01 -6.201975345611572266e+00 1.152422904968261719e+01
3.750000000000000000e-01 -6.277720451354980469e+00 1.152334880828857422e+01
3.874999880790710449e-01 -6.276204109191894531e+00 1.152940082550048828e+01
4.000000059604644775e-01 -6.200134754180908203e+00 1.154947566986083984e+01
4.124999940395355225e-01 -6.058293819427490234e+00 1.156806278228759766e+01
4.250000119209289551e-01 -5.853011131286621094e+00 1.157107257843017578e+01
4.375000000000000000e-01 -5.578886985778808594e+00 1.156797981262207031e+01
4.499999880790710449e-01 -5.234922409057617188e+00 1.157739734649658203e+01
4.625000059604644775e-01 -4.831296920776367188e+00 1.159747028350830078e+01
4.749999940395355225e-01 -4.379682064056396484e+00 1.160729026794433594e+01
4.875000119209289551e-01 -3.881463289260864258e+00 1.159922027587890625e+01
5.000000000000000000e-01 -3.332707643508911133e+00 1.159276580810546875e+01
5.124999880790710449e-01 -2.739529132843017578e+00 1.160537624359130859e+01
5.249999761581420898e-01 -2.119637250900268555e+00 1.162222003936767578e+01
5.375000238418579102e-01 -1.484503865242004395e+00 1.161497211456298828e+01
5.500000119209289551e-01 -8.274871110916137695e-01 1.158851432800292969e+01
5.625000000000000000e-01 -1.398342251777648926e-01 1.158352375030517578e+01
5.749999880790710449e-01 5.619247555732727051e-01 1.161453628540039062e+01
5.874999761581420898e-01 1.235381126403808594e+00 1.161713027954101562e+01
6.000000238418579102e-01 1.847116947174072266e+00 1.148355102539062500e+01
6.125000119209289551e-01 2.405230522155761719e+00 1.116261482238769531e+01
6.250000000000000000e-01 2.949579477310180664e+00 1.071521472930908203e+01
6.374999880790710449e-01 3.508296251296997070e+00 1.026306247711181641e+01
6.499999761581420898e-01 4.068457126617431641e+00 9.890065193176269531e+00
6.625000238418579102e-01 4.590318679809570312e+00 9.601643562316894531e+00
6.750000119209289551e-01 5.043383598327636719e+00 9.367022514343261719e+00
6.875000000000000000e-01 5.422763824462890625e+00 9.173686981201171875e+00
6.999999880790710449e-01 5.735331058502197266e+00 9.029807090759277344e+00
7.124999761581420898e-01 5.981562137603759766e+00 8.933093070983886719e+00
7.250000238418579102e-01 6.155620098114013672e+00 8.863446235656738281e+00
7.375000119209289551e-01 6.255901813507080078e+00 8.808534622192382812e+00
7.500000000000000000e-01 6.286477088928222656e+00 8.778272628784179688e+00
7.624999880790710449e-01 6.248679161071777344e+00 8.784727096557617188e+00
7.749999761581420898e-01 6.138588428497314453e+00 8.820533752441406250e+00
7.875000238418579102e-01 5.955235481262207031e+00 8.871562004089355469e+00
8.000000119209289551e-01 5.705498218536376953e+00 8.944083213806152344e+00
8.125000000000000000e-01 5.396421909332275391e+00 9.060647964477539062e+00
8.249999880790710449e-01 5.027268886566162109e+00 9.226718902587890625e+00
8.374999761581420898e-01 4.596759796142578125e+00 9.421059608459472656e+00
8.500000238418579102e-01 4.117032051086425781e+00 9.633266448974609375e+00
8.625000119209289551e-01 3.610245227813720703e+00 9.896171569824218750e+00
8.750000000000000000e-01 3.084800958633422852e+00 1.025224781036376953e+01
8.874999880790710449e-01 2.520700693130493164e+00 1.067942714691162109e+01
8.999999761581420898e-01 1.889503359794616699e+00 1.107123374938964844e+01
9.125000238418579102e-01 1.191866993904113770e+00 1.131432247161865234e+01
9.250000119209289551e-01 4.686400890350341797e-01 1.138746452331542969e+01
9.375000000000000000e-01 -2.308366447687149048e-01 1.137202453613281250e+01
9.499999880790710449e-01 -8.886579275131225586e-01 1.136443996429443359e+01
9.624999761581420898e-01 -1.522163391113281250e+00 1.139256000518798828e+01
9.750000238418579102e-01 -2.151326656341552734e+00 1.142231559753417969e+01
9.875000119209289551e-01 -2.771170139312744141e+00 1.142612648010253906e+01
1.000000000000000000e+00 -3.358888149261474609e+00 1.141934108734130859e+01
1.012500047683715820e+00 -3.899520874023437500e+00 1.142958545684814453e+01
1.024999976158142090e+00 -4.394865512847900391e+00 1.145529365539550781e+01
1.037500023841857910e+00 -4.848372459411621094e+00 1.147249126434326172e+01
1.049999952316284180e+00 -5.251373767852783203e+00 1.147277832031250000e+01
1.062500000000000000e+00 -5.589764118194580078e+00 1.147404003143310547e+01
1.075000047683715820e+00 -5.858832836151123047e+00 1.149130535125732422e+01
1.087499976158142090e+00 -6.063776493072509766e+00 1.151425933837890625e+01
1.100000023841857910e+00 -6.206456184387207031e+00 1.152432060241699219e+01
1.112499952316284180e+00 -6.279179573059082031e+00 1.152333259582519531e+01
1.125000000000000000e+00 -6.274519443511962891e+00 1.152998352050781250e+01
1.137500047683715820e+00 -6.195626735687255859e+00 1.155040168762207031e+01
1.149999976158142090e+00 -6.051249980926513672e+00 1.156850910186767578e+01
1.162500023841857910e+00 -5.843308448791503906e+00 1.157092666625976562e+01
1.174999952316284180e+00 -5.566306114196777344e+00 1.156803417205810547e+01
1.187500000000000000e+00 -5.219672679901123047e+00 1.157811355590820312e+01
1.200000047683715820e+00 -4.813925743103027344e+00 1.159820842742919922e+01
1.212499976158142090e+00 -4.360480308532714844e+00 1.160725498199462891e+01
1.225000023841857910e+00 -3.860276460647583008e+00 1.159874439239501953e+01
1.237499952316284180e+00 -3.309501171112060547e+00 1.159288501739501953e+01
1.250000000000000000e+00 -2.714868068695068359e+00 1.160618495941162109e+01
1.262500047683715820e+00 -2.094251632690429688e+00 1.162252426147460938e+01
1.274999976158142090e+00 -1.458468556404113770e+00 1.161406898498535156e+01
1.287500023841857910e+00 -8.002918362617492676e-01 1.158760452270507812e+01
1.299999952316284180e+00 -1.115190982818603516e-01 1.158422946929931641e+01
1.312500000000000000e+00 5.900048017501831055e-01 1.161589145660400391e+01
1.325000047683715820e+00 1.261403322219848633e+00 1.161504077911376953e+01
1.337499976158142090e+00 1.870500802993774414e+00 1.147417640686035156e+01
1.350000023841857910e+00 2.427204132080078125e+00 1.114623451232910156e+01
1.362499952316284180e+00 2.971821069717407227e+00 1.069622802734375000e+01
1.375000000000000000e+00 3.531131744384765625e+00 1.024617195129394531e+01
1.387500047683715820e+00 4.090569972991943359e+00 9.876949310302734375e+00
1.399999976158142090e+00 4.610076427459716797e+00 9.591308593750000000e+00
1.412500023841857910e+00 5.060104846954345703e+00 9.358385086059570312e+00
1.424999952316284180e+00 5.436652660369873047e+00 9.166854858398437500e+00
1.437500000000000000e+00 5.746600151062011719e+00 9.025081634521484375e+00
1.450000047683715820e+00 5.990032672882080078e+00 8.929903984069824219e+00
1.462499976158142090e+00 6.161085605621337891e+00 8.860940933227539062e+00
1.475000023841857910e+00 6.258458614349365234e+00 8.806715965270996094e+00
1.487499952316284180e+00 6.286290645599365234e+00 8.777798652648925781e+00
1.500000000000000000e+00 6.245662212371826172e+00 8.785719871520996094e+00
1.512500047683715820e+00 6.132576465606689453e+00 8.822351455688476562e+00
1.524999976158142090e+00 5.946366310119628906e+00 8.873940467834472656e+00
1.537500023841857910e+00 5.694135189056396484e+00 8.947801589965820312e+00
1.549999952316284180e+00 5.382696628570556641e+00 9.066478729248046875e+00
1.562500000000000000e+00 5.011035919189453125e+00 9.234200477600097656e+00
1.575000047683715820e+00 4.578187465667724609e+00 9.429217338562011719e+00
1.587499976158142090e+00 4.096937179565429688e+00 9.642558097839355469e+00
1.600000023841857910e+00 3.589414834976196289e+00 9.908599853515625000e+00
1.612499952316284180e+00 3.062968015670776367e+00 1.026861476898193359e+01
1.625000000000000000e+00 2.496629476547241211e+00 1.069684219360351562e+01
1.637500047683715820e+00 1.862438321113586426e+00 1.108448410034179688e+01
1.649999976158142090e+00 1.162768006324768066e+00 1.132029247283935547e+01
1.662500023841857910e+00 4.396502077579498291e-01 1.138780689239501953e+01
1.674999952316284180e+00 -2.581998407840728760e-01 1.137109184265136719e+01
1.687500000000000000e+00 -9.145507812500000000e-01 1.136498641967773438e+01
1.700000047683715820e+00 -1.547609448432922363e+00 1.139403247833251953e+01
1.712499976158142090e+00 -2.176684617996215820e+00 1.142300796508789062e+01
1.725000023841857910e+00 -2.795701980590820312e+00 1.142583942413330078e+01
1.737499952316284180e+00 -3.381683826446533203e+00 1.141930866241455078e+01
1.750000000000000000e+00 -3.920370578765869141e+00 1.143045902252197266e+01
1.762500047683715820e+00 -4.414017200469970703e+00 1.145630931854248047e+01
1.774999976158142090e+00 -4.865737438201904297e+00 1.147277545928955078e+01
1.787500023841857910e+00 -5.266379356384277344e+00 1.147264862060546875e+01
1.799999952316284180e+00 -5.601966381072998047e+00 1.147440910339355469e+01
1.812500000000000000e+00 -5.868315696716308594e+00 1.149226665496826172e+01
1.825000047683715820e+00 -6.070774555206298828e+00 1.151499557495117188e+01
1.837499976158142090e+00 -6.210822582244873047e+00 1.152439117431640625e+01
1.850000023841857910e+00 -6.280510425567626953e+00 1.152333164215087891e+01
1.862499952316284180e+00 -6.272712230682373047e+00 1.153059196472167969e+01
1.875000000000000000e+00 -6.191013336181640625e+00 1.155132389068603516e+01
1.887500047683715820e+00 -6.044103145599365234e+00 1.156892395019531250e+01
1.899999976158142090e+00 -5.833491802215576172e+00 1.157077026367187500e+01
1.912500023841857910e+00 -5.553609848022460938e+00 1.156811237335205078e+01
1.924999952316284180e+00 -5.204325675964355469e+00 1.157884883880615234e+01
1.937500000000000000e+00 -4.796478748321533203e+00 1.159892559051513672e+01
1.950000047683715820e+00 -4.341203212738037109e+00 1.160718727111816406e+01
1.962499976158142090e+00 -3.839005231857299805e+00 1.159827327728271484e+01
1.975000023841857910e+00 -3.286221265792846680e+00 1.159304046630859375e+01
1.987499952316284180e+00 -2.690165519714355469e+00 1.160699939727783203e+01
2.000000000000000000e+00 -2.068844318389892578e+00 1.162278079986572266e+01
