0.000000000000000000e+00 6.252835750579833984e+00 8.810722351074218750e+00
1.250000018626451492e-02 6.286343574523925781e+00 8.778960227966308594e+00
2.500000037252902985e-02 6.251163005828857422e+00 8.783956527709960938e+00
3.750000149011611938e-02 6.143438816070556641e+00 8.819074630737304688e+00
5.000000074505805969e-02 5.961921215057373047e+00 8.869780540466308594e+00
6.250000000000000000e-02 5.713341712951660156e+00 8.941509246826171875e+00
7.500000298023223877e-02 5.404977321624755859e+00 9.056930541992187500e+00
8.749999850988388062e-02 5.036297798156738281e+00 9.222405433654785156e+00
1.000000014901161194e-01 4.605836868286132812e+00 9.416915893554687500e+00
1.124999970197677612e-01 4.125465869903564453e+00 9.629221916198730469e+00
1.250000000000000000e-01 3.617527484893798828e+00 9.891599655151367188e+00
1.375000029802322388e-01 3.090931892395019531e+00 1.024724292755126953e+01
1.500000059604644775e-01 2.525858402252197266e+00 1.067514038085937500e+01
1.624999940395355225e-01 1.893491029739379883e+00 1.106868839263916016e+01
1.749999970197677612e-01 1.194118022918701172e+00 1.131333541870117188e+01
1.875000000000000000e-01 4.687555730342864990e-01 1.138708972930908203e+01
2.000000029802322388e-01 -2.327827811241149902e-01 1.137171363830566406e+01
2.125000059604644775e-01 -8.924105167388916016e-01 1.136429786682128906e+01
2.249999940395355225e-01 -1.527649879455566406e+00 1.139262866973876953e+01
2.374999970197677612e-01 -2.158546209335327148e+00 1.142226505279541016e+01
2.500000000000000000e-01 -2.779863357543945312e+00 1.142581272125244141e+01
2.624999880790710449e-01 -3.368574619293212891e+00 1.141915225982666016e+01
2.750000059604644775e-01 -3.909848451614379883e+00 1.142985820770263672e+01
2.874999940395355225e-01 -4.405683517456054688e+00 1.145571136474609375e+01
3.000000119209289551e-01 -4.859379768371582031e+00 1.147253322601318359e+01
3.125000000000000000e-01 -5.261919975280761719e+00 1.147258663177490234e+01
3.249999880790710449e-01 -5.599173069000244141e+00 1.147426891326904297e+01
3.375000059604644775e-01 -5.866770267486572266e+00 1.149208641052246094e+01
3.499999940395355225e-01 -6.070063591003417969e+00 1.151491260528564453e+01
3.625000119209289551e-01 -6.210593700408935547e+00 1.152439308166503906e+01
3.750000000000000000e-01 -6.280368328094482422e+00 1.152338314056396484e+01
3.874999880790710449e-01 -6.272213935852050781e+00 1.153076839447021484e+01
4.000000059604644775e-01 -6.189777851104736328e+00 1.155162334442138672e+01
4.124999940395355225e-01 -6.041802883148193359e+00 1.156915760040283203e+01
4.250000119209289551e-01 -5.829718589782714844e+00 1.157087039947509766e+01
4.375000000000000000e-01 -5.547903060913085938e+00 1.156835746765136719e+01
4.499999880790710449e-01 -5.196395397186279297e+00 1.157945346832275391e+01
4.625000059604644775e-01 -4.786258220672607422e+00 1.159956550598144531e+01
4.749999940395355225e-01 -4.328559875488281250e+00 1.160738086700439453e+01
4.875000119209289551e-01 -3.823563098907470703e+00 1.159823131561279297e+01
5.000000000000000000e-01 -3.267700195312500000e+00 1.159351634979248047e+01
5.124999880790710449e-01 -2.668794155120849609e+00 1.160804271697998047e+01
5.249999761581420898e-01 -2.045076847076416016e+00 1.162331390380859375e+01
5.375000238418579102e-01 -1.406149625778198242e+00 1.161250686645507812e+01
5.500000119209289551e-01 -7.436657547950744629e-01 1.158623981475830078e+01
5.625000000000000000e-01 -5.063581839203834534e-02 1.158639240264892578e+01
5.749999880790710449e-01 6.521619558334350586e-01 1.161913967132568359e+01
5.874999761581420898e-01 1.320670127868652344e+00 1.160977458953857422e+01
6.000000238418579102e-01 1.925419926643371582e+00 1.145124816894531250e+01
6.125000119209289551e-01 2.480512380599975586e+00 1.110614871978759766e+01
6.250000000000000000e-01 3.027379274368286133e+00 1.064947319030761719e+01
6.374999880790710449e-01 3.589538574218750000e+00 1.020413017272949219e+01
6.499999761581420898e-01 4.148313999176025391e+00 9.843637466430664062e+00
6.625000238418579102e-01 4.662790775299072266e+00 9.564217567443847656e+00
6.750000119209289551e-01 5.105801582336425781e+00 9.335082054138183594e+00
6.875000000000000000e-01 5.475553035736083984e+00 9.148118972778320312e+00
6.999999880790710449e-01 5.778817653656005859e+00 9.011963844299316406e+00
7.124999761581420898e-01 6.014568805694580078e+00 8.920817375183105469e+00
7.250000238418579102e-01 6.176947593688964844e+00 8.853588104248046875e+00
7.375000119209289551e-01 6.265570640563964844e+00 8.801452636718750000e+00
7.500000000000000000e-01 6.284725189208984375e+00 8.776841163635253906e+00
7.624999880790710449e-01 6.234682083129882812e+00 8.789415359497070312e+00
7.749999761581420898e-01 6.111271858215332031e+00 8.828689575195312500e+00
7.875000238418579102e-01 5.914888381958007812e+00 8.882435798645019531e+00
8.000000119209289551e-01 5.653338909149169922e+00 8.961470603942871094e+00
8.125000000000000000e-01 5.332584381103515625e+00 9.087992668151855469e+00
8.249999880790710449e-01 4.950758934020996094e+00 9.261781692504882812e+00
8.374999761581420898e-01 4.508237838745117188e+00 9.459694862365722656e+00
8.500000238418579102e-01 4.020238399505615234e+00 9.678479194641113281e+00
8.625000119209289551e-01 3.508565664291381836e+00 9.957947731018066406e+00
8.750000000000000000e-01 2.976364850997924805e+00 1.033376789093017578e+01
8.874999880790710449e-01 2.399089813232421875e+00 1.076526451110839844e+01
8.999999761581420898e-01 1.751100063323974609e+00 1.113509845733642578e+01
9.125000238418579102e-01 1.041856646537780762e+00 1.134147834777832031e+01
9.250000119209289551e-01 3.179642260074615479e-01 1.138747596740722656e+01
9.375000000000000000e-01 -3.747961223125457764e-01 1.136724185943603516e+01
9.499999880790710449e-01 -1.027137994766235352e+00 1.136790847778320312e+01
9.624999761581420898e-01 -1.660433173179626465e+00 1.140024185180664062e+01
9.750000238418579102e-01 -2.290695667266845703e+00 1.142525863647460938e+01
9.875000119209289551e-01 -2.907162427902221680e+00 1.142414474487304688e+01
1.000000000000000000e+00 -3.486490011215209961e+00 1.141945648193359375e+01
1.012500047683715820e+00 -4.017674922943115234e+00 1.143476676940917969e+01
1.024999976158142090e+00 -4.504705429077148438e+00 1.146072769165039062e+01
1.037500023841857910e+00 -4.948802947998046875e+00 1.147358989715576172e+01
1.049999952316284180e+00 -5.338633060455322266e+00 1.147200679779052734e+01
1.062500000000000000e+00 -5.661131858825683594e+00 1.147666645050048828e+01
1.075000047683715820e+00 -5.914666652679443359e+00 1.149721527099609375e+01
1.087499976158142090e+00 -6.104987144470214844e+00 1.151834011077880859e+01
1.100000023841857910e+00 -6.231499195098876953e+00 1.152447605133056641e+01
1.112499952316284180e+00 -6.285181045532226562e+00 1.152368068695068359e+01
1.125000000000000000e+00 -6.260735034942626953e+00 1.153437137603759766e+01
1.137500047683715820e+00 -6.163883209228515625e+00 1.155629825592041016e+01
1.149999976158142090e+00 -6.002670764923095703e+00 1.157080459594726562e+01
1.162500023841857910e+00 -5.776409149169921875e+00 1.156995391845703125e+01
1.174999952316284180e+00 -5.479522705078125000e+00 1.156927108764648438e+01
1.187500000000000000e+00 -5.114522457122802734e+00 1.158359813690185547e+01
1.200000047683715820e+00 -4.693754673004150391e+00 1.160284709930419922e+01
1.212499976158142090e+00 -4.226448535919189453e+00 1.160642051696777344e+01
1.225000023841857910e+00 -3.710855960845947266e+00 1.159598159790039062e+01
1.237499952316284180e+00 -3.144757986068725586e+00 1.159508323669433594e+01
1.250000000000000000e+00 -2.539079666137695312e+00 1.161231327056884766e+01
1.262500047683715820e+00 -1.912009239196777344e+00 1.162361717224121094e+01
1.274999976158142090e+00 -1.269236445426940918e+00 1.160700321197509766e+01
1.287500023841857910e+00 -6.002676486968994141e-01 1.158281421661376953e+01
1.299999952316284180e+00 9.768328815698623657e-02 1.159186458587646484e+01
1.312500000000000000e+00 7.971158623695373535e-01 1.162443065643310547e+01
1.325000047683715820e+00 1.453389286994934082e+00 1.159173583984375000e+01
1.337499976158142090e+00 2.045038700103759766e+00 1.139320087432861328e+01
1.350000023841857910e+00 2.594864130020141602e+00 1.101524639129638672e+01
1.362499952316284180e+00 3.144344329833984375e+00 1.055116462707519531e+01
1.375000000000000000e+00 3.708639383316040039e+00 1.012040519714355469e+01
1.387500047683715820e+00 4.261507511138916016e+00 9.779225349426269531e+00
1.399999976158142090e+00 4.762288093566894531e+00 9.512603759765625000e+00
1.412500023841857910e+00 5.189397811889648438e+00 9.291994094848632812e+00
1.424999952316284180e+00 5.544734477996826172e+00 9.115091323852539062e+00
1.437500000000000000e+00 5.834212779998779297e+00 8.989687919616699219e+00
1.450000047683715820e+00 6.054952144622802734e+00 8.905353546142578125e+00
1.462499976158142090e+00 6.201581478118896484e+00 8.841181755065917969e+00
1.475000023841857910e+00 6.275252342224121094e+00 8.793414115905761719e+00
1.487499952316284180e+00 6.280066967010498047e+00 8.776460647583007812e+00
1.500000000000000000e+00 6.214935779571533203e+00 8.796066284179687500e+00
1.512500047683715820e+00 6.075842380523681641e+00 8.838841438293457031e+00
1.524999976158142090e+00 5.864981174468994141e+00 8.896154403686523438e+00
1.537500023841857910e+00 5.590754508972167969e+00 8.983631134033203125e+00
1.549999952316284180e+00 5.257483959197998047e+00 9.121254920959472656e+00
1.562500000000000000e+00 4.862470626831054688e+00 9.302144050598144531e+00
1.575000047683715820e+00 4.408592700958251953e+00 9.503203392028808594e+00
1.587499976158142090e+00 3.914037942886352539e+00 9.730419158935546875e+00
1.600000023841857910e+00 3.398814201354980469e+00 1.002886772155761719e+01
1.612499952316284180e+00 2.859814405441284180e+00 1.042308044433593750e+01
1.625000000000000000e+00 2.269050121307373047e+00 1.085260581970214844e+01
1.637500047683715820e+00 1.605845212936401367e+00 1.119384765625000000e+01
1.649999976158142090e+00 8.889514803886413574e-01 1.136215782165527344e+01
1.662500023841857910e+00 1.687028557062149048e-01 1.138497543334960938e+01
1.674999952316284180e+00 -5.148962736129760742e-01 1.136402034759521484e+01
1.687500000000000000e+00 -1.161050915718078613e+00 1.137311935424804688e+01
1.700000047683715820e+00 -1.793197631835937500e+00 1.140743064880371094e+01
1.712499976158142090e+00 -2.422285079956054688e+00 1.142691326141357422e+01
1.725000023841857910e+00 -3.032760858535766602e+00 1.142232036590576172e+01
1.737499952316284180e+00 -3.602210998535156250e+00 1.142079353332519531e+01
1.750000000000000000e+00 -4.123563289642333984e+00 1.144020748138427734e+01
1.762500047683715820e+00 -4.601884841918945312e+00 1.146506214141845703e+01
1.774999976158142090e+00 -5.035832881927490234e+00 1.147391128540039062e+01
1.787500023841857910e+00 -5.412316799163818359e+00 1.147175502777099609e+01
1.799999952316284180e+00 -5.720008373260498047e+00 1.147987842559814453e+01
1.812500000000000000e+00 -5.959796428680419922e+00 1.150237083435058594e+01
1.825000047683715820e+00 -6.137126445770263672e+00 1.152099800109863281e+01
1.837499976158142090e+00 -6.249166488647460938e+00 1.152420520782470703e+01
1.850000023841857910e+00 -6.286488533020019531e+00 1.152456951141357422e+01
1.862499952316284180e+00 -6.246043205261230469e+00 1.153855514526367188e+01
1.875000000000000000e+00 -6.135180950164794922e+00 1.156059646606445312e+01
1.887500047683715820e+00 -5.960684299468994141e+00 1.157166671752929688e+01
1.899999976158142090e+00 -5.719939708709716797e+00 1.156904697418212891e+01
1.912500023841857910e+00 -5.408085823059082031e+00 1.157096004486083984e+01
1.924999952316284180e+00 -5.030196189880371094e+00 1.158800792694091797e+01
1.937500000000000000e+00 -4.599242687225341797e+00 1.160533618927001953e+01
1.950000047683715820e+00 -4.122204780578613281e+00 1.160474014282226562e+01
1.962499976158142090e+00 -3.595856189727783203e+00 1.159421730041503906e+01
1.975000023841857910e+00 -3.020030021667480469e+00 1.159759998321533203e+01
1.987499952316284180e+00 -2.408471822738647461e+00 1.161631870269775391e+01
2.000000000000000000e+00 -1.778320908546447754e+00 1.162250041961669922e+01
