0.000000000000000000e+00 6.252430915832519531e+00 8.810952186584472656e+00
1.250000018626451492e-02 6.286124706268310547e+00 8.779008865356445312e+00
2.500000037252902985e-02 6.250738143920898438e+00 8.784028053283691406e+00
3.750000149011611938e-02 6.142386436462402344e+00 8.819311141967773438e+00
5.000000074505805969e-02 5.959832191467285156e+00 8.870245933532714844e+00
6.250000000000000000e-02 5.709900379180908203e+00 8.942481040954589844e+00
7.500000298023223877e-02 5.399884223937988281e+00 9.058865547180175781e+00
8.749999850988388062e-02 5.029170513153076172e+00 9.225435256958007812e+00
1.000000014901161194e-01 4.596396446228027344e+00 9.420813560485839844e+00
1.124999970197677612e-01 4.113826274871826172e+00 9.634309768676757812e+00
1.250000000000000000e-01 3.603989839553833008e+00 9.899251937866210938e+00
1.375000029802322388e-01 3.075259923934936523e+00 1.025843143463134766e+01
1.500000059604644775e-01 2.506992101669311523e+00 1.068818378448486328e+01
1.624999940395355225e-01 1.870446681976318359e+00 1.107936477661132812e+01
1.749999970197677612e-01 1.167272329330444336e+00 1.131827259063720703e+01
1.875000000000000000e-01 4.398720264434814453e-01 1.138697147369384766e+01
2.000000029802322388e-01 -2.620894610881805420e-01 1.137038230895996094e+01
2.125000059604644775e-01 -9.220449328422546387e-01 1.136462211608886719e+01
2.249999940395355225e-01 -1.558574557304382324e+00 1.139406967163085938e+01
2.374999970197677612e-01 -2.191105604171752930e+00 1.142278003692626953e+01
2.500000000000000000e-01 -2.813035249710083008e+00 1.142510509490966797e+01
2.624999880790710449e-01 -3.400967359542846680e+00 1.141887092590332031e+01
2.750000059604644775e-01 -3.940925359725952148e+00 1.143094062805175781e+01
2.874999940395355225e-01 -4.435544967651367188e+00 1.145701980590820312e+01
3.000000119209289551e-01 -4.887600898742675781e+00 1.147271347045898438e+01
3.125000000000000000e-01 -5.287253379821777344e+00 1.147218036651611328e+01
3.249999880790710449e-01 -5.620523929595947266e+00 1.147483921051025391e+01
3.375000059604644775e-01 -5.883926391601562500e+00 1.149375247955322266e+01
3.499999940395355225e-01 -6.083063602447509766e+00 1.151613521575927734e+01
3.625000119209289551e-01 -6.218741416931152344e+00 1.152438449859619141e+01
3.750000000000000000e-01 -6.282456398010253906e+00 1.152339363098144531e+01
3.874999880790710449e-01 -6.267656803131103516e+00 1.153215694427490234e+01
4.000000059604644775e-01 -6.178894996643066406e+00 1.155364227294921875e+01
4.124999940395355225e-01 -6.024764060974121094e+00 1.156999969482421875e+01
4.250000119209289551e-01 -5.805784225463867188e+00 1.157053089141845703e+01
4.375000000000000000e-01 -5.516233921051025391e+00 1.156879520416259766e+01
4.499999880790710449e-01 -5.157266139984130859e+00 1.158152198791503906e+01
4.625000059604644775e-01 -4.740715026855468750e+00 1.160140991210937500e+01
4.749999940395355225e-01 -4.276902198791503906e+00 1.160715198516845703e+01
4.875000119209289551e-01 -3.765038728713989258e+00 1.159721088409423828e+01
5.000000000000000000e-01 -3.202135086059570312e+00 1.159446048736572266e+01
5.124999880790710449e-01 -2.597739696502685547e+00 1.161063289642333984e+01
5.249999761581420898e-01 -1.970330834388732910e+00 1.162389183044433594e+01
5.375000238418579102e-01 -1.327454209327697754e+00 1.160967254638671875e+01
5.500000119209289551e-01 -6.593365669250488281e-01 1.158432960510253906e+01
5.625000000000000000e-01 3.876366093754768372e-02 1.158981609344482422e+01
5.749999880790710449e-01 7.418125867843627930e-01 1.162298965454101562e+01
5.874999761581420898e-01 1.404766917228698730e+00 1.159958934783935547e+01
6.000000238418579102e-01 2.002737522125244141e+00 1.141525173187255859e+01
6.125000119209289551e-01 2.555617570877075195e+00 1.104740238189697266e+01
6.250000000000000000e-01 3.105508089065551758e+00 1.058398342132568359e+01
6.374999880790710449e-01 3.670719861984252930e+00 1.014700984954833984e+01
6.499999761581420898e-01 4.227182388305664062e+00 9.798875808715820312e+00
6.625000238418579102e-01 4.733621120452880859e+00 9.527716636657714844e+00
6.750000119209289551e-01 5.166512012481689453e+00 9.303947448730468750e+00
6.875000000000000000e-01 5.526762008666992188e+00 9.123696327209472656e+00
6.999999880790710449e-01 5.820620536804199219e+00 8.995179176330566406e+00
7.124999761581420898e-01 6.045643329620361328e+00 8.909023284912109375e+00
7.250000238418579102e-01 6.196261405944824219e+00 8.843966484069824219e+00
7.375000119209289551e-01 6.273298740386962891e+00 8.795033454895019531e+00
7.500000000000000000e-01 6.280975818634033203e+00 8.776431083679199219e+00
7.624999880790710449e-01 6.218470096588134766e+00 8.794798851013183594e+00
7.749999761581420898e-01 6.081667900085449219e+00 8.837112426757812500e+00
7.875000238418579102e-01 5.872456073760986328e+00 8.893966674804687500e+00
8.000000119209289551e-01 5.599246025085449219e+00 8.980378150939941406e+00
8.125000000000000000e-01 5.266661643981933594e+00 9.116909027099609375e+00
8.249999880790710449e-01 4.872069835662841797e+00 9.297515869140625000e+00
8.374999761581420898e-01 4.418042182922363281e+00 9.498822212219238281e+00
8.500000238418579102e-01 3.922622919082641602e+00 9.725828170776367188e+00
8.625000119209289551e-01 3.406211614608764648e+00 1.002353096008300781e+01
8.750000000000000000e-01 2.866190910339355469e+00 1.041759777069091797e+01
8.874999880790710449e-01 2.274517536163330078e+00 1.084839153289794922e+01
8.999999761581420898e-01 1.610014915466308594e+00 1.119163227081298828e+01
9.125000238418579102e-01 8.912053108215332031e-01 1.136134338378906250e+01
9.250000119209289551e-01 1.687746196985244751e-01 1.138456821441650391e+01
9.375000000000000000e-01 -5.168244242668151855e-01 1.136366844177246094e+01
9.499999880790710449e-01 -1.164757728576660156e+00 1.137295532226562500e+01
9.624999761581420898e-01 -1.798654198646545410e+00 1.140735721588134766e+01
9.750000238418579102e-01 -2.429412126541137695e+00 1.142662906646728516e+01
9.875000119209289551e-01 -3.041198015213012695e+00 1.142190837860107422e+01
1.000000000000000000e+00 -3.611511945724487305e+00 1.142069149017333984e+01
1.012500047683715820e+00 -4.133483886718750000e+00 1.144048500061035156e+01
1.024999976158142090e+00 -4.612253665924072266e+00 1.146523094177246094e+01
1.037500023841857910e+00 -5.046195507049560547e+00 1.147368335723876953e+01
1.049999952316284180e+00 -5.421966552734375000e+00 1.147158145904541016e+01
1.062500000000000000e+00 -5.728408336639404297e+00 1.148027992248535156e+01
1.075000047683715820e+00 -5.966732978820800781e+00 1.150306510925292969e+01
1.087499976158142090e+00 -6.142315864562988281e+00 1.152126884460449219e+01
1.100000023841857910e+00 -6.251932144165039062e+00 1.152405452728271484e+01
1.112499952316284180e+00 -6.286083698272705078e+00 1.152480602264404297e+01
1.125000000000000000e+00 -6.242167472839355469e+00 1.153952789306640625e+01
1.137500047683715820e+00 -6.127860069274902344e+00 1.156153011322021484e+01
1.149999976158142090e+00 -5.949646472930908203e+00 1.157180118560791016e+01
1.162500023841857910e+00 -5.704490661621093750e+00 1.156891918182373047e+01
1.174999952316284180e+00 -5.387779712677001953e+00 1.157167816162109375e+01
1.187500000000000000e+00 -5.005301475524902344e+00 1.158942699432373047e+01
1.200000047683715820e+00 -4.570176601409912109e+00 1.160605430603027344e+01
1.212499976158142090e+00 -4.088731765747070312e+00 1.160426330566406250e+01
1.225000023841857910e+00 -3.557399034500122070e+00 1.159399414062500000e+01
1.237499952316284180e+00 -2.976805448532104492e+00 1.159889316558837891e+01
1.250000000000000000e+00 -2.361648082733154297e+00 1.161785411834716797e+01
1.262500047683715820e+00 -1.728603243827819824e+00 1.162196254730224609e+01
1.274999976158142090e+00 -1.077748537063598633e+00 1.159902667999267578e+01
1.287500023841857910e+00 -3.975068628787994385e-01 1.158119297027587891e+01
1.299999952316284180e+00 3.071788251399993896e-01 1.160211086273193359e+01
1.312500000000000000e+00 1.000198602676391602e+00 1.162712192535400391e+01
1.325000047683715820e+00 1.639093756675720215e+00 1.155248069763183594e+01
1.337499976158142090e+00 2.215449571609497070e+00 1.129458427429199219e+01
1.350000023841857910e+00 2.762594461441040039e+00 1.087585926055908203e+01
1.362499952316284180e+00 3.318541288375854492e+00 1.040983581542968750e+01
1.375000000000000000e+00 3.885081768035888672e+00 1.000396156311035156e+01
1.387500047683715820e+00 4.427047252655029297e+00 9.688891410827636719e+00
1.399999976158142090e+00 4.906800270080566406e+00 9.438140869140625000e+00
1.412500023841857910e+00 5.311233043670654297e+00 9.229889869689941406e+00
1.424999952316284180e+00 5.645948886871337891e+00 9.068837165832519531e+00
1.437500000000000000e+00 5.914434909820556641e+00 8.958711624145507812e+00
1.450000047683715820e+00 6.111656188964843750e+00 8.882719993591308594e+00
1.462499976158142090e+00 6.233880519866943359e+00 8.822940826416015625e+00
1.475000023841857910e+00 6.284260749816894531e+00 8.783580780029296875e+00
1.487499952316284180e+00 6.265779495239257812e+00 8.779437065124511719e+00
1.500000000000000000e+00 6.175437927246093750e+00 8.808973312377929688e+00
1.512500047683715820e+00 6.010446548461914062e+00 8.856684684753417969e+00
1.524999976158142090e+00 5.775924205780029297e+00 8.921854972839355469e+00
1.537500023841857910e+00 5.480154037475585938e+00 9.025828361511230469e+00
1.549999952316284180e+00 5.124464511871337891e+00 9.181538581848144531e+00
1.562500000000000000e+00 4.706221103668212891e+00 9.372229576110839844e+00
1.575000047683715820e+00 4.233686923980712891e+00 9.579994201660156250e+00
1.587499976158142090e+00 3.728672504425048828e+00 9.827695846557617188e+00
1.600000023841857910e+00 3.205356597900390625e+00 1.016268539428710938e+01
1.612499952316284180e+00 2.649624824523925781e+00 1.058284759521484375e+01
1.625000000000000000e+00 2.031094312667846680e+00 1.099556827545166016e+01
1.637500047683715820e+00 1.341383934020996094e+00 1.127759647369384766e+01
1.649999976158142090e+00 6.147440671920776367e-01 1.138246631622314453e+01
1.662500023841857910e+00 -9.654495865106582642e-02 1.137619590759277344e+01
1.674999952316284180e+00 -7.658554911613464355e-01 1.136226940155029297e+01
1.687500000000000000e+00 -1.405622243881225586e+00 1.138529300689697266e+01
1.700000047683715820e+00 -2.038613319396972656e+00 1.141803932189941406e+01
1.712499976158142090e+00 -2.665059804916381836e+00 1.142656993865966797e+01
1.725000023841857910e+00 -3.263190031051635742e+00 1.141936206817626953e+01
1.737499952316284180e+00 -3.814955234527587891e+00 1.142596817016601562e+01
1.750000000000000000e+00 -4.319922924041748047e+00 1.145079994201660156e+01
1.762500047683715820e+00 -4.782667160034179688e+00 1.147074317932128906e+01
1.774999976158142090e+00 -5.196393013000488281e+00 1.147293758392333984e+01
1.787500023841857910e+00 -5.546547889709472656e+00 1.147277450561523438e+01
1.799999952316284180e+00 -5.826444625854492188e+00 1.148803138732910156e+01
1.812500000000000000e+00 -6.040629863739013672e+00 1.151161384582519531e+01
1.825000047683715820e+00 -6.192162990570068359e+00 1.152386856079101562e+01
1.837499976158142090e+00 -6.274179935455322266e+00 1.152339839935302734e+01
1.850000023841857910e+00 -6.278350353240966797e+00 1.152852439880371094e+01
1.862499952316284180e+00 -6.206571102142333984e+00 1.154810714721679688e+01
1.875000000000000000e+00 -6.067759037017822266e+00 1.156750202178955078e+01
1.887500047683715820e+00 -5.864923477172851562e+00 1.157144546508789062e+01
1.899999976158142090e+00 -5.592771530151367188e+00 1.156824016571044922e+01
1.912500023841857910e+00 -5.249770641326904297e+00 1.157705020904541016e+01
1.924999952316284180e+00 -4.845852851867675781e+00 1.159719085693359375e+01
1.937500000000000000e+00 -4.393107891082763672e+00 1.160769653320312500e+01
1.950000047683715820e+00 -3.893335580825805664e+00 1.159996891021728516e+01
1.962499976158142090e+00 -3.342490911483764648e+00 1.159327316284179688e+01
1.975000023841857910e+00 -2.746470689773559570e+00 1.160571956634521484e+01
1.987499952316284180e+00 -2.123193264007568359e+00 1.162274265289306641e+01
2.000000000000000000e+00 -1.484474420547485352e+00 1.161556911468505859e+01
