0.000000000000000000e+00 6.252026081085205078e+00 8.811280250549316406e+00
1.250000018626451492e-02 6.285906791687011719e+00 8.779154777526855469e+00
2.500000037252902985e-02 6.250314235687255859e+00 8.784198760986328125e+00
3.750000149011611938e-02 6.141332626342773438e+00 8.819646835327148438e+00
5.000000074505805969e-02 5.957738876342773438e+00 8.870813369750976562e+00
6.250000000000000000e-02 5.706452369689941406e+00 8.943558692932128906e+00
7.500000298023223877e-02 5.394780158996582031e+00 9.060911178588867188e+00
8.749999850988388062e-02 5.022026538848876953e+00 9.228574752807617188e+00
1.000000014901161194e-01 4.586937904357910156e+00 9.424818992614746094e+00
1.124999970197677612e-01 4.102175235748291016e+00 9.639524459838867188e+00
1.250000000000000000e-01 3.590444564819335938e+00 9.907066345214843750e+00
1.375000029802322388e-01 3.059562206268310547e+00 1.026977539062500000e+01
1.500000059604644775e-01 2.488064050674438477e+00 1.070128059387207031e+01
1.624999940395355225e-01 1.847325801849365234e+00 1.108995151519775391e+01
1.749999970197677612e-01 1.140392422676086426e+00 1.132307243347167969e+01
1.875000000000000000e-01 4.110289216041564941e-01 1.138682937622070312e+01
2.000000029802322388e-01 -2.913179099559783936e-01 1.136918926239013672e+01
2.125000059604644775e-01 -9.516296982765197754e-01 1.136512947082519531e+01
2.249999940395355225e-01 -1.589489340782165527e+00 1.139560031890869141e+01
2.374999970197677612e-01 -2.223634004592895508e+00 1.142331123352050781e+01
2.500000000000000000e-01 -2.846098423004150391e+00 1.142447185516357422e+01
2.624999880790710449e-01 -3.433194160461425781e+00 1.141876125335693359e+01
2.750000059604644775e-01 -3.971834897994995117e+00 1.143217849731445312e+01
2.874999940395355225e-01 -4.465237140655517578e+00 1.145837783813476562e+01
3.000000119209289551e-01 -4.915591716766357422e+00 1.147291564941406250e+01
3.125000000000000000e-01 -5.312264919281005859e+00 1.147189807891845703e+01
3.249999880790710449e-01 -5.641509532928466797e+00 1.147561073303222656e+01
3.375000059604644775e-01 -5.900724887847900391e+00 1.149554157257080078e+01
3.499999940395355225e-01 -6.095685958862304688e+00 1.151736259460449219e+01
3.625000119209289551e-01 -6.226422309875488281e+00 1.152441501617431641e+01
3.750000000000000000e-01 -6.283993244171142578e+00 1.152359199523925781e+01
3.874999880790710449e-01 -6.262548923492431641e+00 1.153376197814941406e+01
4.000000059604644775e-01 -6.167501449584960938e+00 1.155571842193603516e+01
4.124999940395355225e-01 -6.007184982299804688e+00 1.157079505920410156e+01
4.250000119209289551e-01 -5.781212806701660156e+00 1.157027816772460938e+01
4.375000000000000000e-01 -5.483896732330322266e+00 1.156950283050537109e+01
4.499999880790710449e-01 -5.117560863494873047e+00 1.158378124237060547e+01
4.625000059604644775e-01 -4.694682121276855469e+00 1.160318470001220703e+01
4.749999940395355225e-01 -4.224710464477539062e+00 1.160682487487792969e+01
4.875000119209289551e-01 -3.705897808074951172e+00 1.159640026092529297e+01
5.000000000000000000e-01 -3.136043310165405273e+00 1.159579086303710938e+01
5.124999880790710449e-01 -2.526400327682495117e+00 1.161328983306884766e+01
5.249999761581420898e-01 -1.895401477813720703e+00 1.162413215637207031e+01
5.375000238418579102e-01 -1.248393535614013672e+00 1.160674190521240234e+01
5.500000119209289551e-01 -5.745097994804382324e-01 1.158306312561035156e+01
5.625000000000000000e-01 1.282802224159240723e-01 1.159391307830810547e+01
5.749999880790710449e-01 8.307723402976989746e-01 1.162603092193603516e+01
5.874999761581420898e-01 1.487651824951171875e+00 1.158656787872314453e+01
6.000000238418579102e-01 2.079164743423461914e+00 1.137584590911865234e+01
6.125000119209289551e-01 2.630657434463500977e+00 1.098691844940185547e+01
6.250000000000000000e-01 3.183970451354980469e+00 1.051925945281982422e+01
6.374999880790710449e-01 3.751728534698486328e+00 1.009195995330810547e+01
6.499999761581420898e-01 4.304944992065429688e+00 9.755858421325683594e+00
6.625000238418579102e-01 4.802781581878662109e+00 9.492264747619628906e+00
6.750000119209289551e-01 5.225552082061767578e+00 9.273857116699218750e+00
6.875000000000000000e-01 5.576409816741943359e+00 9.100641250610351562e+00
6.999999880790710449e-01 5.860718727111816406e+00 8.979569435119628906e+00
7.124999761581420898e-01 6.074775695800781250e+00 8.897820472717285156e+00
7.250000238418579102e-01 6.213590621948242188e+00 8.834811210632324219e+00
7.375000119209289551e-01 6.279112815856933594e+00 8.789562225341796875e+00
7.500000000000000000e-01 6.275219917297363281e+00 8.777227401733398438e+00
7.624999880790710449e-01 6.200034618377685547e+00 8.800973892211914062e+00
7.749999761581420898e-01 6.049819946289062500e+00 8.845998764038085938e+00
7.875000238418579102e-01 5.828003406524658203e+00 8.906504631042480469e+00
8.000000119209289551e-01 5.543234348297119141e+00 9.001099586486816406e+00
8.125000000000000000e-01 5.198634624481201172e+00 9.147466659545898438e+00
8.249999880790710449e-01 4.791264057159423828e+00 9.333974838256835938e+00
8.374999761581420898e-01 4.326352119445800781e+00 9.538820266723632812e+00
8.500000238418579102e-01 3.824315547943115234e+00 9.775921821594238281e+00
8.625000119209289551e-01 3.303073167800903320e+00 1.009312915802001953e+01
8.750000000000000000e-01 2.754011154174804688e+00 1.050313854217529297e+01
8.874999880790710449e-01 2.146901369094848633e+00 1.092790031433105469e+01
8.999999761581420898e-01 1.466568470001220703e+00 1.124064064025878906e+01
9.125000238418579102e-01 7.404224276542663574e-01 1.137482261657714844e+01
9.250000119209289551e-01 2.132756076753139496e-02 1.138000965118408203e+01
9.375000000000000000e-01 -6.570761799812316895e-01 1.136191463470458984e+01
9.499999880790710449e-01 -1.301778912544250488e+00 1.137939357757568359e+01
9.624999761581420898e-01 -1.936818718910217285e+00 1.141368484497070312e+01
9.750000238418579102e-01 -2.567202568054199219e+00 1.142676734924316406e+01
9.875000119209289551e-01 -3.173060894012451172e+00 1.142002201080322266e+01
1.000000000000000000e+00 -3.733978033065795898e+00 1.142328357696533203e+01
1.012500047683715820e+00 -4.247036457061767578e+00 1.144658374786376953e+01
1.024999976158142090e+00 -4.717422485351562500e+00 1.146880912780761719e+01
1.037500023841857910e+00 -5.140337944030761719e+00 1.147322654724121094e+01
1.049999952316284180e+00 -5.501285552978515625e+00 1.147199249267578125e+01
1.062500000000000000e+00 -5.791691780090332031e+00 1.148494911193847656e+01
1.075000047683715820e+00 -6.015102863311767578e+00 1.150869846343994141e+01
1.087499976158142090e+00 -6.175650596618652344e+00 1.152322578430175781e+01
1.100000023841857910e+00 -6.267609119415283203e+00 1.152361679077148438e+01
1.112499952316284180e+00 -6.281936645507812500e+00 1.152708911895751953e+01
1.125000000000000000e+00 -6.219008445739746094e+00 1.154535007476806641e+01
1.137500047683715820e+00 -6.087628364562988281e+00 1.156597232818603516e+01
1.149999976158142090e+00 -5.892062187194824219e+00 1.157188320159912109e+01
1.162500023841857910e+00 -5.627511978149414062e+00 1.156846904754638672e+01
1.174999952316284180e+00 -5.291299819946289062e+00 1.157545089721679688e+01
1.187500000000000000e+00 -4.892296791076660156e+00 1.159529113769531250e+01
1.200000047683715820e+00 -4.443229675292968750e+00 1.160780239105224609e+01
1.212499976158142090e+00 -3.947204589843750000e+00 1.160147666931152344e+01
1.225000023841857910e+00 -3.400025367736816406e+00 1.159348964691162109e+01
1.237499952316284180e+00 -2.806104898452758789e+00 1.160414600372314453e+01
1.250000000000000000e+00 -2.182906150817871094e+00 1.162217330932617188e+01
1.262500047683715820e+00 -1.543840169906616211e+00 1.161782932281494141e+01
1.274999976158142090e+00 -8.836823701858520508e-01 1.159156036376953125e+01
1.287500023841857910e+00 -1.924017667770385742e-01 1.158353614807128906e+01
1.299999952316284180e+00 5.157335996627807617e-01 1.161337661743164062e+01
1.312500000000000000e+00 1.198202371597290039e+00 1.162087917327880859e+01
1.325000047683715820e+00 1.818744540214538574e+00 1.149583721160888672e+01
1.337499976158142090e+00 2.383025646209716797e+00 1.118049240112304688e+01
1.350000023841857910e+00 2.931340217590332031e+00 1.073225688934326172e+01
1.362499952316284180e+00 3.493974447250366211e+00 1.027509403228759766e+01
1.375000000000000000e+00 4.059097766876220703e+00 9.896953582763671875e+00
1.387500047683715820e+00 4.586183071136474609e+00 9.604907035827636719e+00
1.399999976158142090e+00 5.043544769287109375e+00 9.367744445800781250e+00
1.412500023841857910e+00 5.425926208496093750e+00 9.172727584838867188e+00
1.424999952316284180e+00 5.740291595458984375e+00 9.028227806091308594e+00
1.437500000000000000e+00 5.987003326416015625e+00 8.931487083435058594e+00
1.450000047683715820e+00 6.160098552703857422e+00 8.861705780029296875e+00
1.462499976158142090e+00 6.258194923400878906e+00 8.806930541992187500e+00
1.475000023841857910e+00 6.285548686981201172e+00 8.777974128723144531e+00
1.487499952316284180e+00 6.243232250213623047e+00 8.786516189575195312e+00
1.500000000000000000e+00 6.127129554748535156e+00 8.823931694030761719e+00
1.512500047683715820e+00 5.936746597290039062e+00 8.876441001892089844e+00
1.524999976158142090e+00 5.679541110992431641e+00 8.952407836914062500e+00
1.537500023841857910e+00 5.362249851226806641e+00 9.074791908264160156e+00
1.549999952316284180e+00 4.983531951904296875e+00 9.246303558349609375e+00
1.562500000000000000e+00 4.542934894561767578e+00 9.444114685058593750e+00
1.575000047683715820e+00 4.054670810699462891e+00 9.661697387695312500e+00
1.587499976158142090e+00 3.541244983673095703e+00 9.936947822570800781e+00
1.600000023841857910e+00 3.007836818695068359e+00 1.030882835388183594e+01
1.612499952316284180e+00 2.430792570114135742e+00 1.074195480346679688e+01
1.625000000000000000e+00 1.782947778701782227e+00 1.111978149414062500e+01
1.637500047683715820e+00 1.071572780609130859e+00 1.133552074432373047e+01
1.649999976158142090e+00 3.429629206657409668e-01 1.138685226440429688e+01
1.662500023841857910e+00 -3.553576171398162842e-01 1.136723613739013672e+01
1.674999952316284180e+00 -1.012413263320922852e+00 1.136688709259033203e+01
1.687500000000000000e+00 -1.649451494216918945e+00 1.139901924133300781e+01
1.700000047683715820e+00 -2.283269405364990234e+00 1.142453384399414062e+01
1.712499976158142090e+00 -2.903415441513061523e+00 1.142369079589843750e+01
1.725000023841857910e+00 -3.486182451248168945e+00 1.141902542114257812e+01
1.737499952316284180e+00 -4.020266532897949219e+00 1.143448257446289062e+01
1.750000000000000000e+00 -4.509687423706054688e+00 1.146055603027343750e+01
1.762500047683715820e+00 -4.955604553222656250e+00 1.147327232360839844e+01
1.774999976158142090e+00 -5.346395492553710938e+00 1.147168636322021484e+01
1.787500023841857910e+00 -5.668919563293457031e+00 1.147685146331787109e+01
1.799999952316284180e+00 -5.921805858612060547e+00 1.149788093566894531e+01
1.812500000000000000e+00 -6.110877037048339844e+00 1.151875782012939453e+01
1.825000047683715820e+00 -6.235150814056396484e+00 1.152436828613281250e+01
1.837499976158142090e+00 -6.285344600677490234e+00 1.152386379241943359e+01
1.850000023841857910e+00 -6.256563186645507812e+00 1.153554630279541016e+01
1.862499952316284180e+00 -6.155072689056396484e+00 1.155774879455566406e+01
1.875000000000000000e+00 -5.988737583160400391e+00 1.157132720947265625e+01
1.887500047683715820e+00 -5.756239891052246094e+00 1.156986141204833984e+01
1.899999976158142090e+00 -5.452100276947021484e+00 1.157014942169189453e+01
1.912500023841857910e+00 -5.079814910888671875e+00 1.158575248718261719e+01
1.924999952316284180e+00 -4.652253627777099609e+00 1.160442352294921875e+01
1.937500000000000000e+00 -4.177882671356201172e+00 1.160614585876464844e+01
1.950000047683715820e+00 -3.654198408126831055e+00 1.159554576873779297e+01
1.962499976158142090e+00 -3.079865694046020508e+00 1.159684848785400391e+01
1.975000023841857910e+00 -2.467473745346069336e+00 1.161513614654541016e+01
1.987499952316284180e+00 -1.835064530372619629e+00 1.162372684478759766e+01
2.000000000000000000e+00 -1.186092257499694824e+00 1.160407161712646484e+01
