0.000000000000000000e+00 6.251620769500732422e+00 8.811510086059570312e+00
1.250000018626451492e-02 6.285688877105712891e+00 8.779202461242675781e+00
2.500000037252902985e-02 6.249889850616455078e+00 8.784270286560058594e+00
3.750000149011611938e-02 6.140276908874511719e+00 8.819883346557617188e+00
5.000000074505805969e-02 5.955641269683837891e+00 8.871279716491699219e+00
6.250000000000000000e-02 5.702996730804443359e+00 8.944540023803710938e+00
7.500000298023223877e-02 5.389664173126220703e+00 9.062864303588867188e+00
8.749999850988388062e-02 5.014865398406982422e+00 9.231619834899902344e+00
1.000000014901161194e-01 4.577459812164306641e+00 9.428727149963378906e+00
1.124999970197677612e-01 4.090510368347167969e+00 9.644662857055664062e+00
1.250000000000000000e-01 3.576889514923095703e+00 9.914838790893554688e+00
1.375000029802322388e-01 3.043836355209350586e+00 1.028106880187988281e+01
1.500000059604644775e-01 2.469071388244628906e+00 1.071422672271728516e+01
1.624999940395355225e-01 1.824127316474914551e+00 1.110024547576904297e+01
1.749999970197677612e-01 1.113478899002075195e+00 1.132753658294677734e+01
1.875000000000000000e-01 3.822264373302459717e-01 1.138646984100341797e+01
2.000000029802322388e-01 -3.204707801342010498e-01 1.136794281005859375e+01
2.125000059604644775e-01 -9.811694622039794922e-01 1.136561965942382812e+01
2.249999940395355225e-01 -1.620397448539733887e+00 1.139701938629150391e+01
2.374999970197677612e-01 -2.256129741668701172e+00 1.142366600036621094e+01
2.500000000000000000e-01 -2.879051208496093750e+00 1.142372512817382812e+01
2.624999880790710449e-01 -3.465256452560424805e+00 1.141863155364990234e+01
2.750000059604644775e-01 -4.002579689025878906e+00 1.143337059020996094e+01
2.874999940395355225e-01 -4.494760990142822266e+00 1.145958328247070312e+01
3.000000119209289551e-01 -4.943348884582519531e+00 1.147294616699218750e+01
3.125000000000000000e-01 -5.336952209472656250e+00 1.147155094146728516e+01
3.249999880790710449e-01 -5.662131786346435547e+00 1.147638320922851562e+01
3.375000059604644775e-01 -5.917170047760009766e+00 1.149724388122558594e+01
3.499999940395355225e-01 -6.107928276062011719e+00 1.151839160919189453e+01
3.625000119209289551e-01 -6.233630180358886719e+00 1.152429485321044922e+01
3.750000000000000000e-01 -6.284978389739990234e+00 1.152378654479980469e+01
3.874999880790710449e-01 -6.256896972656250000e+00 1.153537178039550781e+01
4.000000059604644775e-01 -6.155601501464843750e+00 1.155763339996337891e+01
4.124999940395355225e-01 -5.989059925079345703e+00 1.157134246826171875e+01
4.250000119209289551e-01 -5.755999565124511719e+00 1.156993198394775391e+01
4.375000000000000000e-01 -5.450899124145507812e+00 1.157028484344482422e+01
4.499999880790710449e-01 -5.077292919158935547e+00 1.158600521087646484e+01
4.625000059604644775e-01 -4.648163795471191406e+00 1.160466861724853516e+01
4.749999940395355225e-01 -4.171974182128906250e+00 1.160621929168701172e+01
4.875000119209289551e-01 -3.646140575408935547e+00 1.159563159942626953e+01
5.000000000000000000e-01 -3.069449186325073242e+00 1.159729480743408203e+01
5.124999880790710449e-01 -2.454800605773925781e+00 1.161575508117675781e+01
5.249999761581420898e-01 -1.820279240608215332e+00 1.162382030487060547e+01
5.375000238418579102e-01 -1.168938755989074707e+00 1.160359382629394531e+01
5.500000119209289551e-01 -4.891993999481201172e-01 1.158230590820312500e+01
5.625000000000000000e-01 2.178269326686859131e-01 1.159837436676025391e+01
5.749999880790710449e-01 9.189460277557373047e-01 1.162779521942138672e+01
5.874999761581420898e-01 1.569323182106018066e+00 1.157032871246337891e+01
6.000000238418579102e-01 2.154806375503540039e+00 1.133295440673828125e+01
6.125000119209289551e-01 2.705733776092529297e+00 1.092485141754150391e+01
6.250000000000000000e-01 3.262749671936035156e+00 1.045538520812988281e+01
6.374999880790710449e-01 3.832442283630371094e+00 1.003880310058593750e+01
6.499999761581420898e-01 4.381492137908935547e+00 9.714259147644042969e+00
6.625000238418579102e-01 4.870254039764404297e+00 9.457605361938476562e+00
6.750000119209289551e-01 5.282955646514892578e+00 9.244661331176757812e+00
6.875000000000000000e-01 5.624502182006835938e+00 9.078767776489257812e+00
6.999999880790710449e-01 5.899081707000732422e+00 8.964847564697265625e+00
7.124999761581420898e-01 6.101953983306884766e+00 8.886939048767089844e+00
7.250000238418579102e-01 6.228958129882812500e+00 8.825973510742187500e+00
7.375000119209289551e-01 6.283024787902832031e+00 8.784920692443847656e+00
7.500000000000000000e-01 6.267433166503906250e+00 8.778997421264648438e+00
7.624999880790710449e-01 6.179362297058105469e+00 8.807643890380859375e+00
7.749999761581420898e-01 6.015768051147460938e+00 8.855173110961914062e+00
7.875000238418579102e-01 5.781580448150634766e+00 8.920006752014160156e+00
8.000000119209289551e-01 5.485297203063964844e+00 9.023487091064453125e+00
8.125000000000000000e-01 5.128479480743408203e+00 9.179297447204589844e+00
8.249999880790710449e-01 4.708417415618896484e+00 9.370841026306152344e+00
8.374999761581420898e-01 4.233343124389648438e+00 9.579731941223144531e+00
8.500000238418579102e-01 3.725399255752563477e+00 9.828937530517578125e+00
8.625000119209289551e-01 3.198985576629638672e+00 1.016639900207519531e+01
8.750000000000000000e-01 2.639558315277099609e+00 1.058926582336425781e+01
8.874999880790710449e-01 2.016226530075073242e+00 1.100255584716796875e+01
8.999999761581420898e-01 1.321141362190246582e+00 1.128175830841064453e+01
9.125000238418579102e-01 5.899894237518310547e-01 1.138257503509521484e+01
9.250000119209289551e-01 -1.242164820432662964e-01 1.137458896636962891e+01
9.375000000000000000e-01 -7.957674264907836914e-01 1.136199378967285156e+01
9.499999880790710449e-01 -1.438430070877075195e+00 1.138656234741210938e+01
9.624999761581420898e-01 -2.074846744537353516e+00 1.141871643066406250e+01
9.750000238418579102e-01 -2.703777313232421875e+00 1.142573070526123047e+01
9.875000119209289551e-01 -3.302585601806640625e+00 1.141866111755371094e+01
1.000000000000000000e+00 -3.853948116302490234e+00 1.142696571350097656e+01
1.012500047683715820e+00 -4.358389854431152344e+00 1.145250034332275391e+01
1.024999976158142090e+00 -4.820074081420898438e+00 1.147118759155273438e+01
1.037500023841857910e+00 -5.231021881103515625e+00 1.147234344482421875e+01
1.049999952316284180e+00 -5.576548576354980469e+00 1.147325801849365234e+01
1.062500000000000000e+00 -5.851090908050537109e+00 1.149024391174316406e+01
1.075000047683715820e+00 -6.059797763824462891e+00 1.151360225677490234e+01
1.087499976158142090e+00 -6.204838275909423828e+00 1.152411079406738281e+01
1.100000023841857910e+00 -6.278408050537109375e+00 1.152332878112792969e+01
1.112499952316284180e+00 -6.272830486297607422e+00 1.153038024902343750e+01
1.125000000000000000e+00 -6.191430091857910156e+00 1.155126094818115234e+01
1.137500047683715820e+00 -6.043190479278564453e+00 1.156919956207275391e+01
1.149999976158142090e+00 -5.829782009124755859e+00 1.157115554809570312e+01
1.162500023841857910e+00 -5.545485973358154297e+00 1.156878089904785156e+01
1.174999952316284180e+00 -5.190343856811523438e+00 1.158020687103271484e+01
1.187500000000000000e+00 -4.775735855102539062e+00 1.160046768188476562e+01
1.200000047683715820e+00 -4.312867164611816406e+00 1.160785579681396484e+01
1.212499976158142090e+00 -3.801759481430053711e+00 1.159845638275146484e+01
1.225000023841857910e+00 -3.238955020904541016e+00 1.159457683563232422e+01
1.237499952316284180e+00 -2.633131504058837891e+00 1.161003017425537109e+01
1.250000000000000000e+00 -2.003040313720703125e+00 1.162436580657958984e+01
1.262500047683715820e+00 -1.357406854629516602e+00 1.161148357391357422e+01
1.274999976158142090e+00 -6.868407726287841797e-01 1.158567237854003906e+01
1.287500023841857910e+00 1.437516976147890091e-02 1.158963966369628906e+01
1.299999952316284180e+00 7.220399379730224609e-01 1.162300395965576172e+01
1.312500000000000000e+00 1.390391826629638672e+00 1.160237789154052734e+01
1.325000047683715820e+00 1.992983579635620117e+00 1.142100429534912109e+01
1.337499976158142090e+00 2.549112081527709961e+00 1.105360126495361328e+01
1.350000023841857910e+00 3.101665973663330078e+00 1.058810806274414062e+01
1.362499952316284180e+00 3.669808149337768555e+00 1.014851188659667969e+01
1.375000000000000000e+00 4.229313373565673828e+00 9.798477172851562500e+00
1.387500047683715820e+00 4.738204479217529297e+00 9.525975227355957031e+00
1.399999976158142090e+00 5.172661781311035156e+00 9.301226615905761719e+00
1.412500023841857910e+00 5.533727645874023438e+00 9.120735168457031250e+00
1.424999952316284180e+00 5.827624320983886719e+00 8.992681503295898438e+00
1.437500000000000000e+00 6.051674842834472656e+00 8.906931877136230469e+00
1.450000047683715820e+00 6.200337886810302734e+00 8.841965675354003906e+00
1.462499976158142090e+00 6.274724483489990234e+00 8.793638229370117188e+00
1.475000023841857910e+00 6.279062271118164062e+00 8.776673316955566406e+00
1.487499952316284180e+00 6.212216377258300781e+00 8.796836853027343750e+00
1.500000000000000000e+00 6.070100307464599609e+00 8.840291976928710938e+00
1.512500047683715820e+00 5.855151176452636719e+00 8.898684501647949219e+00
1.524999976158142090e+00 5.576028823852539062e+00 8.988627433776855469e+00
1.537500023841857910e+00 5.236848831176757812e+00 9.129923820495605469e+00
1.549999952316284180e+00 4.834769248962402344e+00 9.314052581787109375e+00
1.562500000000000000e+00 4.373538494110107422e+00 9.517870903015136719e+00
1.575000047683715820e+00 3.872615814208984375e+00 9.750592231750488281e+00
1.587499976158142090e+00 3.351569414138793945e+00 1.005938434600830078e+01
1.600000023841857910e+00 2.804664373397827148e+00 1.046375751495361328e+01
1.612499952316284180e+00 2.202146530151367188e+00 1.089333915710449219e+01
1.625000000000000000e+00 1.525731444358825684e+00 1.122058773040771484e+01
1.637500047683715820e+00 7.993402481079101562e-01 1.136956310272216797e+01
1.649999976158142090e+00 7.581128180027008057e-02 1.138134193420410156e+01
1.662500023841857910e+00 -6.079498529434204102e-01 1.136192703247070312e+01
1.674999952316284180e+00 -1.256139159202575684e+00 1.137671756744384766e+01
1.687500000000000000e+00 -1.893110632896423340e+00 1.141136455535888672e+01
1.700000047683715820e+00 -2.525994300842285156e+00 1.142645168304443359e+01
1.712499976158142090e+00 -3.135900497436523438e+00 1.142017173767089844e+01
1.725000023841857910e+00 -3.701461553573608398e+00 1.142216968536376953e+01
1.737499952316284180e+00 -4.218626022338867188e+00 1.144474506378173828e+01
1.750000000000000000e+00 -4.692708969116210938e+00 1.146777534484863281e+01
1.762500047683715820e+00 -5.119676113128662109e+00 1.147312736511230469e+01
1.774999976158142090e+00 -5.485085010528564453e+00 1.147165298461914062e+01
1.787500023841857910e+00 -5.779661655426025391e+00 1.148383903503417969e+01
1.799999952316284180e+00 -6.006549358367919922e+00 1.150759696960449219e+01
1.812500000000000000e+00 -6.170209407806396484e+00 1.152286434173583984e+01
1.825000047683715820e+00 -6.265287876129150391e+00 1.152361679077148438e+01
1.837499976158142090e+00 -6.282528877258300781e+00 1.152670001983642578e+01
1.850000023841857910e+00 -6.221860408782958984e+00 1.154461956024169922e+01
1.862499952316284180e+00 -6.092060089111328125e+00 1.156555366516113281e+01
1.875000000000000000e+00 -5.897731304168701172e+00 1.157197284698486328e+01
1.887500047683715820e+00 -5.634198188781738281e+00 1.156858730316162109e+01
1.899999976158142090e+00 -5.298540115356445312e+00 1.157526493072509766e+01
1.912500023841857910e+00 -4.899457931518554688e+00 1.159507656097412109e+01
1.924999952316284180e+00 -4.449852466583251953e+00 1.160791110992431641e+01
1.937500000000000000e+00 -3.953062057495117188e+00 1.160179424285888672e+01
1.950000047683715820e+00 -3.404864788055419922e+00 1.159371089935302734e+01
1.962499976158142090e+00 -2.809555053710937500e+00 1.160427093505859375e+01
1.975000023841857910e+00 -2.184677600860595703e+00 1.162237548828125000e+01
1.987499952316284180e+00 -1.543822169303894043e+00 1.161807537078857422e+01
2.000000000000000000e+00 -8.817571401596069336e-01 1.159176921844482422e+01
