0.000000000000000000e+00 6.251215457916259766e+00 8.811838150024414062e+00
1.250000018626451492e-02 6.285471916198730469e+00 8.779348373413085938e+00
2.500000037252902985e-02 6.249465465545654297e+00 8.784440994262695312e+00
3.750000149011611938e-02 6.139219284057617188e+00 8.820219993591308594e+00
5.000000074505805969e-02 5.953538894653320312e+00 8.871849060058593750e+00
6.250000000000000000e-02 5.699532985687255859e+00 8.945627212524414062e+00
7.500000298023223877e-02 5.384535789489746094e+00 9.064929008483886719e+00
8.749999850988388062e-02 5.007685661315917969e+00 9.234773635864257812e+00
1.000000014901161194e-01 4.567962169647216797e+00 9.432743072509765625e+00
1.124999970197677612e-01 4.078832626342773438e+00 9.649928092956542969e+00
1.250000000000000000e-01 3.563325166702270508e+00 9.922772407531738281e+00
1.375000029802322388e-01 3.028081893920898438e+00 1.029251384735107422e+01
1.500000059604644775e-01 2.450013875961303711e+00 1.072721862792968750e+01
1.624999940395355225e-01 1.800852179527282715e+00 1.111044597625732422e+01
1.749999970197677612e-01 1.086534261703491211e+00 1.133186912536621094e+01
1.875000000000000000e-01 3.534666597843170166e-01 1.138610076904296875e+01
2.000000029802322388e-01 -3.495484888553619385e-01 1.136684417724609375e+01
2.125000059604644775e-01 -1.010666370391845703e+00 1.136628818511962891e+01
2.249999940395355225e-01 -1.651298761367797852e+00 1.139852046966552734e+01
2.374999970197677612e-01 -2.288589954376220703e+00 1.142404079437255859e+01
2.500000000000000000e-01 -2.911890268325805664e+00 1.142306900024414062e+01
2.624999880790710449e-01 -3.497153520584106445e+00 1.141868019104003906e+01
2.750000059604644775e-01 -4.033161640167236328e+00 1.143470954895019531e+01
2.874999940395355225e-01 -4.524114608764648438e+00 1.146083068847656250e+01
3.000000119209289551e-01 -4.970867633819580078e+00 1.147300910949707031e+01
3.125000000000000000e-01 -5.361312389373779297e+00 1.147134494781494141e+01
3.249999880790710449e-01 -5.682393074035644531e+00 1.147735404968261719e+01
3.375000059604644775e-01 -5.933263778686523438e+00 1.149904918670654297e+01
3.499999940395355225e-01 -6.119788169860839844e+00 1.151941776275634766e+01
3.625000119209289551e-01 -6.240360736846923828e+00 1.152423477172851562e+01
3.750000000000000000e-01 -6.285412788391113281e+00 1.152418518066406250e+01
3.874999880790710449e-01 -6.250707149505615234e+00 1.153717708587646484e+01
4.000000059604644775e-01 -6.143197536468505859e+00 1.155957412719726562e+01
4.124999940395355225e-01 -5.970384120941162109e+00 1.157184886932373047e+01
4.250000119209289551e-01 -5.730141162872314453e+00 1.156971359252929688e+01
4.375000000000000000e-01 -5.417249202728271484e+00 1.157134437561035156e+01
4.499999880790710449e-01 -5.036477565765380859e+00 1.158837032318115234e+01
4.625000059604644775e-01 -4.601162433624267578e+00 1.160604763031005859e+01
4.749999940395355225e-01 -4.118686676025390625e+00 1.160556221008300781e+01
4.875000119209289551e-01 -3.585772514343261719e+00 1.159514045715332031e+01
5.000000000000000000e-01 -3.002380847930908203e+00 1.159915256500244141e+01
5.124999880790710449e-01 -2.382964372634887695e+00 1.161817359924316406e+01
5.249999761581420898e-01 -1.744952559471130371e+00 1.162315940856933594e+01
5.375000238418579102e-01 -1.089064717292785645e+00 1.160051727294921875e+01
5.500000119209289551e-01 -4.034301638603210449e-01 1.158230876922607422e+01
5.625000000000000000e-01 3.073093891143798828e-01 1.160326671600341797e+01
5.749999880790710449e-01 1.006244540214538574e+00 1.162821388244628906e+01
5.874999761581420898e-01 1.649794459342956543e+00 1.155092620849609375e+01
6.000000238418579102e-01 2.229773283004760742e+00 1.128694534301757812e+01
6.125000119209289551e-01 2.780934333801269531e+00 1.086176395416259766e+01
6.250000000000000000e-01 3.341808795928955078e+00 1.039280796051025391e+01
6.374999880790710449e-01 3.912731647491455078e+00 9.987728118896484375e+00
6.499999761581420898e-01 4.456724166870117188e+00 9.674149513244628906e+00
6.625000238418579102e-01 4.936031818389892578e+00 9.423901557922363281e+00
6.750000119209289551e-01 5.338754653930664062e+00 9.216609954833984375e+00
6.875000000000000000e-01 5.671036243438720703e+00 9.058264732360839844e+00
6.999999880790710449e-01 5.935678005218505859e+00 8.951110839843750000e+00
7.124999761581420898e-01 6.127171993255615234e+00 8.876520156860351562e+00
7.250000238418579102e-01 6.242388725280761719e+00 8.817714691162109375e+00
7.375000119209289551e-01 6.285040378570556641e+00 8.781373023986816406e+00
7.500000000000000000e-01 6.257589817047119141e+00 8.781881332397460938e+00
7.624999880790710449e-01 6.156448841094970703e+00 8.814919471740722656e+00
7.749999761581420898e-01 5.979559898376464844e+00 8.864893913269042969e+00
7.875000238418579102e-01 5.733230113983154297e+00 8.934830665588378906e+00
8.000000119209289551e-01 5.425417900085449219e+00 9.047754287719726562e+00
8.125000000000000000e-01 5.056183815002441406e+00 9.212425231933593750e+00
8.249999880790710449e-01 4.623632431030273438e+00 9.408263206481933594e+00
8.374999761581420898e-01 4.139190673828125000e+00 9.622066497802734375e+00
8.500000238418579102e-01 3.625916242599487305e+00 9.885407447814941406e+00
8.625000119209289551e-01 3.093744277954101562e+00 1.024324512481689453e+01
8.750000000000000000e-01 2.522590875625610352e+00 1.067516994476318359e+01
8.874999880790710449e-01 1.882561206817626953e+00 1.107164382934570312e+01
8.999999761581420898e-01 1.174168467521667480e+00 1.131525802612304688e+01
9.125000238418579102e-01 4.403488337993621826e-01 1.138577365875244141e+01
9.250000119209289551e-01 -2.677864730358123779e-01 1.136937713623046875e+01
9.375000000000000000e-01 -9.331497550010681152e-01 1.136412906646728516e+01
9.499999880790710449e-01 -1.574885129928588867e+00 1.139416217803955078e+01
9.624999761581420898e-01 -2.212589263916015625e+00 1.142245960235595703e+01
9.750000238418579102e-01 -2.838848829269409180e+00 1.142405319213867188e+01
9.875000119209289551e-01 -3.429661750793457031e+00 1.141831970214843750e+01
1.000000000000000000e+00 -3.971506118774414062e+00 1.143175506591796875e+01
1.012500047683715820e+00 -4.467560768127441406e+00 1.145808601379394531e+01
1.024999976158142090e+00 -4.920032978057861328e+00 1.147259330749511719e+01
1.037500023841857910e+00 -5.318061828613281250e+00 1.147157764434814453e+01
1.049999952316284180e+00 -5.647760868072509766e+00 1.147568702697753906e+01
1.062500000000000000e+00 -5.906713485717773438e+00 1.149606323242187500e+01
1.075000047683715820e+00 -6.100791931152343750e+00 1.151773357391357422e+01
1.087499976158142090e+00 -6.229710102081298828e+00 1.152432918548583984e+01
1.100000023841857910e+00 -6.284255027770996094e+00 1.152372932434082031e+01
1.112499952316284180e+00 -6.258902072906494141e+00 1.153480052947998047e+01
1.125000000000000000e+00 -6.159579277038574219e+00 1.155706501007080078e+01
1.137500047683715820e+00 -5.994495868682861328e+00 1.157132148742675781e+01
1.149999976158142090e+00 -5.762680053710937500e+00 1.157021522521972656e+01
1.162500023841857910e+00 -5.458498954772949219e+00 1.157032299041748047e+01
1.174999952316284180e+00 -5.085198879241943359e+00 1.158581352233886719e+01
1.187500000000000000e+00 -4.655780792236328125e+00 1.160469818115234375e+01
1.200000047683715820e+00 -4.178989410400390625e+00 1.160659885406494141e+01
1.212499976158142090e+00 -3.652352094650268555e+00 1.159603214263916016e+01
1.225000023841857910e+00 -3.074515581130981445e+00 1.159752082824707031e+01
1.237499952316284180e+00 -2.458336114883422852e+00 1.161598110198974609e+01
1.250000000000000000e+00 -1.822083592414855957e+00 1.162417602539062500e+01
1.262500047683715820e+00 -1.168936252593994141e+00 1.160395717620849609e+01
1.274999976158142090e+00 -4.872292280197143555e-01 1.158268928527832031e+01
1.287500023841857910e+00 2.218883931636810303e-01 1.159898757934570312e+01
1.299999952316284180e+00 9.248272180557250977e-01 1.162825489044189453e+01
1.312500000000000000e+00 1.576417803764343262e+00 1.156917667388916016e+01
1.325000047683715820e+00 2.162793159484863281e+00 1.132869815826416016e+01
1.337499976158142090e+00 2.714955329895019531e+00 1.091762924194335938e+01
1.350000023841857910e+00 3.273698091506958008e+00 1.044705581665039062e+01
1.362499952316284180e+00 3.844907283782958984e+00 1.003117084503173828e+01
1.375000000000000000e+00 4.394469261169433594e+00 9.707653045654296875e+00
1.387500047683715820e+00 4.882710933685302734e+00 9.451497077941894531e+00
1.399999976158142090e+00 5.294416427612304688e+00 9.239077568054199219e+00
1.412500023841857910e+00 5.634775638580322266e+00 9.074355125427246094e+00
1.424999952316284180e+00 5.907717704772949219e+00 8.961734771728515625e+00
1.437500000000000000e+00 6.108282566070556641e+00 8.884483337402343750e+00
1.450000047683715820e+00 6.232523918151855469e+00 8.823902130126953125e+00
1.462499976158142090e+00 6.283613681793212891e+00 8.783955574035644531e+00
1.475000023841857910e+00 6.264656066894531250e+00 8.779806137084960938e+00
1.487499952316284180e+00 6.172580242156982422e+00 8.809833526611328125e+00
1.500000000000000000e+00 6.004583835601806641e+00 8.858193397521972656e+00
1.512500047683715820e+00 5.766058921813964844e+00 8.924671173095703125e+00
1.524999976158142090e+00 5.465424537658691406e+00 9.031367301940917969e+00
1.537500023841857910e+00 5.103755474090576172e+00 9.190514564514160156e+00
1.549999952316284180e+00 4.678540229797363281e+00 9.383974075317382812e+00
1.562500000000000000e+00 4.199151992797851562e+00 9.594888687133789062e+00
1.575000047683715820e+00 3.688279151916503906e+00 9.849482536315917969e+00
1.587499976158142090e+00 3.158863544464111328e+00 1.019516468048095703e+01
1.600000023841857910e+00 2.594139575958251953e+00 1.062262821197509766e+01
1.612499952316284180e+00 1.963231682777404785e+00 1.103051853179931641e+01
1.625000000000000000e+00 1.261427164077758789e+00 1.129602050781250000e+01
1.637500047683715820e+00 5.276470184326171875e-01 1.138418865203857422e+01
1.649999976158142090e+00 -1.853615045547485352e-01 1.137217617034912109e+01
1.662500023841857910e+00 -8.552958965301513672e-01 1.136255931854248047e+01
1.674999952316284180e+00 -1.498453140258789062e+00 1.138975524902343750e+01
1.687500000000000000e+00 -2.136446952819824219e+00 1.142042922973632812e+01
1.700000047683715820e+00 -2.765282869338989258e+00 1.142492294311523438e+01
1.712499976158142090e+00 -3.361443758010864258e+00 1.141828346252441406e+01
1.725000023841857910e+00 -3.909196853637695312e+00 1.142901134490966797e+01
1.737499952316284180e+00 -4.410402774810791016e+00 1.145513916015625000e+01
1.750000000000000000e+00 -4.868422508239746094e+00 1.147191810607910156e+01
1.762500047683715820e+00 -5.273814678192138672e+00 1.147189807891845703e+01
1.774999976158142090e+00 -5.612102985382080078e+00 1.147429275512695312e+01
1.787500023841857910e+00 -5.879243373870849609e+00 1.149309825897216797e+01
1.799999952316284180e+00 -6.080875873565673828e+00 1.151579666137695312e+01
1.812500000000000000e+00 -6.217987537384033203e+00 1.152430438995361328e+01
1.825000047683715820e+00 -6.281935214996337891e+00 1.152346992492675781e+01
1.837499976158142090e+00 -6.266033172607421875e+00 1.153261375427246094e+01
1.850000023841857910e+00 -6.175033092498779297e+00 1.155442428588867188e+01
1.862499952316284180e+00 -6.017658710479736328e+00 1.157053852081298828e+01
1.875000000000000000e+00 -5.794168949127197266e+00 1.157073783874511719e+01
1.887500047683715820e+00 -5.498744010925292969e+00 1.156956195831298828e+01
1.899999976158142090e+00 -5.133122920989990234e+00 1.158331775665283203e+01
1.912500023841857910e+00 -4.709738254547119141e+00 1.160306835174560547e+01
1.924999952316284180e+00 -4.238576889038085938e+00 1.160742473602294922e+01
1.937500000000000000e+00 -3.718176841735839844e+00 1.159712505340576172e+01
1.950000047683715820e+00 -3.146091699600219727e+00 1.159618091583251953e+01
1.962499976158142090e+00 -2.533442020416259766e+00 1.161363124847412109e+01
1.975000023841857910e+00 -1.898995637893676758e+00 1.162471866607666016e+01
1.987499952316284180e+00 -1.248382091522216797e+00 1.160735988616943359e+01
2.000000000000000000e+00 -5.705893039703369141e-01 1.158369445800781250e+01
