0.000000000000000000e+00 6.250800609588623047e+00 8.812067985534667969e+00
1.250000018626451492e-02 6.285245895385742188e+00 8.779396057128906250e+00
2.500000037252902985e-02 6.249031543731689453e+00 8.784512519836425781e+00
3.750000149011611938e-02 6.138150215148925781e+00 8.820457458496093750e+00
5.000000074505805969e-02 5.951422691345214844e+00 8.872318267822265625e+00
6.250000000000000000e-02 5.696053981781005859e+00 8.946619033813476562e+00
7.500000298023223877e-02 5.379387855529785156e+00 9.066901206970214844e+00
8.749999850988388062e-02 5.000481605529785156e+00 9.237833976745605469e+00
1.000000014901161194e-01 4.558439254760742188e+00 9.436664581298828125e+00
1.124999970197677612e-01 4.067137718200683594e+00 9.655118942260742188e+00
1.250000000000000000e-01 3.549747228622436523e+00 9.930665969848632812e+00
1.375000029802322388e-01 3.012295484542846680e+00 1.030390644073486328e+01
1.500000059604644775e-01 2.430889129638671875e+00 1.074005317687988281e+01
1.624999940395355225e-01 1.777500510215759277e+00 1.112034988403320312e+01
1.749999970197677612e-01 1.059561610221862793e+00 1.133587455749511719e+01
1.875000000000000000e-01 3.247534334659576416e-01 1.138552951812744141e+01
2.000000029802322388e-01 -3.785490095615386963e-01 1.136569786071777344e+01
2.125000059604644775e-01 -1.040119171142578125e+00 1.136693191528320312e+01
2.249999940395355225e-01 -1.682189464569091797e+00 1.139989662170410156e+01
2.374999970197677612e-01 -2.321006298065185547e+00 1.142423725128173828e+01
2.500000000000000000e-01 -2.944605588912963867e+00 1.142230701446533203e+01
2.624999880790710449e-01 -3.528878211975097656e+00 1.141870784759521484e+01
2.750000059604644775e-01 -4.063573837280273438e+00 1.143598747253417969e+01
2.874999940395355225e-01 -4.553288459777832031e+00 1.146191310882568359e+01
3.000000119209289551e-01 -4.998134136199951172e+00 1.147290802001953125e+01
3.125000000000000000e-01 -5.385333538055419922e+00 1.147108840942382812e+01
3.249999880790710449e-01 -5.702285766601562500e+00 1.147832107543945312e+01
3.375000059604644775e-01 -5.948997497558593750e+00 1.150074768066406250e+01
3.499999940395355225e-01 -6.131251335144042969e+00 1.152024364471435547e+01
3.625000119209289551e-01 -6.246598243713378906e+00 1.152404880523681641e+01
3.750000000000000000e-01 -6.285286903381347656e+00 1.152459716796875000e+01
3.874999880790710449e-01 -6.243977546691894531e+00 1.153896808624267578e+01
4.000000059604644775e-01 -6.130283832550048828e+00 1.156132698059082031e+01
4.124999940395355225e-01 -5.951143741607666016e+00 1.157212448120117188e+01
4.250000119209289551e-01 -5.703626632690429688e+00 1.156944465637207031e+01
4.375000000000000000e-01 -5.382950305938720703e+00 1.157248020172119141e+01
4.499999880790710449e-01 -4.995121955871582031e+00 1.159064865112304688e+01
4.625000059604644775e-01 -4.553673744201660156e+00 1.160710811614990234e+01
4.749999940395355225e-01 -4.064835071563720703e+00 1.160468387603759766e+01
4.875000119209289551e-01 -3.524796485900878906e+00 1.159475421905517578e+01
5.000000000000000000e-01 -2.934864521026611328e+00 1.160113811492919922e+01
5.124999880790710449e-01 -2.310909986495971680e+00 1.162029075622558594e+01
5.249999761581420898e-01 -1.669404745101928711e+00 1.162195968627929688e+01
5.375000238418579102e-01 -1.008748650550842285e+00 1.159740543365478516e+01
5.500000119209289551e-01 -3.172370791435241699e-01 1.158290767669677734e+01
5.625000000000000000e-01 3.966259360313415527e-01 1.160823345184326172e+01
5.749999880790710449e-01 1.092583775520324707e+00 1.162682247161865234e+01
5.874999761581420898e-01 1.729088664054870605e+00 1.152805233001708984e+01
6.000000238418579102e-01 2.304173946380615234e+00 1.123782348632812500e+01
6.125000119209289551e-01 2.856326580047607422e+00 1.079781436920166016e+01
6.250000000000000000e-01 3.421085119247436523e+00 1.033153915405273438e+01
6.374999880790710449e-01 3.992456436157226562e+00 9.938490867614746094e+00
6.499999761581420898e-01 4.530545711517333984e+00 9.635207176208496094e+00
6.625000238418579102e-01 5.000109672546386719e+00 9.390934944152832031e+00
6.750000119209289551e-01 5.392969608306884766e+00 9.189555168151855469e+00
6.875000000000000000e-01 5.715991973876953125e+00 9.038910865783691406e+00
6.999999880790710449e-01 5.970466613769531250e+00 8.938059806823730469e+00
7.124999761581420898e-01 6.150420188903808594e+00 8.866332054138183594e+00
7.250000238418579102e-01 6.253896713256835938e+00 8.809916496276855469e+00
7.375000119209289551e-01 6.285148143768310547e+00 8.778772354125976562e+00
7.500000000000000000e-01 6.245652198791503906e+00 8.785609245300292969e+00
7.624999880790710449e-01 6.131289482116699219e+00 8.822527885437011719e+00
7.749999761581420898e-01 5.941239833831787109e+00 8.875044822692871094e+00
7.875000238418579102e-01 5.682978153228759766e+00 8.950923919677734375e+00
8.000000119209289551e-01 5.363565444946289062e+00 9.073669433593750000e+00
8.125000000000000000e-01 4.981742382049560547e+00 9.246459007263183594e+00
8.249999880790710449e-01 4.537026882171630859e+00 9.446042060852050781e+00
8.374999761581420898e-01 4.044058322906494141e+00 9.665973663330078125e+00
8.500000238418579102e-01 3.525858163833618164e+00 9.945383071899414062e+00
8.625000119209289551e-01 2.987111330032348633e+00 1.032301235198974609e+01
8.750000000000000000e-01 2.402902841567993164e+00 1.075958156585693359e+01
8.874999880790710449e-01 1.746054768562316895e+00 1.113419914245605469e+01
8.999999761581420898e-01 1.026120781898498535e+00 1.134123706817626953e+01
9.125000238418579102e-01 2.918873727321624756e-01 1.138525199890136719e+01
9.250000119209289551e-01 -4.093963503837585449e-01 1.136488819122314453e+01
9.375000000000000000e-01 -1.069489121437072754e+00 1.136797332763671875e+01
9.499999880790710449e-01 -1.711250185966491699e+00 1.140149974822998047e+01
9.624999761581420898e-01 -2.349835157394409180e+00 1.142465209960937500e+01
9.750000238418579102e-01 -2.972142219543457031e+00 1.142191505432128906e+01
9.875000119209289551e-01 -3.554227590560913086e+00 1.141899871826171875e+01
1.000000000000000000e+00 -4.086736202239990234e+00 1.143718338012695312e+01
1.012500047683715820e+00 -4.574515342712402344e+00 1.146284675598144531e+01
1.024999976158142090e+00 -5.017089843750000000e+00 1.147296142578125000e+01
1.037500023841857910e+00 -5.401298999786376953e+00 1.147106742858886719e+01
1.049999952316284180e+00 -5.714963436126708984e+00 1.147908401489257812e+01
1.062500000000000000e+00 -5.958643436431884766e+00 1.150186920166015625e+01
1.075000047683715820e+00 -6.138002872467041016e+00 1.152075290679931641e+01
1.087499976158142090e+00 -6.250085830688476562e+00 1.152397727966308594e+01
1.100000023841857910e+00 -6.285119533538818359e+00 1.152488899230957031e+01
1.112499952316284180e+00 -6.240304946899414062e+00 1.153995418548583984e+01
1.125000000000000000e+00 -6.123552799224853516e+00 1.156218719482421875e+01
1.137500047683715820e+00 -5.941440582275390625e+00 1.157219696044921875e+01
1.149999976158142090e+00 -5.690657138824462891e+00 1.156929683685302734e+01
1.162500023841857910e+00 -5.366701126098632812e+00 1.157301712036132812e+01
1.174999952316284180e+00 -4.976145267486572266e+00 1.159162425994873047e+01
1.187500000000000000e+00 -4.532510280609130859e+00 1.160744285583496094e+01
1.200000047683715820e+00 -4.041461467742919922e+00 1.160419845581054688e+01
1.212499976158142090e+00 -3.499022006988525391e+00 1.159456920623779297e+01
1.225000023841857910e+00 -2.907111883163452148e+00 1.160191249847412109e+01
1.237499952316284180e+00 -2.282092809677124023e+00 1.162097358703613281e+01
1.250000000000000000e+00 -1.639912724494934082e+00 1.162128353118896484e+01
1.262500047683715820e+00 -9.780758023262023926e-01 1.159615230560302734e+01
1.274999976158142090e+00 -2.851052284240722656e-01 1.158319664001464844e+01
1.287500023841857910e+00 4.289958178997039795e-01 1.160993099212646484e+01
1.299999952316284180e+00 1.122977495193481445e+00 1.162575721740722656e+01
1.312500000000000000e+00 1.756347656250000000e+00 1.151918029785156250e+01
1.325000047683715820e+00 2.329380273818969727e+00 1.122031688690185547e+01
1.337499976158142090e+00 2.881560564041137695e+00 1.077621173858642578e+01
1.350000023841857910e+00 3.447111368179321289e+00 1.031166553497314453e+01
1.362499952316284180e+00 4.017953395843505859e+00 9.922941207885742188e+00
1.375000000000000000e+00 4.553517818450927734e+00 9.623079299926757812e+00
1.387500047683715820e+00 5.019576549530029297e+00 9.380852699279785156e+00
1.399999976158142090e+00 5.409099102020263672e+00 9.181538581848144531e+00
1.412500023841857910e+00 5.729065418243408203e+00 9.033357620239257812e+00
1.424999952316284180e+00 5.980298042297363281e+00 8.934352874755859375e+00
1.437500000000000000e+00 6.156757354736328125e+00 8.863445281982421875e+00
1.450000047683715820e+00 6.256844997406005859e+00 8.807815551757812500e+00
1.462499976158142090e+00 6.284905910491943359e+00 8.778232574462890625e+00
1.475000023841857910e+00 6.242117404937744141e+00 8.786769866943359375e+00
1.487499952316284180e+00 6.124270439147949219e+00 8.824625968933105469e+00
1.500000000000000000e+00 5.930916309356689453e+00 8.877816200256347656e+00
1.512500047683715820e+00 5.669778823852539062e+00 8.955330848693847656e+00
1.524999976158142090e+00 5.347614765167236328e+00 9.080546379089355469e+00
1.537500023841857910e+00 4.962870597839355469e+00 9.255135536193847656e+00
1.549999952316284180e+00 4.515512466430664062e+00 9.455452919006347656e+00
1.562500000000000000e+00 4.020930767059326172e+00 9.676950454711914062e+00
1.575000047683715820e+00 3.501932859420776367e+00 9.960317611694335938e+00
1.587499976158142090e+00 2.961834192276000977e+00 1.034225749969482422e+01
1.600000023841857910e+00 2.374759674072265625e+00 1.077898025512695312e+01
1.612499952316284180e+00 1.714470982551574707e+00 1.114768123626708984e+01
1.625000000000000000e+00 9.926508665084838867e-01 1.134624481201171875e+01
1.637500047683715820e+00 2.590972781181335449e-01 1.138484477996826172e+01
1.649999976158142090e+00 -4.401525855064392090e-01 1.136414241790771484e+01
1.662500023841857910e+00 -1.098823070526123047e+00 1.136908531188964844e+01
1.674999952316284180e+00 -1.740310311317443848e+00 1.140307426452636719e+01
1.687500000000000000e+00 -2.378632307052612305e+00 1.142500400543212891e+01
1.700000047683715820e+00 -2.999592542648315430e+00 1.142152500152587891e+01
1.712499976158142090e+00 -3.579471826553344727e+00 1.141934108734130859e+01
1.725000023841857910e+00 -4.109807968139648438e+00 1.143839740753173828e+01
1.737499952316284180e+00 -4.595652103424072266e+00 1.146374320983886719e+01
1.750000000000000000e+00 -5.035924434661865234e+00 1.147298622131347656e+01
1.762500047683715820e+00 -5.417116641998291016e+00 1.147107028961181641e+01
1.774999976158142090e+00 -5.727495670318603516e+00 1.147988224029541016e+01
1.787500023841857910e+00 -5.968158721923828125e+00 1.150298118591308594e+01
1.799999952316284180e+00 -6.144617080688476562e+00 1.152122497558593750e+01
1.812500000000000000e+00 -6.253413200378417969e+00 1.152389907836914062e+01
1.825000047683715820e+00 -6.284784793853759766e+00 1.152521514892578125e+01
1.837499976158142090e+00 -6.236484527587890625e+00 1.154095745086669922e+01
1.850000023841857910e+00 -6.116689205169677734e+00 1.156301879882812500e+01
1.862499952316284180e+00 -5.931595325469970703e+00 1.157223701477050781e+01
1.875000000000000000e+00 -5.677534103393554688e+00 1.156916522979736328e+01
1.887500047683715820e+00 -5.350312709808349609e+00 1.157359123229980469e+01
1.899999976158142090e+00 -4.957060813903808594e+00 1.159259414672851562e+01
1.912500023841857910e+00 -4.511251449584960938e+00 1.160773277282714844e+01
1.924999952316284180e+00 -4.017981052398681641e+00 1.160369682312011719e+01
1.937500000000000000e+00 -3.473142385482788086e+00 1.159442520141601562e+01
1.950000047683715820e+00 -2.879291057586669922e+00 1.160271739959716797e+01
1.962499976158142090e+00 -2.253244400024414062e+00 1.162161445617675781e+01
1.975000023841857910e+00 -1.610382318496704102e+00 1.162054443359375000e+01
1.987499952316284180e+00 -9.473345279693603516e-01 1.159492588043212891e+01
2.000000000000000000e+00 -2.529232203960418701e-01 1.158358287811279297e+01
