0.000000000000000000e+00 6.250395774841308594e+00 8.812397956848144531e+00
1.250000018626451492e-02 6.285029888153076172e+00 8.779542922973632812e+00
2.500000037252902985e-02 6.248608112335205078e+00 8.784684181213378906e+00
3.750000149011611938e-02 6.137089252471923828e+00 8.820794105529785156e+00
5.000000074505805969e-02 5.949311733245849609e+00 8.872888565063476562e+00
6.250000000000000000e-02 5.692575931549072266e+00 8.947713851928710938e+00
7.500000298023223877e-02 5.374237060546875000e+00 9.068983078002929688e+00
8.749999850988388062e-02 4.993268013000488281e+00 9.241000175476074219e+00
1.000000014901161194e-01 4.548904418945312500e+00 9.440689086914062500e+00
1.124999970197677612e-01 4.055436611175537109e+00 9.660434722900390625e+00
1.250000000000000000e-01 3.536164999008178711e+00 9.938718795776367188e+00
1.375000029802322388e-01 2.996483087539672852e+00 1.031544303894042969e+01
1.500000059604644775e-01 2.411701679229736328e+00 1.075292301177978516e+01
1.624999940395355225e-01 1.754076480865478516e+00 1.113015270233154297e+01
1.749999970197677612e-01 1.032564759254455566e+00 1.133975315093994141e+01
1.875000000000000000e-01 2.960878312587738037e-01 1.138496303558349609e+01
2.000000029802322388e-01 -4.074761569499969482e-01 1.136470985412597656e+01
2.125000059604644775e-01 -1.069535613059997559e+00 1.136774921417236328e+01
2.249999940395355225e-01 -1.713076829910278320e+00 1.140134620666503906e+01
2.374999970197677612e-01 -2.353384494781494141e+00 1.142445755004882812e+01
2.500000000000000000e-01 -2.977205038070678711e+00 1.142164707183837891e+01
2.624999880790710449e-01 -3.560443639755249023e+00 1.141891670227050781e+01
2.750000059604644775e-01 -4.093832492828369141e+00 1.143739891052246094e+01
2.874999940395355225e-01 -4.582296848297119141e+00 1.146302890777587891e+01
3.000000119209289551e-01 -5.025161266326904297e+00 1.147284984588623047e+01
3.125000000000000000e-01 -5.409031391143798828e+00 1.147098827362060547e+01
3.249999880790710449e-01 -5.721830844879150391e+00 1.147948074340820312e+01
3.375000059604644775e-01 -5.964393138885498047e+00 1.150252723693847656e+01
3.499999940395355225e-01 -6.142334938049316406e+00 1.152106475830078125e+01
3.625000119209289551e-01 -6.252357006072998047e+00 1.152394676208496094e+01
3.750000000000000000e-01 -6.284622669219970703e+00 1.152522563934326172e+01
3.874999880790710449e-01 -6.236733913421630859e+00 1.154092884063720703e+01
4.000000059604644775e-01 -6.116880893707275391e+00 1.156307888031005859e+01
4.124999940395355225e-01 -5.931351661682128906e+00 1.157237720489501953e+01
4.250000119209289551e-01 -5.676472187042236328e+00 1.156934356689453125e+01
4.375000000000000000e-01 -5.348030090332031250e+00 1.157388877868652344e+01
4.499999880790710449e-01 -4.953254222869873047e+00 1.159301185607910156e+01
4.625000059604644775e-01 -4.505711078643798828e+00 1.160804462432861328e+01
4.749999940395355225e-01 -4.010423183441162109e+00 1.160381603240966797e+01
4.875000119209289551e-01 -3.463232517242431641e+00 1.159470081329345703e+01
5.000000000000000000e-01 -2.866937637329101562e+00 1.160341835021972656e+01
5.124999880790710449e-01 -2.238659620285034180e+00 1.162225437164306641e+01
5.249999761581420898e-01 -1.593620538711547852e+00 1.162044429779052734e+01
5.375000238418579102e-01 -9.279730916023254395e-01 1.159455013275146484e+01
5.500000119209289551e-01 -2.306620925664901733e-01 1.158431911468505859e+01
5.625000000000000000e-01 4.856780171394348145e-01 1.161329555511474609e+01
5.749999880790710449e-01 1.177899837493896484e+00 1.162356090545654297e+01
5.874999761581420898e-01 1.807257533073425293e+00 1.150183868408203125e+01
6.000000238418579102e-01 2.378134489059448242e+00 1.118603134155273438e+01
6.125000119209289551e-01 2.931980848312377930e+00 1.073355960845947266e+01
6.250000000000000000e-01 3.500521659851074219e+00 1.027195453643798828e+01
6.374999880790710449e-01 4.071500778198242188e+00 9.891224861145019531e+00
6.499999761581420898e-01 4.602900981903076172e+00 9.597519874572753906e+00
6.625000238418579102e-01 5.062519073486328125e+00 9.358909606933593750e+00
6.750000119209289551e-01 5.445645332336425781e+00 9.163748741149902344e+00
6.875000000000000000e-01 5.759372234344482422e+00 9.020864486694335938e+00
6.999999880790710449e-01 6.003438949584960938e+00 8.925792694091796875e+00
7.124999761581420898e-01 6.171726226806640625e+00 8.856557846069335938e+00
7.250000238418579102e-01 6.263526916503906250e+00 8.802858352661132812e+00
7.375000119209289551e-01 6.283360958099365234e+00 8.777347564697265625e+00
7.500000000000000000e-01 6.231614112854003906e+00 8.790292739868164062e+00
7.624999880790710449e-01 6.103917121887207031e+00 8.830615997314453125e+00
7.749999761581420898e-01 5.900880336761474609e+00 8.885937690734863281e+00
7.875000238418579102e-01 5.630865573883056641e+00 8.968618392944335938e+00
8.000000119209289551e-01 5.299728393554687500e+00 9.101359367370605469e+00
8.125000000000000000e-01 4.905190467834472656e+00 9.281417846679687500e+00
8.249999880790710449e-01 4.448757648468017578e+00 9.484451293945312500e+00
8.374999761581420898e-01 3.948107957839965820e+00 9.712033271789550781e+00
8.500000238418579102e-01 3.425180673599243164e+00 1.000921726226806641e+01
8.625000119209289551e-01 2.878837823867797852e+00 1.040529155731201172e+01
8.750000000000000000e-01 2.280347347259521484e+00 1.084161567687988281e+01
8.874999880790710449e-01 1.606940150260925293e+00 1.118984031677246094e+01
8.999999761581420898e-01 8.774871230125427246e-01 1.136040115356445312e+01
9.125000238418579102e-01 1.449178159236907959e-01 1.138225841522216797e+01
9.250000119209289551e-01 -5.491451025009155273e-01 1.136186313629150391e+01
9.375000000000000000e-01 -1.205057740211486816e+00 1.137343978881835938e+01
9.499999880790710449e-01 -1.847573280334472656e+00 1.140833282470703125e+01
9.624999761581420898e-01 -2.486346721649169922e+00 1.142556381225585938e+01
9.750000238418579102e-01 -3.103433847427368164e+00 1.141991901397705078e+01
9.875000119209289551e-01 -3.676293373107910156e+00 1.142099475860595703e+01
1.000000000000000000e+00 -4.199740409851074219e+00 1.144313049316406250e+01
1.012500047683715820e+00 -4.679195880889892578e+00 1.146677303314208984e+01
1.024999976158142090e+00 -5.111051082611083984e+00 1.147271919250488281e+01
1.037500023841857910e+00 -5.480648040771484375e+00 1.147130966186523438e+01
1.049999952316284180e+00 -5.778256416320800781e+00 1.148354053497314453e+01
1.062500000000000000e+00 -6.006965637207031250e+00 1.150751590728759766e+01
1.075000047683715820e+00 -6.171337127685546875e+00 1.152282810211181641e+01
1.087499976158142090e+00 -6.265833854675292969e+00 1.152359199523925781e+01
1.100000023841857910e+00 -6.281057357788085938e+00 1.152717399597167969e+01
1.112499952316284180e+00 -6.217234611511230469e+00 1.154574012756347656e+01
1.125000000000000000e+00 -6.083422660827636719e+00 1.156651782989501953e+01
1.137500047683715820e+00 -5.883919239044189453e+00 1.157221508026123047e+01
1.149999976158142090e+00 -5.613690376281738281e+00 1.156901741027832031e+01
1.162500023841857910e+00 -5.270325183868408203e+00 1.157701873779296875e+01
1.174999952316284180e+00 -4.863455295562744141e+00 1.159733867645263672e+01
1.187500000000000000e+00 -4.405943870544433594e+00 1.160873603820800781e+01
1.200000047683715820e+00 -3.900170564651489258e+00 1.160137367248535156e+01
1.212499976158142090e+00 -3.341926574707031250e+00 1.159469413757324219e+01
1.225000023841857910e+00 -2.737207651138305664e+00 1.160749530792236328e+01
1.237499952316284180e+00 -2.104669094085693359e+00 1.162444400787353516e+01
1.250000000000000000e+00 -1.456279754638671875e+00 1.161614322662353516e+01
1.262500047683715820e+00 -7.845646739006042480e-01 1.158949851989746094e+01
1.274999976158142090e+00 -8.099865913391113281e-02 1.158766555786132812e+01
1.287500023841857910e+00 6.344432234764099121e-01 1.162053775787353516e+01
1.299999952316284180e+00 1.315647721290588379e+00 1.161258316040039062e+01
1.312500000000000000e+00 1.930674910545349121e+00 1.145164203643798828e+01
1.325000047683715820e+00 2.494065999984741211e+00 1.109859657287597656e+01
1.337499976158142090e+00 3.049610137939453125e+00 1.063337230682373047e+01
1.350000023841857910e+00 3.621201515197753906e+00 1.018408489227294922e+01
1.362499952316284180e+00 4.187611103057861328e+00 9.823456764221191406e+00
1.375000000000000000e+00 4.705716133117675781e+00 9.543852806091308594e+00
1.387500047683715820e+00 5.148919582366943359e+00 9.314199447631835938e+00
1.399999976158142090e+00 5.516983032226562500e+00 9.129238128662109375e+00
1.412500023841857910e+00 5.816492557525634766e+00 8.997600555419921875e+00
1.424999952316284180e+00 6.045142173767089844e+00 8.909866333007812500e+00
1.437500000000000000e+00 6.197169780731201172e+00 8.843851089477539062e+00
1.450000047683715820e+00 6.273517608642578125e+00 8.794569969177246094e+00
1.462499976158142090e+00 6.278570652008056641e+00 8.776941299438476562e+00
1.475000023841857910e+00 6.211262702941894531e+00 8.797112464904785156e+00
1.487499952316284180e+00 6.067400455474853516e+00 8.840985298156738281e+00
1.500000000000000000e+00 5.849518299102783203e+00 8.900137901306152344e+00
1.512500047683715820e+00 5.566509723663330078e+00 8.991833686828613281e+00
1.524999976158142090e+00 5.222423076629638672e+00 9.135917663574218750e+00
1.537500023841857910e+00 4.814322948455810547e+00 9.322738647460937500e+00
1.549999952316284180e+00 4.346642971038818359e+00 9.529092788696289062e+00
1.562500000000000000e+00 3.839894294738769531e+00 9.766734123229980469e+00
1.575000047683715820e+00 3.313287258148193359e+00 1.008441829681396484e+01
1.587499976158142090e+00 2.758883237838745117e+00 1.049720573425292969e+01
1.600000023841857910e+00 2.145531654357910156e+00 1.092628765106201172e+01
1.612499952316284180e+00 1.457200765609741211e+00 1.124123954772949219e+01
1.625000000000000000e+00 7.223207354545593262e-01 1.137420654296875000e+01
1.637500047683715820e+00 -4.385809879750013351e-03 1.137784767150878906e+01
1.649999976158142090e+00 -6.890407204627990723e-01 1.136077022552490234e+01
1.662500023841857910e+00 -1.340060710906982422e+00 1.138027572631835938e+01
1.674999952316284180e+00 -1.982022762298583984e+00 1.141437530517578125e+01
1.687500000000000000e+00 -2.618371248245239258e+00 1.142551422119140625e+01
1.700000047683715820e+00 -3.227641582489013672e+00 1.141856098175048828e+01
1.712499976158142090e+00 -3.789928197860717773e+00 1.142414760589599609e+01
1.725000023841857910e+00 -4.303758621215820312e+00 1.144892311096191406e+01
1.737499952316284180e+00 -4.774053096771240234e+00 1.146960639953613281e+01
1.750000000000000000e+00 -5.194183349609375000e+00 1.147221946716308594e+01
1.762500047683715820e+00 -5.549045562744140625e+00 1.147233486175537109e+01
1.774999976158142090e+00 -5.831650733947753906e+00 1.148819828033447266e+01
1.787500023841857910e+00 -6.046758651733398438e+00 1.151205730438232422e+01
1.799999952316284180e+00 -6.197288513183593750e+00 1.152384662628173828e+01
1.812500000000000000e+00 -6.275785923004150391e+00 1.152338504791259766e+01
1.825000047683715820e+00 -6.273981094360351562e+00 1.152989387512207031e+01
1.837499976158142090e+00 -6.194683074951171875e+00 1.155066776275634766e+01
1.850000023841857910e+00 -6.047121524810791016e+00 1.156918907165527344e+01
1.862499952316284180e+00 -5.833369731903076172e+00 1.157159900665283203e+01
1.875000000000000000e+00 -5.547642707824707031e+00 1.156926822662353516e+01
1.887500047683715820e+00 -5.189815998077392578e+00 1.158079147338867188e+01
1.899999976158142090e+00 -4.771479606628417969e+00 1.160122489929199219e+01
1.912500023841857910e+00 -4.304087638854980469e+00 1.160847091674804688e+01
1.924999952316284180e+00 -3.787568569183349609e+00 1.159895992279052734e+01
1.937500000000000000e+00 -3.218521356582641602e+00 1.159569549560546875e+01
1.950000047683715820e+00 -2.606282472610473633e+00 1.161182308197021484e+01
1.962499976158142090e+00 -1.970069050788879395e+00 1.162536907196044922e+01
1.975000023841857910e+00 -1.317925691604614258e+00 1.161086750030517578e+01
1.987499952316284180e+00 -6.396392583847045898e-01 1.158566093444824219e+01
2.000000000000000000e+00 6.930051743984222412e-02 1.159289360046386719e+01
