2.781136989593505859e+00 1.303386116027832031e+01 1.359147357940673828e+01 -9.131479263305664062e-01 -1.068160057067871094e+01 -9.837400436401367188e+00 -2.963769197463989258e+00 3.625165700912475586e+00 6.439276218414306641e+00 5.310980796813964844e+00 2.000811815261840820e+00 -1.394671440124511719e+00 -3.449501514434814453e+00 -3.715909242630004883e+00 -2.542710781097412109e+00 -6.843702793121337891e-01 1.080658316612243652e+00 2.204665899276733398e+00 2.469773292541503906e+00 1.959574937820434570e+00
4.814294815063476562e+00 1.436474037170410156e+01 1.144589233398437500e+01 -3.033944129943847656e+00 -1.113593864440917969e+01 -8.980773925781250000e+00 -1.797937870025634766e+00 4.359170436859130859e+00 6.517026901245117188e+00 4.897279739379882812e+00 1.412490129470825195e+00 -1.878766775131225586e+00 -3.680777549743652344e+00 -3.682744026184082031e+00 -2.327427625656127930e+00 -4.056264162063598633e-01 1.316260814666748047e+00 2.330941677093505859e+00 2.468620538711547852e+00 1.853158593177795410e+00
6.725146293640136719e+00 1.533663463592529297e+01 9.013650894165039062e+00 -5.088770389556884766e+00 -1.132783508300781250e+01 -7.914947509765625000e+00 -5.979722738265991211e-01 4.978151321411132812e+00 6.429111957550048828e+00 4.360399246215820312e+00 7.898128628730773926e-01 -2.312595367431640625e+00 -3.813425064086914062e+00 -3.546895503997802734e+00 -2.039285182952880859e+00 -9.865140914916992188e-02 1.539308786392211914e+00 2.420176982879638672e+00 2.426543712615966797e+00 1.719688057899475098e+00
8.469090461730957031e+00 1.592915534973144531e+01 6.357405662536621094e+00 -7.022692680358886719e+00 -1.124642086029052734e+01 -6.658946037292480469e+00 6.143678426742553711e-01 5.475139617919921875e+00 6.186460018157958984e+00 3.722618579864501953e+00 1.569732427597045898e-01 -2.677517652511596680e+00 -3.837862014770507812e+00 -3.307645797729492188e+00 -1.683963894844055176e+00 2.276070117950439453e-01 1.740162014961242676e+00 2.463454723358154297e+00 2.335552215576171875e+00 1.551418542861938477e+00
1.000114631652832031e+01 1.612535095214843750e+01 3.542166233062744141e+00 -8.788866996765136719e+00 -1.089435577392578125e+01 -5.243232727050781250e+00 1.810841083526611328e+00 5.839840888977050781e+00 5.796358108520507812e+00 2.999663352966308594e+00 -4.719919264316558838e-01 -2.967694044113159180e+00 -3.758212089538574219e+00 -2.977224349975585938e+00 -1.278246879577636719e+00 5.553169250488281250e-01 1.902353286743164062e+00 2.446674823760986328e+00 2.183732748031616211e+00 1.337772011756896973e+00
1.128344917297363281e+01 1.592088794708251953e+01 6.380697488784790039e-01 -1.034239387512207031e+01 -1.027808189392089844e+01 -3.699837684631347656e+00 2.964919567108154297e+00 6.065824508666992188e+00 5.270227432250976562e+00 2.210193872451782227e+00 -1.081838607788085938e+00 -3.177441120147705078e+00 -3.579188585281372070e+00 -2.567796230316162109e+00 -8.372836112976074219e-01 8.704183101654052734e-01 2.015502691268920898e+00 2.363999366760253906e+00 1.969273805618286133e+00 1.079689502716064453e+00
1.228932189941406250e+01 1.532714080810546875e+01 -2.279844760894775391e+00 -1.163971996307373047e+01 -9.406023979187011719e+00 -2.060647487640380859e+00 4.052608489990234375e+00 6.150479316711425781e+00 4.623178958892822266e+00 1.375383615493774414e+00 -1.656378507614135742e+00 -3.301418781280517578e+00 -3.306403636932373047e+00 -2.092081546783447266e+00 -3.756572008132934570e-01 1.161018133163452148e+00 2.073103189468383789e+00 2.214924812316894531e+00 1.696666479110717773e+00 7.847853899002075195e-01
1.299220085144042969e+01 1.435615539550781250e+01 -5.141175270080566406e+00 -1.265126514434814453e+01 -8.302752494812011719e+00 -3.691953420639038086e-01 5.043895721435546875e+00 6.087909698486328125e+00 3.866201639175415039e+00 5.094889998435974121e-01 -2.188950061798095703e+00 -3.344816207885742188e+00 -2.955046415328979492e+00 -1.570008754730224609e+00 8.770561218261718750e-02 1.413351297378540039e+00 2.068294525146484375e+00 1.999007225036621094e+00 1.369944095611572266e+00 4.591277837753295898e-01
1.337913513183593750e+01 1.303756618499755859e+01 -7.873807430267333984e+00 -1.334841251373291016e+01 -6.990254402160644531e+00 1.336870312690734863e+00 5.916152000427246094e+00 5.879956245422363281e+00 3.018011808395385742e+00 -3.655524551868438721e-01 -2.665264606475830078e+00 -3.305236101150512695e+00 -2.532661437988281250e+00 -1.013574838638305664e+00 5.423910617828369141e-01 1.622991561889648438e+00 2.004452228546142578e+00 1.726767301559448242e+00 1.004434347152709961e+00 1.198595762252807617e-01
1.346107864379882812e+01 1.142800521850585938e+01 -1.040143775939941406e+01 -1.369843769073486328e+01 -5.481159210205078125e+00 3.030469894409179688e+00 6.655416965484619141e+00 5.535229682922363281e+00 2.103541374206542969e+00 -1.221299409866333008e+00 -3.064446926116943359e+00 -3.174440383911132812e+00 -2.042426347732543945e+00 -4.320658445358276367e-01 9.794360399246215820e-01 1.786411046981811523e+00 1.885937094688415527e+00 1.410079717636108398e+00 6.170088052749633789e-01 -2.147132158279418945e-01
1.323239231109619141e+01 9.558094024658203125e+00 -1.266994667053222656e+01 -1.370443534851074219e+01 -3.828221559524536133e+00 4.652746200561523438e+00 7.226555347442626953e+00 5.045713424682617188e+00 1.128457903861999512e+00 -2.054607391357421875e+00 -3.395722150802612305e+00 -2.975129842758178711e+00 -1.515219688415527344e+00 1.430948972702026367e-01 1.373272180557250977e+00 1.887081980705261230e+00 1.704958438873291016e+00 1.047008752822875977e+00 2.075749635696411133e-01 -5.465989112854003906e-01
1.265858459472656250e+01 7.422358512878417969e+00 -1.464889621734619141e+01 -1.340484619140625000e+01 -2.120102405548095703e+00 6.123209476470947266e+00 7.588445186614990234e+00 4.404560089111328125e+00 9.783935546875000000e-02 -2.868232250213623047e+00 -3.677361249923706055e+00 -2.737205743789672852e+00 -9.827966690063476562e-01 6.878038644790649414e-01 1.712757825851440430e+00 1.926909804344177246e+00 1.472512364387512207e+00 6.518933773040771484e-01 -2.115108966827392578e-01 -8.688170909881591797e-01
1.173883819580078125e+01 5.059825420379638672e+00 -1.629067039489746094e+01 -1.280843067169189453e+01 -3.982349038124084473e-01 7.413442611694335938e+00 7.747752189636230469e+00 3.647981166839599609e+00 -9.407511949539184570e-01 -3.619377613067626953e+00 -3.878367424011230469e+00 -2.439680337905883789e+00 -4.276095032691955566e-01 1.223033666610717773e+00 2.026463747024536133e+00 1.942578554153442383e+00 1.230904340744018555e+00 2.686285972595214844e-01 -5.987948179244995117e-01 -1.145257234573364258e+00
1.052632427215576172e+01 2.571228504180908203e+00 -1.752839279174804688e+01 -1.189039325714111328e+01 1.345205307006835938e+00 8.539698600769042969e+00 7.740604400634765625e+00 2.829485177993774414e+00 -1.926479339599609375e+00 -4.250661849975585938e+00 -3.951942443847656250e+00 -2.048463582992553711e+00 1.737122535705566406e-01 1.765556573867797852e+00 2.328794956207275391e+00 1.949029445648193359e+00 9.965623617172241211e-01 -8.575558662414550781e-02 -9.387493133544921875e-01 -1.364414691925048828e+00
9.069168090820312500e+00 3.947162628173828125e-02 -1.832096862792968750e+01 -1.065867614746093750e+01 3.083774805068969727e+00 9.485382080078125000e+00 7.570250988006591797e+00 1.966144561767578125e+00 -2.841198205947875977e+00 -4.754055023193359375e+00 -3.905611515045166016e+00 -1.586045742034912109e+00 7.882528901100158691e-01 2.277787685394287109e+00 2.582245588302612305e+00 1.911389827728271484e+00 7.374702692031860352e-01 -4.419225454330444336e-01 -1.262970805168151855e+00 -1.560950756072998047e+00
7.392218589782714844e+00 -2.488975763320922852e+00 -1.865957260131835938e+01 -9.159984588623046875e+00 4.752805233001708984e+00 1.020390892028808594e+01 7.217854499816894531e+00 1.055386424064636230e+00 -3.688815832138061523e+00 -5.147028923034667969e+00 -3.773226976394653320e+00 -1.097829461097717285e+00 1.367251634597778320e+00 2.715101718902587891e+00 2.750708818435668945e+00 1.802817225456237793e+00 4.340156912803649902e-01 -8.155691623687744141e-01 -1.586364746093750000e+00 -1.750894069671630859e+00
5.533610343933105469e+00 -4.955798625946044922e+00 -1.853911972045898438e+01 -7.435337543487548828e+00 6.306138992309570312e+00 1.067212867736816406e+01 6.686632633209228516e+00 1.143847405910491943e-01 -4.453283786773681641e+00 -5.423923492431640625e+00 -3.560733318328857422e+00 -5.966297388076782227e-01 1.898033142089843750e+00 3.071026325225830078e+00 2.837234497070312500e+00 1.636162042617797852e+00 1.068482100963592529e-01 -1.181305646896362305e+00 -1.881739616394042969e+00 -1.907263994216918945e+00
3.544290304183959961e+00 -7.294156074523925781e+00 -1.795983505249023438e+01 -5.522934913635253906e+00 7.710685729980468750e+00 1.088253593444824219e+01 5.992148399353027344e+00 -8.316150903701782227e-01 -5.112626075744628906e+00 -5.572776794433593750e+00 -3.266108512878417969e+00 -8.583283424377441406e-02 2.377647399902343750e+00 3.347723960876464844e+00 2.851352691650390625e+00 1.428065657615661621e+00 -2.223538756370544434e-01 -1.515300750732421875e+00 -2.125869035720825195e+00 -2.009423017501831055e+00
1.468336582183837891e+00 -9.453351020812988281e+00 -1.693992996215820312e+01 -3.475880861282348633e+00 8.924036026000976562e+00 1.082245826721191406e+01 5.145420551300048828e+00 -1.764221310615539551e+00 -5.654989242553710938e+00 -5.594116210937500000e+00 -2.900424957275390625e+00 4.190172255039215088e-01 2.792593479156494141e+00 3.538081645965576172e+00 2.793546676635742188e+00 1.185066461563110352e+00 -5.441526174545288086e-01 -1.808694601058959961e+00 -2.313249111175537109e+00 -2.056754589080810547e+00
-6.454896926879882812e-01 -1.138283348083496094e+01 -1.550587654113769531e+01 -1.346156120300292969e+00 9.914640426635742188e+00 1.049229335784912109e+01 4.167234897613525391e+00 -2.659448146820068359e+00 -6.064970970153808594e+00 -5.484384536743164062e+00 -2.468676090240478516e+00 9.104416966438293457e-01 3.138399600982666016e+00 3.643674850463867188e+00 2.671643733978271484e+00 9.192852973937988281e-01 -8.451184034347534180e-01 -2.049667596817016602e+00 -2.435751914978027344e+00 -2.045728683471679688e+00
-2.740652561187744141e+00 -1.302937889099121094e+01 -1.368982315063476562e+01 8.187055587768554688e-01 1.066427898406982422e+01 9.905873298645019531e+00 3.086467742919921875e+00 -3.490559577941894531e+00 -6.326869010925292969e+00 -5.239327430725097656e+00 -1.973504662513732910e+00 1.384561896324157715e+00 3.414136648178100586e+00 3.668216228485107422e+00 2.493412971496582031e+00 6.405341625213623047e-01 -1.115847349166870117e+00 -2.231303691864013672e+00 -2.490202188491821289e+00 -1.977219581604003906e+00
-4.768116474151611328e+00 -1.435605239868164062e+01 -1.153824996948242188e+01 2.962533473968505859e+00 1.115063095092773438e+01 9.074020385742187500e+00 1.926997780799865723e+00 -4.239133358001708984e+00 -6.436131000518798828e+00 -4.867180824279785156e+00 -1.429811000823974609e+00 1.826478481292724609e+00 3.609298706054687500e+00 3.606853246688842773e+00 2.258323192596435547e+00 3.498996496200561523e-01 -1.356463193893432617e+00 -2.356991767883300781e+00 -2.484110593795776367e+00 -1.862540245056152344e+00
-6.680687904357910156e+00 -1.533325672149658203e+01 -9.105496406555175781e+00 5.030697822570800781e+00 1.135953998565673828e+01 8.015618324279785156e+00 7.167715430259704590e-01 -4.886557579040527344e+00 -6.389553070068359375e+00 -4.376627922058105469e+00 -8.507123589515686035e-01 2.225323677062988281e+00 3.718826770782470703e+00 3.460541486740112305e+00 1.971245288848876953e+00 5.320858955383300781e-02 -1.562769770622253418e+00 -2.425656318664550781e+00 -2.419732093811035156e+00 -1.706427454948425293e+00
-8.427284240722656250e+00 -1.593164539337158203e+01 -6.448410987854003906e+00 6.976929664611816406e+00 1.129167747497558594e+01 6.762097835540771484e+00 -5.099808573722839355e-01 -5.412808418273925781e+00 -6.183794021606445312e+00 -3.774602651596069336e+00 -2.450235486030578613e-01 2.576334476470947266e+00 3.744058609008789062e+00 3.235574722290039062e+00 1.640678882598876953e+00 -2.416579723358154297e-01 -1.729402661323547363e+00 -2.435066461563110352e+00 -2.297456264495849609e+00 -1.510676622390747070e+00
-9.966175079345703125e+00 -1.613838577270507812e+01 -3.633187055587768555e+00 8.751786231994628906e+00 1.094643688201904297e+01 5.342041015625000000e+00 -1.724946022033691406e+00 -5.806591033935546875e+00 -5.825788974761962891e+00 -3.078394174575805664e+00 3.690820932388305664e-01 2.866819858551025391e+00 3.679676055908203125e+00 2.932342290878295898e+00 1.269356250762939453e+00 -5.329240560531616211e-01 -1.857663154602050781e+00 -2.390166997909545898e+00 -2.125105619430541992e+00 -1.284433245658874512e+00
-1.126282119750976562e+01 -1.595227336883544922e+01 -7.308900356292724609e-01 1.030892372131347656e+01 1.032898330688476562e+01 3.787627935409545898e+00 -2.899968147277832031e+00 -6.059342861175537109e+00 -5.325538158416748047e+00 -2.306844949722290039e+00 9.741974472999572754e-01 3.086979389190673828e+00 3.524592876434326172e+00 2.555914402008056641e+00 8.644928932189941406e-01 -8.147878646850585938e-01 -1.945174455642700195e+00 -2.292243003845214844e+00 -1.906473398208618164e+00 -1.032148838043212891e+00
-1.228152084350585938e+01 -1.537274169921875000e+01 2.189990758895874023e+00 1.161447429656982422e+01 9.460098266601562500e+00 2.142249107360839844e+00 -4.001976490020751953e+00 -6.161171436309814453e+00 -4.691465377807617188e+00 -1.474553585052490234e+00 1.560098767280578613e+00 3.235867977142333984e+00 3.286501646041870117e+00 2.118731260299682617e+00 4.387543201446533203e-01 -1.077639579772949219e+00 -1.986644506454467773e+00 -2.139726161956787109e+00 -1.641974925994873047e+00 -7.541806697845458984e-01
-1.299739456176757812e+01 -1.441458892822265625e+01 5.057478427886962891e+00 1.263571453094482422e+01 8.360006332397460938e+00 4.450510740280151367e-01 -5.005168437957763672e+00 -6.110939025878906250e+00 -3.940843582153320312e+00 -6.042006015777587891e-01 2.109549045562744141e+00 3.306460857391357422e+00 2.967577219009399414e+00 1.627810478210449219e+00 -9.275674819946289062e-04 -1.318177819252014160e+00 -1.983768701553344727e+00 -1.938664913177490234e+00 -1.340111970901489258e+00 -4.592390060424804688e-01
-1.339693450927734375e+01 -1.310631656646728516e+01 7.798641204833984375e+00 1.334383010864257812e+01 7.051106452941894531e+00 -1.266269087791442871e+00 -5.887742519378662109e+00 -5.912128448486328125e+00 -3.094594478607177734e+00 2.796582579612731934e-01 2.605278968811035156e+00 3.293138980865478516e+00 2.572216033935546875e+00 1.092638731002807617e+00 -4.453033208847045898e-01 -1.531115531921386719e+00 -1.936555266380310059e+00 -1.693552494049072266e+00 -1.007737994194030762e+00 -1.540759801864624023e-01
-1.346604347229003906e+01 -1.147427845001220703e+01 1.034917926788330078e+01 1.372625064849853516e+01 5.571755886077880859e+00 -2.943980932235717773e+00 -6.623534202575683594e+00 -5.565777778625488281e+00 -2.169428348541259766e+00 1.160077810287475586e+00 3.040462017059326172e+00 3.201733112335205078e+00 2.115389585494995117e+00 5.312217473983764648e-01 -8.788666725158691406e-01 -1.706590890884399414e+00 -1.841175317764282227e+00 -1.404882788658142090e+00 -6.469830274581909180e-01 1.601150035858154297e-01
-1.320193958282470703e+01 -9.557723999023437500e+00 1.264683723449707031e+01 1.377382659912109375e+01 3.958232402801513672e+00 -4.547357559204101562e+00 -7.195341110229492188e+00 -5.081576347351074219e+00 -1.189536929130554199e+00 2.013650894165039062e+00 3.402284383773803711e+00 3.032068729400634766e+00 1.605720877647399902e+00 -4.526305198669433594e-02 -1.293455243110656738e+00 -1.842594623565673828e+00 -1.702132701873779297e+00 -1.081916570663452148e+00 -2.691065073013305664e-01 4.727594852447509766e-01
-1.261617755889892578e+01 -7.410042285919189453e+00 1.463168907165527344e+01 1.348030281066894531e+01 2.243867397308349609e+00 -6.042676925659179688e+00 -7.593461513519287109e+00 -4.475045680999755859e+00 -1.828426420688629150e-01 2.814840793609619141e+00 3.676743030548095703e+00 2.783248901367187500e+00 1.051372051239013672e+00 -6.258995532989501953e-01 -1.680981278419494629e+00 -1.937026143074035645e+00 -1.523702144622802734e+00 -7.335500717163085938e-01 1.151899099349975586e-01 7.741501331329345703e-01
-1.171188545227050781e+01 -5.069534301757812500e+00 1.626116752624511719e+01 1.286352920532226562e+01 4.846081137657165527e-01 -7.381363868713378906e+00 -7.799939632415771484e+00 -3.754742145538330078e+00 8.330355286598205566e-01 3.553164482116699219e+00 3.868022441864013672e+00 2.472714424133300781e+00 4.763556718826293945e-01 -1.187648773193359375e+00 -2.024653196334838867e+00 -1.981116533279418945e+00 -1.303799629211425781e+00 -3.612235784530639648e-01 5.044513940811157227e-01 1.065523982048034668e+00
-1.050164222717285156e+01 -2.583955049514770508e+00 1.749824142456054688e+01 1.194344997406005859e+01 -1.271003723144531250e+00 -8.527957916259765625e+00 -7.810433387756347656e+00 -2.940758705139160156e+00 1.830842137336730957e+00 4.208958148956298828e+00 3.970233201980590820e+00 2.106329202651977539e+00 -1.082546114921569824e-01 -1.721231222152709961e+00 -2.321690320968627930e+00 -1.980001926422119141e+00 -1.054062604904174805e+00 1.995599269866943359e-02 8.834054470062255859e-01 1.333992958068847656e+00
-9.044716835021972656e+00 -5.344897508621215820e-02 1.829318618774414062e+01 1.071202087402343750e+01 -3.019029617309570312e+00 -9.488801956176757812e+00 -7.649597167968750000e+00 -2.072510957717895508e+00 2.765653610229492188e+00 4.741190910339355469e+00 3.952259778976440430e+00 1.664372205734252930e+00 -7.131347656250000000e-01 -2.232738256454467773e+00 -2.578284263610839844e+00 -1.943435907363891602e+00 -7.892994284629821777e-01 3.906227350234985352e-01 1.230110645294189453e+00 1.557731389999389648e+00
-7.409024238586425781e+00 2.423736333847045898e+00 1.861382484436035156e+01 9.179092407226562500e+00 -4.740760803222656250e+00 -1.025551605224609375e+01 -7.324189186096191406e+00 -1.167073488235473633e+00 3.619039058685302734e+00 5.138491630554199219e+00 3.814709901809692383e+00 1.159939050674438477e+00 -1.315838217735290527e+00 -2.695406436920166016e+00 -2.768379688262939453e+00 -1.849614143371582031e+00 -4.933131933212280273e-01 7.621413469314575195e-01 1.553383111953735352e+00 1.745899558067321777e+00
-5.614599227905273438e+00 4.818733692169189453e+00 1.847512435913085938e+01 7.415809631347656250e+00 -6.350560188293457031e+00 -1.076514816284179688e+01 -6.802202224731445312e+00 -2.096404135227203369e-01 4.407801628112792969e+00 5.432141780853271484e+00 3.605203866958618164e+00 6.506304740905761719e-01 -1.858353137969970703e+00 -3.059031486511230469e+00 -2.853844404220581055e+00 -1.672373175621032715e+00 -1.485888063907623291e-01 1.148075103759765625e+00 1.867138862609863281e+00 1.915492892265319824e+00
-3.665523529052734375e+00 7.123746871948242188e+00 1.790694808959960938e+01 5.503971099853515625e+00 -7.762147426605224609e+00 -1.096644973754882812e+01 -6.072034835815429688e+00 7.909895777702331543e-01 5.125186920166015625e+00 5.629658699035644531e+00 3.344859361648559570e+00 1.620489507913589478e-01 -2.321578025817871094e+00 -3.318742990493774414e+00 -2.846298933029174805e+00 -1.437070012092590332e+00 2.114924788475036621e-01 1.513222336769104004e+00 2.139096975326538086e+00 2.039399623870849609e+00
-1.602554082870483398e+00 9.286956787109375000e+00 1.692027091979980469e+01 3.485475301742553711e+00 -8.949649810791015625e+00 -1.086977958679199219e+01 -5.173660278320312500e+00 1.783155798912048340e+00 5.723279953002929688e+00 5.693596363067626953e+00 3.005150794982910156e+00 -3.314359486103057861e-01 -2.734604597091674805e+00 -3.511021614074707031e+00 -2.790175914764404297e+00 -1.193815231323242188e+00 5.349525213241577148e-01 1.807682514190673828e+00 2.324453830718994141e+00 2.079490423202514648e+00
5.114209651947021484e-01 1.123663425445556641e+01 1.552443313598632812e+01 1.388545751571655273e+00 -9.911274909973144531e+00 -1.050624084472656250e+01 -4.156539440155029297e+00 2.716271162033081055e+00 6.161090850830078125e+00 5.595345497131347656e+00 2.567241907119750977e+00 -8.434695601463317871e-01 -3.109835147857666016e+00 -3.649048328399658203e+00 -2.699398994445800781e+00 -9.557515382766723633e-01 8.116103410720825195e-01 2.026319503784179688e+00 2.424590587615966797e+00 2.044306039810180664e+00
2.617576599121093750e+00 1.291491317749023438e+01 1.374637222290039062e+01 -7.452002763748168945e-01 -1.063514328002929688e+01 -9.895383834838867188e+00 -3.053347826004028320e+00 3.562823295593261719e+00 6.425855159759521484e+00 5.337618827819824219e+00 2.044813632965087891e+00 -1.355189919471740723e+00 -3.427642345428466797e+00 -3.714443922042846680e+00 -2.556650876998901367e+00 -7.050865888595581055e-01 1.061646223068237305e+00 2.193215370178222656e+00 2.468175649642944336e+00 1.966859102249145508e+00
4.658266544342041016e+00 1.427277755737304688e+01 1.162572860717773438e+01 -2.868867874145507812e+00 -1.110953426361083984e+01 -9.055901527404785156e+00 -1.891091704368591309e+00 4.305545330047607422e+00 6.517065048217773438e+00 4.934582233428955078e+00 1.460353255271911621e+00 -1.842211961746215820e+00 -3.665953397750854492e+00 -3.688965797424316406e+00 -2.346971988677978516e+00 -4.285929203033447266e-01 1.298145890235900879e+00 2.322309255599975586e+00 2.470151901245117188e+00 1.862458825111389160e+00
6.580389976501464844e+00 1.527373504638671875e+01 9.213828086853027344e+00 -4.930922508239746094e+00 -1.132258033752441406e+01 -8.005943298339843750e+00 -6.930837035179138184e-01 4.933793544769287109e+00 6.441746234893798828e+00 4.406509876251220703e+00 8.393824100494384766e-01 -2.280829429626464844e+00 -3.806890010833740234e+00 -3.561411142349243164e+00 -2.064539670944213867e+00 -1.236845254898071289e-01 1.522377371788024902e+00 2.414644479751586914e+00 2.431461095809936523e+00 1.731288671493530273e+00
8.339075088500976562e+00 1.589673423767089844e+01 6.572854518890380859e+00 -6.876162528991699219e+00 -1.126273250579833984e+01 -6.763928413391113281e+00 5.192375183105468750e-01 5.440719604492187500e+00 6.210968971252441406e+00 3.776032686233520508e+00 2.067345976829528809e-01 -2.651504516601562500e+00 -3.839810371398925781e+00 -3.329953670501708984e+00 -1.713964700698852539e+00 2.016673088073730469e-01 1.725568294525146484e+00 2.462068796157836914e+00 2.344788551330566406e+00 1.566196680068969727e+00
9.889345169067382812e+00 1.612451934814453125e+01 3.767685651779174805e+00 -8.657101631164550781e+00 -1.093165779113769531e+01 -5.359537124633789062e+00 1.718011856079101562e+00 5.816161155700683594e+00 5.832158088684082031e+00 3.059206962585449219e+00 -4.229886829853057861e-01 -2.947678327560424805e+00 -3.768098831176757812e+00 -3.006188392639160156e+00 -1.311581373214721680e+00 5.298709869384765625e-01 1.891299724578857422e+00 2.450374364852905273e+00 2.197995662689208984e+00 1.356279730796813965e+00
1.119231796264648438e+01 1.595123672485351562e+01 8.678522706031799316e-01 -1.022904014587402344e+01 -1.033599567413330078e+01 -3.825129270553588867e+00 2.876242876052856445e+00 6.053120613098144531e+00 5.316140651702880859e+00 2.274134635925292969e+00 -1.035022974014282227e+00 -3.164058685302734375e+00 -3.596801519393920898e+00 -2.602609395980834961e+00 -8.729332685470581055e-01 8.463490009307861328e-01 2.008515119552612305e+00 2.372881889343261719e+00 1.988281488418579102e+00 1.101389169692993164e+00
1.222087669372558594e+01 1.538765525817871094e+01 -2.051604270935058594e+00 -1.154776954650878906e+01 -9.483358383178710938e+00 -2.192026853561401367e+00 3.970181941986083984e+00 6.149082183837890625e+00 4.678173542022705078e+00 1.442314267158508301e+00 -1.612665176391601562e+00 -3.294682502746582031e+00 -3.330910205841064453e+00 -2.131421804428100586e+00 -4.122430086135864258e-01 1.139408111572265625e+00 2.070784807205200195e+00 2.229101657867431641e+00 1.720150351524353027e+00 8.091967105865478516e-01
1.294840717315673828e+01 1.444570255279541016e+01 -4.919877052307128906e+00 -1.258266830444335938e+01 -8.397222518920898438e+00 -5.030586719512939453e-01 4.970091819763183594e+00 6.098216533660888672e+00 3.929362297058105469e+00 5.782955884933471680e-01 -2.148807525634765625e+00 -3.344255208969116211e+00 -2.985228776931762695e+00 -1.612359404563903809e+00 5.153608322143554688e-02 1.395075321197509766e+00 2.070929050445556641e+00 2.018240451812744141e+00 1.397323369979858398e+00 4.855384826660156250e-01
1.335994338989257812e+01 1.315252304077148438e+01 -7.665457725524902344e+00 -1.330585098266601562e+01 -7.100830078125000000e+00 1.202758312225341797e+00 5.852149963378906250e+00 5.901313781738281250e+00 3.087350845336914062e+00 -2.971770167350769043e-01 -2.630448341369628906e+00 -3.311663150787353516e+00 -2.568486928939819336e+00 -1.058461666107177734e+00 5.070644617080688477e-01 1.608044028282165527e+00 2.011416673660278320e+00 1.749838352203369141e+00 1.034077167510986328e+00 1.464809179306030273e-01
1.346553993225097656e+01 1.156401443481445312e+01 -1.021162414550781250e+01 -1.368377113342285156e+01 -5.606099128723144531e+00 2.898830175399780273e+00 6.602744579315185547e+00 5.567346572875976562e+00 2.177562236785888672e+00 -1.154989719390869141e+00 -3.035879611968994141e+00 -3.187732934951782227e+00 -2.082896471023559570e+00 -4.780820608139038086e-01 9.462517499923706055e-01 1.775603771209716797e+00 1.897407770156860352e+00 1.436607480049133301e+00 6.482093334197998047e-01 -1.886162757873535156e-01
1.326243782043457031e+01 9.714705467224121094e+00 -1.250168991088867188e+01 -1.371551513671875000e+01 -3.961241245269775391e+00 4.529811859130859375e+00 7.188895225524902344e+00 5.089812755584716797e+00 1.207405686378479004e+00 -1.989630460739135742e+00 -3.371490478515625000e+00 -2.992345333099365234e+00 -1.557007908821105957e+00 9.894323348999023438e-02 1.344416141510009766e+00 1.881675958633422852e+00 1.721463918685913086e+00 1.077157258987426758e+00 2.405190467834472656e-01 -5.205301046371459961e-01
1.271664810180664062e+01 7.599524497985839844e+00 -1.450468826293945312e+01 -1.343890953063964844e+01 -2.254931926727294922e+00 6.014235973358154297e+00 7.567783832550048828e+00 4.459904670715332031e+00 1.800471544265747070e-01 -2.805665493011474609e+00 -3.657399892807006836e+00 -2.757466793060302734e+00 -1.024971008300781250e+00 6.457996368408203125e-01 1.687498092651367188e+00 1.925194263458251953e+00 1.491698026657104492e+00 6.831197738647460938e-01 -1.791470050811767578e-01 -8.446346521377563477e-01
1.182258605957031250e+01 5.251548290252685547e+00 -1.617540740966796875e+01 -1.286669158935546875e+01 -5.343081951141357422e-01 7.318113327026367188e+00 7.741630554199218750e+00 3.710250377655029297e+00 -8.604148626327514648e-01 -3.564141750335693359e+00 -3.866819858551025391e+00 -2.466297626495361328e+00 -4.729300737380981445e-01 1.180573940277099609e+00 2.002040863037109375e+00 1.941498994827270508e+00 1.249464511871337891e+00 2.975490093231201172e-01 -5.702432394027709961e-01 -1.125828504562377930e+00
1.063091754913330078e+01 2.769184350967407227e+00 -1.744694519042968750e+01 -1.197439289093017578e+01 1.207574605941772461e+00 8.457131385803222656e+00 7.746836662292480469e+00 2.895416259765625000e+00 -1.851612210273742676e+00 -4.205899238586425781e+00 -3.950968742370605469e+00 -2.082455158233642578e+00 1.252084374427795410e-01 1.723251938819885254e+00 2.306110143661499023e+00 1.949516296386718750e+00 1.015346884727478027e+00 -5.833315849304199219e-02 -9.131010770797729492e-01 -1.348543643951416016e+00
9.192010879516601562e+00 2.389734983444213867e-01 -1.827506637573242188e+01 -1.076584053039550781e+01 2.948779582977294922e+00 9.418712615966796875e+00 7.590070247650146484e+00 2.035784244537353516e+00 -2.771681547164916992e+00 -4.718607902526855469e+00 -3.912687301635742188e+00 -1.623766064643859863e+00 7.407894730567932129e-01 2.239883661270141602e+00 2.565191984176635742e+00 1.916856288909912109e+00 7.594972252845764160e-01 -4.131709933280944824e-01 -1.237369418144226074e+00 -1.545597553253173828e+00
7.531290531158447266e+00 -2.291508674621582031e+00 -1.864949035644531250e+01 -9.286428451538085938e+00 4.625366210937500000e+00 1.015638542175292969e+01 7.252244949340820312e+00 1.128443121910095215e+00 -3.624850273132324219e+00 -5.120116233825683594e+00 -3.786439895629882812e+00 -1.136659145355224609e+00 1.323504447937011719e+00 2.683763504028320312e+00 2.740631580352783203e+00 1.813764333724975586e+00 4.591261446475982666e-01 -7.860338091850280762e-01 -1.561492085456848145e+00 -1.736724853515625000e+00
5.685100078582763672e+00 -4.765734195709228516e+00 -1.856532287597656250e+01 -7.578322410583496094e+00 6.188909530639648438e+00 1.064451599121093750e+01 6.734473705291748047e+00 1.888203024864196777e-01 -4.396781444549560547e+00 -5.406733036041259766e+00 -3.580492496490478516e+00 -6.365281343460083008e-01 1.858021974563598633e+00 3.045849561691284180e+00 2.833085060119628906e+00 1.650878548622131348e+00 1.328052580356597900e-01 -1.153533458709716797e+00 -1.860236644744873047e+00 -1.896851658821105957e+00
3.704375743865966797e+00 -7.116215705871582031e+00 -1.802166748046875000e+01 -5.678909301757812500e+00 7.606628894805908203e+00 1.087564468383789062e+01 6.052421569824218750e+00 -7.574878931045532227e-01 -5.064888000488281250e+00 -5.565721035003662109e+00 -3.292005062103271484e+00 -1.259819716215133667e-01 2.342115402221679688e+00 3.329020738601684570e+00 2.852870702743530273e+00 1.445786714553833008e+00 -1.966152191162109375e-01 -1.490404605865478516e+00 -2.108674049377441406e+00 -2.003386974334716797e+00
1.633642077445983887e+00 -9.291188240051269531e+00 -1.703546905517578125e+01 -3.640420913696289062e+00 8.836441040039062500e+00 1.083711051940917969e+01 5.217122077941894531e+00 -1.691879034042358398e+00 -5.616892337799072266e+00 -5.597078323364257812e+00 -2.931553602218627930e+00 3.798051476478576660e-01 2.762504816055297852e+00 3.526281356811523438e+00 2.800570964813232422e+00 1.205191850662231445e+00 -5.194061994552612305e-01 -1.787350416183471680e+00 -2.300736427307128906e+00 -2.055069923400878906e+00
-4.792629480361938477e-01 -1.124077033996582031e+01 -1.563295650482177734e+01 -1.515526771545410156e+00 9.845239639282226562e+00 1.052770614624023438e+01 4.248207092285156250e+00 -2.591089248657226562e+00 -6.037966728210449219e+00 -5.497935771942138672e+00 -2.505029201507568359e+00 8.723090291023254395e-01 3.113669395446777344e+00 3.638288736343383789e+00 2.683297395706176758e+00 9.407000541687011719e-01 -8.225160837173461914e-01 -2.032874822616577148e+00 -2.428641796112060547e+00 -2.048786878585815430e+00
-2.577802658081054688e+00 -1.291113853454589844e+01 -1.384544372558593750e+01 6.484911441802978516e-01 1.061457443237304688e+01 9.961002349853515625e+00 3.174581527709960938e+00 -3.428002357482910156e+00 -6.311796665191650391e+00 -5.263355255126953125e+00 -2.014430522918701172e+00 1.348227500915527344e+00 3.395221233367919922e+00 3.669326782226562500e+00 2.509473800659179688e+00 6.628911495208740234e-01 -1.095659494400024414e+00 -2.219099760055541992e+00 -2.488215684890747070e+00 -1.984423637390136719e+00
-4.612220287322998047e+00 -1.426399421691894531e+01 -1.171830272674560547e+01 2.796090602874755859e+00 1.112238502502441406e+01 9.147985458374023438e+00 2.020428180694580078e+00 -4.183663845062255859e+00 -6.433111190795898438e+00 -4.900792598724365234e+00 -1.473940253257751465e+00 1.793236732482910156e+00 3.597075939178466797e+00 3.614843845367431641e+00 2.278816461563110352e+00 3.730982542037963867e-01 -1.338685274124145508e+00 -2.349110603332519531e+00 -2.486670970916748047e+00 -1.873049259185791016e+00
-6.535693645477294922e+00 -1.526983261108398438e+01 -9.305665969848632812e+00 4.871918678283691406e+00 1.135317230224609375e+01 8.106316566467285156e+00 8.129456043243408203e-01 -4.839826583862304688e+00 -6.398988723754882812e+00 -4.419373512268066406e+00 -8.973620533943176270e-01 2.195601224899291992e+00 3.713253974914550781e+00 3.474942207336425781e+00 1.995462894439697266e+00 7.652676105499267578e-02 -1.547966837882995605e+00 -2.422428131103515625e+00 -2.426949501037597656e+00 -1.720212817192077637e+00
-8.297033309936523438e+00 -1.589874839782714844e+01 -6.663963794708251953e+00 6.829450607299804688e+00 1.130702781677246094e+01 6.867022514343261719e+00 -4.136352539062500000e-01 -5.376139640808105469e+00 -6.205635547637939453e+00 -3.825629234313964844e+00 -2.932351827621459961e-01 2.550725460052490234e+00 3.745224237442016602e+00 3.256083726882934570e+00 1.668167710304260254e+00 -2.185928821563720703e-01 -1.717720031738281250e+00 -2.436371088027954102e+00 -2.308999061584472656e+00 -1.527302980422973633e+00
-9.853498458862304688e+00 -1.613633918762207031e+01 -3.858580112457275391e+00 8.619617462158203125e+00 1.098362159729003906e+01 5.459062099456787109e+00 -1.630455732345581055e+00 -5.780601978302001953e+00 -5.859187126159667969e+00 -3.136053800582885742e+00 3.209728598594665527e-01 2.846487760543823242e+00 3.688096523284912109e+00 2.958979606628417969e+00 1.299926519393920898e+00 -5.102307796478271484e-01 -1.848969578742980957e+00 -2.395578145980834961e+00 -2.140319585800170898e+00 -1.303152799606323242e+00
-1.117050552368164062e+01 -1.598119354248046875e+01 -9.606317281723022461e-01 1.019521713256835938e+01 1.038695049285888672e+01 3.913712024688720703e+00 -2.809817075729370117e+00 -6.044840812683105469e+00 -5.369856834411621094e+00 -2.369917392730712891e+00 9.271732568740844727e-01 3.072232723236083984e+00 3.539883852005004883e+00 2.587857007980346680e+00 8.972207307815551758e-01 -7.932232618331909180e-01 -1.939931154251098633e+00 -2.301940202713012695e+00 -1.925371766090393066e+00 -1.052961587905883789e+00
-1.221218585968017578e+01 -1.543235397338867188e+01 1.961310029029846191e+00 1.152168083190917969e+01 9.537000656127929688e+00 2.273931980133056641e+00 -3.918648242950439453e+00 -6.158726692199707031e+00 -4.745828628540039062e+00 -1.541725993156433105e+00 1.515071868896484375e+00 3.226854324340820312e+00 3.308133125305175781e+00 2.155104637145996094e+00 4.727904796600341797e-01 -1.057768106460571289e+00 -1.985042810440063477e+00 -2.153587341308593750e+00 -1.664270401000976562e+00 -7.768014669418334961e-01
-1.295239830017089844e+01 -1.450296688079833984e+01 4.835710048675537109e+00 1.256648921966552734e+01 8.454451560974121094e+00 5.795556306838989258e-01 -4.930346488952636719e+00 -6.120289802551269531e+00 -4.003556251525878906e+00 -6.733762025833129883e-01 2.068152904510498047e+00 3.303967952728271484e+00 2.995565891265869141e+00 1.668212413787841797e+00 3.399813175201416016e-02 -1.300138950347900391e+00 -1.985545158386230469e+00 -1.956068515777587891e+00 -1.364974975585937500e+00 -4.828149080276489258e-01
-1.337731933593750000e+01 -1.322125148773193359e+01 7.589246749877929688e+00 1.329986953735351562e+01 7.160745620727539062e+00 -1.132300615310668945e+00 -5.823340415954589844e+00 -5.933134078979492188e+00 -3.164211273193359375e+00 2.100782990455627441e-01 2.568424224853515625e+00 3.297105550765991211e+00 2.605728149414062500e+00 1.135893821716308594e+00 -4.105744361877441406e-01 -1.515630483627319336e+00 -1.941994905471801758e+00 -1.714442014694213867e+00 -1.034958720207214355e+00 -1.784427165985107422e-01
-1.347278118133544922e+01 -1.161356353759765625e+01 1.015698242187500000e+01 1.370815658569335938e+01 5.693302631378173828e+00 -2.814352512359619141e+00 -6.571502685546875000e+00 -5.598212242126464844e+00 -2.244539499282836914e+00 1.091448783874511719e+00 3.008656263351440430e+00 3.211669921875000000e+00 2.153254747390747070e+00 5.759837627410888672e-01 -8.454201221466064453e-01 -1.694252490997314453e+00 -1.850367546081542969e+00 -1.428996562957763672e+00 -6.761728525161743164e-01 1.352674961090087891e-01
-1.323449707031250000e+01 -9.717428207397460938e+00 1.247682762145996094e+01 1.378247833251953125e+01 4.089281082153320312e+00 -4.424705982208251953e+00 -7.156509399414062500e+00 -5.124236106872558594e+00 -1.267848491668701172e+00 1.948197126388549805e+00 3.376928806304931641e+00 3.048376798629760742e+00 1.647621989250183105e+00 4.450082778930664062e-04 -1.261656403541564941e+00 -1.833309650421142578e+00 -1.714475512504577637e+00 -1.108266592025756836e+00 -2.990992069244384766e-01 4.485585689544677734e-01
-1.267373275756835938e+01 -7.586264133453369141e+00 1.448807430267333984e+01 1.351546669006347656e+01 2.381131410598754883e+00 -5.930087089538574219e+00 -7.568844318389892578e+00 -4.526949405670166016e+00 -2.625189423561096191e-01 2.754048347473144531e+00 3.658301115036010742e+00 2.805335283279418945e+00 1.096055388450622559e+00 -5.806235671043395996e-01 -1.651897788047790527e+00 -1.931339621543884277e+00 -1.539236783981323242e+00 -7.618514299392700195e-01 8.476102352142333984e-02 7.508245706558227539e-01
-1.179448509216308594e+01 -5.259727954864501953e+00 1.614670944213867188e+01 1.292308712005615234e+01 6.231303811073303223e-01 -7.282903194427490234e+00 -7.790975570678710938e+00 -3.815204143524169922e+00 7.532952427864074707e-01 3.497652530670166016e+00 3.855905771255493164e+00 2.498989582061767578e+00 5.218313932418823242e-01 -1.144575834274291992e+00 -1.999445199966430664e+00 -1.979488730430603027e+00 -1.322446584701538086e+00 -3.911455869674682617e-01 4.738749265670776367e-01 1.043115854263305664e+00
-1.060676193237304688e+01 -2.782561779022216797e+00 1.741632270812988281e+01 1.202686119079589844e+01 -1.133372664451599121e+00 -8.444763183593750000e+00 -7.816193103790283203e+00 -3.007226943969726562e+00 1.754117250442504883e+00 4.161358833312988281e+00 3.966154336929321289e+00 2.137632131576538086e+00 -6.165191531181335449e-02 -1.680076122283935547e+00 -2.299763679504394531e+00 -1.981358408927917480e+00 -1.074284553527832031e+00 -9.739756584167480469e-03 8.546271920204162598e-01 1.314345121383666992e+00
-9.166374206542968750e+00 -2.513546943664550781e-01 1.824774169921875000e+01 1.082027339935302734e+01 -2.881871223449707031e+00 -9.419795989990234375e+00 -7.667974472045898438e+00 -2.142051219940185547e+00 2.695189476013183594e+00 4.704461574554443359e+00 3.958424568176269531e+00 1.701964497566223145e+00 -6.649925708770751953e-01 -2.193630933761596680e+00 -2.559927225112915039e+00 -1.947890520095825195e+00 -8.108429908752441406e-01 3.617933988571166992e-01 1.204027056694030762e+00 1.541775226593017578e+00
-7.543337345123291016e+00 2.231972217559814453e+00 1.860568618774414062e+01 9.309169769287109375e+00 -4.608053207397460938e+00 -1.020354652404785156e+01 -7.356403827667236328e+00 -1.239930629730224609e+00 3.554529428482055664e+00 5.111466407775878906e+00 3.828803300857543945e+00 1.200541853904724121e+00 -1.269929409027099609e+00 -2.662097215652465820e+00 -2.756929636001586914e+00 -1.859916687011718750e+00 -5.183808803558349609e-01 7.323359251022338867e-01 1.528261423110961914e+00 1.731784462928771973e+00
-5.761502265930175781e+00 4.633377552032470703e+00 1.850187301635742188e+01 7.560656547546386719e+00 -6.230415344238281250e+00 -1.073597717285156250e+01 -6.850996494293212891e+00 -2.869276702404022217e-01 4.347949981689453125e+00 5.412265777587890625e+00 3.623381137847900391e+00 6.898179054260253906e-01 -1.818763494491577148e+00 -3.034563302993774414e+00 -2.851031064987182617e+00 -1.689090490341186523e+00 -1.770011186599731445e-01 1.117728948593139648e+00 1.843279242515563965e+00 1.903184652328491211e+00
-3.823661565780639648e+00 6.946716785430908203e+00 1.796681976318359375e+01 5.658471107482910156e+00 -7.659267425537109375e+00 -1.096184635162353516e+01 -6.136257171630859375e+00 7.118276953697204590e-01 5.072386741638183594e+00 5.618378639221191406e+00 3.367720365524291992e+00 2.002072483301162720e-01 -2.287413597106933594e+00 -3.301237106323242188e+00 -2.849158048629760742e+00 -1.456377506256103516e+00 1.840092241764068604e-01 1.486628651618957520e+00 2.120487213134765625e+00 2.032424449920654297e+00
-1.767402648925781250e+00 9.123754501342773438e+00 1.701288604736328125e+01 3.647454977035522461e+00 -8.864387512207031250e+00 -1.088737869262695312e+01 -5.249121665954589844e+00 1.706792950630187988e+00 5.681731700897216797e+00 5.694302082061767578e+00 3.035418748855590820e+00 -2.918834388256072998e-01 -2.703392267227172852e+00 -3.497759819030761719e+00 -2.795731782913208008e+00 -1.212618827819824219e+00 5.113977193832397461e-01 1.787528753280639648e+00 2.313301086425781250e+00 2.079483270645141602e+00
3.447653055191040039e-01 1.109250926971435547e+01 1.564846897125244141e+01 1.555344223976135254e+00 -9.844093322753906250e+00 -1.054399299621582031e+01 -4.239978790283203125e+00 2.645786523818969727e+00 6.132890224456787109e+00 5.609002113342285156e+00 2.605020999908447266e+00 -8.028844594955444336e-01 -3.082081556320190430e+00 -3.640527009963989258e+00 -2.708147048950195312e+00 -9.746621847152709961e-01 7.910997867584228516e-01 2.011310577392578125e+00 2.419107437133789062e+00 2.048971891403198242e+00
